,negative,neutral,positive,total
aa,20,28,87,135
aaa,22,38,45,105
aaaa,0,21,21,42
aaaaa,3,12,15,30
aaaaaa,1,13,18,32
aaaaaaa,4,9,16,29
aaaaaaaa,0,6,4,10
aaaaaaaaa,0,4,0,4
aaaaaaaaaa,0,11,0,11
aaaaaaaaaaa,0,3,0,3
aaaaaaaaaaaa,3,1,2,6
aaaaaaaaaaaaa,0,2,4,6
aaaaaaaaaaaaaa,0,3,0,3
aaaaaaaaaaaaaaa,0,3,1,4
aaaaaaaaaaaaaaaa,0,4,0,4
aaaaaaaaaaaaaaaaaa,0,3,1,4
aaaaaaaaaaaaaaaaaaa,1,1,0,2
aaaaaaaaaaaaaaaaaaaa,0,2,0,2
aaaaaaaaaaaaaaaaaaaaa,0,2,1,3
aaaaaaaaaaaaaaaaaaaaaaa,0,3,0,3
aaaaaaaaaaaaaaaaaaaaaaaaaaa,0,1,0,1
aaaaaaaaaaaaaaaaaaaaaaaaaaaaaa,0,1,0,1
aaaaaaaaaaaaaaaaaaaaaaaaaaaaaaaa,0,1,0,1
aaaaaaaaaaaaaaaaaaaaaaaaaaaaaaaaaaa,0,1,0,1
aaaaaaaaaaaaaaaaaaaaaaaaaaaaaaaaaaaaaaaaaaaaaaaaaaaaaa,0,1,0,1
aaaaaaaaaaaaaaaaaaaaaaaaaaaaaaaaaaaaaaaaaaaaaaaaaaaaaaaaaaaaaaaaaaaaaaaaa,0,1,0,1
aaaaaaaaaaaaaaaaaaaaaaaaaaaaaaaaaaaaaaaaaaaaaaaaaaaaaaaaaaaaaaaaaaaaaaaaaaaaaaaaaaaaaaa,0,1,0,1
aaaaaaaaaaaaaaaaaaaaaaaaaaaaaaaaaaaaaaaaaaaaaaaaaaaaaaaaaaaaaaaaaaaaaaaaaaaaaaaaaaaaaaaaaa,0,0,1,1
aaaaaaaaaaaaaaaaaaaaaaaaaaaaaaaaaaaaaaaaaaaaaaaaaaaaaaaaaaaaaaaaaaaaaaaaaaaaaaaaaaaaaaaaaaaaaaaaaaaaa,0,1,0,1
aaaaaaaaaaaaaaaaaaaaaaaaaaaaaaaaaaaaaaaaaaaaaaaaaaaaaaaaaaaaaaaaaaaaaaaaaaaaaaaaaaaaaaaaaaaaaaaaaaaaaaaaaaaaaaaaaaaaaaaa,0,1,0,1
aaaaaaaaaaaaaaaaaaaaaaaaaaaaaaaaaaaaaaaaaaaaaaaaaaaaaaaaaaaaaaaaaaaaaaaaaaaaaaaaaaaaaaaaaaaaaaaaaaaaaaaaaaaaaaaaaaaaaaaaaaaaaaaaaaaaaaaaaaaaaaa,0,1,0,1
aaaaaaaaaaaaaaaaaaaaaaaaaaaaaaaaaaaaaaaaaaaaaaaaaaaaaaaaahhhhhhhhhhhhhhhhhhhhhhhhhhhhhhhhhhhhhhhhhhhhhhhhhhhhhhhhhhhhhhhhhhhhhhhhhhhhhhhhhhhhhhhhhhhhhhh,0,1,0,1
aaaaaaaaaaaaaaaaaaaaaaaaaaaaaaaaahhh,0,0,1,1
aaaaaaaaaaaaaaaaaaaaaaaaaaaaaaahhhhh,0,1,0,1
aaaaaaaaaaaaaaaaaaaaaaaaaaahhhhhhhhhhhhhhhhhhhhhhhhhhhhhhhhhhhh,0,2,0,2
aaaaaaaaaaaaaaaaaaaaaaaaaah,0,0,2,2
aaaaaaaaaaaaaaaaaaaaaaaaalles,0,1,0,1
aaaaaaaaaaaaaaaaaaaaah,0,1,0,1
aaaaaaaaaaaaaaaaaaaah,0,1,0,1
aaaaaaaaaaaaaaaaaaaassssssssssssssssssssssss,0,1,0,1
aaaaaaaaaaaaaaaahhahahahhahahahahahahahah,1,0,0,1
aaaaaaaaaaaaaaaand,1,0,0,1
aaaaaaaaaaaaaaah,0,1,5,6
aaaaaaaaaaaaaaamo,0,3,0,3
aaaaaaaaaaaaahhhhhhh,0,2,0,2
aaaaaaaaaaaaahhhhhhhhhhh,1,0,0,1
aaaaaaaaaaaah,0,2,0,2
aaaaaaaaaaaahhhhhhhhhhh,0,2,1,3
aaaaaaaaaand,0,6,0,6
aaaaaaaaah,3,2,0,5
aaaaaaaaahahahahahha,0,2,0,2
aaaaaaaaahhhhhhhhhhh,0,1,0,1
aaaaaaaaahhhhhhhhhhhhhh,1,0,0,1
aaaaaaaaannnnnndddd,2,0,0,2
aaaaaaaaannnnnnnnnnddddddddddd,0,1,0,1
aaaaaaaaaououououou,0,0,2,2
aaaaaaaaarghhh,0,2,0,2
aaaaaaaah,0,2,0,2
aaaaaaaahhh,0,2,0,2
aaaaaaaahhhhhhhhh,0,1,0,1
aaaaaaaall,0,0,5,5
aaaaaaaand,0,2,0,2
aaaaaaaaououououou,0,0,2,2
aaaaaaaayyyyyyyeeeeeeeeee,0,1,0,1
aaaaaaages,4,0,0,4
aaaaaaah,0,18,0,18
aaaaaaahahahahahahah,0,1,0,1
aaaaaaahhhhhh,0,0,5,5
aaaaaaahhhhhhh,0,0,2,2
aaaaaaajjjjjjj,0,2,0,2
aaaaaaall,0,0,3,3
aaaaaaanime,0,0,1,1
aaaaaaannnnnd,0,1,0,1
aaaaaaaydlydodyodyktsktsoyestlyyslysysldysyyslsysylldylydydkdykydtskstkdtyoulyofcoxystktw,0,0,1,1
aaaaaah,0,6,1,7
aaaaaahhahahahahahah,0,0,1,1
aaaaaahhh,1,0,0,1
aaaaaahhhh,0,5,0,5
aaaaaahhhhh,0,1,0,1
aaaaaahhhhhh,0,3,2,5
aaaaaahhhhhhg,0,1,0,1
aaaaaahhhhhhhhhhhhhhhhhhhhhhhhhhhhhhhhhhhhhhhhhhhhh,0,1,0,1
aaaaaalll,0,0,2,2
aaaaaand,8,7,9,24
aaaaad,0,1,0,1
aaaaah,1,10,11,22
aaaaahhh,0,0,1,1
aaaaahhhh,0,2,1,3
aaaaahhhhhhh,0,1,0,1
aaaaalken,0,1,0,1
aaaaall,0,6,0,6
aaaaallll,0,0,4,4
aaaaand,1,8,1,10
aaaaandoteeeeee,0,1,0,1
aaaaannnnnnyyyyy,0,0,1,1
aaaaargghhhhh,6,0,0,6
aaaaargh,0,0,4,4
aaaaarrrgh,0,5,0,5
aaaaarrrrrrrdddddddddd,0,1,0,1
aaaaaw,0,0,4,4
aaaaawesome,0,1,0,1
aaaaayyyyooooo,0,7,0,7
aaaaayyyyyyh,0,1,0,1
aaaads,0,1,0,1
aaaaghjzjhcjvgsh,0,3,0,3
aaaah,0,8,20,28
aaaaha,0,1,0,1
aaaahh,0,2,0,2
aaaahhh,1,2,1,4
aaaahhhh,0,0,3,3
aaaahhhhh,1,3,13,17
aaaahhhhhhahahahaghagahhahahaaa,0,1,0,1
aaaahhhhhhh,1,0,1,2
aaaahhhhhhhhhh,0,1,0,1
aaaahhhhhhhhhhh,0,0,1,1
aaaahhhhhhhhhhhhh,2,0,0,2
aaaahhhhhhmeyzeeeeeng,0,1,0,1
aaaai,0,5,0,5
aaaal,0,1,0,1
aaaall,0,0,3,3
aaaand,6,2,16,24
aaaandddd,0,1,0,1
aaaannd,0,4,0,4
aaaannndddd,0,1,0,1
aaaarggh,0,1,0,1
aaaarrrrrgh,0,0,1,1
aaaashhhhgghhh,0,1,0,1
aaaauuuugghhhh,0,1,0,1
aaaaw,0,4,3,7
aaaawww,0,0,1,1
aaaayyy,0,0,1,1
aaaayyyeee,0,0,1,1
aaaayyyy,0,0,3,3
aaaayyyyy,0,1,0,1
aaagghh,0,1,0,1
aaagh,0,0,2,2
aaaghhhgghhhhhhhhhh,0,1,0,1
aaah,0,18,23,41
aaahahah,0,0,1,1
aaahahahha,0,8,0,8
aaahh,0,2,12,14
aaahhh,0,11,3,14
aaahhhh,0,5,0,5
aaahhhhh,0,1,0,1
aaahhhhhh,2,3,1,6
aaahhhhhhh,0,0,1,1
aaahhhhhhhhhhh,0,1,0,1
aaaiiiir,0,0,3,3
aaake,0,1,0,1
aaalmaaaaaaaaa,0,3,0,3
aaammmmaaaaaaaaaaaaaaaaaaaaaazzziiiiiiiiiiiiiiiiiiiiiiiiiiiiiiiinnnnnnnnnnnnnnnnnnnnnnnnnnnnnngggggggggggg,0,3,0,3
aaammmooo,0,1,0,1
aaand,0,1,11,12
aaannddd,0,0,2,2
aaanyways,0,0,2,2
aaargghhhh,1,0,0,1
aaas,0,0,5,5
aaattt,0,1,0,1
aaaw,1,6,0,7
aaawww,0,1,0,1
aaayyy,0,0,8,8
aaayyyu,0,4,0,4
aaayyyyyeeeeeee,0,3,0,3
aabbo,0,1,0,1
aac,0,3,6,9
aachie,0,2,0,2
aack,0,1,0,1
aaf,0,3,0,3
aafamily,0,2,4,6
aafamilypy,0,1,0,1
aafff,0,0,1,1
aagase,0,1,0,1
aagghhhh,0,1,0,1
aago,1,0,0,1
aah,3,7,8,18
aahaaaaahahahaha,1,0,0,1
aahahah,0,0,1,1
aahahahahahhahaha,0,1,0,1
aahahahhhh,0,0,3,3
aahahha,0,1,0,1
aahh,0,1,6,7
aahhaah,0,1,0,1
aahhahahah,0,5,0,5
aahhh,2,0,7,9
aahhhh,0,2,3,5
aahhhhh,0,0,9,9
aahhhhhh,0,1,0,1
aahhhhhhhh,0,0,1,1
aahhhhhhhhhhhhhhhhhhhhhhh,0,0,1,1
aahilaaayjacke,1,2,0,3
aaliyah,0,8,14,22
aallah,0,1,0,1
aamaziiing,0,1,0,1
aamazing,0,2,0,2
aameen,0,0,1,1
aammaazing,0,0,5,5
aamzzing,0,1,0,1
aan,13,34,6,53
aand,1,0,13,14
aangeraakt,0,1,2,3
aangetrokken,0,1,0,1
aangezien,0,1,0,1
aanhebt,0,1,0,1
aanslaan,1,0,0,1
aantwd,0,1,0,1
aanvallers,0,1,0,1
aanwezig,1,0,0,1
aapi,1,1,2,4
aapsa,0,0,1,1
aar,0,0,1,1
aardbodem,0,1,0,1
aarde,0,1,1,2
aardig,0,1,0,1
aardman,0,0,1,1
aardvark,3,0,1,4
aarhus,0,0,7,7
aaron,34,41,69,144
aarovbjdhzjsbzjsnznzizks,0,1,0,1
aaryn,0,0,1,1
aasejwjwkbskwbskshajwjwjwiwwjjwwiw,0,1,0,1
aashish,0,1,0,1
aaun,0,0,1,1
aaune,5,0,0,5
aauugghh,1,0,0,1
aaw,0,0,6,6
aawe,0,4,0,4
aaww,0,3,1,4
aawwarree,0,1,0,1
aayy,0,7,0,7
aayyy,0,1,1,2
aayyyyy,0,1,0,1
aayyyyyeer,0,1,0,1
aayyyyyy,0,4,1,5
ab,25,23,49,97
aba,0,11,0,11
abaa,0,1,0,1
ababy,0,3,0,3
aback,2,0,2,4
abadubadu,0,0,1,1
abagnale,0,1,0,1
abahha,0,1,0,1
abajo,1,9,1,11
abalone,3,2,4,9
abalones,0,0,1,1
abanden,0,0,3,3
abandon,22,12,18,52
abandone,0,0,1,1
abandoned,45,26,65,136
abandones,0,3,0,3
abandonin,0,0,1,1
abandoning,5,2,2,9
abandonment,1,3,4,8
abang,0,1,0,1
abangers,0,1,0,1
abarque,0,1,0,1
abated,0,2,0,2
abathur,0,4,0,4
abaut,0,3,0,3
abaya,0,1,0,1
abayas,0,0,2,2
abba,0,0,12,12
abbey,0,6,2,8
abbi,0,0,1,1
abbia,0,1,0,1
abbiamo,0,1,0,1
abbiano,0,3,0,3
abbie,0,0,1,1
abbone,0,0,2,2
abbot,0,0,3,3
abbott,5,0,2,7
abbraccio,0,1,0,1
abbreviated,1,0,5,6
abbreviation,0,0,1,1
abbreviations,0,0,1,1
abbuscati,0,1,0,1
abby,1,3,2,6
abc,26,18,33,77
abcd,1,0,0,1
abcdefghijklmnoqrstuvwxy,0,0,1,1
abced,1,0,0,1
abd,1,3,3,7
abdc,0,0,1,1
abdelhak,0,3,0,3
abdelilah,0,0,4,4
abdi,1,0,0,1
abdicated,0,1,0,1
abdiel,0,0,2,2
abdimoh,0,3,0,3
abdl,0,1,2,3
abdomen,6,0,5,11
abdominal,1,0,4,5
abduct,2,1,6,9
abducted,1,4,4,9
abductees,0,0,1,1
abducting,1,0,0,1
abduction,1,4,1,6
abductions,0,0,1,1
abdul,1,12,0,13
abdullah,5,2,0,7
abe,2,4,1,7
abed,5,0,1,6
abedin,0,0,8,8
abeg,0,0,2,2
abel,5,12,3,20
aben,0,1,0,1
abencoe,0,2,0,2
aber,2,33,0,35
aberdeen,1,1,4,6
abernathy,0,0,1,1
aberrant,1,0,0,1
aberration,0,0,1,1
abertura,0,17,10,27
abetter,0,0,1,1
abgefackt,0,6,0,6
abgeliefert,0,3,0,3
abgeschaut,0,5,0,5
abh,1,8,12,21
abhors,2,0,0,2
abi,0,35,11,46
abide,0,1,32,33
abided,0,0,1,1
abiding,12,1,16,29
abierta,0,1,0,1
abierto,0,1,3,4
abigail,4,0,0,4
abiiiiiiiiiiiiiiiiiiiii,0,1,0,1
abike,0,0,3,3
abilites,0,0,1,1
abilities,5,1,60,66
ability,81,25,285,391
abillity,0,0,2,2
abilties,0,0,6,6
abin,1,1,0,2
abis,0,0,2,2
abit,11,10,36,57
abitch,0,0,1,1
abitudine,0,1,0,1
abiut,1,0,0,1
abject,4,0,1,5
abjectly,4,0,0,4
abkut,1,0,0,1
abla,0,6,0,6
ablac,0,4,0,4
ablar,0,1,0,1
ablas,0,1,0,1
ablaze,16,0,31,47
able,244,26,2056,2326
abled,0,0,4,4
ablest,0,0,2,2
ableton,0,2,1,3
ablibs,0,1,0,1
ablo,0,1,1,2
ablum,0,0,3,3
abnormal,6,2,22,30
abnormalities,5,0,1,6
abnormality,5,0,1,6
abo,0,1,0,1
aboard,4,14,10,28
abobo,1,0,0,1
abode,0,0,6,6
abogados,0,3,0,3
aboit,5,0,0,5
abolish,1,0,16,17
abolished,0,0,6,6
abolishtheelectoralcollege,0,2,0,2
abolitionists,5,0,0,5
abolutely,0,0,4,4
abominable,0,3,6,9
abominaciones,0,4,0,4
abomination,86,30,8,124
abominations,3,2,1,6
abomped,0,4,0,4
abonados,0,0,5,5
abonded,0,1,0,1
abondend,1,0,0,1
abone,0,13,0,13
abonirt,0,1,0,1
abonn,0,7,1,8
abonnement,0,1,1,2
abonnez,0,1,0,1
abood,0,1,0,1
aboogie,1,2,0,3
abooot,0,1,0,1
abooouut,0,4,0,4
aboot,1,11,3,15
abord,0,1,1,2
aboriginal,1,0,5,6
aborigines,1,0,5,6
aborregando,0,1,0,1
abort,4,9,21,34
aborted,6,2,4,12
abortion,58,23,78,159
abortions,2,1,12,15
abortive,0,0,3,3
abos,0,1,0,1
aboslutely,4,0,0,4
abou,1,5,0,6
aboud,0,0,1,1
abound,0,1,0,1
abounding,0,0,5,5
abounds,0,0,3,3
abour,1,0,1,2
about,7731,5114,20457,33302
abouta,0,1,0,1
abouts,0,4,6,10
aboutta,0,1,1,2
abouttime,0,1,0,1
aboutttt,0,1,0,1
abouy,0,0,4,4
above,144,96,441,681
abowt,0,1,0,1
abr,0,3,0,3
abra,0,20,0,20
abrace,0,11,0,11
abraham,11,8,51,70
abrahamic,11,0,1,12
abrahams,0,5,1,6
abrahim,0,5,0,5
abrahmic,6,0,0,6
abrams,4,5,6,15
abran,0,1,0,1
abrasive,4,0,1,5
abraso,0,1,0,1
abraz,0,3,0,3
abraza,0,8,0,8
abrazaba,0,4,0,4
abrazare,0,1,0,1
abrazas,2,0,0,2
abrazo,0,18,0,18
abrazos,0,2,0,2
abreast,0,0,2,2
abres,0,1,0,1
abri,0,1,0,1
abridged,0,0,1,1
abrir,0,4,0,4
abro,1,1,0,2
abroad,23,19,55,97
abrupt,11,0,3,14
abruptamente,0,1,0,1
abruptly,9,0,16,25
abruzzi,0,1,0,1
abs,9,25,22,56
absaloutley,1,0,0,1
absalutely,0,0,1,1
abseil,6,0,0,6
absence,14,0,19,33
absences,0,0,3,3
absent,9,3,14,26
absenta,0,1,0,1
absented,0,0,1,1
absently,0,1,0,1
absinthe,1,1,0,2
absloute,0,1,0,1
abso,1,3,6,10
absobloodylutely,0,0,3,3
absobtion,0,0,1,1
absof,0,0,1,1
absofreakinglootly,0,0,2,2
absolitly,0,0,1,1
absoliutely,0,0,1,1
absolotely,0,0,3,3
absoloutely,0,3,0,3
absoloutly,0,0,2,2
absoltely,0,0,2,2
absolument,0,0,2,2
absolumenttt,0,1,0,1
absolut,1,0,13,14
absolutaly,0,0,2,2
absolutamente,0,2,0,2
absolutas,0,0,1,1
absolute,86,9,630,725
absolutelly,1,0,0,1
absolutely,450,32,3424,3906
absoluter,0,1,0,1
absolutist,0,0,4,4
absolutley,3,0,10,13
absolutly,5,5,6,16
absoluuuuutely,0,0,4,4
absolve,0,0,4,4
absorb,8,2,23,33
absorbant,0,0,1,1
absorbe,1,0,0,1
absorbed,8,0,61,69
absorbent,1,0,0,1
absorbes,0,0,1,1
absorbing,0,1,20,21
absorbs,0,0,11,11
absoulately,0,0,1,1
absouloutly,0,0,1,1
absoulte,0,0,1,1
absoultely,0,1,3,4
absoulty,0,0,6,6
absoulutely,0,2,0,2
absoutely,0,0,1,1
absoutly,1,0,0,1
abstain,19,0,3,22
abstaining,0,0,4,4
abstergo,0,0,4,4
abstinence,0,0,5,5
abstract,5,6,24,35
abstraction,0,0,1,1
abstractions,1,0,0,1
absulutly,0,2,0,2
absurd,52,3,35,90
absurda,0,0,1,1
absurdamente,0,1,0,1
absurdism,0,0,1,1
absurdist,0,1,1,2
absurdistic,0,0,1,1
absurdity,0,1,1,2
absurdly,3,0,10,13
abt,18,30,32,80
abtrendzorlando,0,1,0,1
abtriple,0,0,1,1
abu,7,14,13,34
abuela,0,0,1,1
abuelita,0,2,0,2
abuelo,0,2,2,4
abuja,1,0,0,1
abul,0,3,0,3
abulance,0,0,1,1
abuleas,0,0,1,1
abulm,0,0,3,3
abunch,0,0,3,3
abundance,14,1,12,27
abundant,0,0,5,5
abundantly,0,0,5,5
abuot,0,0,4,4
aburr,1,0,0,1
aburre,1,3,0,4
aburren,0,2,0,2
aburri,0,2,0,2
aburridas,0,0,1,1
aburrido,0,7,1,8
aburridos,0,7,0,7
aburriiiiiiiidoooooo,0,1,0,1
abus,0,0,1,1
abusando,0,1,0,1
abuse,90,51,164,305
abused,15,9,55,79
abuser,13,5,5,23
abusers,4,4,7,15
abuses,1,0,7,8
abusing,28,4,24,56
abusive,27,4,57,88
abut,0,0,7,7
abutt,0,3,0,3
abuu,2,0,0,2
abuw,0,3,0,3
abviously,0,1,0,1
abx,0,0,3,3
aby,0,12,3,15
abym,0,14,0,14
abysmal,9,1,4,14
abyss,2,2,13,17
ac,73,79,186,338
aca,5,18,5,28
acab,0,9,1,10
acaba,0,12,0,12
acaban,0,1,0,1
acabao,0,1,0,1
acabar,0,7,0,7
acabaron,0,1,0,1
acabe,0,7,0,7
acabemos,0,2,0,2
acabo,0,13,2,15
acacia,0,0,1,1
acad,0,3,0,3
acadamia,0,1,0,1
academ,6,0,0,6
academia,2,10,17,29
academic,10,3,25,38
academically,0,0,4,4
academics,0,0,1,1
academies,0,0,12,12
academy,15,10,78,103
acadima,0,1,0,1
acakyti,0,3,0,3
acalma,0,1,0,1
acampanados,0,2,0,2
acapela,0,0,6,6
acapella,0,5,4,9
acapellas,0,1,2,3
acaracas,0,1,0,1
acardassian,0,0,1,1
acariciando,0,3,0,3
acaso,0,12,0,12
acast,0,5,0,5
acatually,1,0,0,1
acc,8,22,38,68
acca,0,3,0,3
accadentally,0,1,0,1
accapela,0,0,8,8
accaully,0,1,0,1
acccompanied,0,0,3,3
acccurate,0,0,1,1
accecpt,0,0,10,10
accelarate,0,0,1,1
acceleracer,0,0,1,1
accelerate,6,7,17,30
accelerated,2,0,2,4
accelerates,3,0,6,9
accelerating,0,6,0,6
acceleration,9,1,25,35
accelerations,0,0,1,1
accelerator,2,2,2,6
accent,192,244,514,950
accented,2,0,1,3
accents,13,33,51,97
accentuate,2,0,1,3
accentuates,0,0,5,5
accentue,0,1,0,1
accept,116,51,309,476
acceptabel,1,0,0,1
acceptability,0,0,5,5
acceptable,31,12,38,81
acceptablesexismthatnotenoughpeoplecallout,0,0,1,1
acceptance,6,11,29,46
acceptation,0,0,1,1
accepted,37,25,80,142
accepting,27,11,109,147
acceptions,0,0,1,1
accepts,4,6,13,23
acces,0,0,1,1
accesentaly,2,0,0,2
accesible,0,0,4,4
accesories,0,0,3,3
access,97,58,264,419
accessable,0,0,4,4
accessed,2,1,2,5
accesses,1,0,0,1
accessibility,0,0,2,2
accessible,1,0,50,51
accessing,0,3,3,6
accessories,6,20,21,47
accessory,1,9,12,22
accessto,0,0,1,1
accha,0,1,0,1
acchi,0,1,0,1
accidantly,0,0,2,2
acciden,0,0,2,2
accident,64,53,138,255
accidental,8,4,17,29
accidentally,53,46,132,231
accidentaly,0,1,1,2
accidente,0,5,0,5
accidently,1,2,11,14
accidents,30,7,47,84
acciedents,1,0,0,1
accio,0,0,3,3
acclaim,2,0,7,9
acclaimed,1,1,8,10
accofding,0,1,0,1
accolades,0,0,3,3
accommodate,1,5,23,29
accommodating,0,0,3,3
accommodation,0,0,1,1
accommodations,0,0,15,15
accomodate,0,0,8,8
accomodation,0,0,4,4
accompanied,7,1,10,18
accompaniment,0,0,1,1
accompany,0,3,4,7
accompanying,2,0,1,3
accomplice,0,1,6,7
accomplices,3,0,5,8
accomplish,21,4,59,84
accomplished,4,0,97,101
accomplishes,0,0,4,4
accomplishing,7,1,10,18
accomplishment,10,1,27,38
accomplishments,8,0,27,35
accomplisment,0,0,1,1
accont,0,0,2,2
accord,6,5,6,17
according,65,31,137,233
accordingly,5,0,7,12
accordion,0,0,5,5
accordions,2,0,3,5
accorinding,1,0,0,1
accosted,0,1,0,1
account,92,158,310,560
accountability,3,0,11,14
accountable,5,0,19,24
accountant,1,4,4,9
accountants,2,0,0,2
accounted,1,0,0,1
accounting,1,3,13,17
accounts,25,23,79,127
accout,1,0,0,1
accouts,0,1,0,1
accpet,1,0,0,1
accreate,0,2,0,2
accredited,1,0,5,6
accretion,2,0,0,2
accross,0,0,7,7
accrue,1,0,0,1
accrued,0,0,1,1
accruing,0,0,1,1
accs,0,1,0,1
accsisiusation,3,0,0,3
acct,0,1,1,2
acctual,0,0,1,1
acctually,0,2,2,4
acctualy,0,0,1,1
accually,1,1,0,2
accueillir,1,0,0,1
accumbens,0,0,1,1
accumul,0,0,1,1
accumulate,0,4,3,7
accumulated,1,0,11,12
accumulates,0,0,2,2
accumulating,0,0,10,10
accumulation,2,0,3,5
accumulent,0,0,1,1
accuracies,1,0,0,1
accuracy,18,13,31,62
accuradio,0,0,1,1
accurate,55,0,360,415
accurateeee,1,0,0,1
accurately,11,0,42,53
accureh,0,5,0,5
accusation,11,0,6,17
accusations,28,4,15,47
accusatory,0,0,2,2
accuse,6,0,27,33
accused,8,8,26,42
accusers,0,3,3,6
accuses,0,0,2,2
accusing,2,1,15,18
accusisations,2,0,0,2
accustom,0,0,1,1
accustomed,4,0,25,29
accutain,0,1,0,1
accutane,15,9,131,155
accuthing,0,0,4,4
accwpt,1,0,0,1
acdc,1,0,1,2
ace,46,92,153,291
aced,0,2,1,3
acedemia,0,1,1,2
aceita,0,2,0,2
acelera,0,1,0,1
acen,0,0,1,1
acent,0,0,1,1
aceptar,0,0,5,5
acepto,0,5,0,5
acer,0,12,24,36
acera,0,2,0,2
acerbic,1,0,1,2
acerca,0,2,0,2
acercado,0,18,0,18
acerola,0,2,0,2
acert,0,1,0,1
acertado,0,1,0,1
aces,1,8,8,17
acetate,0,0,5,5
acetonide,0,0,3,3
acevedo,1,0,0,1
acgrirorhejw,0,1,0,1
ach,0,7,8,15
acha,0,6,1,7
achaean,0,0,2,2
acham,0,1,0,1
achando,0,1,0,1
acharment,2,0,0,2
ache,11,10,28,49
ached,1,0,1,2
acheduej,0,1,0,1
achei,0,16,8,24
acheive,0,0,6,6
aches,4,4,13,21
achet,0,2,5,7
achete,0,1,0,1
acheter,0,6,6,12
achievable,1,0,5,6
achieve,30,17,147,194
achieved,12,13,78,103
achievement,4,16,56,76
achievements,17,2,26,45
achieves,0,1,0,1
achieving,1,3,11,15
achievment,1,0,0,1
achilles,3,0,0,3
achimiran,0,1,0,1
aching,8,7,5,20
achingly,0,1,0,1
achived,0,0,1,1
achmed,0,1,0,1
acho,0,11,1,12
achoo,0,2,0,2
achool,0,0,4,4
achten,0,10,0,10
achter,0,2,0,2
achterlaten,0,1,0,1
achtertuin,1,0,1,2
achtung,0,0,2,2
achuly,0,0,3,3
acic,0,3,0,3
acid,49,53,165,267
acidi,0,1,0,1
acidic,2,4,10,16
acidity,0,0,7,7
acidos,0,1,0,1
acidosis,0,0,1,1
acidrap,0,0,1,1
acids,1,0,5,6
aciendo,0,2,0,2
acierto,0,1,0,1
acil,0,1,0,1
acing,0,0,2,2
acingt,0,0,1,1
ack,6,0,8,14
ackausation,3,0,0,3
ackbar,0,2,0,2
ackergill,0,0,1,1
ackerman,2,0,2,4
ackground,1,0,0,1
ackles,0,3,2,5
acknowledge,40,5,75,120
acknowledgeable,0,0,2,2
acknowledged,9,2,17,28
acknowledgement,1,0,3,4
acknowledges,3,1,5,9
acknowledging,18,5,11,34
acknowledgment,0,0,2,2
acks,0,0,8,8
acktor,6,0,0,6
ackward,0,3,0,3
ackwardly,0,0,1,1
acl,0,3,15,18
aclarare,0,1,0,1
aclaro,0,4,0,4
aclu,0,0,2,2
acn,4,15,2,21
acne,126,39,332,497
acnes,2,0,1,3
acnr,0,0,1,1
aco,0,0,12,12
acoa,0,0,1,1
acolytes,3,0,0,3
acompa,0,3,0,3
acompanhar,0,3,0,3
acomplished,0,0,5,5
acontecendo,2,1,0,3
acontecia,0,1,0,1
acontecimientos,2,0,0,2
acoooorns,0,1,0,1
acopla,0,6,0,6
acordar,0,2,0,2
acordarse,0,1,0,1
acorde,1,3,0,4
acordes,0,0,1,1
acording,0,0,3,3
acoridinng,0,0,1,1
acorn,0,2,5,7
acorns,1,5,11,17
acostandose,0,1,0,1
acostar,0,1,0,1
acostarse,0,1,0,1
acostumbraos,0,4,0,4
acostumbre,0,1,0,1
acount,2,2,0,4
acounts,0,0,4,4
acourrupt,0,1,0,1
acoustic,8,21,54,83
acoustically,1,0,4,5
acoustics,0,0,4,4
acquaintance,1,0,0,1
acquaintances,0,0,13,13
acquainted,0,0,3,3
acquire,0,3,11,14
acquired,5,1,9,15
acquires,0,0,1,1
acquiring,0,12,2,14
acquisition,1,1,5,7
acquisitions,0,0,1,1
acquisto,0,5,0,5
acr,0,1,0,1
acre,0,0,6,6
acreage,1,0,0,1
acredita,0,0,1,1
acreditar,0,0,1,1
acredito,0,7,0,7
acres,0,0,13,13
acriricnamedkevin,0,1,0,1
acrobatic,0,0,3,3
acrobatics,0,0,2,2
acromantula,0,0,2,2
acromantulas,1,0,0,1
acronym,1,1,12,14
acronyms,2,0,1,3
across,205,68,572,845
acrross,0,0,3,3
acrtlic,0,1,0,1
acrually,0,0,1,1
acryl,0,0,3,3
acrylic,17,6,6,29
acrylics,0,4,0,4
acsent,0,5,0,5
acsess,1,0,0,1
acspider,0,2,0,2
act,382,158,724,1264
actaul,0,0,1,1
actaully,0,0,7,7
actavis,0,1,0,1
acted,38,12,63,113
acter,0,1,2,3
acties,0,0,1,1
actin,22,4,16,42
acting,318,137,638,1093
action,164,2,700,866
actioncam,3,0,0,3
actions,100,33,179,312
actitud,0,1,0,1
actitudes,0,4,0,4
actiual,4,0,0,4
activ,0,0,1,1
activa,0,2,0,2
activate,7,12,27,46
activated,6,15,23,44
activates,4,0,2,6
activating,0,0,1,1
activation,2,0,0,2
active,83,0,148,231
actived,0,2,0,2
actively,28,0,54,82
activert,0,0,1,1
actives,0,0,9,9
activision,9,4,4,17
activism,1,0,6,7
activist,1,2,6,9
activists,13,0,5,18
activit,0,2,0,2
activites,0,0,1,1
activities,13,8,54,75
activiting,0,0,1,1
activity,70,9,55,134
activo,0,1,0,1
actleast,2,0,0,2
actong,0,0,2,2
actor,146,105,411,662
actorazo,0,3,0,3
actors,137,62,441,640
actos,0,0,12,12
actrees,0,0,2,2
actres,0,0,1,1
actress,65,39,229,333
actresses,30,18,79,127
acts,118,53,185,356
acttac,0,0,1,1
acttin,0,0,1,1
actuaci,0,0,1,1
actuacion,0,3,0,3
actuado,0,8,0,8
actuakky,0,0,1,1
actual,382,326,727,1435
actuales,3,0,0,3
actualidad,0,3,0,3
actualities,0,0,1,1
actuality,9,0,4,13
actualize,0,0,1,1
actuall,1,1,3,5
actuallly,2,4,0,6
actually,1672,1394,5367,8433
actualmente,0,8,0,8
actualy,3,5,8,16
actuar,0,1,0,1
actuarial,0,4,0,4
actuated,0,2,0,2
actuates,0,0,2,2
actuating,0,0,1,1
actuelly,0,0,1,1
actulay,0,0,1,1
actullaly,3,0,0,3
actullay,0,1,0,1
actully,1,3,5,9
actuly,1,0,2,3
actuslly,0,0,1,1
actvision,1,0,0,1
actvo,0,1,0,1
actyally,0,0,1,1
acu,0,7,1,8
acually,1,0,4,5
acuerdan,0,3,0,3
acuerdate,0,0,1,1
acuerdo,0,2,1,3
acuestes,0,1,0,1
acuity,0,0,1,1
acully,0,0,1,1
acupuncture,0,1,4,5
acurat,0,2,0,2
acurate,0,1,0,1
acusisations,1,0,0,1
acussisation,2,0,0,2
acutaine,4,0,0,4
acutally,0,0,5,5
acutaly,0,1,0,1
acutane,5,0,5,10
acute,0,0,6,6
acutually,0,0,3,3
acv,1,0,0,1
acyor,0,0,1,1
acz,0,2,0,2
aczu,0,2,0,2
ad,215,439,448,1102
ada,0,14,9,23
adaaaaam,0,1,0,1
adafddsgjkngrkjrgjkwim,0,4,0,4
adage,0,0,6,6
adagio,0,2,0,2
adal,0,0,1,1
adalaide,0,6,0,6
adaline,0,1,0,1
adam,197,393,643,1233
adama,0,1,0,1
adamant,0,0,4,4
adamantium,0,0,2,2
adamantly,0,0,1,1
adamdir,0,0,1,1
adamgang,0,1,0,1
adamin,0,1,0,1
adamlar,0,3,1,4
adammi,0,1,0,1
adammms,0,1,0,1
adamross,0,1,0,1
adams,34,93,91,218
adamsblankatmhacker,0,0,2,2
adamsin,0,3,0,3
adamsinnnn,0,2,0,2
adamzilla,0,1,0,1
adan,0,0,1,1
adania,0,2,0,2
adanya,0,0,1,1
adapt,13,4,38,55
adaptability,1,0,0,1
adaptable,0,0,2,2
adaptada,0,2,0,2
adaptation,21,9,60,90
adaptations,4,0,25,29
adapted,7,4,34,45
adapter,8,4,2,14
adapters,1,2,4,7
adapting,4,0,13,17
adaption,2,0,16,18
adaptions,3,0,5,8
adapts,5,0,4,9
aday,0,0,2,2
adaynoway,0,1,0,1
adays,0,0,1,1
adblock,2,6,3,11
adc,0,3,0,3
add,246,401,965,1612
addable,1,0,0,1
addae,1,0,0,1
addam,0,0,7,7
addams,20,29,127,176
addception,0,1,0,1
adddddd,0,1,0,1
added,96,91,349,536
adder,0,30,2,32
adderall,0,5,5,10
adderral,0,1,0,1
addess,0,0,1,1
addict,29,12,56,97
addicted,163,1,86,250
addicteeedssss,0,1,0,1
addicteeeeeeed,0,0,1,1
addictes,0,1,0,1
addicting,4,18,39,61
addictiom,0,0,1,1
addiction,16,11,66,93
addictions,5,0,4,9
addictive,13,39,52,104
addictiveness,0,0,1,1
addicts,5,2,7,14
addidas,0,6,21,27
addie,0,3,2,5
adding,51,29,229,309
addirittura,0,5,0,5
addis,0,0,1,1
addison,3,12,16,31
addition,25,5,122,152
additional,17,11,46,74
additionally,4,0,29,33
additions,0,0,8,8
additive,0,2,6,8
additives,0,0,3,3
additons,0,0,8,8
additv,0,0,1,1
addled,1,0,0,1
addlepated,0,0,22,22
addn,1,0,0,1
addnu,0,1,0,1
addo,0,0,1,1
addon,1,0,0,1
addons,0,0,5,5
addorable,0,4,0,4
address,23,34,159,216
addressed,16,0,50,66
addressee,0,0,4,4
addresses,2,4,9,15
addressing,10,7,65,82
adds,30,21,116,167
addtion,0,0,3,3
addvanced,0,0,2,2
addy,1,0,3,4
addydaas,0,4,0,4
addys,1,0,0,1
addyson,0,2,0,2
ade,0,1,9,10
adead,0,1,0,1
adebao,0,3,0,3
adebayo,3,0,0,3
adecent,0,0,2,2
adejar,0,1,0,1
adek,0,1,0,1
adel,0,1,0,1
adelaide,0,7,6,13
adelaine,0,5,2,7
adelaines,0,0,2,2
adelalma,0,9,0,9
adelantado,0,5,0,5
adelante,1,11,2,14
adelanto,0,1,0,1
adele,9,52,54,115
adem,0,15,0,15
ademas,6,4,0,10
ademi,0,0,4,4
adems,0,1,0,1
aden,3,2,2,7
adenomyosis,3,0,0,3
adentre,0,1,0,1
adentro,0,1,0,1
adept,0,0,7,7
adeptly,0,0,2,2
adequate,1,0,14,15
adequately,0,0,3,3
ader,1,0,0,1
aderton,0,0,2,2
adeta,0,3,0,3
adewale,0,0,1,1
adh,0,0,1,1
adhd,3,18,26,47
adhere,3,1,2,6
adhered,0,0,1,1
adherence,1,0,0,1
adherents,1,0,0,1
adhering,5,0,0,5
adhesive,1,0,11,12
adhydrol,2,0,0,2
adi,1,4,0,5
adichie,0,0,3,3
adict,0,0,1,1
adicted,1,1,0,2
adiction,0,0,3,3
adictiva,0,2,0,2
adictive,0,0,1,1
adictivo,0,2,0,2
adida,0,1,0,1
adidas,37,98,141,276
adie,0,1,0,1
adiendo,0,1,0,1
adik,0,1,1,2
adil,0,1,0,1
adiletten,0,2,0,2
adios,6,8,1,15
adir,0,4,0,4
adisa,1,0,0,1
adisson,0,0,5,5
adition,0,0,2,2
adj,0,0,1,1
adjacent,7,0,1,8
adjani,0,0,1,1
adjective,4,11,2,17
adjectives,0,2,3,5
adjudications,5,0,0,5
adjunctator,0,1,0,1
adjuntas,0,0,2,2
adjusment,1,0,0,1
adjust,15,11,31,57
adjustable,2,0,11,13
adjusted,1,3,15,19
adjusting,3,0,8,11
adjustment,0,3,5,8
adjustments,6,4,17,27
adjusts,4,3,1,8
adk,0,2,0,2
adkins,0,0,4,4
adkskd,0,1,0,1
adler,0,0,4,4
adlib,0,2,3,5
adlibbing,0,0,3,3
adlibs,2,8,4,14
adlyde,0,0,1,1
admin,5,0,2,7
administer,1,0,3,4
administered,1,0,1,2
administration,24,5,83,112
administrations,0,0,7,7
administrative,0,0,1,1
administrator,2,0,7,9
administrators,1,0,0,1
admir,0,1,0,1
admiraba,1,0,0,1
admirable,3,4,37,44
admirably,0,0,1,1
admiracion,0,1,0,1
admiradora,0,2,0,2
admiral,0,1,0,1
admiran,0,6,0,6
admirando,1,1,0,2
admiration,8,0,30,38
admirava,0,0,1,1
admire,22,21,246,289
admired,5,7,19,31
admireing,0,0,1,1
admirer,0,3,17,20
admirers,0,0,1,1
admires,2,0,8,10
admiring,3,11,3,17
admiro,0,11,3,14
admission,0,0,13,13
admissions,0,0,2,2
admit,152,81,272,505
admitan,0,1,0,1
admitanlo,1,0,0,1
admited,1,0,0,1
admiting,0,0,3,3
admitir,0,10,0,10
admitirlo,0,1,0,1
admito,0,2,0,2
admits,9,2,15,26
admitted,15,4,60,79
admittedly,4,0,26,30
admitting,12,0,15,27
admonishing,0,0,1,1
admonition,1,0,0,1
adms,0,1,0,1
adn,0,2,4,6
adnan,0,3,0,3
adnanstar,0,2,0,2
adnie,0,3,0,3
ado,0,6,10,16
adobe,1,4,8,13
adobo,1,1,0,2
adoh,0,1,0,1
adolecencia,0,1,0,1
adolescence,5,1,7,13
adolescencia,0,1,0,1
adolescent,8,4,1,13
adolescentes,1,0,0,1
adolescents,0,0,3,3
adolf,4,4,2,10
adonijah,1,0,0,1
adonis,1,0,8,9
adooooooooore,0,0,1,1
adoooooro,0,1,0,1
adooore,0,0,1,1
adoooree,0,0,8,8
adopoted,0,0,4,4
adopt,17,19,54,90
adoptame,0,4,0,4
adopted,12,16,69,97
adopters,0,0,2,2
adopting,3,4,13,20
adoption,3,8,21,32
adoptive,0,0,9,9
adoptowany,0,2,0,2
adopts,0,0,8,8
ador,0,3,6,9
adora,0,1,0,1
adorabetes,0,0,3,3
adorable,20,6,1650,1676
adorableee,0,1,0,1
adorableeee,0,0,1,1
adorableness,1,1,5,7
adorablesness,0,0,3,3
adorably,2,0,10,12
adorabol,0,1,0,1
adorando,0,1,0,1
adoration,0,0,4,4
adorava,1,0,0,1
adorbs,0,5,4,9
adorbsss,0,3,0,3
adorbsssss,0,0,2,2
adore,58,190,440,688
adoreable,0,0,8,8
adoreble,0,1,0,1
adored,7,14,22,43
adoree,0,0,4,4
adoreeee,0,1,0,1
adoreeeeeee,0,2,0,2
adorei,0,14,0,14
adoreiiii,1,0,0,1
adorent,0,0,2,2
adorer,0,3,0,3
adores,0,2,21,23
adorible,0,2,0,2
adoring,0,0,4,4
adorkable,0,2,8,10
adorn,0,0,1,1
adorned,0,0,1,1
adorno,0,2,0,2
adorns,0,0,1,1
adoro,1,43,55,99
adorooo,0,1,0,1
adorrre,0,2,0,2
adorrrrr,0,1,0,1
adote,0,1,0,1
adowable,0,1,4,5
adowablee,0,1,0,1
adpocalypse,6,13,4,23
adpocalypsis,2,0,0,2
adpocolyps,3,0,0,3
adpocolypse,0,0,2,2
adrade,0,0,1,1
adreanna,0,0,1,1
adrenal,0,1,1,2
adrenalin,5,0,3,8
adrenaline,3,3,63,69
adress,9,1,3,13
adressing,0,0,1,1
adria,0,2,0,2
adrian,1,4,4,9
adriana,0,3,0,3
adrianne,0,0,1,1
adrien,0,0,1,1
adrienne,9,18,21,48
adrift,0,0,7,7
adroable,0,0,1,1
ads,84,111,164,359
adsense,6,2,8,16
adsgjsdjgiawejgiasdhogjsdkfjsdjfjkadfiojwlitiaefiajlsdi,0,0,1,1
adsthese,1,0,0,1
adtak,0,3,0,3
adtr,0,5,1,6
adu,3,0,1,4
adue,0,5,0,5
adult,92,3,348,443
adulte,0,1,0,1
adultemoji,0,1,0,1
adulterada,0,0,3,3
adulterer,3,0,0,3
adulterers,13,5,0,18
adulteresses,0,2,0,2
adulteries,0,0,3,3
adultery,2,1,6,9
adulthood,2,6,19,27
adulting,2,1,5,8
adultolescence,0,0,5,5
adultolesons,4,0,0,4
adultolscenes,0,0,1,1
adultos,1,8,0,9
adultry,1,0,0,1
adults,79,24,156,259
adultswim,1,0,0,1
adum,1,0,6,7
adumb,0,1,0,1
aduriz,0,3,0,3
adv,0,0,6,6
advace,3,1,0,4
advaita,0,1,0,1
advance,29,9,157,195
advanced,13,1,145,159
advancement,4,0,18,22
advancements,0,2,17,19
advances,11,0,21,32
advancing,2,0,12,14
advantage,63,10,119,192
advantageous,0,0,3,3
advantages,5,3,9,17
advantege,0,0,1,1
advanti,1,0,0,1
advent,0,17,33,50
adventista,0,1,0,1
adventure,40,61,143,244
adventurer,1,1,0,2
adventures,22,18,94,134
adventuring,1,0,3,4
adventurous,0,0,41,41
adversaires,0,0,3,3
adversarial,1,0,0,1
adversaries,0,0,2,2
adversary,0,0,3,3
adverse,4,1,12,17
adversely,1,1,8,10
adversities,0,0,4,4
adversity,1,0,3,4
adversos,0,1,0,1
advert,18,36,52,106
adverteasing,1,0,0,1
advertencia,0,1,0,1
adverter,0,1,0,1
advertise,12,7,31,50
advertised,5,4,21,30
advertisement,29,21,52,102
advertisements,2,3,10,15
advertiser,3,4,11,18
advertiserfrienlyy,0,1,0,1
advertisers,6,1,8,15
advertises,2,0,1,3
advertising,65,17,119,201
advertisment,3,4,1,8
advertisments,0,0,1,1
advertize,0,0,5,5
adverts,17,13,29,59
adveture,0,2,1,3
advice,95,54,549,698
adviced,0,0,4,4
advices,0,0,16,16
advil,0,0,5,5
advisable,0,0,1,1
advise,20,3,77,100
advised,5,0,15,20
adviser,0,0,3,3
advises,0,0,2,2
advisors,1,0,1,2
advisory,5,0,0,5
advocacy,0,1,3,4
advocate,26,0,27,53
advocates,6,0,6,12
advocating,31,1,13,45
adwenture,0,1,0,1
adyyodo,0,1,0,1
adz,7,0,13,20
adzie,0,2,0,2
ae,0,6,7,13
aee,0,1,0,1
aegian,0,2,0,2
aegis,0,5,4,9
aegon,9,14,16,39
aegons,0,2,2,4
aegyo,0,0,1,1
aegypt,0,0,3,3
aeiohaoihaeoi,1,0,0,1
aeiou,0,2,1,3
aek,0,2,0,2
aella,0,0,3,3
aenar,0,0,4,4
aenold,0,0,1,1
aere,0,6,0,6
aergon,0,3,0,3
aerial,4,0,12,16
aerials,0,0,4,4
aerin,0,0,6,6
aero,0,1,5,6
aeroamith,0,0,1,1
aerobic,1,1,7,9
aerobics,0,0,1,1
aerodynamic,0,2,9,11
aerodynamics,0,9,0,9
aeromatics,1,0,0,1
aeroplane,0,0,4,4
aeroplanes,0,0,7,7
aeroponic,0,2,0,2
aeroport,0,0,1,1
aerosmith,1,3,9,13
aerospace,1,1,1,3
aerrbhffdry,0,0,1,1
aersol,4,0,0,4
aesop,0,0,2,2
aestehtic,4,0,0,4
aestethic,2,0,0,2
aesthetic,22,49,152,223
aesthetical,0,1,0,1
aesthetically,2,24,55,81
aestheticly,0,0,5,5
aesthetics,11,14,43,68
aetage,0,1,0,1
aether,0,0,7,7
aethetic,0,2,0,2
aethiest,0,1,0,1
aeuhaeuaehueaheauheauheauh,0,3,0,3
aevor,0,0,2,2
aewsome,0,0,1,1
aeysa,0,0,1,1
af,405,374,635,1414
afaik,0,0,1,1
afair,0,0,1,1
afan,0,0,2,2
afaps,0,0,2,2
afar,9,1,8,18
afb,0,1,0,1
afc,4,5,3,12
afctv,0,4,7,11
afd,1,0,0,1
afdkgaksvkahsjaah,0,1,0,1
afectados,4,3,0,7
afectan,0,3,0,3
afectes,0,0,1,1
afectuoso,0,2,0,2
afer,2,0,0,2
afetadas,0,1,0,1
afew,0,2,0,2
aff,1,11,5,17
affa,0,5,0,5
affable,0,0,4,4
affair,7,6,11,24
affairs,6,1,10,17
affect,72,16,152,240
affectation,0,0,1,1
affected,97,19,162,278
affecting,18,2,21,41
affection,6,0,18,24
affectionate,6,2,13,21
affective,4,0,7,11
affects,19,8,107,134
affence,1,0,1,2
affended,0,0,1,1
afff,0,2,0,2
affff,12,4,3,19
afffff,2,3,1,6
afffffff,0,0,1,1
afffffffffffffffff,0,0,1,1
affilation,1,0,0,1
affiliate,2,10,5,17
affiliated,0,1,1,2
affiliates,0,1,0,1
affiliation,4,1,11,16
affinity,0,0,7,7
affirm,0,0,1,1
affirmation,1,0,1,2
affirmations,0,0,2,2
affirmative,1,0,18,19
affirmed,2,0,0,2
affirming,0,0,10,10
afflac,0,1,0,1
affleck,25,11,18,54
afflict,0,0,2,2
afflicted,3,0,5,8
affliction,0,3,3,6
afflictions,0,1,0,1
affluent,1,0,2,3
afford,103,97,304,504
affordability,1,0,0,1
affordable,23,9,161,193
afforded,1,1,6,8
affording,0,0,5,5
affpordable,0,0,1,1
affraid,0,0,5,5
affronte,0,0,3,3
afganist,2,0,0,2
afgelopen,0,1,0,1
afghan,0,1,6,7
afghanachan,0,1,0,1
afghanistan,8,26,39,73
afgillen,0,0,1,1
afgoogle,0,0,1,1
afici,0,12,8,20
aficion,0,0,5,5
aficionado,0,0,5,5
aficionados,6,9,2,17
afinada,0,1,0,1
afirmative,0,0,1,1
afjfsergjvbbsncdefghijklmohdaefjgd,0,4,0,4
afk,3,7,7,17
afksjdkfjdkfgj,0,0,3,3
afl,0,9,1,10
aflak,1,0,0,1
aflame,3,0,0,3
afleck,0,0,1,1
afliction,0,4,0,4
afloat,1,3,2,6
afloopt,0,1,0,1
aflutter,0,4,0,4
afol,0,0,5,5
afoot,1,0,0,1
aforable,0,0,2,2
aford,4,0,0,4
aforementioned,1,0,5,6
aforesaid,0,0,5,5
afortunadamente,0,3,0,3
afrad,0,0,1,1
afrade,0,0,1,1
afraid,423,3,317,743
afreaid,0,1,0,1
afrecan,0,0,3,3
afrher,0,0,1,1
afriad,0,0,2,2
africa,74,115,248,437
africain,0,3,0,3
african,50,54,219,323
africans,17,10,34,61
africanus,0,0,4,4
africatotheworld,0,0,1,1
africuuuuuuuuh,0,1,0,1
afridi,0,1,0,1
afrika,0,11,0,11
afrikaana,0,8,0,8
afrikaans,0,4,0,4
afro,13,24,25,62
afrocentrist,3,0,0,3
afrojaaaacckkkkkk,0,7,0,7
afrojac,0,0,1,1
afrojack,3,105,57,165
afrojackkkkkkkkk,0,7,0,7
afrojacks,0,0,1,1
afrojak,0,1,0,1
afroluke,0,1,0,1
afron,0,0,3,3
afronosky,0,0,2,2
afros,0,1,0,1
afrovlogs,0,1,0,1
afshinkavlogs,0,0,6,6
afspeellijst,1,0,0,1
afstand,0,1,0,1
aft,1,8,3,12
afta,0,0,6,6
after,2131,1374,5233,8738
afterall,1,2,3,6
aftercare,3,0,4,7
afterchat,0,1,0,1
aftereffect,0,0,1,1
afterhours,0,3,0,3
afterlife,6,7,29,42
afterlove,0,0,7,7
aftermarket,1,0,1,2
aftermath,2,2,6,10
aftermaths,1,0,0,1
aftermovie,0,5,0,5
afternoon,12,9,31,52
afternoons,0,1,0,1
afterparty,5,0,0,5
afters,0,0,6,6
afterschool,0,1,0,1
aftershave,0,0,1,1
aftershocks,0,0,2,2
aftershow,0,0,1,1
aftertaste,0,2,7,9
afterthat,0,0,3,3
afterthought,0,1,5,6
afterward,2,0,13,15
afterwards,33,19,98,150
afterwoods,0,1,0,1
afterword,0,0,1,1
afterwords,0,1,0,1
afterworld,0,7,0,7
afther,0,0,6,6
afticanaized,0,1,0,1
aftp,0,0,8,8
afttttvvvvv,7,0,0,7
aftv,23,38,50,111
afuckingafamily,0,0,1,1
afuckinplause,1,0,0,1
afuera,0,20,0,20
afueraaa,0,2,0,2
afvfyjnm,0,0,1,1
afwul,0,0,1,1
ag,3,2,8,13
aga,0,3,1,4
agagaggagagqtgq,0,0,3,3
agai,0,1,0,1
agaiinnn,0,1,0,1
again,1586,1667,4592,7845
againnn,0,3,0,3
againnnn,0,1,1,2
againnnnnn,0,1,0,1
agains,1,4,6,11
against,666,250,1324,2240
againts,2,2,1,5
agan,0,1,0,1
aganda,2,0,0,2
aganlo,0,1,0,1
agape,1,0,0,1
agar,3,11,1,15
agaragar,0,5,0,5
agario,0,2,2,4
agarrar,0,4,0,4
agarre,0,5,0,5
agarro,0,5,0,5
agases,0,0,1,1
agatha,2,5,6,13
agave,0,2,0,2
agdq,1,1,1,3
age,301,202,1135,1638
aged,79,2,89,170
ageha,1,0,0,1
ageing,5,3,19,27
ageism,5,2,0,7
ageist,6,0,6,12
ageless,3,12,23,38
agelica,0,0,1,1
agen,1,0,2,3
agena,0,1,0,1
agencies,8,0,23,31
agency,13,13,48,74
agenda,77,37,113,227
agendas,12,0,21,33
agenga,0,0,1,1
agent,24,46,75,145
agents,19,14,18,51
ageplay,0,0,2,2
ager,1,2,0,3
ages,64,96,317,477
agesssss,0,0,1,1
agessssssss,0,0,1,1
agey,0,0,2,2
agger,0,0,6,6
aggg,0,1,0,1
aggggg,1,0,0,1
aggggh,0,0,1,1
agggghhh,1,0,0,1
aggghh,3,0,0,3
aggghhh,1,0,0,1
aggh,0,1,0,1
agghh,0,0,6,6
agghhh,0,1,0,1
agghhhghhhh,0,0,1,1
agghhhhh,0,3,0,3
aggies,0,1,0,1
aggiornamento,0,2,0,2
aggravate,1,0,3,4
aggravated,1,0,0,1
aggravates,4,0,1,5
aggravating,1,0,6,7
aggre,2,0,0,2
aggree,0,1,0,1
aggregate,0,1,0,1
aggresive,1,0,1,2
aggression,17,5,17,39
aggressions,1,0,12,13
aggressive,42,21,79,142
aggressively,5,6,11,22
aggressor,18,0,0,18
aggressors,2,0,0,2
aggrivates,2,0,0,2
agh,0,2,32,34
aghajsjsk,0,0,1,1
aghase,0,1,0,1
aghases,1,0,2,3
aghast,1,0,0,1
aghgaghad,0,0,1,1
aghh,3,3,7,13
aghhh,0,6,2,8
aghhhh,1,4,2,7
aghhhhhh,4,0,0,4
aghhhhhhhh,0,1,0,1
aghhhhhhhhhhhh,0,1,0,1
aghhhhhhhhhhhhhhhhhhhhhhhhhhh,0,5,0,5
agian,0,8,3,11
agifia,0,0,1,1
agile,0,0,13,13
agin,0,0,8,8
agina,0,1,0,1
aging,31,25,84,140
aginst,0,1,1,2
agir,0,1,0,1
agistri,0,0,3,3
agitate,0,0,1,1
agitated,0,0,3,3
agitation,1,0,0,1
agitator,0,0,1,1
agla,0,2,0,2
aglam,0,2,0,2
agli,0,1,0,1
agly,1,2,0,3
agnar,1,0,5,6
agnes,2,2,1,5
agnez,4,0,13,17
agnezxmo,1,0,6,7
agnostic,5,0,6,11
agnostics,0,0,1,1
agnus,0,0,6,6
ago,826,440,2154,3420
agog,1,0,3,4
agoge,0,0,2,2
agogi,0,0,1,1
agoniazinha,0,1,0,1
agonies,0,0,2,2
agonising,0,0,1,1
agonizer,3,0,3,6
agonizing,4,3,0,7
agonna,0,1,0,1
agony,1,2,14,17
agonyyyy,0,0,6,6
agoo,0,0,1,1
agooo,3,0,0,3
agora,1,8,13,22
agoraphobia,0,0,6,6
agosto,2,0,0,2
agothat,0,0,3,3
agp,0,1,0,1
agr,0,1,12,13
agraba,0,0,2,2
agrabah,0,0,2,2
agrada,0,4,0,4
agradable,0,8,0,8
agradaceria,0,1,0,1
agradan,0,2,0,2
agrade,0,4,0,4
agradece,2,2,1,5
agradecer,0,1,0,1
agradecere,0,1,0,1
agradecida,0,8,0,8
agradecido,0,2,0,2
agradecidos,0,13,0,13
agradecimiento,0,0,1,1
agradescan,0,2,0,2
agrado,0,2,0,2
agrandados,0,4,0,4
agre,1,0,2,3
agree,488,624,1417,2529
agreeable,2,0,0,2
agreeance,1,0,5,6
agreed,32,24,66,122
agreeee,1,0,0,1
agreeeee,0,1,0,1
agreeeeeee,0,1,0,1
agreeeeeeeeeeed,0,1,0,1
agreeing,9,6,22,37
agreelike,1,0,0,1
agreement,13,10,34,57
agreements,4,0,4,8
agrees,38,50,96,184
agregaron,0,1,0,1
agression,0,0,1,1
agressive,1,1,1,3
agressor,1,0,0,1
agrew,0,1,0,1
agrey,0,1,0,1
agribusiness,0,0,1,1
agricultural,8,1,9,18
agriculture,9,9,31,49
agriculturist,0,0,1,1
agroecology,0,1,0,1
agrophobia,1,0,0,1
agrreee,0,5,0,5
agrreeeeeeeeeeeee,0,2,0,2
agrue,2,0,0,2
agruing,0,0,5,5
ags,0,0,2,2
agt,6,20,69,95
agttttttt,0,1,0,1
agua,3,29,0,32
aguada,0,2,2,4
aguadilla,0,1,0,1
aguant,0,6,0,6
aguanta,0,1,0,1
aguantado,0,3,0,3
aguantando,0,1,0,1
aguantar,0,4,0,4
aguantas,0,3,0,3
aguantate,0,2,0,2
aguante,0,13,2,15
aguanto,0,2,0,2
aguas,0,1,0,1
aguentar,0,1,0,1
aguero,13,43,59,115
aguerothebest,0,5,0,5
agui,0,1,0,1
aguilar,1,0,2,3
aguilera,0,9,10,19
aguileras,0,0,1,1
agujero,0,1,0,1
agus,0,1,0,1
agust,2,0,2,4
agustd,0,1,0,1
agustin,0,2,0,2
agustine,0,0,2,2
agustinmi,0,1,0,1
ah,123,235,509,867
aha,23,63,103,189
ahaaa,0,0,1,1
ahaaaa,0,1,0,1
ahaaaaa,0,0,1,1
ahackbar,0,1,0,1
ahah,8,18,33,59
ahaha,14,44,89,147
ahahaa,0,0,2,2
ahahah,10,14,34,58
ahahaha,8,22,27,57
ahahahaahaha,0,3,1,4
ahahahah,7,12,24,43
ahahahaha,15,5,18,38
ahahahahaa,0,0,1,1
ahahahahaaaaaaa,0,2,0,2
ahahahahaah,0,1,0,1
ahahahahaahaha,0,1,0,1
ahahahahaahahahaahahaahah,0,1,0,1
ahahahahaahahahhhh,0,1,0,1
ahahahahah,0,7,1,8
ahahahahaha,2,11,8,21
ahahahahahaaaaaaa,0,0,1,1
ahahahahahah,0,1,1,2
ahahahahahaha,1,4,1,6
ahahahahahahaha,0,2,0,2
ahahahahahahahahahaha,0,1,0,1
ahahahahahahahahahahah,0,0,1,1
ahahahahahahahahahahahahahahahahahahahahahahahahahahahahahahahahahahahahahahahahaha,0,0,3,3
ahahahahahahahahahahahahahahahhahahaha,0,1,0,1
ahahahahahahahhahahahahhahahahhahhhahahahhahhaahahahahaaaaaaaaaaaaa,0,0,1,1
ahahahahahahhhaa,0,1,0,1
ahahahahahahhhahahahhhahha,0,6,0,6
ahahahahahhahaha,0,0,1,1
ahahahahhah,0,0,3,3
ahahahahhaha,1,0,0,1
ahahahahhahahah,1,0,0,1
ahahahahhahahahhahaha,0,1,0,1
ahahahaqhahahhahahaherijgnkbtwhrwr,0,1,0,1
ahahahdossodntodiebrrlaosfn,0,0,1,1
ahahahgahga,6,0,0,6
ahahahha,3,3,1,7
ahahahhaa,0,2,0,2
ahahahhah,0,0,1,1
ahahahhaha,0,0,6,6
ahahahhahaha,0,0,2,2
ahahahhahahah,0,3,0,3
ahahahhahahahahaha,0,3,0,3
ahahahhahahahahahhahahahha,0,1,0,1
ahahahwhehowis,1,0,0,1
ahahahwine,0,1,0,1
ahahha,0,0,4,4
ahahhaa,2,0,0,2
ahahhaah,2,1,0,3
ahahhaahah,0,1,0,1
ahahhah,1,0,0,1
ahahhaha,0,0,7,7
ahahhahah,0,0,4,4
ahahhahahahaha,0,4,0,4
ahahhahahahahahahhhahahahaahahahaa,0,0,2,2
ahahhahahahahhahahah,1,0,0,1
ahahhahahahhahaaaa,0,1,0,1
ahahhahahha,0,1,0,1
ahahhhh,0,1,0,1
ahahhshahjko,2,0,0,2
ahahsdfkdf,0,1,0,1
ahahshah,0,1,0,1
ahahsjshs,1,0,0,1
ahaja,7,0,0,7
ahajajaja,0,0,8,8
ahall,0,0,1,1
ahappened,0,0,1,1
ahauahau,0,1,0,1
ahayah,0,1,3,4
ahch,0,1,0,1
ahchie,0,2,0,2
ahd,1,0,1,2
ahdeedas,0,4,0,4
ahdhshdj,0,0,3,3
ahdjfsdhs,0,0,1,1
ahdkabdia,0,1,0,1
ahdkulfaekudlv,0,1,0,1
ahe,0,0,1,1
ahead,130,68,328,526
ahem,8,10,14,32
ahewm,0,0,1,1
ahfiew,0,0,1,1
ahgasae,0,1,3,4
ahgase,0,14,13,27
ahgasephils,0,0,1,1
ahgases,1,1,9,11
ahgasevietnam,0,0,1,1
ahgasse,0,0,1,1
ahh,32,90,178,300
ahha,3,0,5,8
ahhaaaaaaaaa,0,1,0,1
ahhaah,0,0,1,1
ahhah,0,3,0,3
ahhaha,3,1,12,16
ahhahaa,0,0,2,2
ahhahaah,0,0,1,1
ahhahaahahhahaha,0,1,0,1
ahhahaha,3,0,4,7
ahhahahaha,1,0,1,2
ahhahahahaha,0,5,0,5
ahhahahahahaahh,0,0,1,1
ahhahahahahah,0,1,0,1
ahhahahahahaha,0,2,0,2
ahhahahahahha,0,1,0,1
ahhahahahahi,2,0,0,2
ahhahahahhahahhaha,2,0,0,2
ahhdhshs,0,0,1,1
ahhh,50,93,276,419
ahhha,0,1,0,1
ahhhaahhahahahahahahaahhahahahahahahaha,0,4,0,4
ahhhahah,0,1,0,1
ahhhahahahahhaha,0,4,0,4
ahhhahahhahhhaaa,0,0,3,3
ahhhfooka,0,1,0,1
ahhhh,22,64,116,202
ahhhha,0,0,1,1
ahhhhagg,0,0,1,1
ahhhhahahah,1,0,0,1
ahhhhh,7,53,48,108
ahhhhhahahahaha,0,4,0,4
ahhhhhahahahahahaha,0,1,0,1
ahhhhhh,2,26,30,58
ahhhhhhd,0,0,1,1
ahhhhhhh,2,21,21,44
ahhhhhhhh,3,19,5,27
ahhhhhhhhh,4,2,11,17
ahhhhhhhhhh,1,8,8,17
ahhhhhhhhhhh,1,3,2,6
ahhhhhhhhhhhh,1,4,2,7
ahhhhhhhhhhhhh,0,12,3,15
ahhhhhhhhhhhhhh,0,2,0,2
ahhhhhhhhhhhhhhh,1,0,1,2
ahhhhhhhhhhhhhhhh,1,0,0,1
ahhhhhhhhhhhhhhhhhhh,0,3,3,6
ahhhhhhhhhhhhhhhhhhhhhhh,0,1,0,1
ahhhhhhhhhhhhhhhhhhhhhhhhhh,0,3,0,3
ahhhhhhhhhhhhhhhhhhhhhhhhhhh,0,5,0,5
ahhhhhhhhhhhhhhhhhhhhhhhhhhhh,0,2,0,2
ahhhhhhhhhhhhhhhhhhhhhhhhhhhhhh,0,0,2,2
ahhhhhhhhhhhhhhhhhhhhhhhhhhhhhhhh,2,0,0,2
ahhhhhhhhhhhhhhhhhhhhhhhhhhhhhhhhhhhh,0,1,0,1
ahhhhhhhmazing,0,0,1,1
ahhhhhmazzzing,0,2,0,2
ahhhhhwhshshsh,0,0,1,1
ahhhhmazing,0,0,3,3
ahhhighhht,0,0,3,3
ahhhmazing,0,0,2,2
ahhhw,0,0,7,7
ahhhww,0,2,0,2
ahhmuhggawd,0,0,1,1
ahhshdhfnanhhhhh,0,0,1,1
ahhshshshsh,1,0,0,1
ahhw,1,0,0,1
ahi,0,15,10,25
ahihi,0,2,0,2
ahir,0,1,0,1
ahira,0,1,0,1
ahjggh,0,0,4,4
ahjsahshksja,0,0,1,1
ahjussi,0,1,1,2
ahk,0,0,3,3
ahkgh,0,5,0,5
ahlie,0,1,0,1
ahm,2,1,1,4
ahmaaazzzziinnngggg,0,1,0,1
ahmad,1,0,1,2
ahmazingggggg,0,2,0,2
ahmehrikkkan,0,0,1,1
ahmm,0,0,1,1
ahn,0,3,0,3
ahockes,0,1,0,1
ahocks,1,0,0,1
ahoi,0,1,0,1
ahold,4,0,2,6
aholes,2,9,3,14
ahooooooo,0,1,0,1
ahora,3,131,18,152
ahorita,0,1,0,1
ahorq,0,2,0,2
ahorrar,0,3,0,3
ahould,0,0,8,8
ahoy,0,1,0,1
ahre,0,5,2,7
ahree,0,1,0,1
ahs,2,9,24,35
ahsdfjksksks,0,0,1,1
ahsfgjehbfnckjsn,0,0,1,1
ahshhshsb,0,0,3,3
ahshskaajskka,0,0,1,1
ahsjdjdjdj,0,1,0,1
ahsoka,4,0,0,4
ahtham,0,0,3,3
ahu,0,2,0,2
ahuah,0,0,1,1
ahuehhehudhshuahreu,0,0,2,2
ahuenno,0,1,0,1
ahuevo,0,4,0,4
ahuh,0,0,3,3
ahuhu,0,1,0,1
ahuhueh,0,0,1,1
ahus,0,1,0,1
ahvdfhvofj,0,0,1,1
ahve,0,0,2,2
ahw,0,0,2,2
ahwjsghwfntbrqh,1,0,0,1
ahy,0,1,0,1
ai,25,97,81,203
aia,0,0,7,7
aiai,0,5,0,5
aiano,0,1,0,1
aibonito,0,0,2,2
aic,0,0,2,2
aicea,0,3,0,3
aici,0,2,0,2
aid,61,57,153,271
aide,0,0,8,8
aided,0,0,2,2
aiden,0,1,5,6
aider,1,1,1,3
aidera,0,0,1,1
aidhwndufbrmwidhfbrjsuxbfks,0,1,0,1
aiding,1,0,2,3
aids,38,74,58,170
aidy,0,2,3,5
aie,0,1,0,1
aiex,0,0,1,1
aight,3,16,8,27
aigoo,0,0,2,2
aigooo,0,1,0,1
aigth,0,0,1,1
aii,0,1,6,7
aiight,6,1,6,13
aiiiii,0,1,0,1
aiiiiisssh,0,0,1,1
aiiiit,1,0,0,1
aiiyl,1,0,1,2
aikae,0,1,0,1
aiko,4,6,17,27
ailan,0,1,0,1
aileen,1,0,0,1
aileron,3,0,1,4
ailerons,0,0,1,1
ailes,0,0,10,10
ailexpress,0,1,0,1
aill,1,0,1,2
ailleurs,0,2,0,2
ailment,0,0,6,6
ailments,0,0,13,13
ailoviuuuu,0,1,0,1
aim,16,29,117,162
aimbot,0,0,3,3
aimbots,0,2,0,2
aime,1,78,6,85
aimed,9,12,28,49
aimee,0,0,1,1
aiment,0,1,0,1
aimer,0,9,1,10
aimerais,0,0,1,1
aimerez,0,1,0,1
aimes,0,4,0,4
aiming,4,14,14,32
aimless,3,0,1,4
aimlessly,1,1,0,2
aimons,0,1,0,1
aims,1,0,9,10
ain,372,282,585,1239
aina,2,6,32,40
ainaaaa,0,0,1,1
aince,0,1,0,1
ainda,0,27,3,30
aino,0,1,0,1
ainot,1,0,0,1
ainsi,0,3,0,3
ainsleyy,0,1,0,1
ainslley,1,0,0,1
aint,119,95,193,407
aintanah,0,1,0,1
aintnocritics,0,1,0,1
aintz,1,0,0,1
aio,1,0,2,3
aiport,0,0,2,2
air,179,210,587,976
airbag,0,4,6,10
airbags,0,7,3,10
airbase,4,0,0,4
airbed,0,5,0,5
airbender,0,5,15,20
airbnb,1,0,0,1
airborne,3,1,2,6
airbport,0,6,0,6
airbrush,0,5,3,8
airbrushed,0,0,12,12
airbrushing,1,0,1,2
airbus,12,30,69,111
aircondtn,0,0,1,1
aircpump,0,0,1,1
aircraft,41,31,124,196
aircrafts,0,7,8,15
aircurrents,1,0,0,1
airdraft,0,2,0,2
airdrie,0,0,12,12
airdrop,0,5,1,6
aire,0,3,1,4
aired,8,0,40,48
aires,0,6,5,11
airfield,0,2,0,2
airflow,0,0,3,3
airfoils,1,0,0,1
airforce,0,7,9,16
airhead,5,0,6,11
airheads,4,2,0,6
airheart,3,0,0,3
airhorn,0,0,1,1
airhostess,0,2,0,2
airies,0,6,0,6
airin,0,0,3,3
airing,3,1,7,11
airline,7,4,4,15
airliner,0,0,8,8
airliners,0,5,8,13
airlines,4,15,24,43
airlock,1,1,0,2
airman,0,0,1,1
airmanship,0,0,4,4
airmax,0,1,0,1
airmen,1,0,0,1
airo,0,0,2,2
airplane,13,14,61,88
airplaned,0,1,0,1
airplanes,7,4,31,42
airplay,0,0,1,1
airpod,0,0,1,1
airpods,1,5,4,10
airport,28,54,151,233
airports,0,0,35,35
airpower,0,0,3,3
airs,8,11,17,36
airsoft,8,30,29,67
airsofting,0,6,7,13
airspace,0,2,2,4
airspun,0,0,16,16
airstrike,4,0,0,4
airstrip,0,0,2,2
airsupport,1,0,0,1
airtight,0,0,6,6
airtime,0,1,8,9
airtouch,0,6,0,6
airtraffic,1,0,0,1
airwaves,0,1,4,5
airway,1,0,0,1
airways,3,2,2,7
airwolf,0,0,3,3
airwrecka,1,0,0,1
airy,0,0,2,2
ais,0,26,13,39
aisa,5,0,0,5
aise,0,5,0,5
aish,0,0,1,1
aisha,0,1,2,3
aishwarya,2,2,0,4
aisian,0,1,0,1
aisle,0,4,11,15
aisles,4,0,1,5
aist,0,0,1,1
ait,0,1,1,2
aitch,0,3,0,3
aiutarci,0,1,0,1
aiye,0,0,4,4
aiyko,0,0,1,1
aizat,0,4,0,4
aiznoandod,0,1,0,1
aizus,0,1,0,1
aj,30,56,50,136
aja,0,8,2,10
ajahahahaha,0,2,0,2
ajaja,0,1,0,1
ajajaa,0,1,0,1
ajajajaj,0,2,0,2
ajajajajaja,0,1,0,1
ajajajajajajajajajajaja,0,4,0,4
ajajajjajaa,0,2,0,2
ajakfgksh,1,0,0,1
ajan,0,6,0,6
ajar,0,3,0,3
ajax,0,0,2,2
ajbcowjbvojef,0,1,0,1
ajcloset,0,0,1,1
ajdbjebdjaja,0,1,0,1
ajdhjdudbdhdhhffbdhshghduddbfdujabs,0,1,0,1
ajdxkajpaopsd,0,2,0,2
ajena,0,2,0,2
ajey,0,1,0,1
ajh,0,1,0,1
ajibola,0,1,0,1
ajit,0,2,4,6
ajjajjaa,0,1,0,1
ajkdksnsks,0,1,0,1
ajker,0,0,2,2
ajksdhbvkashjdahahahahaha,1,0,0,1
ajo,0,1,0,1
ajobber,0,1,0,1
ajoke,1,0,0,1
ajouter,0,1,0,1
ajr,0,3,0,3
ajs,0,3,0,3
ajshsjs,1,0,0,1
ajuda,0,3,1,4
ajudando,0,0,5,5
ajudar,0,1,0,1
ajude,0,1,0,1
ajudou,0,1,0,1
ajussi,0,1,0,1
ajusting,3,0,0,3
ajuventus,0,6,0,6
ak,9,25,32,66
aka,76,124,154,354
akad,0,3,0,3
akademia,0,0,1,1
akademiks,2,2,0,4
akakj,0,2,0,2
akala,0,0,4,4
akan,0,1,3,4
akana,12,9,2,23
akanfksnalfnfkf,0,1,0,1
akarmn,0,1,0,1
akb,0,0,2,2
akbar,4,31,2,37
akbarrrrrrrrrrrrrr,0,1,0,1
akcds,0,0,1,1
akcelerator,0,6,0,6
akcksmfd,4,0,0,4
ake,0,1,0,1
akee,0,1,0,1
akele,0,2,0,2
akeley,0,4,0,4
akelle,0,1,1,2
aker,0,0,1,1
akes,2,0,0,2
akg,1,0,2,3
akgs,0,0,1,1
akhirat,0,1,0,1
akhirnya,0,2,0,2
akhrnya,0,1,0,1
aki,0,6,1,7
akihabara,0,0,3,3
akilli,0,2,1,3
akin,6,0,16,22
akinde,0,0,3,3
akinfemwa,3,0,0,3
akinfengwa,0,3,0,3
akinfenwa,13,23,47,83
akinfenwas,0,3,0,3
akira,1,1,8,10
akkad,0,0,4,4
akkkk,0,1,0,1
akklaim,0,1,0,1
akl,0,3,2,5
aklll,0,0,2,2
akm,1,0,0,1
akma,0,4,0,4
akmu,0,1,2,3
akndiewuhfsabdzmx,0,0,1,1
aknenorminem,0,0,2,2
aknowledge,4,0,5,9
aknowledged,0,0,1,1
ako,1,21,11,33
akon,2,3,3,8
akong,0,1,0,1
akoy,0,1,0,1
akpom,0,4,4,8
akron,0,0,10,10
aks,0,2,2,4
aksjdjdjdkqdk,0,1,0,1
aksjsk,0,0,2,2
aktif,0,3,0,3
aktion,0,7,0,7
aktor,0,1,0,1
aktualnie,0,2,0,2
aktywna,0,1,0,1
aku,0,9,0,9
akuma,2,8,3,13
akun,2,0,0,2
akward,1,6,20,27
akwardly,1,0,0,1
akwete,1,0,0,1
akwjsj,0,1,0,1
akyroyd,2,0,0,2
akyurek,0,0,2,2
akzsqjkaajsdkdkds,0,0,1,1
al,102,642,214,958
ala,0,23,6,29
alaba,0,6,0,6
alababan,0,0,1,1
alabama,11,12,17,40
alacarte,0,1,0,1
aladden,0,1,0,1
aladdin,27,23,83,133
aladdins,0,1,0,1
aladdout,0,0,1,1
aladeen,0,1,0,1
aladen,0,0,1,1
aladin,13,4,16,33
aladins,1,0,0,1
aladn,0,0,1,1
alado,0,1,0,1
alaf,2,0,0,2
alah,0,4,0,4
alahu,0,6,0,6
alai,0,4,0,4
alaikum,0,0,2,2
alain,0,3,14,17
alaism,0,2,0,2
alaka,0,1,0,1
alakuim,0,0,8,8
alal,0,4,0,4
alalalalalala,1,0,0,1
alam,0,1,1,2
alamdulila,0,1,0,1
alameti,0,3,0,3
alamo,0,0,3,3
alan,34,25,94,153
alana,2,6,12,20
alanis,2,8,0,10
alanna,0,2,0,2
alanta,1,0,0,1
alante,0,2,2,4
alantis,0,1,0,1
alantutorial,0,2,0,2
alar,0,3,0,3
alarak,0,4,0,4
alarcon,0,0,1,1
alarm,41,23,71,135
alarmcall,0,1,0,1
alarmed,0,4,6,10
alarmen,0,1,0,1
alarming,4,1,2,7
alarms,3,4,11,18
alars,0,2,0,2
alas,28,0,18,46
alasan,0,0,1,1
alasdair,0,0,5,5
alaska,15,12,41,68
alaskan,3,2,6,11
alaso,0,0,1,1
alaw,0,4,0,4
alaways,6,0,0,6
alay,0,6,0,6
alaykumu,0,1,0,1
alayna,0,4,0,4
alb,0,1,0,1
alba,0,8,33,41
albalone,0,0,1,1
albania,1,0,11,12
albaniaan,0,1,0,1
albanian,0,4,13,17
albanianpride,0,1,0,1
albanians,1,3,1,5
albany,1,0,0,1
albarn,0,2,0,2
albas,0,0,1,1
albeit,8,5,13,26
albert,10,3,16,29
alberta,2,0,15,17
albertine,1,0,0,1
alberto,2,0,4,6
albertpike,0,0,3,3
albertsstuff,0,0,1,1
albi,0,0,1,1
albini,2,0,0,2
albinia,0,0,1,1
albino,2,4,1,7
albinos,0,0,1,1
albion,0,0,4,4
albitro,0,6,0,6
albo,0,4,0,4
alboe,0,11,6,17
albritos,0,3,0,3
albtraumfarbene,0,0,1,1
albulm,0,0,2,2
album,310,447,2094,2851
albumb,0,0,1,1
albumflashing,0,0,2,2
albumforeverydislikes,0,0,1,1
albummmm,0,1,0,1
albummmmm,0,4,1,5
albummmmmmmmmmmmmm,0,0,1,1
albummode,0,5,0,5
albums,32,27,216,275
albuquerque,4,0,4,8
albus,0,0,8,8
alc,0,1,0,1
alcacer,0,4,0,4
alcak,0,2,0,2
alcalde,0,3,0,3
alcance,0,4,0,4
alcanzar,0,1,0,1
alcatel,3,7,6,16
alcatraz,0,0,8,8
alcer,0,3,0,3
alchemical,0,1,0,1
alchemist,3,5,18,26
alchemists,0,0,5,5
alchemy,4,4,14,22
alchimists,0,0,1,1
alchohol,0,0,4,4
alckdijgjjeigiogkgk,0,1,0,1
alcmene,0,0,1,1
alcoh,0,4,0,4
alcohol,217,38,401,656
alcoholic,47,1,45,93
alcoholica,1,0,0,1
alcoholics,2,0,20,22
alcoholism,9,1,26,36
alcohols,1,0,0,1
alcone,2,0,6,8
alcool,3,0,0,3
ald,0,6,2,8
aldbsjxb,1,0,0,1
aldean,8,16,13,37
aldena,0,0,5,5
aldeon,0,2,0,2
alderman,0,0,4,4
aldershot,6,0,0,6
aldi,6,1,4,11
aldin,0,0,2,2
aldjaldjd,0,0,1,1
aldjshjsksa,0,0,1,1
aldn,0,0,3,3
aldo,3,0,5,8
aldous,0,0,1,1
aldrich,2,0,0,2
aldritch,1,0,0,1
aldultry,1,0,0,1
ale,4,61,4,69
aleady,0,0,3,3
aleah,0,0,1,1
alebrijes,0,1,0,1
alec,29,14,53,96
alecia,0,6,2,8
alecs,0,0,1,1
aledegly,0,0,1,1
aleeady,1,0,0,1
aleeert,0,1,0,1
aleeki,0,0,5,5
aleesia,0,0,7,7
alegaciones,0,1,0,1
alegr,0,23,5,28
alegra,0,11,0,11
alegram,0,4,0,4
alegrar,0,4,0,4
alegre,0,3,0,3
alegria,0,12,2,14
alegrias,0,2,0,2
alegro,0,5,2,7
alehandro,0,1,0,1
alein,2,0,0,2
aleisha,0,2,0,2
aleister,1,0,0,1
alejandaro,0,1,0,1
alejandra,0,1,2,3
alejandro,0,8,7,15
alek,1,0,0,1
aleksey,0,3,0,3
alekx,0,0,1,1
aleluya,0,1,0,1
aleluyaaaa,1,0,0,1
aleluyaaaaaaa,1,0,0,1
alem,0,2,0,2
alemcy,0,0,1,1
alentar,0,6,0,6
aleo,0,1,0,1
alep,0,3,0,3
alergenem,0,0,2,2
alergic,0,0,2,2
alergiczk,0,0,1,1
alert,36,70,102,208
alerta,0,5,0,5
alerted,7,0,5,12
alerting,3,0,0,3
alerts,0,8,5,13
alerttt,0,0,2,2
ales,1,0,0,1
alesa,17,5,2,24
alesana,0,0,1,1
alesha,0,8,15,23
alesia,0,1,12,13
alessa,0,1,8,9
alessandro,1,1,4,6
alessia,47,86,429,562
alessias,5,4,7,16
alessio,0,0,5,5
alesso,0,8,7,15
alestorm,8,11,1,20
alet,0,0,1,1
aleti,0,2,0,2
aleve,0,0,6,6
alex,119,316,440,875
alexa,9,40,75,124
alexander,2,33,75,110
alexandra,9,30,197,236
alexandras,0,0,3,3
alexandria,8,22,16,46
alexapure,0,5,0,5
alexas,0,0,5,5
alexgodunlce,0,0,2,2
alexie,0,4,7,11
alexievich,0,0,2,2
alexis,21,73,72,166
alexissss,2,0,0,2
alexithymia,1,0,0,1
alexix,0,2,0,2
alexlacamoire,0,0,1,1
alexstrasza,0,3,0,3
alexwassabi,0,0,1,1
alexxx,0,1,0,1
aleyk,0,1,0,1
aleykum,0,0,3,3
aleyna,0,19,0,19
alf,5,9,34,48
alfajores,0,1,0,1
alfalfa,1,5,2,8
alfe,2,0,0,2
alffffff,0,0,2,2
alfghanstan,0,0,3,3
alfie,31,184,535,750
alfiee,0,0,2,2
alfieee,0,5,2,7
alfieeee,0,0,6,6
alfieeeeee,0,2,0,2
alfieeesss,0,2,0,2
alfiejohn,0,2,0,2
alfiem,0,1,0,1
alfies,0,5,10,15
alfinators,0,0,1,1
alfonso,0,1,4,5
alfred,1,2,11,14
alfredo,0,10,1,11
alfreds,0,1,0,1
alfrente,0,1,0,1
alg,0,15,5,20
algae,4,1,5,10
algas,0,6,0,6
algebra,6,3,12,21
algebraic,1,0,1,2
algebryan,0,2,0,2
algeria,2,5,21,28
algerian,0,1,1,2
algernon,0,5,0,5
algiers,5,0,0,5
algo,5,86,4,95
algoal,0,4,0,4
algorey,0,1,0,1
algorhythm,0,0,1,1
algorithm,19,22,61,102
algorithme,1,0,0,1
algorithmically,1,0,0,1
algorithms,3,4,22,29
algorithym,0,0,1,1
algu,0,13,0,13
alguem,0,9,0,9
alguien,0,95,7,102
algum,0,13,0,13
alguma,0,5,0,5
algun,0,12,0,12
alguna,0,22,1,23
algunas,1,6,0,7
alguno,0,2,0,2
algunos,2,13,1,16
alguns,0,1,0,1
algy,0,1,0,1
alhambra,0,2,1,3
alhamdulallah,0,2,0,2
alhamduliah,1,0,0,1
alhamdulilah,0,1,0,1
alhamdulillah,12,12,1,25
alhamdullilah,0,2,0,2
alhumdulilah,0,0,5,5
ali,8,50,58,116
alian,0,1,0,1
alians,0,3,1,4
alias,0,6,7,13
aliases,0,0,1,1
aliasing,0,0,2,2
alibaba,0,7,5,12
alibi,0,2,1,3
alibreje,0,0,5,5
alicaaa,0,4,0,4
alice,26,51,95,172
alicia,20,24,41,85
alicorn,0,1,0,1
alicw,0,5,0,5
alien,309,3,141,453
alienate,0,0,8,8
alienated,0,1,13,14
alienates,0,0,1,1
alienating,10,0,7,17
alienation,0,0,6,6
aliens,90,84,137,311
aliensssss,0,1,0,1
alienware,1,0,0,1
aliexpress,1,15,15,31
aliexpresssssssss,0,1,0,1
alife,0,5,4,9
alifie,0,0,1,1
alight,8,5,4,17
align,8,0,21,29
aligned,9,1,24,34
aligner,0,0,5,5
aligning,1,1,2,4
alignment,7,3,7,17
alignments,0,0,1,1
aligns,0,0,5,5
aligory,0,1,0,1
aliiiive,0,1,0,1
alijah,1,0,0,1
alike,27,36,109,172
alikes,0,3,1,4
alikum,0,0,1,1
alimentaires,2,0,0,2
alimentar,0,0,1,1
alimentation,1,0,0,1
alimentem,0,1,0,1
alimony,0,2,8,10
aline,0,0,5,5
alion,0,0,3,3
aliona,0,0,1,1
alip,0,1,0,1
alipalabiyik,0,1,0,1
alirsiniz,0,1,0,1
alis,0,1,5,6
alisa,3,0,1,4
alish,0,1,1,2
alisha,3,37,42,82
alishaa,0,0,1,1
alishaaa,0,1,0,1
alishaaaa,0,0,1,1
alishamarie,0,1,2,3
alishas,0,0,2,2
alison,1,0,15,16
alissa,2,23,35,60
alissia,0,1,2,3
alisson,0,1,0,1
alisssssssa,0,0,3,3
alistair,0,0,9,9
alita,0,1,0,1
alithih,0,2,0,2
alittle,2,6,10,18
ality,0,0,4,4
alive,159,6,900,1065
aliveee,0,0,1,1
alix,39,10,80,129
alixis,0,0,3,3
aliya,0,1,0,1
aliyoruz,0,1,0,1
aliz,0,1,0,1
aliza,0,2,0,2
alizee,0,1,1,2
aljaazera,5,0,0,5
aljaz,0,0,10,10
aljazeera,1,0,0,1
alk,0,3,0,3
alkabackanapatackah,1,0,0,1
alkali,0,0,3,3
alkaline,1,0,0,1
alkalize,0,0,1,1
alkalized,0,0,1,1
alkbaur,2,0,0,2
alkehestry,0,0,1,1
alksdjlasjd,0,0,5,5
alksksksjsnazm,0,2,0,2
all,10247,7283,28777,46307
alla,1,32,12,45
allabest,0,0,1,1
alladdin,1,0,0,1
alladin,0,4,12,16
allah,24,54,189,267
allahhhhhhh,0,1,0,1
allahu,1,10,1,12
allahuakbar,0,2,0,2
allahuma,0,0,4,4
allait,0,1,0,1
allalsksdjjd,0,1,0,1
allan,2,7,4,13
allana,0,0,9,9
allard,1,0,0,1
allardyce,8,0,0,8
allat,1,0,0,1
allau,2,0,0,2
allbad,1,0,0,1
alle,0,11,10,21
allebei,0,1,0,1
alledges,1,0,0,1
alleen,0,3,1,4
allegation,1,0,1,2
allegations,25,7,27,59
alleged,21,0,27,48
allegedly,11,0,15,26
alleges,1,0,0,1
allegiance,6,1,7,14
allegorical,0,0,13,13
allegories,1,0,10,11
allegorism,0,0,2,2
allegory,20,7,28,55
allegra,1,0,0,1
allegri,0,0,1,1
allegro,0,6,4,10
alleine,0,3,0,3
alleles,4,0,0,4
allemaal,0,2,0,2
allen,48,69,114,231
allens,0,2,0,2
allentown,0,1,1,2
aller,0,20,0,20
allerbeste,0,1,0,1
allergic,31,61,99,191
allergict,0,2,0,2
allergictopenicillin,0,1,0,1
allergies,14,5,42,61
allergrootste,0,0,1,1
allergy,3,7,24,34
alles,0,21,1,22
allesia,4,0,4,8
allesias,2,0,0,2
allessia,0,7,1,8
alleviate,2,1,6,9
alley,18,7,50,75
alleyway,1,0,0,1
alleyways,1,0,0,1
allez,4,26,25,55
allffiiee,0,2,0,2
allha,0,1,0,1
allhamdulilah,0,2,0,2
alli,5,2,10,17
alliance,9,0,16,25
alliances,0,0,2,2
allice,0,0,4,4
allie,0,2,14,16
allied,1,1,1,3
allien,0,4,0,4
allies,13,0,42,55
alligate,1,0,0,1
alligator,9,19,7,35
alligators,0,5,4,9
allign,1,0,2,3
allisa,4,0,0,4
allison,2,3,3,8
alliterate,0,0,1,1
alliteration,0,0,16,16
alliterative,0,1,0,1
allkill,0,0,1,1
alll,0,9,19,28
alllday,0,0,3,3
alllivesmatter,0,2,0,2
allll,1,4,7,12
alllll,2,20,13,35
alllllfffffiiiiieeee,0,0,1,1
allllll,2,0,10,12
alllllll,7,4,1,12
alllllllll,0,0,2,2
allllllllll,0,0,2,2
alllllllllll,6,0,0,6
allllllllllll,1,0,0,1
allllllways,0,0,2,2
alllllwaaays,0,0,3,3
alllllyyyyyy,0,1,0,1
allllssss,0,0,2,2
allllways,0,0,1,1
alllright,0,0,1,1
allly,0,1,0,1
allman,0,3,1,4
allmen,0,0,3,3
allmighty,3,0,0,3
allmost,0,0,9,9
allmy,0,0,5,5
allnaturesgift,0,0,1,1
allo,0,3,0,3
allocated,0,0,4,4
allocation,0,0,1,1
allofit,0,1,0,1
allogoric,0,0,2,2
allora,0,2,0,2
allosserie,0,1,0,1
allot,20,6,16,42
allotted,5,0,1,6
allover,1,1,3,5
allow,84,50,294,428
allowance,4,0,0,4
allowd,0,0,1,1
allowed,164,108,419,691
allowing,37,0,96,133
allows,20,14,117,151
alloy,0,6,7,13
alloys,0,0,3,3
allrdy,0,0,3,3
allreaddyyyy,0,1,0,1
allready,4,8,16,28
allred,0,3,0,3
allredy,0,7,2,9
allright,2,0,1,3
alls,6,3,22,31
allsl,3,0,0,3
allsongmanogkuma,0,1,0,1
allspark,0,0,1,1
allspice,2,0,1,3
allt,0,1,0,1
alltel,0,4,0,4
alltheway,1,0,0,1
alltime,0,0,4,4
alltogether,6,0,1,7
alltoppings,0,1,0,1
alltta,1,4,0,5
allu,0,1,0,1
allucinante,5,0,0,5
alludes,1,0,5,6
alluding,0,0,2,2
alluminium,0,0,1,1
allura,0,3,0,3
allure,0,0,2,2
allures,0,1,3,4
alluring,1,4,2,7
alluringly,0,1,0,1
allusion,0,0,6,6
allusions,1,0,1,2
allwas,0,0,1,1
allways,4,1,14,19
allwomenarewhores,0,2,0,2
allxx,0,7,0,7
ally,29,54,84,167
allyfuckingbrookefuckinghernsndezjustfuckingcursedholyfuck,0,1,0,1
allymaibell,0,3,0,3
allys,0,0,2,2
allysin,0,4,0,4
allysinned,0,1,0,1
allyson,0,0,1,1
allysus,1,0,0,1
allysusisdead,0,0,2,2
allyyyyy,0,1,0,1
allz,0,0,5,5
alm,0,2,0,2
alma,0,49,3,52
almaaaaaaaaaaaaaaa,0,1,0,1
almad,0,1,0,1
almagamation,1,0,0,1
alman,0,1,0,1
almanyada,0,1,0,1
almay,0,0,2,2
almbum,0,0,1,1
almeno,0,9,1,10
almenos,1,1,0,2
almheiri,0,0,1,1
almight,2,0,0,2
almighty,29,19,51,99
almira,0,0,4,4
almohadas,0,8,0,8
almond,9,19,45,73
almonde,0,0,4,4
almonds,4,9,13,26
almoned,0,1,0,1
almost,727,589,1987,3303
almosted,0,5,0,5
almostlikepraying,0,0,1,1
alms,0,0,1,1
almsot,0,1,3,4
almuerzo,0,1,0,1
alo,5,5,2,12
alodia,11,28,56,95
alodiwil,0,2,0,2
alodya,1,0,0,1
aloe,0,17,16,33
aloevera,0,3,0,3
alog,0,0,1,1
alogan,0,0,1,1
aloha,2,15,7,24
aloja,0,1,0,1
alok,0,1,0,1
alola,0,1,0,1
alolan,0,8,8,16
alomae,0,4,0,4
alomst,1,0,0,1
alon,1,0,0,1
alone,421,284,1138,1843
aloned,2,0,0,2
alonennn,1,0,0,1
alones,0,0,1,1
alonevideo,0,3,0,3
along,200,151,786,1137
alonge,0,1,0,1
alongside,8,4,42,54
alonnnnnnnne,0,1,0,1
alonso,3,25,49,77
alooonee,1,0,0,1
aloooooone,0,0,1,1
alopecia,6,0,3,9
alorka,0,0,2,2
alors,7,14,3,24
alos,0,1,0,1
alot,159,114,498,771
alote,0,3,0,3
alotof,0,0,1,1
alots,0,0,3,3
alott,0,0,2,2
alotta,0,5,4,9
alotttt,0,0,5,5
aloud,18,9,27,54
alouminion,0,0,1,1
alow,0,0,1,1
alowed,1,2,1,4
alp,0,0,8,8
alpaca,4,2,9,15
alpacas,0,1,2,3
alpalalalapssp,0,2,0,2
alpena,0,0,2,2
alper,0,4,0,4
alpha,34,14,34,82
alphabet,16,21,9,46
alphabeth,0,2,0,2
alphabetical,0,2,2,4
alphabetise,0,0,5,5
alphabets,0,0,1,1
alphabetsmeeeert,0,5,0,5
alphago,0,0,3,3
alphalete,0,3,0,3
alphas,1,0,0,1
alphaville,0,1,3,4
alpheidae,0,0,4,4
alphi,0,0,5,5
alphie,0,0,4,4
alphonse,0,0,1,1
alpine,0,0,8,8
alpiniste,0,0,1,1
alprazolam,0,0,1,1
alpro,0,1,2,3
alps,0,27,4,31
alquran,0,0,1,1
alr,0,4,2,6
alrady,0,0,1,1
alrdy,2,0,0,2
alreadhy,0,0,4,4
already,1009,1134,3143,5286
alreadylovingit,0,2,0,2
alreadyy,0,4,0,4
alreadyyyy,0,1,0,1
alrededor,0,5,3,8
alredy,0,1,5,6
alrigh,0,2,0,2
alright,94,170,279,543
alrightttttttt,0,0,3,3
alrighty,5,0,3,8
alrington,1,0,0,1
alrrr,0,1,0,1
als,7,65,37,109
alsalamu,0,0,8,8
alsays,0,4,0,4
alse,0,0,1,1
alsessia,0,0,2,2
alshon,1,0,0,1
alsian,0,0,1,1
alsin,0,2,0,2
alsjeblieft,0,1,2,3
alsndodnwkdnsosks,0,0,1,1
also,2070,1253,9244,12567
alsoa,1,0,0,1
alsoloyal,0,0,2,2
alsoo,0,0,2,2
alsooo,0,0,1,1
alsoooo,0,0,5,5
alsow,0,0,1,1
alstonville,0,0,7,7
alt,44,10,48,102
alta,0,4,11,15
altas,0,1,4,5
altectico,0,1,0,1
altenator,0,0,1,1
alter,14,4,42,60
alteration,0,1,2,3
alterations,1,2,17,20
altercation,5,0,5,10
altered,14,9,18,41
altering,5,1,15,21
alternate,16,7,37,60
alternated,0,0,5,5
alternately,0,0,1,1
alternating,0,0,10,10
alternation,2,0,0,2
alternative,29,20,175,224
alternativefacts,0,2,0,2
alternatively,0,1,4,5
alternatives,7,1,33,41
alternativo,0,2,0,2
alters,2,3,4,9
altevogt,0,1,0,1
altho,0,0,11,11
althoug,0,0,4,4
although,182,24,604,810
althought,0,0,1,1
althrough,0,0,1,1
althth,0,2,0,2
althype,1,0,0,1
altijd,0,17,9,26
altimeter,0,0,2,2
altitude,8,0,32,40
altitudes,0,0,1,1
altmann,1,0,0,1
alto,11,29,5,45
altogether,23,9,47,79
altoids,0,1,0,1
alton,0,5,3,8
altos,0,1,0,1
altough,0,0,2,2
altr,0,0,1,1
altre,1,1,1,3
altri,0,0,3,3
altright,0,4,0,4
altro,0,5,0,5
altruism,2,0,0,2
altruistic,0,3,0,3
altrusitic,0,0,1,1
altura,0,10,1,11
altyaz,0,5,1,6
alubums,0,1,0,1
alucard,2,2,1,5
aludoss,0,0,1,1
alujic,0,2,0,2
alukan,0,0,1,1
aluko,12,0,5,17
alum,0,1,0,1
aluminati,1,1,1,3
aluminiowa,0,1,0,1
aluminium,4,10,3,17
aluminum,12,8,22,42
alumni,0,0,3,3
alumnos,0,2,0,2
aluna,0,3,2,5
alunageorge,0,3,1,4
alur,0,1,0,1
alus,0,3,0,3
alusi,0,1,0,1
alute,0,0,1,1
alv,0,11,0,11
alvares,0,0,3,3
alvarez,1,0,4,5
alvaro,3,0,8,11
alvast,0,3,1,4
alves,0,3,14,17
alvin,2,4,0,6
alvvays,0,1,4,5
alway,1,1,20,22
alwayes,0,0,2,2
always,2183,1881,10075,14139
alwaysblue,0,2,0,2
alwayse,0,0,3,3
alwaysremember,3,0,0,3
alwaysss,1,1,0,2
alwayssss,0,0,1,1
alwaysssss,0,0,1,1
alwayssssssss,0,1,0,1
alwayyys,4,0,0,4
alwayz,0,0,3,3
alwsys,0,0,3,3
alwwys,0,0,4,4
alwy,0,1,0,1
alwyn,0,1,1,2
alwys,5,1,0,6
aly,0,3,1,4
alya,0,0,7,7
alyaz,0,1,0,1
alyssa,2,11,5,18
alyster,1,0,0,1
alza,0,0,1,1
alzarmi,0,4,0,4
alzheimer,13,16,13,42
alzheimers,0,0,5,5
am,2635,2755,8691,14081
ama,3,42,23,68
amaaaaaaaaaaaaaaazing,0,0,1,1
amaaaaaaaaaaazing,0,1,0,1
amaaaaaaaaazing,0,1,0,1
amaaaaaaazin,0,0,5,5
amaaaaaaazing,0,6,1,7
amaaaaaazing,0,2,1,3
amaaaaazing,0,1,3,4
amaaaaazingggggg,0,2,0,2
amaaaazing,0,4,4,8
amaaaazinggggg,3,0,0,3
amaaaazinnnng,0,2,0,2
amaaazing,0,4,9,13
amaaazziinnggg,0,0,5,5
amaaazzingg,0,8,0,8
amaaazzzinngg,0,4,0,4
amaayzin,0,0,5,5
amaazing,0,4,2,6
amaazzing,0,0,1,1
amaazzziiiinnnng,0,1,0,1
amaazzzzzing,0,1,0,1
amaba,0,2,0,2
amac,0,1,0,1
amada,0,3,0,3
amado,0,6,0,6
amadurecer,0,1,0,1
amaging,0,2,0,2
amahhhhzinngggggg,2,0,0,2
amahlah,0,4,0,4
amahnama,0,0,3,3
amais,0,1,0,1
amaiziiiiing,0,1,0,1
amaizing,0,16,11,27
amaizkng,0,2,0,2
amala,3,15,9,27
amalah,4,33,47,84
amaleh,0,6,0,6
amalek,0,1,0,1
amalfi,0,0,1,1
amalgam,5,0,2,7
amalgama,0,0,2,2
amalgamation,1,0,2,3
amam,0,1,0,1
amama,0,2,0,2
amamart,0,1,0,1
amamos,0,23,3,26
aman,0,15,4,19
amanacer,0,0,1,1
amand,0,1,0,1
amanda,48,28,56,132
amande,0,2,0,2
amanece,0,1,0,1
amanecer,0,2,0,2
amann,0,11,0,11
amante,0,1,0,1
amantes,0,3,0,3
amanzing,0,2,0,2
amar,0,12,0,12
amara,4,8,24,36
amare,0,1,4,5
amareee,0,1,0,1
amaremos,0,1,0,1
amargados,0,3,0,3
amari,3,4,4,11
amaricain,0,1,0,1
amarican,0,0,3,3
amarilla,0,3,0,3
amarillo,0,0,1,1
amarlos,0,0,1,1
amarte,0,1,0,1
amas,0,2,5,7
amasin,0,1,0,1
amasing,0,3,3,6
amasingg,0,0,1,1
amass,5,0,6,11
amassage,0,0,6,6
amassed,0,0,3,3
amassing,0,0,7,7
amastan,0,0,1,1
amat,0,5,0,5
amateaur,0,0,1,1
amateur,31,0,41,72
amateurish,6,0,2,8
amateurism,0,5,0,5
amateurs,1,6,3,10
amating,0,6,0,6
amatriciana,0,0,6,6
amature,0,1,0,1
amatures,0,0,2,2
amava,0,1,0,1
amaxing,0,0,1,1
amaxinng,0,1,0,1
amaya,0,2,0,2
amaysing,0,0,1,1
amaz,0,4,2,6
amaza,0,0,3,3
amazarashi,0,1,0,1
amazayn,0,2,1,3
amazazinggg,0,0,1,1
amazballs,0,6,0,6
amaze,7,52,105,164
amazeball,0,0,8,8
amazeballs,1,4,17,22
amazeballz,0,0,1,1
amazeballzzzzz,0,1,0,1
amazed,29,20,127,176
amazeeeeee,0,0,1,1
amazeing,0,2,0,2
amazement,5,0,5,10
amazes,3,14,19,36
amazhang,0,1,0,1
amazi,0,1,0,1
amazig,0,4,0,4
amaziiiiiing,0,0,2,2
amaziiiing,0,1,0,1
amaziiing,0,0,1,1
amaziing,0,2,0,2
amaziingg,0,0,3,3
amaziinng,0,1,0,1
amaziinnnggg,1,0,1,2
amazimg,0,6,1,7
amazin,0,20,12,32
amazinf,0,1,1,2
amazing,308,8,16580,16896
amazingg,0,4,2,6
amazinggg,4,10,8,22
amazingggg,0,21,16,37
amazinggggg,0,12,1,13
amazingggggg,0,6,7,13
amazinggggggg,0,6,4,10
amazingggggggg,0,1,0,1
amazinggggggggg,0,0,1,1
amazingggggggggg,0,8,0,8
amazinggggggggggg,0,1,0,1
amazingggggggggggggg,0,1,0,1
amazinggggggggggggggg,0,1,0,1
amazingi,0,0,1,1
amazingly,19,0,166,185
amazingness,0,5,5,10
amazingphil,1,0,5,6
amazinng,0,0,1,1
amazinnggg,0,1,0,1
amazinnng,0,2,0,2
amazinnnnng,0,1,0,1
amazion,0,2,0,2
amazn,0,1,0,1
amaznig,0,1,0,1
amazon,94,181,426,701
amazonian,1,0,1,2
amazonians,1,3,6,10
amazonies,0,0,1,1
amazons,1,2,2,5
amazying,1,0,0,1
amazziiiiiing,0,1,0,1
amazzzing,0,0,1,1
amazzzizzzing,0,5,0,5
amazzzz,0,2,0,2
amazzzzing,0,3,0,3
amazzzzzing,0,1,0,1
amazzzzzinnnnggg,0,0,1,1
amazzzzzzzzzzzzing,0,0,1,1
amazzzzzzzzzzzzzzzziiiiiiiiiiiiiiiiiiiiiiiiiiiiiiiiiiiiiiiiiiiiiiiiiiiiiiiggggggggggggggggg,0,0,4,4
amazzzzzzzzzzzzzzzzzing,0,1,0,1
amazzzzzzzzzzzzzzzzzzzzzing,0,1,0,1
ambalamps,0,1,0,1
ambas,0,2,0,2
ambasador,0,1,0,1
ambassador,1,0,15,16
ambassadors,5,3,14,22
ambe,0,0,1,1
ambeeerrrrrrrr,0,1,0,1
amber,60,141,484,685
ambercraprules,1,0,0,1
amberesh,0,6,0,6
amberpepe,0,0,3,3
amberrrr,0,0,1,1
amberrrrrrrrrr,0,0,1,1
ambers,0,1,4,5
ambidextrious,0,0,3,3
ambidextrous,0,10,5,15
ambien,0,0,1,1
ambience,6,0,9,15
ambient,1,11,12,24
ambientalize,0,0,2,2
ambiente,0,4,0,4
ambiguity,7,3,3,13
ambiguous,1,4,15,20
ambique,0,1,0,1
ambition,4,11,16,31
ambitions,4,0,2,6
ambitious,6,0,26,32
ambitny,0,7,0,7
ambiton,0,1,0,1
ambivalent,0,0,7,7
ambivilant,0,1,0,1
amboozed,0,1,0,1
ambos,0,4,0,4
ambra,0,4,0,4
ambrose,0,12,0,12
ambs,0,1,2,3
ambulance,4,8,8,20
ambulances,1,0,0,1
ambush,1,4,1,6
ambushed,0,1,8,9
ambushing,0,0,1,1
amc,2,2,8,12
amcbeauty,0,1,0,1
amcik,0,1,0,1
amd,15,4,29,48
amdreas,1,0,0,1
ame,1,21,11,33
amedoula,0,1,0,1
amee,0,1,0,1
ameeeeeeei,0,1,0,1
ameeeeeeiiiiii,0,1,0,1
ameeeei,0,2,0,2
ameeeeiii,0,1,0,1
ameeeii,0,1,0,1
ameeican,2,0,0,2
ameen,0,1,12,13
amei,0,37,10,47
ameii,0,7,0,7
ameiii,0,6,0,6
ameiiii,0,1,0,1
ameiiiiii,0,1,0,1
ameiiuu,0,1,0,1
ameila,0,0,2,2
ameizem,0,1,0,1
ameizing,0,1,0,1
amel,0,0,3,3
ameleah,0,0,1,1
amelia,24,42,342,408
ameliaaaaa,0,0,2,2
amelias,0,0,5,5
amelie,0,13,23,36
amem,0,1,0,1
amen,9,71,122,202
amenable,0,0,1,1
amend,0,0,4,4
amenda,0,3,0,3
amendement,0,0,5,5
amendment,45,13,98,156
amendments,1,1,8,10
amends,1,0,4,5
amenities,0,0,2,2
ameobi,0,6,0,6
ameowzing,0,1,0,1
amer,0,0,1,1
amercia,0,0,1,1
amercian,0,0,1,1
america,633,431,1381,2445
americaaaa,0,0,1,1
americafrindian,3,0,0,3
americafuckyeah,1,0,0,1
americahomeofthecoward,0,0,1,1
americain,2,1,1,4
american,627,402,1416,2445
americana,0,1,7,8
americanas,0,1,0,1
americanbravo,0,0,1,1
americanel,0,1,0,1
americanhorrorstory,0,0,1,1
americanised,2,0,0,2
americanized,1,1,14,16
americanlawoftheland,0,0,1,1
americano,0,3,1,4
americanos,0,3,0,3
americans,362,105,541,1008
americas,5,15,40,60
americo,0,1,0,1
americone,0,0,5,5
americunt,0,1,0,1
americunts,8,0,0,8
amerie,0,0,4,4
amerifag,1,0,0,1
amerifaggots,3,0,0,3
amerigo,0,0,4,4
amerikanen,0,1,0,1
amerikes,0,1,0,1
amerikka,0,0,3,3
amerikkka,6,5,0,11
ameritards,0,0,1,1
ameritrade,0,0,1,1
ameruk,1,0,0,1
ameryka,0,1,0,1
amestran,0,2,0,2
amestrian,0,0,2,2
amestris,0,0,1,1
amethyst,0,0,6,6
amex,2,0,0,2
ameya,0,0,1,1
ameyzingg,0,1,0,1
amezing,0,2,9,11
amfo,6,0,3,9
amg,0,3,2,5
ami,4,11,23,38
amibos,3,0,0,3
amicable,0,0,1,1
amicably,2,0,0,2
amiclubwear,0,1,2,3
amico,0,1,0,1
amid,0,0,7,7
amidala,0,0,1,1
amidst,1,3,3,7
amidze,0,6,6,12
amiga,0,7,14,21
amigaaaaaaaaaaaaaaaaa,0,3,0,3
amigas,0,3,0,3
amigis,0,1,0,1
amigo,3,28,9,40
amigos,3,17,4,24
amiibo,3,0,1,4
amiibos,0,7,0,7
amik,0,1,0,1
amilia,0,0,2,2
amillion,0,0,5,5
amily,0,0,1,1
amin,5,7,12,24
amina,0,0,1,1
amine,11,24,25,60
aminealami,0,1,0,1
amingo,3,0,0,3
amino,1,0,5,6
aminomegudto,0,1,0,1
aminos,0,0,2,2
amir,1,18,6,25
amireca,0,2,0,2
amired,0,0,2,2
amiright,1,8,2,11
amirite,5,3,14,22
amis,0,0,4,4
amish,4,2,6,12
amiss,0,0,2,2
amistades,0,0,1,1
amity,0,4,1,5
amityville,0,1,0,1
amixes,0,1,0,1
amiyah,0,1,0,1
amizade,0,1,0,1
amizigh,5,0,0,5
amizing,0,1,1,2
amizon,0,1,0,1
amizons,1,0,0,1
amk,0,40,2,42
amkeup,0,0,3,3
amm,0,1,5,6
amma,0,1,0,1
ammater,0,4,0,4
ammazing,0,2,0,2
ammazzzing,0,0,3,3
ammendment,3,0,0,3
ammettete,0,0,1,1
ammirite,3,0,0,3
ammmaazzzinngggg,0,0,1,1
ammmazing,0,0,5,5
ammmazzing,0,6,0,6
ammmmaaaaziiinnnnggg,0,2,0,2
ammmmaaazzziiinnnggggg,0,1,0,1
ammmmmazing,0,0,3,3
ammmmmmmm,1,0,0,1
ammo,16,16,29,61
ammonia,0,1,5,6
ammount,1,0,8,9
ammout,0,1,0,1
ammunation,0,3,0,3
ammunition,4,3,23,30
amnche,2,0,0,2
amnesia,6,8,1,15
amnesiac,0,0,2,2
amnesty,13,2,0,15
amniotic,1,0,1,2
amny,0,0,7,7
amo,6,452,69,527
amob,0,1,0,1
amoeba,0,4,0,4
amoebiasis,0,1,0,1
amold,0,0,1,1
amoled,0,8,11,19
among,50,28,167,245
amongst,16,6,63,85
amoo,0,14,0,14
amooo,0,25,1,26
amoooo,0,23,0,23
amooooo,0,13,5,18
amoooooo,0,6,2,8
amooooooo,0,3,1,4
amoooooooo,0,13,0,13
amooooooooooo,0,1,0,1
amoooooooooooo,0,1,0,1
amooooooooooooooooooo,0,1,0,1
amoooooooooooooooooooo,0,1,0,1
amooooooooooooooooooooo,0,4,0,4
amooooooooooooooooooooooooooooooooo,0,1,0,1
amooooooooooooooooooooooooooooooooooooooooooooooo,0,1,0,1
amoooooor,0,1,0,1
amoooooorrrr,0,1,0,1
amooor,0,2,4,6
amor,6,102,25,133
amoral,0,1,1,2
amorcito,0,1,0,1
amore,16,19,8,43
amoreee,0,1,0,1
amoreeeees,0,1,0,1
amores,0,8,2,10
amorgos,0,0,1,1
amorphous,2,0,3,5
amorsitos,0,1,0,1
amortisation,1,0,0,1
amorzinhos,0,3,0,3
amos,0,18,13,31
amosc,0,6,0,6
amosphier,0,0,1,1
amount,248,122,718,1088
amounted,2,0,4,6
amounts,19,8,78,105
amour,6,9,2,17
amoureuse,0,1,1,2
amout,2,0,1,3
amozan,0,1,0,1
amp,2,3,42,47
ampe,0,2,0,2
amped,9,4,15,28
ampelopsis,0,1,0,1
amper,2,0,0,2
amperage,0,1,2,3
amperes,0,0,2,2
ampex,0,0,2,2
amphetamines,0,4,0,4
amphibian,0,0,1,1
amphibians,0,0,1,1
amphibious,0,0,1,1
amphitheater,0,0,1,1
amphotercin,0,0,1,1
ampi,0,3,0,3
amping,1,0,0,1
ampionlar,0,1,0,1
ampiyonlar,0,0,1,1
ample,0,0,4,4
amplfier,0,0,2,2
amplification,0,0,3,3
amplified,0,0,12,12
amplifier,0,1,3,4
amplifies,0,0,2,2
amplify,0,0,3,3
amplifying,0,0,1,1
amplitude,1,0,4,5
amplitutde,1,0,0,1
ampon,0,1,0,1
amps,1,3,12,16
amputate,0,0,3,3
amputee,0,7,5,12
amq,0,6,0,6
amqzing,0,0,1,1
amrican,0,0,1,1
amrit,0,7,0,7
amrite,0,0,4,4
amrys,0,0,1,1
amsome,0,1,0,1
amsp,0,0,2,2
amsr,0,2,2,4
amsterdam,1,16,34,51
amstwa,0,1,0,1
amtes,0,1,0,1
amtrak,0,0,2,2
amu,0,1,0,1
amuck,0,3,0,3
amund,1,0,0,1
amurla,0,1,0,1
amurri,0,0,1,1
amurun,0,1,0,1
amusant,0,0,1,1
amuse,2,0,10,12
amused,8,3,16,27
amusement,1,5,12,18
amusing,1,1,64,66
amv,0,2,2,4
amwar,3,0,0,3
amway,1,1,0,2
amy,51,178,249,478
amyas,0,0,2,2
amyforever,0,6,0,6
amygdala,3,1,1,5
amyr,0,1,0,1
amything,0,0,1,1
amyyy,0,0,3,3
amyyyyyy,0,1,0,1
amzah,0,4,0,4
amzaing,0,0,1,1
amzazing,0,0,2,2
amzing,2,7,11,20
amzinv,0,1,0,1
amzn,0,0,1,1
amzount,0,0,3,3
an,4935,3956,14628,23519
ana,10,19,37,66
anaa,0,1,0,1
anabel,0,0,4,4
anabelle,0,0,2,2
anabolic,0,1,0,1
anabolics,0,0,5,5
anachronism,0,0,1,1
anaconda,3,10,2,15
anacondas,0,2,3,5
anad,1,0,1,2
anaemia,7,0,9,16
anaemic,0,0,8,8
anagnorisis,0,0,8,8
anagram,0,0,1,1
anaheim,2,3,6,11
anais,0,0,4,4
anak,0,2,0,2
anakan,0,1,0,1
anakin,18,8,22,48
anakins,0,0,1,1
anal,19,11,17,47
analasys,0,0,1,1
analfabeta,0,3,0,3
analisar,0,0,2,2
analiza,0,1,0,1
analizar,0,1,0,1
analize,0,0,4,4
anally,2,0,0,2
analog,5,3,36,44
analogous,0,0,5,5
analogue,5,2,18,25
analogy,1,9,23,33
analsex,0,0,2,2
analst,0,0,4,4
analy,0,1,0,1
analyitical,0,0,3,3
analyize,1,0,0,1
analyse,5,2,11,18
analysed,0,0,7,7
analyses,1,0,5,6
analysing,2,0,10,12
analysis,27,20,201,248
analyst,11,0,5,16
analysts,6,0,0,6
analytic,0,0,2,2
analytical,1,0,8,9
analytically,0,0,5,5
analytics,0,0,3,3
analyze,7,0,29,36
analyzed,0,2,11,13
analyzer,0,0,1,1
analyzes,0,1,0,1
analyzing,4,0,33,37
anam,0,3,0,3
anamatronic,0,0,1,1
anamorphosis,0,3,0,3
anan,0,2,0,2
ananas,0,0,6,6
ananin,0,2,0,2
anansi,0,0,3,3
anarchic,0,0,6,6
anarchism,0,3,1,4
anarchist,7,0,0,7
anarcho,0,3,0,3
anarchy,5,1,0,6
anarco,1,0,0,1
anasco,0,0,2,2
anasmobeen,0,0,1,1
anastasia,8,13,18,39
anasterian,0,3,0,3
anathor,0,1,0,1
anatole,0,0,2,2
anatomical,0,1,0,1
anatomically,0,1,10,11
anatomy,7,10,20,37
anatta,0,0,3,3
anavillafa,0,0,1,1
anaylyze,0,0,1,1
anazing,0,2,0,2
anca,0,1,0,1
ancallius,0,1,0,1
ancap,0,1,0,1
ancaps,0,1,0,1
ance,6,0,0,6
ancelloti,0,0,6,6
ancellotti,0,7,0,7
anceloti,0,0,6,6
ancelotti,0,15,16,31
ances,0,1,0,1
ancestor,1,0,11,12
ancestors,24,7,22,53
ancestory,0,5,2,7
ancestral,3,0,3,6
ancestry,4,1,25,30
anche,10,7,1,18
anchor,15,3,20,38
anchorage,0,0,3,3
anchored,1,0,0,1
anchorman,0,0,4,4
anchors,0,0,18,18
anchovies,0,7,9,16
anciamos,0,1,0,1
anciano,0,1,0,1
ancient,44,31,124,199
ancients,6,13,5,24
ancing,0,1,0,1
ancioso,0,1,0,1
ancious,0,0,5,5
ancle,1,0,0,1
ancora,0,7,0,7
and,47440,24253,156808,228501
anda,0,11,4,15
andaba,0,1,0,1
andabas,0,3,0,3
andal,1,0,0,1
andals,0,0,3,3
andamento,0,2,0,2
andan,0,7,0,7
andar,0,10,0,10
andare,1,5,0,6
andata,0,1,0,1
andateli,1,0,0,1
andatevi,0,1,0,1
andauernd,0,1,0,1
anday,0,1,0,1
andd,0,0,2,2
anddd,3,2,0,5
andddd,0,0,7,7
anddddd,0,0,1,1
andddddddddddd,0,0,1,1
ande,0,3,0,3
anded,0,1,0,1
andele,0,0,1,1
andenken,0,6,0,6
ander,0,0,2,2
andere,0,10,2,12
andereaccounts,0,1,0,1
anderen,0,0,1,1
anders,1,1,4,6
anderson,32,71,92,195
andersoniest,0,1,0,1
andersons,0,0,6,6
andersson,0,2,0,2
anderstand,0,0,2,2
anderton,3,0,10,13
andertons,0,0,6,6
andertonsmusicco,0,3,0,3
andew,0,1,0,1
andi,0,0,1,1
andiamo,0,1,0,1
andit,0,1,0,1
andjesus,0,0,1,1
andjsjsisoao,0,1,0,1
andme,1,5,21,27
andmiavevo,0,0,8,8
andni,0,0,2,2
ando,0,10,0,10
andonthisepisodeoflaurainthekitchen,0,0,5,5
andote,0,2,1,3
andous,1,0,0,1
andr,0,4,4,8
andra,0,1,1,2
andrade,0,2,0,2
andre,13,41,43,97
andrea,0,8,6,14
andreas,3,10,24,37
andrei,0,2,0,2
andres,0,4,1,5
andrew,39,91,109,239
andrews,3,8,16,27
andrey,0,1,0,1
andriod,0,2,7,9
andro,1,0,0,1
androgen,3,0,1,4
androgyne,0,0,1,1
androgynous,3,2,17,22
androgynously,2,0,0,2
androgyny,0,0,7,7
android,85,135,273,493
androids,6,9,11,26
andromada,0,1,0,1
andromeda,10,1,4,15
androniescou,0,0,3,3
ands,1,0,2,3
andsacrafice,3,0,0,3
andstill,0,3,2,5
andtgey,0,0,5,5
andthank,0,4,0,4
andthing,0,1,0,1
andthisisdeep,0,2,0,2
andun,2,0,0,2
andventer,0,1,0,1
andy,36,58,90,184
andyellow,1,0,0,1
andynsane,0,1,0,1
andys,0,1,0,1
ane,0,1,2,3
aneamic,0,0,3,3
anecdotal,0,0,4,4
anecdotally,0,0,6,6
anecdote,2,0,18,20
anecdotes,2,1,0,3
aneeth,0,1,0,1
aneh,0,2,0,2
anehiem,0,1,0,1
anelka,0,0,1,1
anemia,13,4,8,25
anemic,1,0,4,5
anemojis,0,1,0,1
anerexic,0,3,0,3
anericans,0,0,1,1
anerxia,0,0,1,1
anes,0,3,0,3
anessa,0,0,4,4
anesthesia,0,1,0,1
aneurism,0,4,4,8
aneurysm,0,5,2,7
anew,0,3,3,6
anexiety,0,0,2,2
anf,0,1,2,3
anfield,7,1,40,48
ang,4,13,25,42
angainst,0,0,1,1
angaling,0,1,0,1
ange,0,6,0,6
angeeeeeel,0,0,2,2
angel,72,138,249,459
angela,9,2,16,27
angeleez,0,2,0,2
angelena,1,0,1,2
angeles,9,18,64,91
angeless,0,0,1,1
angelic,2,10,26,38
angelica,7,35,183,225
angelicaaa,0,1,0,1
angelicahale,0,0,1,1
angelical,0,5,1,6
angelicatowinagt,0,0,1,1
angelicia,0,1,0,1
angelika,0,0,2,2
angelima,1,0,0,1
angelina,9,25,44,78
angelinaislaracroft,0,0,1,1
angelinas,0,1,0,1
angelique,0,0,1,1
angelitos,1,0,0,1
angelo,6,1,3,10
angelos,1,0,0,1
angels,98,43,94,235
angelsforeva,0,2,0,2
angelsoft,0,0,2,2
anger,143,4,76,223
angered,11,0,2,13
angering,2,0,0,2
angers,4,0,5,9
angewendet,0,2,0,2
anghang,0,1,0,1
angie,7,7,11,25
angies,0,0,1,1
angila,0,0,1,1
angio,0,0,1,1
angiogenesis,0,0,3,3
angiosperms,0,1,3,4
angklung,0,6,0,6
anglais,0,6,1,7
angle,60,26,199,285
angled,2,1,9,12
anglefish,0,1,0,1
angler,0,1,1,2
anglerfish,0,0,1,1
angles,15,18,77,110
angleterre,0,1,2,3
anglina,0,0,1,1
angling,1,0,0,1
anglo,5,5,3,13
angola,7,19,8,34
angolanos,0,1,0,1
angrer,0,0,2,2
angrier,0,10,3,13
angriest,1,0,0,1
angrily,3,5,0,8
angry,390,9,191,590
angryarmy,0,0,1,1
angryfaggotcuckshow,0,1,0,1
angryjoe,0,1,0,1
angst,5,2,10,17
angsts,0,0,1,1
angsty,4,0,4,8
angucken,0,1,0,1
anguish,10,0,6,16
anguishing,0,0,4,4
angular,1,0,10,11
angus,0,0,11,11
anh,0,9,1,10
anhedonia,0,0,3,3
anhelica,0,0,1,1
anhit,0,1,0,1
anhldufhugi,0,1,0,1
anhneun,0,3,0,3
anhone,0,0,1,1
ani,2,4,2,8
ania,0,2,1,3
aniation,4,0,0,4
anicient,0,0,2,2
anicondas,0,0,2,2
anigmas,0,0,6,6
anigmus,0,0,6,6
anihilated,0,0,2,2
anika,1,0,0,1
anikan,1,2,0,3
anikin,1,0,1,2
aniko,0,0,1,1
anim,1,2,1,4
anima,0,2,0,2
animaci,0,1,0,1
animacja,0,2,0,2
animacje,0,2,0,2
animadores,0,2,0,2
animae,1,0,0,1
animal,177,179,309,665
animales,1,0,2,3
animalistic,3,0,0,3
animals,202,134,407,743
animammal,0,0,1,1
animanics,0,0,1,1
animate,6,21,13,40
animated,27,36,164,227
animatedjames,3,0,0,3
animates,0,1,0,1
animatic,2,0,8,10
animating,3,7,7,17
animation,91,99,390,580
animationn,0,0,1,1
animations,30,23,114,167
animatoins,0,0,2,2
animaton,0,2,0,2
animator,8,26,29,63
animators,1,4,12,17
animatrix,0,0,10,10
animatronic,1,1,0,2
animaux,0,5,0,5
anime,64,125,332,521
animee,1,0,0,1
animeking,0,4,0,4
animemincraft,0,1,0,1
animeminecraft,0,1,0,1
animeminecrafter,0,2,0,2
animen,0,0,1,1
animes,0,0,9,9
animetronics,0,0,1,1
animimals,0,0,1,1
animion,0,2,0,2
animnations,0,4,0,4
animo,0,9,0,9
animoji,0,1,2,3
animojies,0,0,1,1
animojis,0,0,1,1
animoo,0,1,0,1
animosity,1,4,6,11
animotronics,0,1,0,1
animu,0,1,0,1
animus,3,14,8,25
animusic,0,2,6,8
anin,0,1,0,1
aninals,0,1,0,1
anination,0,0,1,1
aninde,0,2,0,2
anira,0,2,0,2
aniraaa,0,1,0,1
aniraaaa,0,1,0,1
aniraaaaaaaaaaa,0,1,0,1
anis,0,1,0,1
anise,3,5,4,12
aniseed,0,1,0,1
anissa,0,1,0,1
aniston,2,14,5,21
anistons,0,0,1,1
anisum,0,1,0,1
anit,0,1,6,7
anita,2,18,3,23
anitaaaaaaaaaaaa,0,1,0,1
anitfa,1,0,0,1
anitra,0,1,0,1
anitta,0,152,18,170
anittaa,0,1,0,1
anittaaa,0,0,1,1
anittaaaaa,0,1,0,1
anittaaaaaa,0,1,0,1
anittaaaaaaa,0,2,0,2
anittaaaaaaaa,0,1,0,1
anittaaaaaaaaaaaaaaaaa,0,1,0,1
anittafeatpink,0,2,0,2
anitter,0,0,1,1
anittttaaaaaaaa,0,1,0,1
aniversario,0,0,1,1
aniversary,0,0,6,6
anjaaayyy,0,1,0,1
anjay,0,1,0,1
anjelica,0,1,0,1
anjelina,0,0,1,1
anjing,0,1,0,1
anjir,0,2,0,2
anjirrr,0,1,0,1
anjleka,0,1,0,1
anjo,0,1,0,1
anjooosss,0,1,0,1
anjos,0,6,0,6
ank,0,1,0,1
ankara,0,0,3,3
anke,0,2,0,2
ankel,0,1,0,1
ankin,0,0,1,1
ankle,39,34,175,248
ankles,15,14,25,54
ankylosing,0,0,1,1
anl,0,0,1,1
anlad,0,2,0,2
anlamad,0,2,0,2
anlamakla,0,1,0,1
anlar,0,3,0,3
anlat,0,3,0,3
anloa,0,4,0,4
anmater,0,1,0,1
anmiation,0,2,0,2
anmions,0,1,0,1
anmol,0,1,0,1
ann,5,13,41,59
anna,147,265,1437,1849
annabel,0,0,9,9
annabell,1,0,0,1
annabelle,12,5,28,45
annad,0,1,0,1
annakin,1,0,0,1
annal,0,0,2,2
annamademedoit,0,3,0,3
annas,0,3,0,3
annd,0,0,5,5
anndd,0,0,1,1
annddddddd,0,0,1,1
anne,12,11,48,71
annebale,0,1,0,1
annebell,0,3,0,3
anneka,1,0,0,1
annel,0,4,0,4
annelise,2,0,0,2
annemarie,0,0,2,2
annfield,1,0,0,1
anni,0,3,0,3
annie,46,66,152,264
annies,0,1,0,1
annihilate,1,1,0,2
annihilated,3,2,11,16
annihilating,0,0,3,3
annihilation,2,40,8,50
annika,3,1,2,6
anniken,0,0,1,1
annisbae,0,1,0,1
anniston,1,0,0,1
annita,0,2,1,3
anniv,1,0,1,2
anniversary,25,15,177,217
annnaaaa,0,0,6,6
annnd,0,1,1,2
annndd,0,0,3,3
annnnd,7,0,8,15
annnnnd,0,2,2,4
annnnnnd,0,0,1,1
annnnnnnd,0,0,1,1
anno,1,23,2,26
annonce,0,0,4,4
annonymity,0,0,1,1
annoooyyinngggg,0,1,0,1
annotate,1,0,1,2
annotating,0,2,0,2
annotations,0,2,0,2
announce,10,8,55,73
announced,9,28,68,105
announcement,16,19,73,108
announcements,5,14,15,34
announcer,2,7,13,22
announcers,0,6,1,7
announces,4,0,5,9
announciate,0,2,0,2
announcing,19,0,16,35
annoy,10,20,14,44
annoyance,13,0,4,17
annoyances,0,0,4,4
annoyd,0,0,1,1
annoyed,185,0,84,269
annoyes,0,0,1,1
annoyin,3,0,2,5
annoying,1075,14,179,1268
annoyingggggg,0,2,0,2
annoyingly,14,0,7,21
annoyong,0,0,1,1
annoys,27,13,61,101
annual,9,2,32,43
annually,13,0,10,23
annunciation,0,0,1,1
annya,0,1,0,1
annyeong,0,0,2,2
annyoing,1,0,0,1
ano,6,9,0,15
anoasmr,0,2,0,2
anobodi,0,1,0,1
anoeta,12,0,0,12
anoher,0,1,0,1
anohter,4,0,0,4
anointed,0,1,1,2
anojegic,0,0,1,1
anold,0,1,1,2
anomalies,0,1,0,1
anomalous,5,0,0,5
anomaly,1,0,5,6
anonanimal,0,1,0,1
anone,0,1,0,1
anonimo,0,1,0,1
anonimowa,0,2,0,2
anonnyng,1,0,0,1
anononononymouse,0,0,1,1
anonymity,1,0,3,4
anonymous,9,18,24,51
anonymously,0,0,2,2
anoooyyyyyeeng,0,1,0,1
anooying,0,0,1,1
anorak,0,0,1,1
anorexia,11,1,21,33
anorexic,6,5,18,29
anorld,2,0,0,2
anormalnonesin,0,2,0,2
anos,1,9,6,16
anot,0,6,0,6
anota,0,4,0,4
anotaba,0,3,0,3
anotado,0,2,0,2
anotando,0,1,0,1
anotar,0,1,0,1
anotha,0,2,0,2
anothe,0,1,0,1
another,1237,1256,3444,5937
anotherrrr,0,0,1,1
anotherrrrr,0,1,0,1
anothers,0,1,2,3
anothny,0,1,2,3
anothr,0,2,0,2
anothy,0,0,2,2
anotied,0,0,2,2
anoto,0,6,0,6
anotta,0,1,0,1
anouk,0,0,1,1
anounced,0,0,1,1
anouncer,0,2,0,2
anout,0,11,0,11
anoyin,0,0,1,1
anoying,10,1,8,19
anoyinggggggggg,0,1,0,1
anque,0,1,0,1
anr,0,0,1,1
anrd,0,1,0,1
anrold,1,0,0,1
ans,7,16,20,43
ansari,0,4,1,5
ansel,0,4,1,5
anselmo,0,6,1,7
ansh,0,1,0,1
ansia,0,1,0,1
ansiar,0,3,0,3
ansias,0,6,0,6
ansion,0,1,0,1
ansiosa,0,4,0,4
ansiosisima,0,1,0,1
ansioso,0,10,0,10
anskel,1,0,0,1
ansklini,0,2,0,2
ansl,0,2,0,2
ansley,0,2,0,2
anstatt,0,4,0,4
anston,0,0,1,1
ansvar,0,0,6,6
answear,0,0,3,3
answer,270,292,682,1244
answere,2,4,1,7
answered,32,32,123,187
answering,3,21,92,116
answerour,1,0,0,1
answers,66,56,186,308
ant,27,41,48,116
anta,0,5,0,5
antacid,3,0,0,3
antagonising,0,0,6,6
antagonist,6,2,4,12
antagonista,0,0,1,1
antagonists,0,0,9,9
antagonize,0,1,0,1
antagonizes,5,0,0,5
antagonizing,0,0,1,1
antagonizingly,2,0,0,2
antamatronics,0,0,3,3
antara,0,0,1,1
antarctarca,0,0,1,1
antarctic,1,0,5,6
antarctica,0,3,4,7
antartica,0,1,0,1
ante,0,13,2,15
anteeksi,0,0,3,3
antelope,0,0,10,10
antena,0,5,2,7
antenatal,0,0,8,8
antenna,1,1,5,7
antennae,0,0,1,1
antennas,1,0,0,1
anterior,2,8,0,10
anteriores,0,2,0,2
antero,0,2,0,2
antes,3,70,9,82
antfa,1,0,0,1
anthelios,0,0,5,5
anthem,170,97,300,567
antheme,0,0,1,1
anthemic,0,0,2,2
anthems,0,0,11,11
anther,1,0,1,2
antherm,0,0,4,4
anthilly,0,1,0,1
anthing,3,0,5,8
anthologies,1,0,5,6
anthology,0,1,7,8
anthoney,0,1,0,1
anthony,34,143,137,314
anthonyramos,0,0,1,1
anthonyyyy,0,2,0,2
anthrax,0,4,1,5
anthro,0,0,6,6
anthropocene,0,1,2,3
anthropogenic,0,0,4,4
anthropological,0,0,2,2
anthropologie,0,0,5,5
anthropology,0,0,16,16
anthropomorphic,0,0,1,1
anthyding,0,0,1,1
anti,171,101,325,597
antiageing,0,1,0,1
antiaging,0,0,2,2
antiasmr,0,1,0,1
antibacterial,3,0,1,4
antibarsa,0,4,0,4
antibiotic,1,8,21,30
antibiotics,5,10,36,51
anticapitalist,0,0,2,2
anticheat,0,1,0,1
antichrist,23,3,16,42
antichristobama,14,0,0,14
anticipate,2,2,5,9
anticipated,2,0,18,20
anticipating,7,1,5,13
anticipation,2,2,11,15
anticrist,1,0,0,1
antics,5,6,15,26
antidep,0,0,1,1
antidepressant,2,1,1,4
antidepressants,3,2,8,13
antidepressia,0,0,1,1
antidisestablishmentarianism,0,0,1,1
antidote,0,0,7,7
antidotes,0,0,2,2
antie,0,0,2,2
antiestr,0,2,0,2
antifa,215,45,146,406
antifags,0,2,0,2
antifan,0,1,0,1
antifascists,2,0,1,3
antifeminism,0,0,1,1
antiflammatories,0,0,1,1
antifreeze,1,0,0,1
antifutbol,0,1,0,1
antiga,0,1,0,1
antigo,0,3,0,3
antigona,2,0,5,7
antigone,0,0,5,5
antigravity,0,1,0,1
antigua,0,2,13,15
antiguas,0,2,0,2
antiguo,0,9,3,12
antihero,0,0,1,1
antiheroes,0,0,1,1
antihistamines,0,1,1,2
antihistorical,0,2,0,2
antilla,0,0,2,2
antillanas,0,0,2,2
antillas,4,0,4,8
antimadridismo,0,0,2,2
antimainstream,0,0,1,1
antimatter,7,6,13,26
antimicrobe,0,6,0,6
antinodes,0,0,3,3
antioch,0,0,1,1
antionette,1,0,0,1
antioxidants,0,0,1,1
antipersonnel,0,3,0,3
antiperspirant,9,1,15,25
antiperspirants,0,0,5,5
antipets,2,0,0,2
antiquated,3,0,0,3
antique,0,0,20,20
antiques,0,0,3,3
antiquities,0,0,3,3
antiquity,1,0,3,4
antiracism,0,0,4,4
antirely,1,0,0,1
antirougeurs,0,0,4,4
antis,4,4,4,12
antisemites,0,0,5,5
antisemitism,1,0,0,1
antisepticeye,0,6,0,6
antisocial,2,0,2,4
antisocialsocialclub,0,4,0,4
antistuds,1,0,0,1
antithesis,1,2,0,3
antitwice,0,1,0,1
antivaxxer,0,1,0,1
antivirus,0,0,2,2
antivirusxxx,0,0,6,6
antiwhite,1,0,0,1
antler,0,0,3,3
antlers,0,0,5,5
antm,0,5,0,5
antman,3,7,0,10
anto,0,2,0,2
antoine,6,6,4,16
antoinette,0,2,0,2
antoje,0,0,2,2
anton,5,2,7,14
antonia,0,1,6,7
antonio,17,38,32,87
antoniotardiff,0,0,1,1
antonoff,1,2,0,3
antonov,0,0,1,1
antony,0,5,4,9
antro,0,1,0,1
ants,8,23,42,73
antsy,0,0,1,1
antthing,0,1,0,1
antutu,0,3,0,3
antwan,0,1,0,1
antwoord,11,6,1,18
antybiotyk,0,2,0,2
antybiotykami,0,2,0,2
anubalisk,0,0,4,4
anubis,3,2,6,11
anuerism,0,2,0,2
anul,0,8,0,8
anulado,0,4,0,4
anuncian,0,1,0,1
anuncien,0,1,0,1
anuncio,0,2,1,3
anunnaki,2,0,0,2
anus,17,40,49,106
anuses,0,5,0,5
anuska,0,1,0,1
anuuuu,4,0,0,4
anvil,1,0,1,2
anvilicious,0,0,1,1
anvils,0,0,1,1
anw,0,0,11,11
anwar,3,23,25,51
anwars,0,0,1,1
anwen,0,2,0,2
anwhere,0,0,3,3
anwway,0,0,1,1
anx,0,0,6,6
anxieties,1,0,2,3
anxiettttyyy,0,0,2,2
anxiety,340,130,753,1223
anxietyyyyyyy,0,1,0,1
anxious,175,3,122,300
anxiously,2,0,1,3
any,2454,1441,5863,9758
anya,1,0,3,4
anyare,0,0,1,1
anyaway,0,0,4,4
anyays,3,0,0,3
anybody,268,326,414,1008
anycase,0,0,4,4
anyday,3,5,4,12
anyhoo,1,0,0,1
anyhooo,5,0,0,5
anyhow,16,2,20,38
anyhting,0,0,1,1
anying,0,1,0,1
anykind,1,0,0,1
anykne,0,1,0,1
anyman,5,0,0,5
anymlre,0,2,0,2
anymore,524,375,952,1851
anymoreeee,0,2,0,2
anymure,0,2,0,2
anynore,3,0,0,3
anyoine,0,2,0,2
anyoinng,1,0,0,1
anyome,6,1,0,7
anyone,1576,2766,3956,8298
anyoneee,0,0,2,2
anyones,9,6,9,24
anyopne,1,0,0,1
anyrhing,2,0,0,2
anysway,0,0,6,6
anythign,0,4,1,5
anythimg,1,0,0,1
anything,1165,660,3033,4858
anythingggg,0,1,0,1
anythingnottodowithcake,0,1,0,1
anythingthatdoesnthavetodowithcake,0,2,0,2
anythingthathasnothongtodowithcakeonlypotatoes,0,1,0,1
anythony,0,2,0,2
anytime,50,25,94,169
anytin,3,0,0,3
anytting,0,0,2,2
anyvody,0,0,1,1
anywa,0,4,0,4
anywaaay,0,0,2,2
anywaay,1,0,0,1
anyway,282,146,982,1410
anywayi,0,0,1,1
anyways,82,48,308,438
anywayy,0,0,5,5
anywh,1,0,0,1
anywhere,110,88,268,466
anywho,1,6,6,13
anywhoo,0,0,1,1
anywhwere,0,1,0,1
anyx,0,2,0,2
anyyy,0,0,1,1
anz,0,0,3,3
anza,0,1,0,1
anzac,0,1,0,1
anzacs,1,0,0,1
anzeige,0,2,0,2
anziety,0,3,0,3
anzlem,1,0,0,1
anzo,0,0,1,1
anzusehen,0,1,0,1
ao,0,29,15,44
aob,0,4,0,4
aobut,1,0,6,7
aod,0,0,2,2
aoibhinn,0,1,0,1
aoife,2,0,0,2
aoki,12,13,18,43
aol,16,3,0,19
aome,0,0,1,1
aomething,2,0,0,2
aon,0,0,1,1
aonde,0,2,0,2
aonuma,0,0,1,1
aople,0,0,3,3
aor,1,0,0,1
aora,0,1,0,1
aoronfsky,0,0,1,1
aos,0,0,9,9
aot,0,3,1,4
aotearoa,0,4,0,4
aoty,0,5,0,5
aound,6,0,0,6
aousm,0,0,3,3
aout,8,0,0,8
aowsom,0,2,0,2
ap,16,21,22,59
apa,3,12,4,19
apaarrtttt,3,0,0,3
apacalyps,0,1,0,1
apache,4,3,0,7
apagada,1,0,0,1
apagado,1,0,0,1
apaguemos,0,1,0,1
apahart,0,0,1,1
apaisant,0,2,0,2
apaixonada,0,3,0,3
apaixonado,0,3,0,3
apaixonante,0,2,0,2
apaixonei,0,2,1,3
apakah,0,1,0,1
apal,0,1,0,1
apalled,2,0,0,2
apalling,0,5,0,5
aparatito,0,1,0,1
aparce,0,1,0,1
aparece,0,34,3,37
aparecen,0,1,0,1
aparecer,0,1,2,3
apareceria,1,0,0,1
apareceu,0,2,0,2
apareci,0,1,2,3
aparecieron,0,0,1,1
aparecio,0,4,0,4
aparente,1,0,0,1
aparently,0,0,2,2
aparezca,0,1,1,2
apart,149,81,388,618
apartamento,0,0,1,1
aparte,0,5,7,12
apartheid,0,1,2,3
apartmennnnttt,0,2,0,2
apartment,50,45,102,197
apartments,7,1,17,25
apasione,0,1,0,1
apat,0,1,0,1
apathetic,2,0,7,9
apathy,0,1,3,4
apatow,7,0,0,7
apauling,0,0,6,6
apd,0,0,5,5
apdg,1,3,1,5
ape,16,14,14,44
apear,0,0,1,1
apearent,0,0,2,2
apects,0,3,0,3
apellido,0,2,0,2
apena,0,1,0,1
apenas,0,7,12,19
aperantle,1,0,0,1
aperantly,0,0,1,1
aperitivo,0,0,2,2
aperson,0,0,1,1
aperta,0,6,0,6
aperte,0,1,0,1
aperto,0,1,0,1
aperture,2,0,8,10
apes,6,36,17,59
apesar,0,5,0,5
apeshit,0,1,6,7
apeshitballs,0,0,1,1
apesta,6,5,0,11
apetite,0,3,0,3
apex,0,9,7,16
aph,0,0,1,1
aphganistan,0,3,0,3
aphmau,0,3,1,4
aphmaus,0,0,2,2
aphobia,1,0,0,1
aphrodite,0,0,2,2
aphs,0,1,0,1
api,0,6,2,8
apiece,7,0,0,7
apik,0,6,0,6
apir,0,0,1,1
apis,3,0,0,3
apk,0,2,0,2
apl,0,0,12,12
aplastadas,1,0,0,1
aplastado,0,8,0,8
aplaudi,0,1,0,1
aplaudir,0,2,0,2
aplaudirle,0,6,0,6
aplaudirte,6,0,0,6
aplauso,0,2,0,2
aplenty,0,0,1,1
aplica,0,6,0,6
aplied,0,0,1,1
aplly,2,0,0,2
aplode,0,1,0,1
aplogist,1,0,0,1
aplood,1,0,0,1
apmags,0,0,1,1
apnea,3,1,0,4
apni,0,1,0,1
apocalipse,0,0,4,4
apocaliptica,0,1,0,1
apocalpyse,0,1,0,1
apocalypes,0,0,1,1
apocalypse,38,77,66,181
apocalyptic,4,12,21,37
apocalyspe,4,0,0,4
apocolyps,1,0,0,1
apod,0,0,3,3
apodo,0,1,0,1
apogeum,0,4,0,4
apokalips,0,0,1,1
apoligise,4,0,0,4
apoligizes,0,3,0,3
apolitical,1,0,0,1
apollando,0,1,0,1
apollenme,0,1,0,1
apollo,2,4,20,26
apollogised,2,0,0,2
apollos,0,0,3,3
apologetic,8,0,4,12
apologetically,0,0,3,3
apologies,26,12,31,69
apologise,29,2,29,60
apologised,0,3,1,4
apologising,0,0,3,3
apologism,5,0,0,5
apologist,8,0,8,16
apologists,1,2,0,3
apologize,34,20,107,161
apologized,17,6,24,47
apologizes,2,0,2,4
apologizing,6,10,10,26
apology,13,9,26,48
apon,3,1,1,5
apoptosis,0,0,1,1
aporrear,0,4,0,4
aporta,0,2,0,2
aportando,0,1,0,1
aportar,0,0,1,1
aporte,0,0,2,2
apostar,0,2,0,2
apostasy,0,2,0,2
apostate,9,0,0,9
apostle,0,0,5,5
apostles,4,0,1,5
apostrophe,4,2,7,13
apostrophes,0,2,1,3
apotatofluearoundmyroom,0,1,0,1
apowo,0,3,0,3
apoya,1,13,1,15
apoyamos,0,2,0,2
apoyan,0,4,0,4
apoyando,0,3,0,3
apoyandolas,0,1,0,1
apoyandolo,0,1,0,1
apoyandote,0,0,7,7
apoyar,0,11,1,12
apoyare,0,1,0,1
apoyarle,0,3,0,3
apoyarnos,0,1,0,1
apoyaron,0,5,0,5
apoyas,0,3,0,3
apoye,0,8,0,8
apoyen,0,6,0,6
apoyenme,0,2,0,2
apoyo,0,38,1,39
apoyourbano,0,1,0,1
app,76,204,425,705
appa,0,1,2,3
appalachian,0,3,5,8
appalled,7,0,13,20
appalling,36,0,11,47
apparaissent,0,2,0,2
apparantly,3,0,0,3
apparating,0,1,0,1
apparatus,0,0,1,1
apparatuses,0,5,0,5
appareil,0,3,0,3
apparel,0,5,3,8
apparent,28,0,62,90
apparently,137,7,325,469
appart,0,1,3,4
appartment,0,0,10,10
apparuntly,0,1,0,1
appassiona,1,0,0,1
appauling,0,0,1,1
appe,0,0,3,3
appeal,27,4,101,132
appealed,4,2,5,11
appealing,3,0,55,58
appeals,19,1,8,28
appear,88,51,109,248
appearaance,0,0,3,3
appearance,45,24,125,194
appearances,16,6,29,51
appeared,19,22,76,117
appearence,0,2,2,4
appeares,0,0,1,1
appearing,11,10,17,38
appears,56,30,123,209
appease,4,1,5,10
appeases,0,0,5,5
appeasing,0,0,1,1
appeel,1,0,0,1
appel,2,6,0,8
appelle,0,4,1,5
appelmouse,0,2,0,2
appendages,0,0,1,1
appendix,0,0,1,1
appently,1,0,0,1
apperances,0,0,2,2
apperanse,1,0,0,1
appered,0,0,4,4
appericate,0,0,1,1
appetising,0,0,1,1
appetit,1,0,0,1
appetite,18,20,11,49
appetites,0,0,1,1
appetizer,0,0,10,10
appetizers,0,0,1,1
appetizing,5,0,5,10
applaud,8,9,51,68
applaude,0,1,0,1
applauded,5,5,12,22
applauding,4,0,1,5
applauds,1,0,0,1
applause,8,11,41,60
applauseee,0,0,1,1
applauses,1,2,0,3
applausing,0,0,2,2
apple,444,623,996,2063
applebee,3,0,5,8
applebees,0,6,0,6
appleboy,0,1,0,1
applecake,0,3,0,3
applecare,0,1,1,2
applechips,0,0,1,1
appleess,0,0,3,3
appleford,0,0,1,1
applejack,0,1,4,5
applejacks,0,2,0,2
applepro,0,0,1,1
apples,19,84,121,224
applesucks,0,1,0,1
appletree,0,3,0,3
appletv,0,0,3,3
applex,0,3,0,3
appliable,0,0,1,1
appliance,0,3,1,4
appliances,0,0,16,16
applicable,1,4,17,22
applicaions,0,0,3,3
applicant,3,0,0,3
application,36,25,139,200
applications,3,7,29,39
applicator,1,4,22,27
applicators,3,6,12,21
applie,0,1,0,1
applied,24,22,123,169
applies,15,13,55,83
applikations,3,0,0,3
appliqu,0,2,7,9
applique,4,3,0,7
appliques,0,0,1,1
applllleeee,0,0,2,2
appluase,0,0,1,1
apply,72,54,290,416
applying,21,28,74,123
appoint,0,0,2,2
appointed,1,4,25,30
appointment,10,0,44,54
appointments,0,0,6,6
appologize,0,0,4,4
apponent,1,0,0,1
appose,4,0,0,4
apposed,6,0,0,6
appple,1,0,0,1
appppp,0,1,0,1
appraisal,0,4,5,9
appraise,0,0,1,1
appreation,0,1,0,1
appreciable,0,0,1,1
appreciat,0,0,1,1
appreciate,151,163,1196,1510
appreciatebackupdancers,1,0,0,1
appreciated,37,3,326,366
appreciates,2,7,19,28
appreciatethe,0,0,1,1
appreciating,4,5,17,26
appreciation,15,8,46,69
appreciative,0,0,21,21
appreciatte,0,0,1,1
apprecitate,0,0,1,1
apprehensible,1,0,0,1
apprehensions,0,0,3,3
apprehensive,0,0,3,3
appreicated,0,0,6,6
apprends,0,3,0,3
apprentice,6,5,7,18
apprenticeship,0,0,7,7
apprezzare,0,1,0,1
appriciate,0,0,5,5
appris,0,1,0,1
approach,34,3,162,199
approachable,0,0,10,10
approached,6,2,18,26
approaches,1,1,6,8
approaching,13,6,35,54
appropiate,0,0,1,1
appropriate,24,0,75,99
appropriated,1,1,4,6
appropriately,0,0,8,8
appropriating,2,0,20,22
appropriation,16,3,23,42
appropriationrogain,1,0,0,1
appropriations,0,0,1,1
approval,31,10,15,56
approve,27,41,44,112
approved,3,9,45,57
approves,4,13,13,30
approving,2,1,4,7
approx,4,6,12,22
approximate,7,0,1,8
approximated,0,1,0,1
approximately,7,0,18,25
approximation,0,0,12,12
apps,27,13,133,173
appt,0,0,1,1
apr,10,11,5,26
aprece,0,4,0,4
apreceate,0,0,1,1
apreciar,0,9,0,9
apreciate,1,0,8,9
apreciated,0,0,1,1
aprecien,0,1,0,1
aprend,0,2,0,2
aprendan,0,1,0,1
aprende,0,4,0,4
aprenden,0,1,0,1
aprendendo,0,2,0,2
aprender,0,2,0,2
aprendermela,0,1,0,1
aprendeu,0,4,0,4
aprendi,0,1,0,1
apresenta,0,1,0,1
apresentar,0,1,0,1
apresiat,0,1,0,1
apretadita,0,0,1,1
apretado,0,1,0,1
apretarse,0,1,0,1
apriciate,0,1,1,2
apricot,0,0,22,22
apricots,6,1,19,26
april,24,48,73,145
aprillll,0,0,5,5
aprils,0,0,1,1
aprilynne,0,0,2,2
aproach,0,2,0,2
aproaching,0,0,1,1
aproching,0,2,0,2
apron,30,9,18,57
apropia,0,0,1,1
apropiate,0,0,1,1
apropos,0,0,6,6
apropriate,0,0,1,1
aprove,0,0,4,4
aprovechado,0,7,0,7
aprovecho,0,0,1,1
aproveitada,0,5,0,5
aproveitar,0,1,0,1
aproveitou,0,4,0,4
aproving,0,2,0,2
aprox,1,1,2,4
aproxim,0,1,0,1
aproxima,0,1,0,1
aprreceating,0,0,4,4
aprueba,0,1,0,1
aps,0,0,1,1
apsaloutaly,0,1,0,1
apt,0,0,24,24
aptina,0,0,1,1
aptitud,0,4,0,4
aptitude,1,0,1,2
apto,0,1,0,1
aptowicz,0,0,1,1
apuesto,0,6,0,6
apunta,0,11,0,11
apuro,0,3,0,3
apush,0,1,3,4
aq,0,60,1,61
aqaurium,0,1,0,1
aqours,0,5,0,5
aqqqq,0,1,0,1
aqre,0,0,1,1
aqu,7,44,14,65
aqua,7,13,28,48
aquaculture,0,0,1,1
aquad,4,0,0,4
aquadoodle,0,0,6,6
aquafina,1,0,0,1
aquaintence,0,1,0,1
aquaman,10,18,25,53
aquamarine,1,0,0,1
aquamomoa,0,1,0,1
aquanatal,0,0,7,7
aquanaut,0,1,0,1
aquaphobic,0,5,0,5
aquaphor,1,0,3,4
aquaphore,1,0,0,1
aquaponics,0,6,6,12
aquaria,0,1,1,2
aquariam,0,7,0,7
aquarium,8,58,48,114
aquarius,1,0,1,2
aquatic,4,0,2,6
aquatiq,1,0,0,1
aquazura,0,0,5,5
aquazurra,0,0,4,4
aquazurras,0,3,0,3
aquazzura,0,0,4,4
aquazzuras,0,0,5,5
aqueducts,0,0,2,2
aquel,0,4,0,4
aquela,0,2,0,2
aquelas,0,1,0,1
aquele,0,8,0,8
aqueles,0,6,0,6
aquella,0,1,0,1
aquellos,0,4,1,5
aqueous,0,1,0,1
aqui,0,77,20,97
aquifer,0,0,1,1
aquifers,0,0,1,1
aquiiii,0,8,0,8
aquila,0,0,1,1
aquino,0,0,12,12
aquipo,0,1,0,1
aquire,5,0,0,5
aquiriam,0,1,0,1
aquirium,0,1,0,1
aquisition,0,0,5,5
aquman,1,0,0,1
ar,17,74,57,148
ara,0,13,1,14
araab,0,0,1,1
arab,19,28,35,82
arabell,1,0,0,1
arabella,0,0,1,1
arabes,0,1,0,1
arabesca,0,4,0,4
arabfan,0,1,0,1
arabia,12,20,57,89
arabian,4,7,10,21
arabians,0,3,0,3
arabic,23,32,35,90
arabik,0,0,1,1
arabin,0,3,0,3
arabs,9,1,9,19
aracely,0,2,0,2
arachnaphobia,0,6,0,6
arachnaphobic,0,0,7,7
arachnid,0,1,3,4
arachnidphoia,0,1,0,1
arachnids,0,1,2,3
arachnophobia,5,11,14,30
arachnophobic,2,1,1,4
aracnifobia,0,0,1,1
arada,0,1,0,1
arafat,0,3,0,3
aragog,0,5,5,10
araign,0,0,9,9
araina,0,1,0,1
arakawa,0,0,1,1
araki,0,1,0,1
aram,0,3,5,8
aramanic,0,0,3,3
arambula,0,2,0,2
aramco,0,1,1,2
aran,0,7,0,7
arana,0,1,0,1
aranged,0,0,3,3
aranka,0,2,0,2
aranofsky,2,0,0,2
aransemennya,0,1,0,1
arapaima,8,4,25,37
arapaimas,0,4,0,4
araphnaphobes,0,0,2,2
araquanid,0,1,0,1
arastirdim,0,4,0,4
araw,0,0,1,1
arawak,0,0,3,3
arayla,0,3,0,3
arbeerdeen,1,0,0,1
arbeit,0,1,0,1
arbeloa,6,4,0,10
arbiter,1,0,3,4
arbitraje,0,8,0,8
arbitrarily,0,0,8,8
arbitrary,12,1,4,17
arbitration,5,0,0,5
arbitre,2,0,0,2
arbitri,0,3,0,3
arbitro,0,20,5,25
arbitros,0,10,0,10
arbitur,1,0,0,1
arbok,0,0,2,2
arbuckle,0,0,4,4
arby,0,3,3,6
arbys,0,0,1,1
arc,4,22,46,72
arca,2,6,9,17
arcaaaaaaaaaaaaaa,0,1,0,1
arcade,48,46,89,183
arcades,4,6,6,16
arcadia,0,0,2,2
arcaico,0,2,0,2
arcane,0,0,2,2
arcangel,0,8,0,8
arcapella,1,0,0,1
arcarde,0,1,0,1
arcee,1,0,0,1
arch,6,6,24,36
archaeological,0,0,1,1
archaeologists,0,0,2,2
archaeology,0,0,3,3
archaic,1,0,4,5
archangel,0,6,2,8
arched,1,0,1,2
archenemy,0,0,1,1
archeolodzy,3,0,0,3
archeological,0,0,2,2
archeologist,0,0,1,1
archeology,0,0,1,1
archer,14,7,8,29
archers,1,2,1,4
archery,2,8,5,15
archetype,4,3,7,14
archi,6,0,0,6
archie,33,61,75,169
archies,0,0,4,4
arching,0,3,0,3
architect,1,2,3,6
architects,1,1,7,9
architectural,0,0,5,5
architecture,0,3,11,14
architectures,5,1,0,6
archival,0,3,1,4
archive,2,1,3,6
archived,0,0,4,4
archives,0,3,5,8
archiving,0,0,1,1
archiw,0,9,0,9
archiwa,0,2,0,2
archmafia,0,1,0,1
archon,3,10,0,13
archonie,0,6,0,6
archs,0,0,1,1
archy,4,13,0,17
arcing,0,0,2,2
arcissistic,0,1,0,1
arclight,0,0,3,3
arcnes,0,1,0,1
arco,0,4,0,4
arcomra,0,4,0,4
arcs,1,0,9,10
arctic,4,17,20,41
arcy,0,1,1,2
arcydzie,0,2,0,2
ard,1,2,5,8
arda,0,1,0,1
ardell,1,0,1,2
arden,11,22,84,117
ardennn,0,2,0,2
ardennnnn,0,1,0,1
ardenrose,0,0,5,5
ardent,3,0,1,4
ardently,2,0,0,2
ardidos,0,4,0,4
ardiente,0,7,0,7
ardilla,5,0,0,5
ardol,0,1,0,1
ardunio,0,0,2,2
are,13902,9766,43034,66702
area,157,88,455,700
areana,0,6,0,6
areas,51,22,182,255
arecibo,0,4,0,4
aredelle,0,0,2,2
aree,4,0,0,4
areeee,0,0,1,1
areeeee,0,0,1,1
areeeeeeeee,0,0,1,1
arehg,0,0,3,3
areian,1,0,0,1
areil,0,0,6,6
areiphone,0,0,1,1
arek,0,3,0,3
aremos,0,0,4,4
aremv,0,0,1,1
aren,59,25,92,176
arena,31,31,41,103
arenal,0,0,1,1
arenas,0,1,1,2
arend,0,5,0,5
arendale,0,0,1,1
arendel,0,1,0,1
arendele,0,0,1,1
arendell,0,0,1,1
arendelle,0,3,1,4
arenormal,0,0,1,1
arenosa,0,2,0,2
arent,35,26,105,166
areola,0,4,1,5
arepa,0,1,0,1
arepas,0,1,2,3
arequipa,0,6,0,6
ares,0,1,5,6
aresehole,1,0,0,1
aresenalfantv,0,0,1,1
aresnal,6,0,0,6
aretha,0,2,1,3
areumdawo,0,0,1,1
arf,0,5,0,5
arfull,5,0,0,5
arg,3,1,0,4
argan,4,0,7,11
argensimios,0,5,0,5
argent,0,8,4,12
argentina,7,156,81,244
argentinas,1,0,0,1
argentine,0,6,1,7
argentineanstyle,0,1,0,1
argentinian,0,12,0,12
argentino,0,3,0,3
argentinos,0,18,0,18
argentinosarus,0,2,0,2
argento,0,0,1,1
arggg,0,0,1,1
arggghhhhh,0,0,2,2
arggh,1,0,0,1
argh,11,8,21,40
argha,0,0,1,1
arghh,0,0,1,1
arghhh,1,4,4,9
arghhhh,2,3,0,5
arghhhhhh,0,1,2,3
arghhhhhhh,0,1,0,1
arghhhhhhhh,0,0,1,1
arghhhhhhhhhhhhhhh,0,1,0,1
argile,2,0,0,2
argo,0,18,0,18
argoed,0,0,2,2
argon,0,0,3,3
argos,0,0,4,4
argre,0,0,1,1
argree,0,2,0,2
arguably,5,7,48,60
argue,45,9,91,145
argued,4,1,30,35
arguement,1,2,10,13
arguements,1,0,2,3
argues,0,1,3,4
arguin,1,0,0,1
arguing,34,8,69,111
argument,80,37,210,327
argumentation,1,0,0,1
argumentos,0,3,0,3
arguments,30,3,55,88
arh,0,3,0,3
arheologii,0,3,0,3
arhhhh,1,0,0,1
arhhhhhh,0,0,2,2
arhhhhhhh,0,1,0,1
arhn,0,15,1,16
ari,0,3,11,14
aria,9,32,89,130
ariah,0,3,0,3
arial,0,2,0,2
arian,0,3,0,3
ariana,15,82,60,157
arianaaa,0,1,0,1
arianator,0,1,0,1
arianatorsinceday,0,1,0,1
arianejul,0,1,0,1
arianespace,0,0,7,7
arianna,1,3,6,10
ariannas,0,0,1,1
arianne,1,0,0,1
ariba,0,0,1,1
aribba,0,1,0,1
aric,0,5,0,5
aricnids,0,0,1,1
arid,1,0,0,1
arie,0,0,4,4
ariel,26,49,64,139
ariels,1,8,1,10
ariendelle,0,0,2,2
aries,0,1,3,4
ariganda,0,1,0,1
arigato,0,2,0,2
arigatou,0,0,1,1
aright,1,0,0,1
arijit,0,1,0,1
arikadou,0,1,0,1
arilar,0,1,0,1
arili,0,3,0,3
ariman,0,1,0,1
arin,3,1,0,4
arinchini,0,0,2,2
arino,0,3,0,3
arious,0,0,2,2
arise,10,0,7,17
arisen,0,1,0,1
arises,0,0,1,1
arising,0,0,1,1
aristegui,0,0,4,4
aristocracy,0,0,4,4
aristocrat,0,7,1,8
aristocratic,0,1,0,1
aristokrasia,0,4,0,4
aristoteles,0,1,0,1
aristotelian,1,0,0,1
aristotle,4,0,19,23
ariststs,0,0,1,1
arithmetic,0,6,6,12
aritizia,0,4,0,4
aritzia,8,8,26,42
ariyana,0,0,1,1
arizona,3,15,50,68
arizonans,0,1,0,1
arizonians,0,1,1,2
arizons,0,0,1,1
arjona,0,3,0,3
ark,2,49,23,74
arka,0,3,0,3
arkada,0,9,0,9
arkadaslar,0,2,0,2
arkanda,0,4,0,4
arkansas,1,0,1,2
arkasi,0,13,0,13
arkham,5,2,0,7
arki,0,5,0,5
arkiyi,0,3,0,3
arlene,0,2,0,2
arlington,3,3,1,7
arlnods,0,1,0,1
arm,80,85,203,368
arma,1,20,10,31
armad,0,1,0,1
armada,5,25,14,44
armadeira,0,0,1,1
armageddon,2,1,20,23
armamento,0,1,0,1
arman,0,4,0,4
armand,4,4,22,30
armanda,0,0,12,12
armande,1,0,0,1
armani,7,0,2,9
armas,1,1,2,4
armature,1,0,6,7
armbar,0,6,7,13
armchair,3,1,5,9
arme,0,0,1,1
armed,37,14,50,101
armen,0,1,0,1
armenia,0,4,7,11
armenian,2,3,2,7
armenii,0,1,0,1
armerello,0,1,0,1
armidillo,1,0,0,1
armie,0,5,0,5
armies,6,9,16,31
armin,3,3,2,8
arming,1,1,1,3
armisen,0,1,0,1
armithan,1,0,0,1
armless,0,0,4,4
armmmmy,0,0,1,1
armonize,0,0,2,2
armor,6,13,45,64
armored,3,1,0,4
armors,0,0,6,6
armour,1,2,19,22
armpit,6,8,13,27
armpits,12,3,49,64
armrest,0,4,0,4
arms,118,145,338,601
armsgoals,0,6,0,6
armstrong,0,4,8,12
army,118,179,298,595
armyina,0,0,1,1
armyler,0,1,0,1
armys,7,51,55,113
armyss,0,1,0,1
armyssss,0,2,3,5
armyssssss,0,1,0,1
armyyy,1,4,0,5
armyyyyyy,0,1,0,1
armyyyyyyyy,0,2,0,2
armyyyyyyyyyyyy,0,1,0,1
armyyyyyyyyyyyyyyyyyyyyyyy,1,0,0,1
arn,1,2,1,4
arnald,2,0,1,3
arnalod,0,1,0,1
arne,0,2,0,2
arnell,0,0,3,3
arnh,0,3,0,3
arni,0,0,1,1
arnie,0,1,1,2
arno,1,0,3,4
arnoad,0,1,0,1
arnode,0,1,0,1
arnodl,1,0,0,1
arnol,2,1,0,3
arnold,280,629,150,1059
arnoldif,0,1,0,1
arnolds,0,8,1,9
arnoled,0,0,1,1
arnols,0,1,0,1
arnorld,0,1,0,1
arnt,12,12,16,40
aro,0,5,0,5
arod,0,0,1,1
arogog,0,1,0,1
aroin,0,0,4,4
arold,0,0,1,1
aroma,0,1,11,12
aromantic,2,0,0,2
aromatherapy,0,1,0,1
aromatic,0,2,0,2
aromatics,1,0,0,1
aron,0,2,2,4
aronofsky,26,7,37,70
aronold,1,1,0,2
aronosfky,0,0,1,1
aronosky,0,3,2,5
arose,17,1,0,18
arosuing,0,710,0,710
aroun,1,0,0,1
around,1245,609,3013,4867
arounder,0,0,1,1
arounds,0,2,5,7
aroundus,0,0,1,1
arouosed,0,0,1,1
arousal,0,0,2,2
arouse,0,0,1,1
aroused,2,0,15,17
arousing,0,2,3,5
arow,0,1,0,1
arows,0,0,3,3
arp,0,0,4,4
arquero,0,13,0,13
arquitectura,0,0,2,2
arr,0,12,3,15
arrabal,0,0,2,2
arran,0,0,7,7
arranborough,0,0,1,1
arrange,1,1,17,19
arranged,9,17,17,43
arrangement,4,2,68,74
arrangements,0,0,17,17
arranger,0,0,2,2
arranging,0,0,4,4
arrant,0,0,1,1
arras,5,0,0,5
arrasa,0,7,0,7
arrasaaa,0,1,0,1
arrasando,0,2,0,2
arrasar,0,4,0,4
arrasaram,0,1,0,1
arraso,0,2,0,2
arrasoooouuu,0,1,0,1
arrasou,0,2,0,2
array,2,0,8,10
arrazaaaaaa,0,1,0,1
arre,0,0,1,1
arreaga,0,0,1,1
arrear,0,2,0,2
arrebatado,0,3,0,3
arrecho,0,1,0,1
arrechos,0,1,0,1
arreglar,0,1,0,1
arreglen,0,4,0,4
arreglo,0,1,2,3
arreglos,0,2,0,2
arrengement,0,1,0,1
arrependi,0,1,0,1
arrepentido,0,1,0,1
arrepentiria,0,2,0,2
arrepiado,0,0,2,2
arrepientanse,0,18,0,18
arrepinti,0,1,0,1
arrepiou,0,1,0,1
arrest,29,0,26,55
arrested,39,29,37,105
arresting,1,0,0,1
arrests,3,2,3,8
arreter,1,2,2,5
arrgghh,0,0,1,1
arrgghhh,1,0,0,1
arrgh,0,0,4,4
arrhythmia,0,0,1,1
arri,0,1,4,5
arriana,1,0,0,1
arriba,0,16,1,17
arribaaa,0,1,0,1
arribacoame,0,1,0,1
arriere,0,0,3,3
arriety,0,0,1,1
arriiibaaaa,0,4,0,4
arris,0,4,3,7
arriva,0,3,4,7
arrival,14,26,46,86
arrivals,3,0,0,3
arrive,15,47,61,123
arrived,8,21,105,134
arrivederci,0,1,0,1
arriver,0,1,0,1
arrivera,0,0,1,1
arriveremo,0,1,0,1
arriverete,0,1,0,1
arrives,11,8,49,68
arriviamo,0,1,0,1
arriving,0,3,10,13
arrivo,0,1,0,1
arrogance,23,1,8,32
arrogancia,0,1,1,2
arrogancy,0,0,5,5
arrogant,75,21,44,140
arrogantly,4,0,0,4
arron,0,5,2,7
arronofsky,0,0,2,2
arroser,0,0,4,4
arround,0,0,9,9
arrow,71,53,105,229
arrowed,0,0,1,1
arrowheads,0,0,1,1
arrows,15,9,26,50
arrowverse,0,0,1,1
arroyo,1,0,5,6
arroz,0,0,2,2
arrrr,0,0,1,1
arrrrggghhh,0,0,1,1
arrrrrmmmmmmmmssssssssssss,0,7,0,7
arrrrrrival,0,1,0,1
arrrrteeeeeeeeee,0,2,0,2
arruinar,0,1,0,1
arryn,0,5,1,6
ars,0,3,2,5
arsch,0,8,0,8
arse,58,54,102,214
arseanal,0,6,0,6
arsed,1,5,12,18
arsehole,9,2,15,26
arseholes,9,4,11,24
arsen,0,10,0,10
arsenal,256,387,862,1505
arsenalfantv,9,25,1,35
arsenalfc,0,0,1,1
arsenals,16,1,6,23
arsene,9,22,58,89
arsenes,0,3,0,3
arsenic,1,0,0,1
arses,3,3,26,32
arsewipe,1,0,0,1
arsip,0,1,0,1
arsonist,0,0,2,2
art,146,378,926,1450
artdeco,0,0,1,1
arte,0,38,0,38
artefacts,2,1,3,6
artem,0,11,8,19
artemis,1,1,4,6
artemisa,0,1,0,1
arteries,0,3,1,4
arterton,1,1,0,2
artery,0,1,5,6
artest,1,1,1,3
artests,0,0,2,2
artful,0,0,7,7
arthas,0,0,4,4
arthouse,2,0,3,5
arthritic,1,0,0,1
arthritis,13,6,3,22
arthropods,1,0,2,3
arthur,13,21,59,93
artic,0,1,5,6
articels,0,0,1,1
artichokes,0,0,2,2
article,55,27,87,169
articles,30,6,40,76
articulate,13,8,92,113
articulated,4,0,12,16
articulates,3,0,1,4
articulating,0,0,6,6
artie,0,3,0,3
artifact,1,1,0,2
artifacting,4,0,4,8
artifacts,5,2,30,37
artifical,0,0,1,1
artifices,0,2,0,2
artificial,70,1,32,103
artificially,7,0,4,11
artige,0,10,0,10
artik,0,2,0,2
artilerry,0,1,0,1
artilharia,0,4,0,4
artillery,0,2,0,2
artisan,0,0,2,2
artist,133,150,1148,1431
artista,5,27,9,41
artistas,7,26,4,37
artistchd,3,0,0,3
artiste,0,0,4,4
artistes,1,0,0,1
artistic,17,0,111,128
artistical,0,0,1,1
artistically,0,0,17,17
artisticamente,0,1,0,1
artistique,0,0,3,3
artistry,0,2,44,46
artists,73,38,418,529
artitist,0,0,1,1
artlessly,0,0,2,2
arto,0,1,0,1
artois,0,0,1,1
artorias,0,2,0,2
artpop,0,1,0,1
artrs,0,0,1,1
arts,7,23,55,85
artstyle,0,0,3,3
artsy,15,15,31,61
arttt,0,1,0,1
arttttt,0,0,1,1
arturian,1,0,0,1
arturo,0,4,0,4
artwork,3,8,22,33
artworks,3,0,6,9
arty,3,0,7,10
aruba,0,0,5,5
arubaaaaaa,0,0,1,1
aruch,0,0,2,2
arundhati,0,0,1,1
arvostan,0,1,0,1
arw,0,0,1,1
arwing,0,0,1,1
ary,0,3,0,3
arya,26,18,10,54
aryaan,0,2,0,2
aryan,4,0,0,4
aryana,0,1,0,1
aryans,2,0,0,2
aryia,3,0,0,3
arys,0,2,0,2
arzujann,0,4,0,4
as,8181,3836,25948,37965
asa,28,0,0,28
asada,0,6,0,6
asadafadf,0,4,0,4
asahd,0,1,0,1
asain,3,4,0,7
asal,0,1,1,2
asanle,0,1,0,1
asante,0,0,3,3
asanti,0,1,0,1
asap,56,195,176,427
asapscience,7,23,14,44
asapscince,0,0,1,1
asareth,0,0,3,3
asassin,0,1,0,1
asawa,0,0,2,2
asbmly,0,0,1,1
asbout,0,0,1,1
asbusive,0,2,0,2
ascend,0,0,3,3
ascended,2,0,2,4
ascendido,0,5,0,5
ascending,0,1,0,1
ascensionhelp,0,0,2,2
ascensor,0,0,1,1
ascent,1,0,4,5
ascents,4,0,0,4
ascetically,0,1,0,1
ascetics,0,1,0,1
aschools,0,4,0,4
ascia,0,3,0,3
ascii,0,0,5,5
asco,0,47,3,50
ascoltarla,0,1,0,1
ascolto,0,7,0,7
ascooooo,0,1,0,1
ascribe,1,0,0,1
ascribed,0,0,1,1
asd,0,3,0,3
asda,4,12,43,59
asddghfhdkgfk,0,1,0,1
asdf,0,1,0,1
asdfg,1,0,0,1
asdfgh,0,1,0,1
asdfghjk,0,0,1,1
asdfghjkl,0,4,4,8
asdfjfjjdjhsbshshsb,1,0,0,1
asdfjuxulblk,0,0,1,1
asdghjkl,0,1,1,2
asdhfa,0,0,4,4
asdlkjsdflkjsdlkjdsf,0,4,0,4
ase,0,8,1,9
aselga,0,1,0,1
asen,0,2,0,2
asensio,0,2,0,2
aser,0,5,0,5
ases,0,1,0,1
asesinar,0,1,0,1
asesino,1,0,0,1
asesome,0,3,0,3
asesores,0,3,0,3
asesorios,0,5,0,5
asexual,3,8,14,25
asexuality,0,5,0,5
asexuals,0,1,0,1
asf,114,60,143,317
asfakbflskdl,0,1,0,1
asfaltarli,0,1,0,1
asff,3,1,3,7
asfff,1,0,0,1
asffff,1,0,1,2
asfffffffffffffff,0,0,5,5
asfghjkl,1,0,0,1
asfk,0,0,1,1
asfsfskgn,0,1,0,1
asfsgsbsj,0,0,1,1
asfuck,3,1,1,5
asg,0,0,2,2
asgard,2,0,9,11
asgore,1,0,0,1
ash,11,13,19,43
asha,0,0,1,1
ashamed,78,35,171,284
ashanti,0,2,3,5
ashaunti,0,2,0,2
ashcroft,0,0,6,6
ashely,0,2,0,2
ashens,0,3,0,3
asherah,13,0,0,13
asherite,0,0,3,3
asheron,0,0,3,3
ashes,9,1,21,31
asheville,0,0,5,5
ashfohdgaljg,0,2,0,2
ashiness,0,0,1,1
ashkenazi,2,3,1,6
ashlee,0,2,4,6
ashleeowl,0,0,2,2
ashleigh,2,10,8,20
ashley,9,10,104,123
ashleys,0,0,3,3
ashole,0,1,0,1
ashraf,7,5,42,54
ashten,0,0,1,1
ashtens,0,0,1,1
ashton,12,3,9,24
ashtray,0,2,0,2
ashwini,0,1,0,1
ashy,2,5,9,16
asi,4,93,8,105
asia,12,34,102,148
asiaartistaward,0,0,1,1
asiago,0,0,4,4
asian,144,149,315,608
asianjakepaul,1,0,0,1
asianlivesmattertoo,0,0,1,1
asianness,0,0,1,1
asians,46,23,59,128
asiansneedloveinamericatoo,0,0,1,1
asiatic,1,0,0,1
asiatucos,0,1,0,1
aside,37,20,184,241
asides,1,0,1,2
asieron,0,5,0,5
asies,0,1,0,1
asif,0,0,3,3
asifyvabskfjn,0,1,0,1
asimov,0,8,1,9
asincre,0,0,1,1
asinin,0,1,0,1
asinine,2,2,9,13
asique,0,1,0,1
asistencias,0,0,1,1
asiya,0,1,0,1
asjddhjssksallw,0,0,1,1
asjeblieft,0,3,0,3
ask,458,388,1388,2234
aska,0,1,0,1
asked,206,171,762,1139
askel,1,0,0,1
asker,0,1,0,1
askew,3,0,3,6
askgmbn,4,5,0,9
askin,0,0,5,5
asking,254,227,495,976
askingalexandria,0,1,0,1
askjane,0,6,0,6
askliza,1,0,0,1
askminutephysics,3,0,0,3
asks,42,56,82,180
asksuperwoman,0,0,1,1
askua,2,0,1,3
asl,14,11,50,75
asla,0,1,0,1
aslam,0,0,1,1
aslan,0,16,119,135
asland,0,0,4,4
asleep,76,60,175,311
asley,0,1,0,1
aslhansubasi,0,0,2,2
asli,0,3,0,3
aslong,1,0,0,1
asma,0,1,0,1
asme,1,0,0,1
asmire,0,0,4,4
asml,0,0,4,4
asmr,85,169,247,501
asmrdarling,0,1,0,1
asmrist,0,0,3,3
asmrs,0,0,2,2
asmrtist,1,3,6,10
asmrtists,3,0,4,7
asne,0,2,0,2
asneej,5,0,0,5
asnego,0,2,0,2
asnjasndbhj,0,0,1,1
aso,2,1,0,3
asoiaf,0,0,5,5
asolute,0,0,2,2
asom,0,2,0,2
asombra,0,1,0,1
asombrosa,0,2,0,2
asombrosas,0,0,1,1
asombroso,0,12,3,15
asombrosos,0,8,0,8
asome,0,1,1,2
asomm,0,1,0,1
asopotamadre,0,1,0,1
asos,19,7,46,72
asoy,0,1,0,1
asp,1,0,3,4
asparagus,17,15,11,43
aspartame,0,3,8,11
aspecialroom,0,0,1,1
aspect,27,14,135,176
aspectos,0,3,0,3
aspects,16,1,82,99
aspen,0,0,7,7
asperger,4,2,1,7
aspergers,0,1,0,1
asperges,1,0,0,1
asperse,0,0,2,2
aspersions,0,0,1,1
aspetta,0,1,0,1
aspetto,1,0,0,1
asphalt,0,0,1,1
asphyxiation,0,0,7,7
aspie,3,0,0,3
aspilicueta,0,3,0,3
aspirational,1,0,0,1
aspirations,5,0,8,13
aspire,6,6,54,66
aspires,0,0,9,9
aspirin,0,0,10,10
aspiring,1,1,47,49
aspirins,1,0,0,1
asprin,0,0,1,1
aspyn,0,0,5,5
asqgxpjhqxu,0,0,6,6
asquerosa,0,6,0,6
asquerosas,0,1,0,1
asquerosidad,0,2,0,2
asqueroso,0,11,1,12
asquito,0,1,0,1
ass,1354,745,1504,3603
assad,1,0,0,1
assailant,1,0,0,1
assalamualaikum,0,4,0,4
assaltado,0,1,0,1
assange,0,2,1,3
assante,4,4,19,27
assanti,1,1,1,3
assasian,1,1,0,2
assasin,0,13,6,19
assasinated,0,0,1,1
assasination,0,9,0,9
assasinations,0,0,4,4
assasins,0,5,0,5
assasinscreed,0,0,1,1
assassin,43,38,104,185
assassina,0,2,0,2
assassinate,15,1,18,34
assassinated,2,5,7,14
assassination,1,2,13,16
assassinations,4,0,4,8
assassins,19,14,41,74
assasssin,4,0,0,4
assault,82,21,179,282
assaulted,20,4,42,66
assaulter,4,0,1,5
assaulting,6,1,14,21
assaultists,0,0,1,1
assaults,14,1,38,53
assaultx,0,1,0,1
assay,1,0,0,1
assbiscuits,1,0,0,1
asscheek,0,1,0,1
assclown,1,0,1,2
asscrack,2,0,0,2
assed,6,0,15,21
asseeekkk,0,1,0,1
assemb,0,0,1,1
assemble,3,6,13,22
assembled,2,0,7,9
assembles,0,0,1,1
assembling,0,0,2,2
assembly,27,38,31,96
assemblys,0,0,2,2
assent,3,0,0,3
asser,0,0,1,1
assert,2,0,8,10
asserted,2,0,1,3
asserting,0,0,1,1
assertion,0,0,2,2
assertive,0,1,3,4
asses,71,16,49,136
assess,0,0,11,11
assessed,0,0,1,1
assessing,0,1,2,3
assessment,6,0,11,17
assests,0,0,5,5
asset,1,0,15,16
assets,6,0,17,23
assetto,0,0,3,3
assez,4,3,1,8
assffff,1,0,0,1
assgrab,0,7,0,7
assh,0,2,2,4
asshat,1,5,4,10
asshats,1,7,8,16
asshole,164,108,152,424
assholes,97,47,76,220
assholesstop,1,0,0,1
assholey,4,0,0,4
assid,0,1,0,1
assie,0,2,0,2
assign,9,0,6,15
assignation,0,0,2,2
assigned,0,1,10,11
assigning,7,0,5,12
assignment,3,52,32,87
assignments,6,0,5,11
assigns,0,2,0,2
assim,0,12,1,13
assimilate,1,0,5,6
assimilated,1,0,0,1
assimilating,0,0,1,1
assinate,0,0,1,1
assination,0,0,1,1
assing,3,0,0,3
assist,26,19,26,71
assistam,0,0,3,3
assistance,7,6,35,48
assistant,17,11,38,66
assistants,0,0,2,2
assiste,0,6,0,6
assisted,10,1,8,19
assistente,0,3,0,3
assisti,0,3,0,3
assistindo,0,1,0,1
assisting,1,0,0,1
assistir,0,4,0,4
assistirem,0,5,0,5
assistive,0,0,8,8
assists,4,4,15,23
assite,0,2,0,2
asskissing,1,0,0,1
assless,0,0,1,1
asslickers,0,1,0,1
assload,0,1,0,1
assmer,0,1,0,1
associate,10,6,54,70
associated,35,1,50,86
associates,3,7,8,18
associating,0,7,9,16
association,9,2,31,42
associations,0,0,11,11
associative,0,0,5,5
assolutamente,0,2,0,2
assonance,0,0,1,1
assorted,2,1,1,4
assortment,0,3,4,7
assovia,0,3,0,3
asss,0,1,1,2
assss,7,0,0,7
asssss,3,8,0,11
asssssss,0,0,1,1
asssssssss,1,1,0,2
asssssssssss,1,0,0,1
asssssssssssss,0,1,0,1
asst,1,0,0,1
assthetickz,0,1,0,1
asstronots,0,0,2,2
assualt,0,1,5,6
assualter,2,0,0,2
assult,0,0,5,5
assulted,0,0,1,1
assume,88,47,158,293
assumed,17,14,61,92
assumer,0,2,0,2
assumes,2,1,8,11
assumin,0,1,0,1
assuming,51,38,100,189
assumption,21,2,25,48
assumptions,12,2,38,52
assumtions,0,0,1,1
assurance,8,0,2,10
assure,13,8,24,45
assured,0,0,7,7
assuredly,14,0,5,19
assustada,0,1,0,1
assustadora,0,4,0,4
asswipe,1,2,1,4
assworm,0,2,0,2
assymetrical,0,0,1,1
asta,0,2,0,2
astaire,0,0,2,2
astaxanthin,0,0,1,1
asteblieft,0,1,0,1
asteroid,1,2,22,25
asteroids,1,0,7,8
asthetic,0,9,0,9
asthetically,0,1,0,1
asthma,5,21,23,49
asthmatic,0,1,2,3
astia,0,2,0,2
astigmatism,0,0,3,3
astilar,0,6,0,6
astin,0,1,1,2
astley,0,13,0,13
aston,7,4,39,50
astonashing,0,0,1,1
astonish,0,0,2,2
astonished,2,0,7,9
astonishes,0,0,5,5
astonishing,0,0,31,31
astonishingly,0,0,1,1
astons,0,0,2,2
astor,0,0,3,3
astounded,1,3,2,6
astounding,0,0,28,28
astoundingly,2,0,0,2
astounds,1,1,10,12
astral,2,4,8,14
astray,0,0,7,7
astringent,0,0,2,2
astro,3,7,4,14
astroids,0,0,1,1
astrological,1,0,1,2
astrologically,0,0,1,1
astrology,5,0,4,9
astronaght,0,0,4,4
astronaughts,0,0,4,4
astronaut,10,7,16,33
astronauts,0,0,12,12
astronomer,0,0,9,9
astronomical,1,1,8,10
astronomy,2,0,3,5
astronout,0,0,1,1
astrophy,0,0,2,2
astrophysicist,3,0,1,4
astrophysics,0,1,2,3
astros,0,1,0,1
astroworld,0,4,0,4
asturias,0,0,1,1
astute,0,0,5,5
astuto,0,1,0,1
astutos,0,0,2,2
asu,0,2,0,2
asuka,25,42,49,116
asukaaaa,0,1,0,1
asukaaaaaaaaaaaaaaaaa,0,1,0,1
asukaforuniversalchampion,0,1,0,1
asukalina,1,5,0,6
asukas,0,1,0,1
asukasgonnakillyou,0,1,0,1
asulted,0,0,1,1
asunas,0,1,0,1
asuntosinternossabianqueleibanflorecerelcolo,0,1,0,1
asus,6,17,11,34
asusta,0,1,0,1
asustan,0,2,0,2
asuste,0,2,0,2
asutralian,1,0,0,1
asuu,0,7,0,7
asvab,1,0,0,1
aswel,0,0,6,6
aswell,34,16,99,149
aswellasconjointinsum,0,1,0,1
aswm,0,2,0,2
aswum,0,0,1,1
asyik,0,4,0,4
asylum,30,7,12,49
asylums,2,0,3,5
asymetric,0,0,2,2
asymmetry,0,0,11,11
asypn,0,2,0,2
aszczy,0,2,0,2
asztalra,0,1,0,1
at,8823,7859,22222,38904
ata,0,1,0,1
atacante,0,4,0,4
atacar,0,3,0,3
atacc,0,6,1,7
atack,0,7,6,13
atacked,0,1,0,1
atacks,0,0,1,1
atados,0,5,0,5
ataja,0,2,0,2
atak,0,0,1,1
atamanuiks,1,0,0,1
atan,0,1,0,1
atanlara,0,1,0,1
ataque,0,14,0,14
ataques,0,1,2,3
atari,1,1,8,10
atarsan,0,1,0,1
atas,0,0,1,1
atat,0,2,0,2
atats,0,2,0,2
atau,0,1,3,4
atavistic,0,0,2,2
ataxia,1,0,0,1
atb,0,0,2,2
atc,2,1,1,4
atch,0,0,1,1
atcha,0,0,6,6
atctually,0,3,0,3
atd,0,7,2,9
ate,102,168,258,528
ateam,0,6,0,6
atemorizarte,0,2,0,2
atemporal,0,4,0,4
atemporality,0,0,1,1
aten,0,4,0,4
atenci,0,3,0,3
atencion,0,4,0,4
atendieron,0,2,0,2
atention,0,2,3,5
atento,0,2,0,2
atentos,0,5,0,5
atenttion,0,0,4,4
aterrizaje,0,1,0,1
aterrizar,0,0,2,2
atf,1,0,9,10
atfirst,0,0,2,2
atgib,0,0,2,2
ath,0,0,3,3
atheism,4,17,7,28
atheist,47,9,65,121
atheistic,0,0,2,2
atheistically,0,0,2,2
atheists,13,3,15,31
athems,1,0,0,1
athena,0,3,0,3
athenian,0,0,10,10
athens,0,2,15,17
atherosclerosis,0,0,1,1
atherton,0,3,0,3
athertons,0,0,2,2
athf,0,2,0,2
athiesm,1,0,0,1
athiest,16,1,3,20
athiests,4,0,0,4
athina,0,0,3,3
athleisure,0,0,6,6
athlete,15,4,48,67
athletes,39,10,79,128
athletic,4,8,26,38
athleticism,0,3,4,7
athletico,17,5,20,42
athletics,4,0,0,4
athlets,0,0,3,3
athlone,0,7,0,7
athmosfere,0,0,4,4
athmosphere,3,0,0,3
athmospheric,0,0,1,1
atholl,0,1,0,1
athrhur,0,1,0,1
athsmatic,0,1,0,1
athstetic,0,1,0,1
ati,0,5,0,5
atic,0,1,0,1
atics,4,0,0,4
aticus,0,0,1,1
atif,0,0,1,1
atittion,0,3,0,3
atitude,0,5,0,5
atkieco,0,0,4,4
atkin,0,0,2,2
atkins,0,0,4,4
atl,0,37,20,57
atlanta,5,21,39,65
atlantean,1,0,0,1
atlantic,9,16,21,46
atlantis,1,25,11,37
atlas,4,4,6,14
atlast,1,0,2,3
atlease,0,7,2,9
atleast,31,38,105,174
atleta,0,6,0,6
atletcio,0,0,3,3
atleti,1,54,12,67
atletico,17,42,32,91
atleticomadridenglish,0,6,0,6
atletiko,0,1,0,1
atlololol,0,1,0,1
atm,44,28,238,310
atmicam,0,1,0,1
atmis,0,1,0,1
atmos,0,0,4,4
atmoshphere,1,0,0,1
atmosphere,30,21,132,183
atmospheres,0,0,3,3
atmospheric,3,3,41,47
atmozfearz,0,1,0,1
atnold,0,1,0,1
atnt,0,2,0,2
ato,0,1,4,5
atodo,0,1,0,1
atom,21,17,21,59
atomega,0,1,0,1
atomic,14,17,46,77
atomium,0,0,1,1
atomized,0,0,1,1
atoms,7,21,41,69
atone,0,0,1,1
atoning,0,0,3,3
atop,0,1,2,3
atores,0,0,5,5
atos,6,0,0,6
atounbourgh,0,0,2,2
atp,1,0,1,2
atr,0,6,0,6
atracador,0,4,0,4
atracted,0,2,0,2
atractivo,1,0,0,1
atrapalha,0,4,0,4
atrapante,0,1,0,1
atras,0,1,4,5
atrevo,0,1,0,1
atripnto,0,1,0,1
atrocement,0,1,0,1
atrocious,34,0,8,42
atrocities,13,0,7,20
atrocity,4,1,8,13
atrodo,0,1,0,1
atroll,0,0,1,1
atrrezijale,0,1,0,1
atry,0,4,0,4
ats,0,0,1,1
atst,0,2,0,2
atsts,0,1,0,1
atsugiri,0,0,4,4
atsume,0,0,4,4
att,0,5,6,11
atta,0,4,1,5
attabilirler,0,1,0,1
attaboy,0,0,1,1
attac,2,5,8,15
attacc,0,5,16,21
attacca,0,1,0,1
attach,6,4,48,58
attache,0,0,1,1
attached,22,27,99,148
attaches,3,0,6,9
attaching,0,0,9,9
attachment,3,1,25,29
attachments,3,1,12,16
attack,310,247,564,1121
attacked,58,48,113,219
attacker,1,8,16,25
attackers,9,0,18,27
attackin,0,0,1,1
attacking,51,19,137,207
attacks,168,57,221,446
attain,0,0,11,11
attainable,0,0,7,7
attained,0,0,7,7
attaining,0,0,2,2
attainment,0,0,2,2
attains,1,0,0,1
attak,1,0,0,1
attaque,0,4,4,8
attatch,0,0,4,4
attatched,0,0,6,6
attaway,1,0,0,1
attayway,1,0,0,1
attcking,0,0,1,1
atteindre,0,6,0,6
attemping,0,0,7,7
attempt,97,33,135,265
attempted,3,5,55,63
attempting,21,16,60,97
attempts,16,10,40,66
atten,0,4,0,4
attenborough,5,29,35,69
attenbough,0,2,0,2
attenbrough,0,0,1,1
attenchion,0,0,1,1
attencion,1,0,0,1
attend,20,27,59,106
attendance,11,12,7,30
attendant,1,0,13,14
attendants,0,0,1,1
attended,14,0,28,42
attendees,1,0,2,3
attendent,0,4,0,4
attendez,0,1,0,1
attending,13,3,39,55
attendre,0,5,0,5
attends,6,1,3,10
attenta,0,2,0,2
attenti,1,3,0,4
attention,272,149,622,1043
attentionnnn,0,0,2,2
attentissimi,0,2,0,2
attentive,1,0,10,11
attentively,0,0,1,1
attenuates,0,0,1,1
attest,0,0,1,1
attested,0,0,1,1
attesting,6,0,0,6
attic,9,8,42,59
attica,0,1,0,1
attics,0,0,1,1
atticus,3,3,48,54
attik,0,0,3,3
attiontion,3,0,0,3
attire,2,0,4,6
attires,0,0,1,1
attit,0,0,1,1
attitude,115,21,291,427
attitudes,4,0,11,15
attiva,0,1,0,1
attn,1,0,0,1
attorney,3,2,8,13
attorneys,1,0,0,1
attourney,0,0,5,5
attract,22,1,69,92
attracted,7,20,55,82
attracting,2,0,9,11
attraction,0,11,39,50
attractions,0,0,7,7
attractive,26,1,256,283
attractiveness,0,4,1,5
attracts,2,4,13,19
attrated,0,0,1,1
attribute,10,2,10,22
attributed,1,6,1,8
attributes,0,0,7,7
attributing,0,0,4,4
attribution,2,0,1,3
attrition,0,0,2,2
attrocious,0,0,1,1
attt,0,2,0,2
atttt,0,14,0,14
attttt,0,6,0,6
attttttt,1,2,2,5
attwood,0,1,2,3
atua,0,0,2,2
atually,0,0,2,2
atualmente,0,4,0,4
atuar,0,1,0,1
atunes,0,2,0,2
atuotune,1,0,0,1
atur,0,3,0,3
atura,0,7,0,7
atv,4,0,3,7
atw,0,0,6,6
atwiony,0,2,0,2
atwood,7,11,26,44
atwoods,0,1,1,2
atwt,0,6,0,6
aty,0,0,1,1
atypical,0,1,33,34
au,19,91,49,159
aua,0,0,1,1
aub,0,3,2,5
aubameyang,0,0,16,16
aubree,0,0,2,2
aubreenovaleecleoblairrosalind,0,0,1,1
aubrey,1,6,12,19
aubrie,0,1,1,2
aubscribed,0,0,1,1
auburn,3,1,12,16
auch,2,52,2,56
auckland,3,0,2,5
aucoin,0,4,6,10
auction,0,6,10,16
auctioneer,0,1,2,3
aucun,0,9,1,10
aucune,0,4,2,6
aud,0,3,4,7
audaciously,4,0,0,4
audacity,11,2,12,25
aude,1,0,0,1
audeze,0,0,2,2
audi,1,9,22,32
audiance,1,0,2,3
audible,9,11,53,73
audibly,6,3,1,10
audience,170,97,395,662
audiences,22,5,31,58
audiencias,0,3,0,3
audio,113,108,322,543
audiobook,0,1,21,22
audiobooks,4,0,4,8
audioded,0,0,1,1
audiofile,0,0,1,1
audiofiles,0,0,4,4
audiofool,0,0,2,2
audiofooles,0,0,3,3
audioless,0,1,0,1
audion,0,0,1,1
audiophile,7,0,26,33
audiophiles,0,1,20,21
audios,4,0,2,6
audiovisual,0,4,1,5
audit,0,0,5,5
audited,0,0,2,2
audition,7,17,36,60
auditioned,1,0,9,10
auditioning,0,1,5,6
auditions,0,4,5,9
auditorium,0,0,3,3
auditory,0,0,12,12
audits,0,0,2,2
audra,0,0,6,6
audrey,2,0,6,8
auduence,5,0,0,5
aue,0,2,0,2
auerbach,0,0,1,1
auf,2,24,6,32
aufgefallen,0,10,0,10
aufgrund,1,0,0,1
aufnahmen,0,1,0,1
aufrey,0,0,1,1
aufrufe,0,1,0,1
aufs,0,5,0,5
aufsetzen,1,0,0,1
auftaucht,0,1,0,1
aufweidersehn,0,0,1,1
aug,0,4,9,13
augenfarben,0,2,0,2
augh,1,0,5,6
aught,0,3,0,3
augment,0,1,0,1
augmentation,1,0,1,2
augmentations,0,1,0,1
augmented,4,0,2,6
augmenter,0,3,0,3
augments,0,0,6,6
augs,0,0,5,5
augtellez,0,0,2,2
august,43,22,139,204
augustin,0,3,0,3
augustus,0,3,0,3
auh,0,1,0,1
aujourd,0,2,0,2
aul,0,1,0,1
auld,0,3,4,7
aulgum,0,1,0,1
aumenta,0,5,0,5
aumentando,0,1,0,1
aumoin,0,0,1,1
aun,0,18,2,20
aunque,2,49,1,52
aunt,21,37,87,145
auntfreckle,0,4,0,4
auntie,2,36,34,72
auntieeeeeee,0,1,0,1
aunties,0,0,8,8
aunts,3,4,9,16
aunty,6,13,21,40
aupa,0,18,0,18
aupport,0,0,1,1
auqaman,0,0,3,3
auquaponics,0,1,0,1
aur,0,1,0,1
aura,8,5,28,41
aurai,0,5,0,5
auraient,4,0,0,4
aurais,0,6,0,6
aurait,1,5,0,6
aural,0,0,4,4
auralnauts,4,0,7,11
auras,0,0,1,1
auredy,1,0,0,1
aurelius,0,0,1,1
aurier,0,4,10,14
auriez,1,2,0,3
aurora,4,1,11,16
aurrinar,0,1,0,1
aurther,0,0,1,1
aurthur,0,0,1,1
auruer,0,2,0,2
aus,4,16,33,53
auschwitz,1,0,1,2
ausencia,0,5,0,5
ausencio,0,2,0,2
ausgemacht,1,0,0,1
ausgerechnet,0,1,0,1
aushaushaus,0,1,0,1
ausilio,0,3,0,3
ausis,0,1,0,1
auska,0,2,0,2
auslan,0,0,10,10
ausome,0,0,3,3
auspicious,0,0,1,1
ausrede,0,1,0,1
aussi,0,38,7,45
aussie,16,59,64,139
aussies,12,8,16,36
ausssstinnnn,0,0,1,1
aust,0,1,0,1
austailian,1,0,0,1
austarlian,0,1,0,1
austen,0,0,16,16
austere,0,0,1,1
austerity,0,3,5,8
austero,0,1,0,1
austie,0,0,6,6
austiiiin,0,1,0,1
austin,52,210,168,430
austinconnel,0,0,1,1
austinnn,0,2,0,2
austinnnn,0,2,0,2
austinnnnnnnnnn,0,0,1,1
austino,0,0,1,1
austins,1,2,2,5
austraila,0,1,0,1
austrailia,0,2,2,4
australia,105,249,529,883
australian,44,79,173,296
australianness,0,0,3,3
australians,13,16,20,49
australias,0,0,1,1
austria,11,8,39,58
austrian,0,0,12,12
austrila,0,1,0,1
austrlian,0,1,0,1
aut,0,10,0,10
autake,0,3,0,3
autant,0,8,0,8
auteticos,6,0,0,6
authentic,8,2,264,274
authentically,0,0,3,3
authenticity,1,1,31,33
authenticly,0,0,2,2
authethic,0,0,2,2
autheticity,0,0,5,5
author,15,23,43,81
authorise,2,0,0,2
authorised,1,0,0,1
authoritah,0,1,0,1
authoritarian,0,6,2,8
authoritarians,0,1,0,1
authorities,8,2,24,34
authority,38,10,41,89
authorization,0,0,3,3
authorize,0,0,1,1
authors,9,1,30,40
autiful,0,1,0,1
autin,0,0,1,1
autis,2,0,0,2
autisim,0,2,0,2
autism,17,40,39,96
autismn,0,1,0,1
autist,1,9,8,18
autistic,65,1,52,118
autistically,1,0,1,2
autisticly,2,0,0,2
autmun,0,0,2,2
auto,65,70,246,381
autobahns,0,0,1,1
autobiograf,2,0,0,2
autobiographical,2,0,0,2
autobiography,0,5,5,10
autobots,0,1,0,1
autocad,0,3,0,3
autocorrect,3,3,2,8
autocorrected,0,0,1,1
autocorrects,1,0,0,1
autodesk,0,0,2,2
autodidact,0,2,0,2
autofill,0,1,0,1
autofocus,0,3,3,6
autogol,0,10,0,10
autograph,7,6,7,20
autographs,7,1,5,13
autoimmune,3,0,3,6
autom,0,4,0,4
automata,1,3,0,4
automate,3,0,3,6
automated,5,3,8,16
automatic,37,40,109,186
automatica,0,3,3,6
automatically,39,16,116,171
automaticly,0,0,1,1
automatics,2,0,6,8
automation,0,0,13,13
automatisch,0,1,0,1
automaton,0,0,1,1
automattic,1,0,0,1
automne,0,14,3,17
automobile,0,5,0,5
automobiles,0,9,0,9
automotive,0,2,2,4
autone,1,0,0,1
autonomie,0,5,0,5
autonomous,0,0,6,6
autopilot,3,3,4,10
autopistol,0,0,5,5
autoplay,1,5,1,7
autopsies,5,0,0,5
autopsy,0,4,2,6
autoque,0,0,3,3
autor,0,3,0,3
autora,1,0,0,1
autore,0,1,0,1
autoridad,2,0,0,2
autorizada,0,4,0,4
autos,6,2,2,10
autotone,0,0,1,1
autotune,24,32,46,102
autotuned,3,6,12,21
autotunes,1,1,0,2
autozone,0,4,3,7
autralia,0,0,1,1
autre,0,1,1,2
autres,0,0,6,6
autsumnsnnsnn,0,3,0,3
autum,0,5,0,5
autumazing,0,2,0,2
autumn,71,151,606,828
autumnal,8,33,102,143
autumnle,0,0,2,2
autumnnnn,0,0,5,5
autumny,0,0,16,16
autune,0,0,1,1
autunno,0,3,0,3
auuuu,0,2,0,2
auuuustin,0,1,0,1
auuuuuuu,0,0,2,2
aux,2,16,4,22
auxbekzusha,0,0,1,1
auxiliary,0,4,1,5
auxilio,0,1,0,1
auxy,0,0,1,1
auzzie,0,1,0,1
av,0,5,10,15
ava,4,11,22,37
avacado,0,4,4,8
avacadoo,0,0,6,6
avacadooo,0,1,0,1
avacadorick,0,1,0,1
avacados,0,0,3,3
avacastillo,0,0,3,3
avacodo,0,1,0,1
avacoto,0,1,0,1
avada,0,1,0,1
avaible,0,2,2,4
avaibllele,0,1,0,1
avail,2,5,8,15
availability,1,0,8,9
available,135,14,657,806
availaible,6,0,0,6
availbal,0,1,0,1
avais,0,5,0,5
avait,0,0,1,1
avaitio,0,0,1,1
avalaible,0,0,4,4
avalanche,3,2,5,10
avaliable,0,1,2,3
avallone,0,0,1,1
avalon,0,3,11,14
avance,0,0,1,1
avant,7,6,7,20
avante,0,1,6,7
avanti,1,11,1,13
avantipalmeiras,0,4,0,4
avanzaba,0,0,2,2
avanzar,0,6,0,6
avarage,0,0,4,4
avarice,3,0,0,3
avaricia,0,1,0,1
avatar,15,42,42,99
avatars,2,3,0,5
avater,0,1,0,1
avay,1,0,0,1
ave,0,15,32,47
avec,4,55,26,85
aveda,0,0,10,10
aveeno,0,5,5,10
aveis,0,0,1,1
avel,0,1,0,1
avelino,0,0,1,1
avelyns,4,0,0,4
avendo,0,1,0,1
avene,1,0,0,1
avenge,1,1,0,2
avenged,0,3,6,9
avenger,0,6,5,11
avengers,8,33,53,94
avenging,0,0,2,2
avent,0,0,3,3
aventado,0,2,0,2
aventador,3,4,1,8
avenue,2,1,5,8
avenues,0,0,6,6
aver,0,2,1,3
average,284,1,380,665
averaged,2,0,2,4
averages,6,0,10,16
averaging,0,6,0,6
avere,0,10,0,10
avergonzado,0,4,0,4
averlo,0,1,0,1
averse,0,0,2,2
aversion,4,0,4,8
aversions,0,0,7,7
averted,0,0,1,1
avery,2,1,11,14
averything,0,0,4,4
avesome,0,0,3,3
avesse,0,2,0,2
aveszt,0,1,0,1
avete,1,3,0,4
aveugl,0,1,0,1
avevo,0,2,0,2
avey,0,0,3,3
avez,0,5,7,12
avg,0,1,9,10
avgas,0,0,1,1
avgeek,0,0,3,3
avgn,17,30,50,97
avi,1,10,6,17
avia,0,3,0,3
avian,0,0,1,1
avianne,1,0,0,1
aviary,0,0,2,2
aviation,4,7,25,36
aviator,0,0,73,73
aviators,0,1,0,1
avicci,1,2,3,6
aviccii,1,1,0,2
avici,0,3,3,6
avicii,25,141,80,246
aviciians,0,0,1,1
aviciii,0,2,1,3
aviciiiiiii,0,1,0,1
aviciis,0,2,0,2
aviciiup,2,0,0,2
avid,3,0,31,34
avidfanhere,0,0,2,2
avidly,0,0,2,2
avidro,0,1,0,1
aviicii,0,1,0,1
aviles,0,5,0,5
avincii,0,1,0,1
avionics,0,0,1,1
avis,0,4,1,5
avisar,0,4,0,4
avise,0,4,1,5
aviso,0,6,0,6
aviv,2,0,1,3
avking,0,2,0,2
avo,6,0,2,8
avocade,0,0,1,1
avocado,4,30,45,79
avocados,7,11,11,29
avocahdoh,0,0,2,2
avogadro,0,0,5,5
avoid,105,60,200,365
avoidable,1,0,0,1
avoided,23,2,40,65
avoidence,0,0,5,5
avoiding,16,3,58,77
avoids,1,1,11,13
avoine,0,3,0,3
avoir,1,21,15,37
avon,4,5,2,11
avond,1,0,0,1
avp,1,2,0,3
avr,0,5,0,5
avrebbe,0,2,0,2
avrei,0,1,0,1
avremmo,0,0,1,1
avril,2,5,2,9
avro,0,2,0,2
avrupada,0,2,0,2
avrupal,0,0,1,1
avsdfn,3,0,0,3
avsome,0,1,0,1
avuncular,0,0,5,5
avuto,0,6,0,6
avverrage,0,0,4,4
aw,61,157,388,606
awa,0,2,4,6
awaaaay,0,0,1,1
awaayy,0,4,0,4
await,1,1,10,12
awaited,2,2,11,15
awaiting,3,3,20,26
awaits,1,1,9,11
awake,25,23,73,121
awaken,0,3,16,19
awakened,6,3,11,20
awakening,8,4,26,38
awakens,11,16,45,72
awaking,0,1,0,1
awal,0,0,3,3
awalt,0,1,0,1
awan,0,2,0,2
awaraq,0,0,3,3
award,32,59,222,313
awarded,6,1,11,18
awarding,5,0,7,12
awards,11,47,99,157
aware,99,0,308,407
awareness,42,21,192,255
awarness,0,0,2,2
away,1129,717,2901,4747
awayme,1,0,0,1
aways,3,2,17,22
awayyyy,0,1,0,1
awayyyyy,1,0,0,1
awdawdawdawd,0,1,0,1
awdin,0,3,0,3
awe,21,49,141,211
aweasome,0,0,1,1
awebo,0,1,0,1
awed,0,0,7,7
awee,1,1,2,4
aweee,2,1,12,15
aweeee,0,8,3,11
aweeeee,0,0,1,1
aweeeeesomely,0,1,0,1
aweek,0,1,0,1
aweesomeoo,0,4,0,4
aweestexn,0,1,0,1
aweful,1,7,4,12
aweome,0,4,0,4
aweomse,0,4,0,4
aweosme,0,2,6,8
awere,0,0,7,7
awersome,0,1,0,1
awes,0,0,2,2
awesom,0,3,2,5
awesome,60,10,7775,7845
awesomeawesomeawesome,0,3,0,3
awesomee,0,10,1,11
awesomeee,1,1,1,3
awesomeeee,0,4,1,5
awesomeeeeeeee,0,2,2,4
awesomeeeeeeeeeeeeeeeeeeeeeeeeeeeeeeeeeeeeeeeeee,0,0,1,1
awesomegays,1,0,1,2
awesomely,0,0,12,12
awesomeness,6,28,52,86
awesomeplease,0,1,0,1
awesomer,0,0,4,4
awesomest,0,0,5,5
awesometacular,2,8,8,18
awesommmmmmmmmmmmeeeee,0,1,0,1
awesomtacular,0,1,0,1
awesomtsuclar,2,0,0,2
awesone,0,2,0,2
awesooooome,0,5,0,5
awessometacur,0,1,0,1
awesssssooommmmeee,1,0,0,1
awestruck,0,2,1,3
awesum,0,1,0,1
awezome,0,0,1,1
awf,6,0,0,6
awful,802,9,179,990
awfull,3,0,0,3
awfullest,0,0,2,2
awfully,10,3,16,29
awge,0,0,1,1
awgeshit,0,1,0,1
awgghhhh,0,0,1,1
awgqw,3,0,0,3
awh,10,4,24,38
awhh,0,1,3,4
awhhh,0,0,2,2
awhhhh,0,2,3,5
awhile,23,18,163,204
awiasz,0,3,0,3
awig,0,1,0,1
awiiiieeeee,0,1,0,1
awk,0,2,7,9
awkardness,0,1,0,1
awks,1,2,0,3
awkwafina,0,1,0,1
awkward,483,12,145,640
awkwardly,23,7,8,38
awkwardness,4,6,12,22
awkwarrrddd,0,1,0,1
awl,0,5,0,5
awls,0,1,0,1
awn,0,0,4,4
awnser,0,3,2,5
awnsering,0,2,0,2
awnsers,0,4,0,4
awobie,1,0,0,1
awoke,0,2,0,2
awoken,1,5,1,7
awol,0,5,37,42
awolnation,7,4,53,64
awosome,0,2,5,7
awp,0,1,0,1
awreness,0,1,0,1
awry,0,8,5,13
awsame,0,0,3,3
awseom,0,1,0,1
awsm,1,4,0,5
awsom,0,2,0,2
awsome,18,102,101,221
awsomeeeeeeee,0,0,1,1
awsometacular,0,3,0,3
awsooommmeee,0,1,0,1
awsooooooooome,0,0,2,2
awss,0,1,0,1
awssome,0,1,0,1
awsum,0,0,1,1
awtch,0,1,0,1
awtft,0,0,4,4
awuhh,0,0,1,1
awuuhhhhh,0,0,1,1
aww,47,1,634,682
awwacarkandong,0,1,0,1
awwe,1,0,6,7
awweee,0,0,1,1
awweh,0,0,4,4
awwewe,0,0,1,1
awwf,0,2,0,2
awwh,0,1,3,4
awwhh,0,0,1,1
awwuubbabbabaa,0,1,0,1
awww,2,0,136,138
awwwe,0,5,1,6
awwwesome,0,1,0,1
awwwh,0,4,0,4
awwwhh,4,0,0,4
awwww,1,0,37,38
awwwww,0,3,0,3
awwwwwe,0,1,0,1
awwwwwwww,0,1,0,1
awwwwwwwww,0,1,1,2
awwwwwwwwwww,0,4,0,4
awwwwwwwwwwwww,0,0,5,5
awwwwwwwwwwwwww,0,1,0,1
awwwwwwwwwwwwwww,0,0,1,1
awwwwwwwwwwwwwwwwwwwwwwwwwwwwwwwwwwwwwwwwwwwwwwwwwwwwwwwwwwwwwwwwwwwwwwwwwwwwwwwwwn,0,1,0,1
awxm,0,5,0,5
ax,4,1,5,10
axa,0,0,1,1
axanar,0,1,0,1
axdick,0,0,2,2
axe,3,6,15,24
axed,1,0,0,1
axel,10,6,16,32
axes,1,1,1,3
axethemonachy,0,1,0,1
axhole,0,0,2,2
axially,0,0,1,1
axiety,0,0,1,1
axioms,1,0,4,5
axis,4,6,21,31
axl,41,41,143,225
axle,10,2,18,30
axles,0,1,0,1
axls,0,1,0,1
axolotls,0,1,0,1
axon,0,0,3,3
axonal,0,0,4,4
axyridis,0,1,0,1
ay,15,90,89,194
aya,0,10,6,16
ayaaaaa,0,1,0,1
ayah,0,5,0,5
ayahuasca,0,1,1,2
ayala,0,0,6,6
ayam,0,0,1,1
ayannaallen,0,0,3,3
ayant,4,0,0,4
ayayayayayaya,0,0,1,1
ayce,0,1,0,1
ayd,0,3,0,3
aydinpaladin,0,0,1,1
aye,25,105,23,153
ayee,0,24,6,30
ayeee,2,18,3,23
ayeeee,0,11,1,12
ayeeeee,3,5,0,8
ayeeeeee,0,1,0,1
ayeeeeeee,0,1,0,1
ayeeeeeeee,0,3,0,3
ayeeeeeeeeeeeeeeeeeeeeeeeeeeeeeeeeeeeeeeeeeeeeeeeeeeeeeeeeee,0,1,0,1
ayeeeiiii,0,1,0,1
ayer,0,5,0,5
ayes,0,0,1,1
ayesha,13,32,78,123
ayew,0,0,12,12
aygs,0,2,0,2
ayhztaabee,1,0,0,1
ayieeee,0,2,0,2
ayieeer,0,0,1,1
ayiti,0,1,0,1
aykroyd,1,0,0,1
ayktyually,0,1,0,1
ayku,0,1,0,1
ayla,32,25,210,267
aylas,0,0,2,2
aylesbury,0,2,0,2
aylor,1,0,0,1
aymas,1,0,0,1
ayn,0,6,0,6
ayo,3,14,6,23
ayoade,0,9,8,17
ayoife,1,0,0,1
ayone,0,1,0,1
ayoo,0,1,1,2
ayooo,0,1,2,3
ayoooo,0,1,0,1
ayooooooo,0,0,2,2
ayos,0,1,0,1
ayovi,0,5,0,5
aypical,0,0,1,1
ayr,0,1,0,1
ayrshire,0,0,6,6
aysha,0,1,0,1
aystar,0,6,0,6
ayt,1,0,0,1
aytekin,0,0,3,3
aytjfhbfesgh,0,1,0,1
ayu,0,1,0,1
ayuda,0,25,0,25
ayudaaaaaa,0,1,0,1
ayudado,0,0,2,2
ayudados,0,4,0,4
ayudamos,0,1,4,5
ayudan,0,2,3,5
ayudando,0,3,0,3
ayudar,4,15,0,19
ayudaran,0,1,0,1
ayudarlo,0,4,0,4
ayudarlos,0,2,0,2
ayudarnos,0,5,0,5
ayudaron,0,3,0,3
ayudas,6,7,0,13
ayuden,0,4,0,4
ayudes,1,1,0,2
ayuh,0,1,0,1
ayunandose,0,1,0,1
ayush,0,0,4,4
ayuudaaaaaaaaaaaaaaaaaaaaa,0,1,0,1
ayy,6,54,67,127
ayyaayayayaahyahahgwagdhwhadbwheagdwadhawd,0,6,0,6
ayyah,0,0,5,5
ayyahhh,0,1,0,1
ayyayayayayayayyayayayayayys,0,1,0,1
ayye,0,8,2,10
ayyee,0,1,0,1
ayyeeaaahhhhh,0,0,3,3
ayyeee,0,6,0,6
ayyeeee,0,1,3,4
ayyeeeee,0,1,0,1
ayyt,0,6,0,6
ayyy,1,56,23,80
ayyyayayay,0,1,0,1
ayyye,0,5,0,5
ayyyee,0,3,0,3
ayyyeee,0,3,2,5
ayyyeeee,0,3,0,3
ayyyy,0,10,2,12
ayyyye,1,1,0,2
ayyyyee,0,1,0,1
ayyyyeee,0,1,0,1
ayyyyeeee,0,0,1,1
ayyyyeeeee,0,1,0,1
ayyyyoooooooooo,0,1,0,1
ayyyyy,0,30,9,39
ayyyyye,0,1,0,1
ayyyyyeeeeeee,0,1,0,1
ayyyyyy,1,12,7,20
ayyyyyyy,0,3,2,5
ayyyyyyyy,0,3,2,5
ayyyyyyyyyy,0,3,0,3
ayyyyyyyyyyy,0,3,0,3
ayyyyyyyyyyyyyeeeeeeee,0,1,0,1
ayyyyyyyyyyyyyyyyyyyyyy,0,1,0,1
az,16,29,16,61
aza,0,1,0,1
azaelia,0,0,1,1
azalar,0,4,0,4
azalarda,0,2,0,2
azalea,4,7,1,12
azari,0,0,2,2
azaria,0,0,2,2
azarkewler,0,1,0,1
azas,0,2,0,2
azealia,26,1,8,35
azelia,11,1,3,15
azerbaijan,0,6,7,13
azioni,0,5,0,5
azis,1,1,0,2
aziz,0,5,6,11
azkaban,3,0,4,7
azmath,12,0,0,12
azmodunk,0,1,0,1
azole,0,0,1,1
azopotamadre,0,1,0,1
azores,0,2,5,7
azpi,2,8,18,28
azpilequeta,0,0,5,5
azpilicueta,7,2,0,9
azpy,0,0,1,1
aztec,3,4,28,35
aztecs,2,1,4,7
aztlan,1,0,0,1
azul,1,30,0,31
azurda,0,1,1,2
azure,0,0,2,2
azz,3,6,15,24
azzholes,0,0,3,3
azzurri,0,5,0,5
ba,7,59,28,94
baa,0,2,0,2
baaa,0,3,2,5
baaaa,0,1,3,4
baaaaaaaa,0,4,0,4
baaaaaaaaaaaaaaaa,0,1,0,1
baaaaaaaaaaaaaaaaaaaaaaaaaaaaaaaaaaaaaaaaaaaaaaaaaaaaaaaaaaaaaaaaaaaaaaaaaaaaaaaaaaaaaaaaaaaaaaaaaaaaaaaaaaaaaaaaaaaaaaaaaaaaaaaaaaaaaaaa,1,0,0,1
baaaaaaaaaaaaaad,3,0,0,3
baaaaaaaaaaaahahahahahahaha,0,2,0,2
baaaaaaaaaaaam,0,1,0,1
baaaaaaaack,0,2,1,3
baaaaaaaag,0,0,1,1
baaaaaaallllllls,1,0,0,1
baaaaaaased,0,2,0,2
baaaaaack,0,4,5,9
baaaaaackkkk,0,0,1,1
baaaaaad,0,0,1,1
baaaaaagggg,0,1,0,1
baaaaaah,0,0,1,1
baaaaaand,0,1,0,1
baaaaack,0,6,2,8
baaaaad,0,3,0,3
baaaabes,0,0,1,1
baaaacckkkk,0,1,0,1
baaaack,0,11,0,11
baaaackckckkckckcc,0,2,0,2
baaaad,1,4,2,7
baaaah,1,0,0,1
baaaammmm,0,1,0,1
baaaannggeeerrrr,0,2,0,2
baaaarbs,0,1,0,1
baaabbyyyyyy,0,1,0,1
baaaby,0,0,1,1
baaack,0,2,0,2
baaad,5,1,0,6
baaah,2,0,0,2
baaaing,0,0,3,3
baaak,0,0,2,2
baaardzo,0,3,0,3
baaased,0,1,0,1
baad,0,5,0,5
baal,2,0,0,2
baam,0,0,1,1
baanne,0,1,0,1
baaooooozi,0,0,6,6
baas,0,7,1,8
baash,1,0,0,1
baayyy,0,0,1,1
bab,3,3,0,6
baba,4,8,13,25
babaa,0,0,5,5
babaannesi,0,1,0,1
babaca,0,4,0,4
babadam,0,2,0,2
babadook,1,7,3,11
babah,0,0,3,3
baballoo,0,0,3,3
babalugats,0,2,0,2
babam,0,1,0,1
babama,0,3,0,3
baban,0,2,0,2
babang,0,0,1,1
babaniz,0,3,0,3
babaque,0,3,0,3
babaquice,0,5,0,5
babbage,0,3,0,3
babbbbyyyyyyy,1,0,0,1
babbbyyyy,0,0,1,1
babbee,0,0,1,1
babbel,1,0,0,1
babbish,0,1,1,2
babble,3,0,6,9
babbling,2,2,1,5
babbly,0,0,6,6
babbo,0,1,0,1
babboons,6,0,0,6
babby,2,6,8,16
babbys,1,0,0,1
babbyy,0,2,0,2
babbyyy,0,2,0,2
babbyyyy,0,2,0,2
babbyyyyy,0,1,0,1
babe,33,142,282,457
babealert,0,0,1,1
babeee,0,0,1,1
babeeee,0,0,5,5
babeeeeeeeeeeeee,0,0,1,1
babeh,0,0,1,1
babeim,0,1,0,1
babel,0,2,1,3
babes,5,48,75,128
babeses,0,1,0,1
babess,0,1,0,1
babesssss,0,3,0,3
babez,0,0,9,9
babi,0,3,0,3
babie,1,3,0,4
babies,117,106,391,614
babiesss,0,1,0,1
babiessssss,0,5,0,5
babiesssssss,0,1,0,1
babiestt,0,0,1,1
babish,2,32,18,52
babmbi,0,1,0,1
baboon,3,4,7,14
baboons,0,6,4,10
babooshka,0,1,0,1
baboso,0,4,0,4
babouche,0,1,0,1
babs,1,0,0,1
babushka,4,4,0,8
baby,814,1296,2933,5043
babybank,0,0,1,1
babybird,0,0,2,2
babyblackjesus,0,1,0,1
babyboi,0,0,3,3
babyboomer,1,0,0,1
babycakes,0,5,1,6
babydeforce,0,0,13,13
babydoll,0,0,4,4
babydriver,0,4,0,4
babyface,6,0,1,7
babyfaces,0,1,0,1
babyfacial,3,0,7,10
babyfever,0,0,1,1
babygirl,1,1,11,13
babygrow,0,0,1,1
babygrows,0,0,1,1
babygurl,0,0,2,2
babying,0,1,0,1
babyish,0,1,0,1
babylon,0,0,13,13
babylonians,0,0,1,1
babys,5,5,15,25
babysit,2,1,7,10
babysits,0,2,2,4
babysitter,10,30,13,53
babysitters,0,11,13,24
babysitting,1,3,8,12
babyssss,0,2,0,2
babysteps,0,0,1,1
babytime,0,1,0,1
babywise,0,0,11,11
babyy,0,5,1,6
babyyy,0,6,1,7
babyyyy,0,8,0,8
babyyyyy,0,5,0,5
babyyyyyy,2,1,0,3
babyyyyyyyeeee,0,2,0,2
babyyyyyyyy,0,2,0,2
babyyyyyyyyyyy,0,1,0,1
bac,6,1,4,11
baca,0,1,8,9
bacala,0,3,0,3
bacame,0,0,1,1
bacana,0,1,0,1
bacano,0,5,0,5
bacause,0,0,4,4
bacc,1,0,1,2
baccal,0,1,0,1
baccccckkkkk,0,1,0,1
bacckkkkkkk,0,3,0,3
bacdkk,0,1,0,1
bacelina,0,5,0,5
bach,4,7,3,14
bachchan,2,0,0,2
bachelor,2,3,0,5
bachelorette,0,2,8,10
bachelors,1,0,3,4
baci,0,0,8,8
bacically,0,0,1,1
bacio,0,6,0,6
bacitracin,2,0,0,2
bacj,0,0,2,2
back,2636,3383,8274,14293
backache,1,1,0,2
backarina,0,0,1,1
backback,0,0,1,1
backbeat,2,0,1,3
backbend,0,7,0,7
backbone,0,6,0,6
backbreaking,0,0,1,1
backdancers,0,0,1,1
backdoor,0,3,1,4
backdraft,0,0,1,1
backdrop,10,16,36,62
backdrops,1,2,7,10
backed,17,2,35,54
backend,0,0,1,1
backer,0,2,9,11
backers,0,0,4,4
backery,0,2,0,2
backfall,0,0,1,1
backfire,0,5,1,6
backfired,2,1,1,4
backfires,3,0,0,3
backfiring,1,0,1,2
backflip,1,38,8,47
backflips,0,1,8,9
backfoot,0,0,6,6
backgound,0,0,5,5
backgroumd,0,1,0,1
background,246,584,1000,1830
backgrounder,0,0,2,2
backgroundmusic,3,0,0,3
backgrounds,4,9,34,47
backgroung,0,5,0,5
backham,2,0,0,2
backhanded,0,0,1,1
backin,7,0,0,7
backing,32,8,64,104
backk,0,3,4,7
backkk,0,9,6,15
backkkj,0,1,0,1
backkkk,2,12,3,17
backkkkk,1,0,0,1
backkkkkk,0,2,0,2
backkkkkkk,0,0,1,1
backkkkkkkk,1,0,0,1
backkkkkkkkkkkk,1,2,0,3
backkround,0,2,0,2
backlash,9,0,22,31
backlashing,0,0,2,2
backlight,1,0,5,6
backlighting,0,0,3,3
backlights,0,0,1,1
backlip,0,2,0,2
backlit,0,0,5,5
backlog,0,0,6,6
backlogged,0,0,1,1
backmailing,1,0,0,1
backman,0,0,1,1
backontop,0,1,0,1
backorder,0,0,1,1
backordered,0,0,4,4
backpack,2,65,76,143
backpackers,0,0,1,1
backpacking,1,1,4,6
backpacks,2,4,11,17
backpage,3,1,1,5
backpain,4,0,2,6
backpedalled,3,0,0,3
backroind,0,0,2,2
backround,6,29,4,39
backs,23,20,71,114
backseat,0,8,8,16
backseatcaking,0,0,8,8
backside,1,0,9,10
backslash,1,0,0,1
backsliding,0,0,1,1
backsound,0,0,4,4
backspace,1,0,0,1
backstab,0,2,0,2
backstabber,0,1,0,1
backstabbing,8,0,1,9
backstage,4,10,33,47
backsteet,0,1,0,1
backstories,2,0,0,2
backstory,4,4,17,25
backstreet,2,4,7,13
backtoouressence,0,0,2,2
backtrack,4,0,2,6
backtracks,5,0,0,5
backup,19,10,74,103
backups,0,0,2,2
backwall,1,0,0,1
backward,1,9,18,28
backwards,36,65,98,199
backwoods,0,0,5,5
backwords,0,2,0,2
backyard,14,14,25,53
backyards,3,0,0,3
bacl,0,0,1,1
bacne,0,0,1,1
bacome,0,0,1,1
bacon,30,94,42,166
baconbits,0,1,0,1
bact,0,0,1,1
bacta,0,0,9,9
bacteria,59,67,124,250
bacterial,0,6,12,18
bacterias,5,2,5,12
bacteriocracy,0,3,0,3
bacterium,0,4,0,4
bacti,0,7,0,7
bad,5514,0,2545,8059
bada,0,23,3,26
badabing,0,0,3,3
badabum,3,0,0,3
badarse,0,0,5,5
badass,52,129,175,356
badasses,0,0,13,13
badasss,4,0,0,4
badassss,0,1,0,1
badazzel,6,0,0,6
badbish,0,0,1,1
badbitches,0,1,0,1
badby,0,2,0,2
badcomedian,0,0,2,2
badd,1,0,5,6
baddass,0,0,10,10
baddd,0,0,3,3
badddd,1,0,1,2
badddddd,0,0,5,5
baddddddd,0,3,0,3
baddddddddd,0,2,0,2
baddddddddy,0,1,0,1
badder,1,0,1,2
baddest,11,3,5,19
baddie,0,0,1,1
baddies,0,0,11,11
baddy,0,0,5,5
bade,1,0,0,1
bader,0,0,1,1
badescu,0,0,2,2
badgal,0,0,1,1
badgalriri,0,1,0,1
badge,13,3,11,27
badger,1,2,4,7
badgering,0,0,1,1
badgers,0,1,0,1
badges,1,0,1,2
badgoodguy,0,0,1,1
badland,0,2,0,2
badlands,1,3,1,5
badlul,0,2,0,2
badlwin,0,0,1,1
badly,241,0,131,372
badlyy,0,2,0,2
badman,0,0,5,5
badmington,0,0,1,1
badminton,0,3,10,13
badness,1,0,0,1
badnews,0,0,1,1
badnik,2,0,0,2
bado,0,1,0,1
badone,0,0,1,1
bads,7,0,17,24
badself,0,0,1,1
badu,27,1,6,34
badum,1,0,0,1
badvibesforever,0,1,0,1
bady,0,0,1,1
bae,14,111,45,170
baeb,0,0,1,1
baebee,0,1,0,1
baecan,0,1,0,1
baee,0,2,0,2
baeee,0,5,0,5
baeeee,0,1,8,9
baeeeee,0,0,4,4
baegel,0,1,0,1
baekhyun,0,4,0,4
baelani,1,1,1,3
baelesh,0,1,0,1
baelish,2,7,1,10
baepsae,0,4,0,4
baer,0,0,1,1
baeritto,0,1,6,7
baerittofam,0,0,3,3
baerittofamily,0,0,1,1
baerittos,0,1,5,6
baerly,0,1,0,1
baerrito,0,0,10,10
baerritos,1,0,10,11
baerritosfam,0,0,1,1
baes,1,2,2,5
baewatch,0,1,0,1
baf,1,1,1,3
baffels,0,0,3,3
baffle,1,0,3,4
baffled,4,3,8,15
baffles,19,9,16,44
baffling,1,0,3,4
baffoonery,0,1,0,1
bafoon,0,0,1,1
bafoons,1,3,0,4
bafta,5,0,0,5
baftas,0,0,4,4
bag,277,293,850,1420
baga,0,5,0,5
bagartooooooooooo,0,1,0,1
bagay,0,1,1,2
bage,0,1,1,2
bagel,19,43,28,90
bagelbites,0,0,2,2
bagels,11,6,5,22
bagets,0,0,1,1
bagettt,0,1,0,1
baggage,6,0,14,20
bagged,0,0,8,8
bagger,3,0,0,3
baggie,1,0,1,2
baggies,0,0,10,10
bagging,2,0,7,9
baggy,10,2,21,33
bagi,0,0,1,1
bagidobido,0,2,0,2
bagles,0,1,0,1
bagless,0,0,2,2
bago,1,0,0,1
bagoporkrinds,4,0,0,4
bagpipe,0,1,0,1
bagpipes,2,5,13,20
bagracak,0,1,0,1
bags,68,96,182,346
bagss,0,0,5,5
bagues,0,4,0,4
baguette,2,0,9,11
baguettes,0,3,5,8
bagus,0,4,1,5
bah,1,15,5,21
bahaahha,1,0,0,1
bahadamu,0,1,0,1
bahah,0,1,0,1
bahaha,3,0,18,21
bahahaa,0,0,2,2
bahahah,0,3,0,3
bahahaha,5,8,9,22
bahahahaaa,0,0,1,1
bahahahabsjsbkrjeksnsbsjw,0,1,0,1
bahahahah,3,1,1,5
bahahahaha,5,8,5,18
bahahahahah,1,0,0,1
bahahahahaha,0,2,2,4
bahahahahahahha,4,0,0,4
bahahahahha,0,1,0,1
bahahahhaa,1,4,0,5
bahahahhaha,0,0,2,2
bahahahhhahhah,0,1,0,1
bahahh,0,0,2,2
bahahha,0,1,0,1
bahahhahahah,1,0,0,1
bahahhahahaha,0,1,0,1
bahahhahha,0,0,1,1
bahamas,2,8,6,16
bahasa,2,2,1,5
bahashem,0,0,3,3
bahay,0,0,1,1
bahbahbahbabahabhababahbabababh,0,0,1,1
bahd,0,1,1,2
bahhaha,6,0,0,6
bahhhaahahahaha,0,1,0,1
bahhhh,0,4,0,4
bahhhhgsghdgnf,0,1,0,1
bahi,0,0,1,1
bahia,0,1,0,1
bahibe,0,1,0,1
bahn,0,1,0,1
bahrain,1,0,0,1
bahskwbdiwiebskaisvskabfoeornso,0,1,0,1
bahstard,0,1,0,1
bahut,0,1,0,1
bai,4,5,2,11
baia,0,6,0,6
baid,0,0,1,1
baiiii,0,0,3,3
baiiileemmmooosss,0,1,0,1
baik,0,0,1,1
bail,5,0,3,8
baila,0,11,1,12
bailado,0,1,0,1
bailadores,0,0,2,2
bailalooo,0,0,1,1
bailan,20,2,0,22
bailando,0,2,1,3
bailar,0,16,2,18
bailaran,0,0,1,1
bailarina,0,4,0,4
bailarinos,0,6,0,6
bailarlo,0,1,0,1
bailaron,0,3,0,3
bailas,0,1,1,2
baile,0,18,1,19
bailed,12,0,5,17
bailemos,40,0,0,40
bailes,0,3,0,3
bailesito,0,1,0,1
bailey,7,8,10,25
baileys,0,5,6,11
bailing,0,7,0,7
baillehh,0,0,1,1
bailly,8,3,6,17
bailo,0,1,0,1
bailout,0,6,4,10
bailouts,0,2,0,2
bails,0,0,3,3
bain,0,0,1,1
baines,0,1,0,1
bairar,0,1,0,1
bairiar,0,0,1,1
baised,0,0,1,1
baiser,0,7,0,7
baisley,0,0,1,1
bait,52,91,204,347
baitballs,0,1,0,1
baited,4,7,1,12
baiteist,0,1,0,1
baiters,0,1,1,2
baiting,28,10,18,56
baitors,0,0,6,6
baits,6,0,1,7
baixa,0,1,0,1
baixou,0,1,0,1
baja,0,4,6,10
bajale,0,1,0,1
bajamos,0,0,1,1
bajando,0,2,0,2
bajar,0,7,0,7
bajeebua,0,0,5,5
bajet,0,0,1,1
bajie,0,0,1,1
bajillion,0,0,1,1
bajito,0,1,0,1
bajo,0,7,1,8
bajos,0,6,0,6
bajuno,0,1,0,1
bak,4,18,4,26
baka,4,7,10,21
bakan,0,4,0,4
bakano,0,0,1,1
bakar,0,5,0,5
bakayoko,21,1,34,56
bakch,0,0,1,1
bake,34,75,131,240
baked,14,35,59,108
bakedbeans,0,2,0,2
bakedpottato,0,1,0,1
bakeeeeeeeeee,0,1,0,1
baker,11,28,65,104
bakerie,0,1,0,1
bakeries,0,0,4,4
bakerloo,0,9,4,13
bakerrrrrr,0,1,0,1
bakers,1,8,3,12
bakersfield,0,0,1,1
bakerxderek,0,1,0,1
bakery,8,8,22,38
bakes,0,0,18,18
bakesmiths,0,0,6,6
baket,0,1,0,1
bakeware,0,1,0,1
bakin,0,4,0,4
baking,33,49,258,340
bakings,0,0,4,4
bakingtray,0,0,4,4
bakingwithlayton,0,0,3,3
bakip,0,3,0,3
bakit,0,1,1,2
bakkaaa,0,6,0,6
bakken,0,0,4,4
bakker,0,0,7,7
bakkkkkkkkkkkkkkkkerrrrrrrrrr,0,1,0,1
baklava,1,1,0,2
bakshi,0,3,0,3
bakula,0,4,0,4
bakurus,0,2,0,2
bal,0,29,3,32
bala,0,4,0,4
balacera,0,1,0,1
balacing,0,2,0,2
balaclava,1,0,0,1
balad,0,0,1,1
balada,0,1,0,1
balagio,1,0,0,1
balan,0,0,8,8
balance,70,44,204,318
balanced,13,3,61,77
balances,0,0,18,18
balancing,16,0,21,37
balaso,0,1,0,1
balayage,2,0,2,4
balbin,0,4,0,4
balboa,0,0,3,3
balc,0,1,0,1
balcengica,0,0,1,1
balck,1,2,3,6
balckpink,0,1,0,1
balcony,4,7,0,11
bald,64,91,50,205
baldamor,0,0,3,3
balde,0,1,0,1
balderdash,1,0,0,1
baldfaced,0,1,0,1
balding,1,2,4,7
baldness,0,1,0,1
baldo,0,1,0,1
baldridge,1,0,0,1
baldwin,35,14,34,83
baldwins,1,0,1,2
bale,7,182,52,241
baleeeee,0,6,0,6
baleghd,0,3,0,3
balence,0,0,1,1
balenciaga,4,11,13,28
balenciagas,0,0,5,5
balendin,1,0,0,1
balerina,0,1,0,1
bales,3,0,0,3
balfe,0,1,0,1
balgeet,0,1,0,1
bali,0,6,3,9
balish,0,1,1,2
balisong,3,9,0,12
baliw,4,0,0,4
balk,1,0,2,3
balkan,0,2,4,6
balkanac,0,6,0,6
balkanizing,0,0,1,1
balkans,0,0,2,2
ball,316,345,713,1374
balla,0,2,0,2
ballack,0,2,0,2
ballad,0,1,21,22
ballads,0,0,7,7
ballan,0,2,0,2
ballance,1,0,0,1
ballanced,0,0,1,1
ballard,0,0,1,1
ballas,6,1,10,17
ballbag,3,1,0,4
ballchinian,0,6,0,6
balled,14,2,16,32
ballemia,0,5,0,5
baller,33,25,14,72
ballerena,0,3,0,3
ballerina,3,5,22,30
ballers,12,2,5,19
ballert,0,1,0,1
ballet,8,32,160,200
balletje,0,0,1,1
ballin,0,4,3,7
balling,5,8,15,28
ballinger,4,4,0,8
ballistic,8,6,1,15
ballistics,0,0,2,2
balljunge,0,3,0,3
balllle,0,0,1,1
ballllllll,0,2,0,2
ballllsssss,0,1,0,1
ballman,0,6,0,6
ballmer,2,0,0,2
ballon,1,19,19,39
ballons,0,1,4,5
balloon,38,49,49,136
ballooned,4,0,0,4
ballooning,0,0,7,7
balloons,15,31,27,73
balloonshop,0,0,1,1
ballot,0,3,0,3
ballpark,0,0,3,3
ballparkmusic,0,0,4,4
ballpens,0,1,0,1
ballpr,0,6,0,6
ballroom,8,9,6,23
balls,123,235,346,704
ballsack,2,9,3,14
ballschuh,0,1,0,1
ballsed,0,1,1,2
ballshit,1,2,2,5
ballsssss,0,1,0,1
ballstadion,0,1,0,1
ballsy,2,0,12,14
ballz,5,1,4,10
ballzz,1,0,0,1
balm,16,22,107,145
balmain,1,8,53,62
balmains,0,0,2,2
balmajchulge,0,0,1,1
balming,0,0,1,1
balmonty,0,1,0,1
balms,1,0,26,27
balon,0,15,3,18
balones,0,6,0,6
baloney,2,0,1,3
balony,1,0,0,1
baloon,3,1,0,4
baloons,0,3,0,3
baloony,0,0,1,1
balor,1,4,0,5
balotelli,0,3,0,3
balraj,1,0,0,1
balrog,4,0,0,4
balsa,0,2,0,2
balsam,0,0,1,1
balsamic,0,2,5,7
balthus,0,1,0,1
baltimore,23,16,54,93
balto,3,0,0,3
baltus,1,0,0,1
balukaleeska,1,0,0,1
balut,2,3,0,5
balutchallengefor,0,2,0,2
balvin,1,41,12,54
balvinnnn,0,5,0,5
balwin,1,1,0,2
balyage,0,0,1,1
balz,0,0,4,4
balzac,0,7,0,7
bam,28,20,79,127
bama,0,4,2,6
bambam,4,1,4,9
bambambam,0,1,0,1
bambamg,0,1,0,1
bambams,0,1,0,1
bambery,1,0,0,1
bambi,0,5,4,9
bambimbomsswjslsjjajsksjbaks,0,1,0,1
bambina,0,2,0,2
bambino,0,5,7,12
bamboo,1,7,9,17
bamboozle,0,1,0,1
bamboozled,1,1,7,9
bamdo,0,0,1,1
bamn,2,0,0,2
bamos,0,4,0,4
bams,0,2,2,4
ban,72,103,178,353
bana,1,10,8,19
banach,1,0,0,1
banadeuls,1,0,0,1
banal,4,0,6,10
banala,0,1,0,1
banale,0,2,0,2
banana,36,88,121,245
bananaj,0,1,0,1
bananaman,2,12,2,16
banananas,0,0,1,1
banananillion,5,0,0,5
bananans,0,2,0,2
bananas,21,29,56,106
banane,0,0,6,6
bananeras,0,0,2,2
bananero,0,2,0,2
banas,0,1,2,3
banatu,0,1,0,1
banaya,0,1,0,1
banca,0,12,0,12
bancarizado,0,4,0,4
bancer,0,1,0,1
banchie,0,0,2,2
banchin,1,0,0,1
banchod,0,1,0,1
banci,0,1,0,1
banco,0,9,0,9
bancos,0,5,0,5
bancrupt,4,0,0,4
bancruptsy,0,0,2,2
band,227,287,992,1506
banda,3,42,5,50
bandage,0,19,17,36
bandaged,7,1,0,8
bandager,1,0,1,2
bandages,1,0,5,6
bandai,1,1,8,10
bandaid,3,5,10,18
bandaids,1,0,0,1
bandana,10,11,12,33
bandanas,0,0,4,4
bandanna,1,3,0,4
bandannas,6,1,2,9
bandas,1,15,2,18
bandeau,0,4,3,7
bandeaus,0,2,1,3
banded,0,3,3,6
bander,0,2,0,2
bandera,0,24,5,29
banderas,0,5,0,5
bandicam,1,1,0,2
bandicoot,1,5,6,12
bandicoots,0,1,0,1
bandied,0,0,1,1
banding,3,1,4,8
bandit,22,22,14,58
banditrants,0,1,0,1
bandits,11,4,2,17
bandmasters,0,1,0,1
bandmate,0,3,0,3
bandmates,0,1,1,2
bando,0,9,0,9
bands,57,17,174,248
bandsaw,0,0,2,2
bandwaggon,2,0,0,2
bandwagon,13,5,23,41
bandwagoners,0,0,6,6
bandwagons,0,1,0,1
bandwidth,3,0,13,16
bandz,0,5,0,5
bane,1,8,22,31
banff,0,0,1,1
bang,53,103,132,288
banga,0,3,0,3
bangable,0,0,1,1
bangalore,5,0,0,5
bangas,0,1,0,1
bangasdhhh,0,1,0,1
bangat,0,3,0,3
bangbro,0,1,0,1
bangbros,1,0,0,1
bangchin,0,0,2,2
banged,12,18,15,45
banger,22,90,60,172
bangerr,0,2,0,2
bangerrr,0,0,1,1
bangers,14,27,25,66
bangerz,3,1,4,8
banget,0,14,4,18
bangetnih,0,1,0,1
bangett,0,2,0,2
bangettt,0,1,0,1
bangga,0,0,1,1
banghwangui,0,1,0,1
bangin,11,18,3,32
banging,15,38,58,111
bangjam,0,0,1,1
bangkok,1,3,3,7
bangla,0,0,4,4
bangladesh,2,4,16,22
bangldesh,0,3,0,3
bangle,0,0,3,3
bangles,0,0,2,2
bangs,19,13,92,124
bangsong,0,1,0,1
bangtan,3,16,16,35
bangtwice,0,1,1,2
banigin,0,0,1,1
banish,6,1,0,7
banished,2,0,4,6
banishment,0,1,0,1
banislam,1,0,0,1
banjan,0,1,0,1
banjar,0,2,0,2
banjer,1,0,0,1
banjjagine,0,0,1,1
banjo,11,29,39,79
banjos,0,4,6,10
bank,67,78,204,349
banked,0,0,1,1
banker,1,4,6,11
bankers,2,11,12,25
bankersno,0,2,0,2
banking,2,1,7,10
banknotes,0,0,2,2
banko,0,1,0,1
bankroll,0,1,0,1
bankrolling,0,6,0,6
bankrolls,0,0,3,3
bankrupt,17,3,38,58
bankruptcies,1,0,0,1
bankruptcy,1,2,5,8
bankrupted,1,0,1,2
bankrupty,3,0,0,3
banks,40,23,57,120
bankz,0,3,0,3
banlieue,0,2,0,2
banna,0,1,0,1
bannana,0,1,2,3
bannas,0,1,2,3
banned,58,56,72,186
banner,5,3,19,27
banners,0,0,5,5
bannggaaaa,0,5,0,5
banning,9,13,41,63
bannon,7,0,2,9
bannr,0,0,2,2
bano,1,0,0,1
banoffee,0,0,8,8
banoodle,0,2,0,2
banos,0,1,0,1
banquet,2,1,3,6
bans,3,0,15,18
banse,0,4,0,4
banshee,0,3,0,3
banta,0,0,13,13
bantemweight,0,6,0,6
banter,11,7,68,86
banterful,6,0,0,6
bantering,1,0,0,1
banterino,0,1,0,1
bantha,0,0,1,1
banthas,0,0,1,1
bants,0,9,1,10
bantu,0,0,2,2
bantz,0,0,2,2
banwagon,0,0,1,1
banyak,0,8,0,8
bao,0,1,0,1
baooooo,0,1,0,1
baozi,0,0,3,3
bap,0,1,3,4
bape,1,8,0,9
baperr,0,1,0,1
baphomet,1,0,0,1
bappeun,0,2,0,2
baps,1,0,0,1
baptises,0,0,8,8
baptism,0,0,2,2
baptismal,0,0,1,1
baptist,5,3,1,9
baptized,1,4,8,13
bar,108,296,395,799
baraati,0,1,0,1
barabara,0,0,1,1
barabojyo,0,0,1,1
barabone,0,1,0,1
barabwasseo,0,1,0,1
baraca,0,0,3,3
barack,29,3,16,48
baracuda,1,3,2,6
barak,0,0,6,6
baram,0,1,0,1
baramgaebi,0,1,0,1
barami,0,1,0,1
barata,0,7,0,7
baratheon,0,2,4,6
barato,0,4,0,4
barb,21,23,11,55
barbacoa,0,2,0,2
barbacue,2,0,0,2
barbados,4,1,5,10
barbara,6,20,17,43
barbaraaa,0,5,0,5
barbarian,9,0,5,14
barbarians,1,3,3,7
barbaric,8,1,25,34
barbarically,4,0,0,4
barbarino,1,3,1,5
barbary,10,4,1,15
barbecue,6,22,14,42
barbed,0,4,4,8
barbee,0,0,1,1
barbell,0,1,7,8
barbellbrigade,0,0,2,2
barbells,0,0,1,1
barbeque,0,2,14,16
barbequesssss,0,1,0,1
barber,13,21,8,42
barbera,0,2,4,6
barbers,5,0,2,7
barbershop,0,5,7,12
barbi,0,0,1,1
barbie,4,40,30,74
barbieee,0,1,0,1
barbies,1,1,1,3
barbizon,0,0,2,2
barbra,1,11,5,17
barbs,0,1,1,2
barbuda,3,0,2,5
barbwired,2,0,0,2
barby,0,0,7,7
barca,68,171,151,390
barcalona,0,2,1,3
barcas,0,3,0,3
barcccaaaaa,0,6,0,6
barcea,0,0,5,5
barcelina,4,0,0,4
barcelon,0,4,0,4
barcelona,26,174,136,336
barcelonaym,0,0,1,1
barcelone,0,0,1,1
barceloona,0,1,0,1
barchairs,0,5,0,5
barchie,2,10,1,13
barchieeeeeeeeeeeeeeeeeeeee,0,1,0,1
barcita,0,5,0,5
barclay,1,1,3,5
barclays,0,0,3,3
barclona,0,1,0,1
barcode,1,0,0,1
barczyk,0,2,0,2
bard,2,1,0,3
bardem,3,3,5,11
bardi,2,0,1,3
bardiegang,0,0,1,1
bardigang,0,2,1,3
bardot,0,0,20,20
bardr,1,0,0,1
bardugo,0,0,5,5
bardziej,0,7,0,7
bardzo,0,26,0,26
bare,45,0,158,203
bareable,1,0,0,1
barear,0,0,1,1
bareass,0,0,4,4
bareback,0,0,1,1
bared,1,0,5,6
baree,0,0,5,5
barefood,1,0,0,1
barefoot,15,15,17,47
barehanded,0,1,0,1
bareilles,0,0,2,2
barely,99,8,396,503
bareminerals,0,5,0,5
barentsburg,0,0,1,1
barepro,0,0,4,4
bares,0,1,0,1
baresi,0,0,1,1
bareskin,0,0,3,3
barest,4,0,0,4
barf,3,7,6,16
barfed,0,0,2,2
barff,1,0,0,1
barfight,0,1,0,1
barfing,2,1,0,3
barfted,0,2,0,2
bargain,7,4,21,32
bargained,0,0,5,5
bargaining,8,0,0,8
bargains,0,12,5,17
bargar,0,0,1,1
barge,0,8,15,23
barged,1,0,3,4
barges,0,0,1,1
barging,0,1,4,5
barh,0,0,1,1
bari,0,2,0,2
bariatric,0,0,4,4
bariederm,0,0,9,9
barik,0,0,4,4
baring,2,0,0,2
barista,0,0,5,5
baritone,0,0,5,5
bark,15,8,45,68
barka,0,0,2,2
barkely,3,0,0,3
barker,1,35,17,53
barkerer,0,3,0,3
barkers,0,1,6,7
barkhad,1,0,0,1
barking,5,5,24,34
barkley,3,0,3,6
barks,0,0,5,5
barl,0,0,4,4
barless,0,1,0,1
barley,6,12,23,41
barlow,1,0,3,4
barly,0,0,1,1
barma,0,1,0,1
barman,0,3,0,3
barmen,0,1,0,1
barmitsa,0,0,1,1
barmuda,0,1,0,1
barmy,0,1,0,1
barn,1,12,13,26
barnacles,0,1,0,1
barnes,1,2,12,15
barnet,0,0,3,3
barnett,1,0,3,4
barney,8,7,33,48
barneys,0,0,4,4
barnicle,1,0,0,1
barns,0,0,4,4
barnsley,0,0,6,6
barnyard,0,1,0,1
baro,0,3,10,13
baroka,0,0,4,4
barometer,0,1,5,6
baron,0,7,1,8
barooo,0,1,0,1
barossa,0,1,1,2
barr,5,0,0,5
barrack,0,1,0,1
barracks,1,0,0,1
barracuda,0,0,1,1
barrage,5,0,0,5
barraged,0,0,2,2
barramundi,0,1,0,1
barranquilla,0,11,0,11
barranquitas,0,0,2,2
barras,0,2,2,4
barrass,0,0,2,2
barratt,0,0,6,6
barrcade,0,0,1,1
barre,0,5,6,11
barred,2,0,3,5
barrel,7,12,33,52
barreled,0,0,3,3
barreling,2,0,0,2
barrells,0,2,0,2
barrels,5,1,0,6
barren,0,5,0,5
barrens,0,2,0,2
barreras,0,1,0,1
barret,1,0,0,1
barrett,0,1,0,1
barricade,2,0,2,4
barricaded,0,0,5,5
barricades,0,0,1,1
barricading,0,0,1,1
barrie,0,1,0,1
barrier,21,11,27,59
barriers,1,3,22,26
barries,0,0,1,1
barring,0,0,7,7
barrio,0,16,12,28
barrles,0,0,14,14
barro,0,1,0,1
barron,0,1,0,1
barrou,0,4,0,4
barrow,0,10,8,18
barrowman,0,7,1,8
barrrrrrrrsa,0,1,0,1
barrrrzzzzzz,0,1,0,1
barrs,0,6,0,6
barry,28,94,67,189
barrym,0,0,1,1
barrymore,1,3,3,7
bars,52,75,182,309
barsa,1,40,0,41
barsani,0,7,0,7
barspin,0,4,0,4
bart,5,45,75,125
bartender,3,21,9,33
bartenders,2,0,0,2
bartending,0,0,1,1
barter,0,3,0,3
barth,0,0,5,5
bartholomew,0,1,0,1
bartlet,0,1,0,1
bartolomeu,0,0,1,1
bartomeu,0,0,1,1
bartomeudimiteya,0,4,0,4
bartomeuout,0,9,0,9
barton,6,25,12,43
barts,2,1,6,9
baru,0,4,0,4
baruch,0,0,3,3
barunya,0,1,0,1
baruto,0,1,0,1
bary,0,1,0,1
barz,1,5,1,7
barza,0,10,0,10
barzzz,0,2,0,2
bas,7,1,5,13
basa,0,1,0,1
basahin,1,0,0,1
basalisk,2,0,0,2
basar,2,0,0,2
basaridir,0,1,0,1
bascially,0,4,0,4
base,399,2,155,556
baseball,22,23,43,88
baseballs,2,0,2,4
basecoat,1,1,0,2
based,298,107,749,1154
baseketball,0,1,0,1
basel,8,5,17,30
baseless,1,0,1,2
baseline,1,0,5,6
basely,0,0,1,1
basement,19,16,16,51
basements,4,0,1,5
bases,3,6,23,32
baset,0,1,0,1
bash,12,9,36,57
bashar,1,0,0,1
bashed,0,0,9,9
basher,1,0,0,1
bashers,0,1,6,7
bashes,1,6,0,7
bashful,0,0,4,4
bashing,46,16,87,149
bashir,0,0,1,1
bashire,0,0,2,2
basic,91,124,324,539
basica,0,1,0,1
basically,397,274,822,1493
basicaly,0,1,0,1
basiced,0,0,1,1
basiclly,0,0,2,2
basicly,6,1,9,16
basics,17,6,40,63
basil,6,4,11,21
basildon,0,0,1,1
basilica,0,0,5,5
basilisk,0,0,4,4
basing,3,1,2,6
basinger,0,0,2,2
basis,21,11,122,154
basit,0,6,4,10
basittttt,0,1,0,1
bask,5,0,2,7
baska,0,6,0,6
basket,13,24,41,78
basketbaall,0,0,1,1
basketball,48,23,69,140
basketballl,1,1,1,3
basketballs,0,2,0,2
basketplayers,1,0,0,1
baskets,0,1,6,7
basking,1,1,0,2
basma,0,2,0,2
basment,0,0,5,5
basquiat,0,6,0,6
bass,111,0,174,285
basses,0,2,0,2
basset,1,0,2,3
bassett,2,1,0,3
bassface,0,2,0,2
bassicaly,0,1,0,1
bassicly,0,0,1,1
bassinet,0,0,12,12
bassist,0,3,0,3
bassline,1,1,7,9
basssss,0,1,0,1
bassssss,1,0,0,1
bassy,0,0,3,3
bast,0,5,0,5
basta,0,8,2,10
bastaaa,1,0,0,1
bastaki,0,2,0,2
bastante,0,8,5,13
bastard,78,37,60,175
bastardisation,4,0,1,5
bastardised,5,0,0,5
bastardize,0,1,0,1
bastardizing,0,0,2,2
bastardo,0,1,0,1
bastards,75,29,62,166
bastarts,0,0,1,1
baste,0,0,2,2
basted,0,3,0,3
baster,0,0,1,1
basterd,0,0,1,1
basterds,1,1,3,5
bastidores,0,3,0,3
basting,0,1,1,2
bastion,0,0,6,6
bastions,0,0,2,2
basturd,4,0,0,4
bastuyai,0,0,16,16
basuda,0,4,0,4
basura,0,25,0,25
basuraaaaa,0,1,0,1
basurana,0,1,0,1
bat,25,60,87,172
bata,5,2,1,8
batali,2,3,16,21
batall,0,5,0,5
batalli,2,4,0,6
batambata,0,0,1,1
batangas,0,2,0,2
batarang,1,0,0,1
batarin,0,1,0,1
batatas,0,1,0,1
batato,0,1,0,1
batb,0,1,0,1
batcave,0,0,1,1
batch,8,16,27,51
batches,0,0,4,4
batdefense,0,0,4,4
bate,1,7,1,9
bateman,9,0,1,10
batently,0,0,1,1
bater,0,2,1,3
baterista,1,0,0,1
baters,0,0,3,3
bates,4,0,9,13
batey,0,0,1,1
batfleck,0,0,1,1
batgirl,0,1,0,1
bath,58,67,202,327
bathbomb,0,0,2,2
bathe,6,6,8,20
bathed,1,0,3,4
bathes,0,1,0,1
bathhouses,0,0,1,1
bathing,1,1,14,16
bathrobe,0,0,1,1
bathroom,101,81,126,308
bathrooms,6,3,10,19
bathrooooom,0,1,0,1
baths,7,6,21,34
bathtime,0,0,1,1
bathtub,6,15,22,43
bathwater,0,0,4,4
batida,0,2,0,2
batidas,0,1,0,1
batido,0,2,0,2
batim,0,0,1,1
bating,2,1,0,3
batista,0,11,1,12
batiste,5,6,15,26
batlefront,0,0,1,1
batman,73,105,184,362
batmanpuking,0,1,0,1
batmans,0,0,3,3
batmanshouldbedead,5,0,0,5
batmobile,0,2,5,7
baton,1,4,7,12
batons,0,1,0,1
bats,43,9,29,81
batschuayi,0,0,4,4
batshit,5,1,10,16
batshuay,29,0,0,29
batshuayi,53,41,47,141
batshuayis,0,6,0,6
batshuyai,0,0,1,1
batshuyi,0,0,1,1
batsignal,0,1,0,1
batsman,0,0,1,1
battalions,0,1,0,1
battambang,0,0,4,4
batte,0,3,0,3
battefront,0,0,1,1
battel,0,1,0,1
battement,0,0,1,1
batter,10,2,30,42
battered,11,0,14,25
batterfly,0,1,0,1
batterfront,0,1,0,1
batteries,32,23,53,108
battering,0,3,8,11
battersea,0,3,0,3
battery,87,62,238,387
batterys,0,0,1,1
battin,0,0,2,2
battlcruiser,0,0,1,1
battle,104,128,273,505
battled,4,0,9,13
battlefield,24,16,23,63
battlefields,0,0,2,2
battlefront,43,32,77,152
battleground,0,3,5,8
battlegrounds,5,4,3,12
battlemap,0,0,1,1
battlepack,1,0,0,1
battleroyal,0,1,0,1
battleroyale,0,0,4,4
battles,11,12,74,97
battleship,0,3,3,6
battleships,0,0,2,2
battleside,0,1,0,1
battlestar,0,16,11,27
battletoads,1,0,0,1
battling,5,2,12,19
battlle,0,1,0,1
battlt,0,1,0,1
battre,0,0,3,3
batts,0,0,3,3
batty,2,12,14,28
batu,0,0,1,1
batur,0,3,0,3
batwing,0,0,5,5
baty,0,0,2,2
baubble,0,0,3,3
bauble,0,5,7,12
baubles,2,0,6,8
bauer,1,0,0,1
baught,0,0,1,1
bauhaus,0,0,1,1
bauler,0,2,0,2
bauman,0,0,1,1
baumann,0,1,0,1
baumbach,0,1,0,1
baume,0,0,3,3
baut,0,0,1,1
bautiful,1,1,1,3
bautifull,0,1,0,1
bautista,0,7,0,7
bav,0,0,2,2
bavardvark,0,2,0,2
bavarian,1,0,1,2
bavarians,0,0,4,4
bavk,0,1,4,5
baw,0,1,0,1
bawah,0,1,0,1
bawahahahaha,0,3,0,3
bawbag,3,11,0,14
bawd,0,6,0,6
bawl,0,1,5,6
bawled,0,6,1,7
bawling,6,10,20,36
bawp,0,0,1,1
baws,0,1,2,3
bawse,0,7,3,10
baww,0,0,1,1
bawz,0,4,0,4
bax,1,0,0,1
baxk,0,0,1,1
bay,19,65,105,189
baya,0,10,0,10
bayak,0,0,3,3
bayam,0,0,2,2
bayamon,0,2,0,2
bayard,4,0,4,8
bayarn,0,4,0,4
baybee,1,0,0,1
baybeeee,0,6,0,6
baybuh,0,1,0,1
bayby,0,1,0,1
bayek,6,0,28,34
bayer,0,0,9,9
bayerisch,0,2,0,2
bayerische,4,0,0,4
bayern,56,161,147,364
bayformers,0,1,0,1
baygasms,0,0,1,1
baygs,0,1,0,1
bayheisenberg,0,2,0,2
bayless,6,0,5,11
bayley,3,8,8,19
baylor,3,0,0,3
baymax,0,1,1,2
bayo,3,0,0,3
bayonet,0,0,1,1
bayonetlstained,0,1,0,1
bayonetta,0,3,0,3
bayraklar,0,2,0,2
bayraklari,0,2,0,2
bayraklariii,0,3,0,3
bayrische,0,0,2,2
bayrn,0,0,4,4
bays,0,0,2,2
baywatch,3,1,3,7
baz,2,4,5,11
bazaar,0,0,1,1
bazarro,0,0,1,1
bazdki,0,1,0,1
bazilion,0,2,0,2
bazillion,1,0,0,1
bazillionaires,4,0,0,4
bazinga,0,4,0,4
bazofia,0,3,0,3
bazooka,0,0,5,5
bazylion,1,0,0,1
bazza,0,1,0,1
bazzaaaaaa,0,1,0,1
bazzinga,0,1,0,1
bb,50,40,119,209
bba,0,4,0,4
bbaaayyyyyssed,3,0,0,3
bball,1,0,0,1
bbb,2,16,6,24
bbbaaacckkk,0,0,1,1
bbbb,0,3,0,3
bbbbbb,0,1,0,1
bbbbbbb,4,0,0,4
bbbbbbbbb,0,2,0,2
bbbbbbbbbbbbbbb,0,1,0,1
bbbbbbbbbbbbbbbbbbbbbbbbbb,0,1,0,1
bbbbbbbbbbiiiiiiiggggggggeeessstttt,0,0,2,2
bbbbbbbbbbuwaaahhhh,0,4,0,4
bbbbbbiiiittttccchhhhh,0,1,0,1
bbbbboooooiiiii,0,1,0,1
bbbbiittttcccchhhh,0,4,0,4
bbbbrrrrrrr,0,1,0,1
bbbop,0,1,0,1
bbby,1,0,0,1
bbc,99,99,197,395
bbcearth,0,0,3,3
bbcnews,0,2,0,2
bbcs,0,0,1,1
bbcv,0,0,2,2
bbd,1,0,0,1
bbe,0,2,0,2
bbegging,0,0,1,1
bbeyx,0,1,0,1
bbf,0,0,4,4
bbfcfb,0,0,2,2
bbfncb,0,0,2,2
bbg,0,4,0,4
bbgbgt,0,0,2,2
bbhot,0,1,0,1
bbies,0,0,1,1
bbl,0,0,1,1
bbm,0,6,1,7
bbma,0,0,1,1
bbmas,0,0,1,1
bbolbagan,0,0,1,1
bbq,24,72,179,275
bbrrrooookkkkeeeeee,0,1,0,1
bbrrrrraaaa,0,2,0,2
bbs,1,5,4,10
bbut,0,0,5,5
bbw,0,0,1,1
bby,0,34,16,50
bbygrl,0,0,1,1
bbys,0,0,1,1
bbyu,0,1,1,2
bbyyyyyy,0,1,0,1
bc,200,155,557,912
bcak,0,1,0,1
bcam,0,1,0,1
bcannady,0,180,0,180
bcause,0,2,9,11
bcc,0,0,3,3
bcccc,1,0,0,1
bce,0,4,1,5
bchcgcb,0,1,0,1
bck,0,2,0,2
bcom,0,1,0,1
bcos,3,7,3,13
bcoz,27,7,17,51
bcp,0,8,0,8
bcs,6,6,15,27
bcus,0,0,1,1
bcuz,9,2,22,33
bcz,2,3,23,28
bd,0,10,7,17
bday,4,48,102,154
bdayyy,0,1,0,1
bdayyyyyyy,0,3,0,3
bdd,3,0,0,3
bdgco,0,0,1,1
bdhthdt,0,0,2,2
bdiu,0,1,0,1
bdj,0,0,1,1
bdjejnsjwjejdjdn,1,0,0,1
bdnf,0,0,2,2
bdnklsbdjhgeqhg,0,1,0,1
bds,0,1,2,3
bdsm,0,1,9,10
bdw,1,1,1,3
bdy,0,1,0,1
be,11361,8030,36019,55410
bea,4,4,2,10
beaaaach,0,1,0,1
beaautiful,0,0,1,1
beaauuuiiful,1,0,0,1
beaauuuuttiful,0,0,2,2
beaawwww,0,1,0,1
beacause,2,2,1,5
beach,70,101,278,449
beached,2,5,0,7
beaches,1,8,10,19
beachrose,0,0,1,1
beachy,0,1,4,5
beacon,5,0,14,19
beacouse,0,1,0,1
beacuase,1,0,1,2
beacuse,1,9,8,18
beacuz,0,0,2,2
bead,0,12,4,16
beading,0,1,0,1
beadoer,0,2,0,2
beads,6,8,29,43
beady,0,2,2,4
beagle,1,2,0,3
beagles,0,6,3,9
beaitiful,0,1,1,2
beaity,0,5,0,5
beak,5,3,0,8
beaker,0,8,1,9
beakers,0,0,1,1
beakies,0,0,1,1
beaks,0,3,0,3
beal,0,3,0,3
beale,0,1,0,1
beallover,0,0,3,3
beam,11,18,21,50
beamaverick,0,1,0,1
beamed,0,0,3,3
beaming,0,0,10,10
beams,3,2,11,16
bean,36,56,190,282
beanbag,0,0,4,4
beaner,4,0,1,5
beaners,2,2,0,4
beang,0,5,0,5
beanie,3,12,28,43
beano,0,6,0,6
beans,37,56,106,199
beany,0,0,6,6
beanz,1,9,4,14
beappreciated,0,0,2,2
bear,213,257,329,799
bearable,3,1,25,29
bearcat,0,4,0,4
bearcats,0,0,1,1
beard,47,127,117,291
bearded,2,10,23,35
beardguy,0,0,5,5
beardman,0,6,2,8
beards,14,4,6,24
beardsley,0,4,5,9
beardy,0,0,4,4
bearer,0,0,5,5
bearers,0,0,4,4
bearing,4,1,27,32
bearings,1,1,0,2
bearly,4,2,2,8
bearman,0,3,0,3
bears,38,52,70,160
bearssssss,0,0,1,1
beartooth,0,0,1,1
beartown,0,0,1,1
beary,0,1,0,1
beast,105,160,266,531
beastboy,0,0,1,1
beastendi,0,1,0,1
beastiality,0,2,0,2
beastie,3,1,0,4
beasties,5,0,0,5
beastin,0,0,1,1
beastly,0,9,1,10
beastmaster,0,0,2,2
beasts,15,13,51,79
beasttttt,0,2,0,2
beat,480,669,922,2071
beata,0,2,0,2
beatbelle,0,0,6,6
beatbox,0,10,11,21
beatboxer,1,0,0,1
beatboxers,0,1,0,1
beatboxing,0,0,6,6
beatdrop,0,1,2,3
beatdrops,0,0,1,1
beated,0,1,0,1
beaten,23,15,24,62
beater,4,2,5,11
beatevo,0,1,0,1
beatfuck,0,3,0,3
beath,2,0,0,2
beathing,6,0,0,6
beatific,0,0,1,1
beatiful,0,27,10,37
beatifull,1,1,0,2
beatin,6,0,1,7
beating,62,48,132,242
beatings,1,0,5,6
beatle,0,1,6,7
beatlejuice,0,4,0,4
beatles,6,51,49,106
beatlesque,0,0,4,4
beatlesss,0,3,0,3
beatmaching,0,0,1,1
beato,0,0,2,2
beatrice,24,2,16,42
beatriz,0,0,1,1
beats,70,136,248,454
beatthe,0,0,2,2
beattles,0,0,16,16
beatttttt,0,0,1,1
beattyfull,0,0,1,1
beatufil,0,1,0,1
beatufill,0,0,1,1
beatufull,0,1,0,1
beatup,0,0,1,1
beatus,0,0,2,2
beaty,0,2,1,3
beatyguru,0,1,0,1
beatz,0,5,4,9
beatzzz,0,1,0,1
beau,4,31,5,40
beaubaxton,0,0,1,1
beaubourg,0,3,0,3
beaucoup,1,32,6,39
beaudouin,0,0,2,2
beaufitul,0,0,7,7
beauitful,0,1,0,1
beauitufl,0,0,4,4
beaumont,1,0,0,1
beaussie,0,0,1,1
beaut,5,37,42,84
beaute,0,3,0,3
beautfiul,1,1,0,2
beautician,0,0,1,1
beauticians,0,0,4,4
beauties,2,4,20,26
beautiesssss,0,4,0,4
beautifil,0,2,0,2
beautifilul,0,0,3,3
beautifool,0,0,2,2
beautifu,0,0,1,1
beautiful,124,1,12171,12296
beautifulest,0,0,3,3
beautifulhalo,0,1,1,2
beautifull,7,46,42,95
beautifullest,0,1,0,1
beautifullkesha,0,1,0,1
beautifulll,0,2,0,2
beautifullll,0,9,0,9
beautifulllll,0,1,0,1
beautifullllll,0,1,3,4
beautifulllllll,1,0,2,3
beautifullllllll,1,5,0,6
beautifulllllllll,0,1,2,3
beautifully,14,2,351,367
beautifulskin,0,1,0,1
beautifultrauma,0,0,3,3
beautifuuul,0,0,1,1
beautifuuulll,0,0,1,1
beautifuuuul,0,1,0,1
beautifuuuuuuuul,0,1,0,1
beautify,0,0,7,7
beautil,0,1,0,1
beautimas,0,0,1,1
beautimis,0,1,0,1
beauts,0,0,3,3
beauttttyyyyy,0,1,0,1
beautufull,0,0,2,2
beauty,189,392,1347,1928
beautycon,0,3,0,3
beautycounter,0,0,2,2
beautyessentials,0,0,1,1
beautyful,0,2,16,18
beautyfull,0,1,4,5
beautygurus,4,0,1,5
beautylish,0,1,6,7
beautys,0,0,1,1
beautystandards,0,0,2,2
beautzzz,0,0,2,2
beauutifuul,1,0,0,1
beauuuuutiful,0,7,0,7
beaux,0,1,4,5
beauxbaton,0,1,0,1
beauxbatons,1,0,2,3
beauy,0,0,4,4
beaver,0,1,4,5
beaverly,1,0,0,1
beavers,0,3,0,3
beavis,2,0,0,2
beaw,0,5,1,6
beawr,0,1,0,1
beawrland,0,1,0,1
beax,0,1,0,1
beazle,0,5,0,5
beb,2,22,3,27
bebbeh,0,0,1,1
bebe,1,13,24,38
bebee,0,1,0,1
bebeeeeeeee,0,1,0,1
bebeperdedor,0,1,0,1
beber,1,0,0,1
beberapa,0,0,1,1
beberley,1,0,0,1
beberly,1,0,0,1
bebes,1,2,1,4
bebezinho,0,4,0,4
bebiiiiiiiii,0,6,0,6
bebito,0,1,0,1
bebo,0,1,0,1
bebobadage,0,0,1,1
bebop,9,5,15,29
bec,4,6,10,20
becaause,0,0,1,1
becahmel,0,1,0,1
became,161,82,401,644
becamse,0,0,1,1
becareful,0,1,4,5
becarful,1,0,0,1
becase,1,0,0,1
becasue,14,0,2,16
becau,0,1,0,1
becauce,0,0,2,2
becaude,0,0,5,5
becaue,3,0,0,3
becaurse,0,0,1,1
becaus,13,1,3,17
because,5208,2077,12748,20033
becauseofthatdingbat,0,3,0,3
becausr,0,0,1,1
becauze,0,3,0,3
becca,0,3,28,31
beces,0,5,0,5
becessary,0,0,2,2
bech,1,1,1,3
bechamel,2,2,3,7
bechamps,0,3,0,3
beck,28,64,124,216
beckenham,3,0,0,3
becker,4,0,0,4
becket,0,0,2,2
beckett,0,0,9,9
beckham,9,25,135,169
beckie,4,0,29,33
beckinsale,0,0,1,1
beckmann,0,2,0,2
becks,0,0,1,1
becky,2,5,7,14
beckyyyy,0,0,3,3
becois,0,2,3,5
become,480,301,1272,2053
becomes,108,34,270,412
becometh,0,2,0,2
becoming,54,0,394,448
becore,0,0,1,1
becose,1,0,1,2
becoucha,0,2,0,2
becous,0,0,2,2
becouse,2,1,24,27
becoz,0,2,2,4
becuase,6,10,36,52
becuers,0,0,10,10
becum,0,0,4,4
becus,5,0,0,5
becuse,0,1,10,11
becuz,12,1,13,26
becz,0,1,1,2
bed,311,242,724,1277
bedankt,0,4,0,4
bedazzle,0,0,1,1
bedazzled,0,0,5,5
bedbugs,0,3,0,3
bedding,0,11,26,37
bede,0,1,0,1
bedecked,0,0,1,1
bedframe,0,1,0,1
bedhead,0,0,3,3
bedlam,0,0,1,1
bedouin,0,0,2,2
bedpan,0,0,4,4
bedrest,0,0,2,2
bedrime,0,0,1,1
bedrock,0,0,2,2
bedroom,61,60,123,244
bedrooms,1,2,8,11
beds,1,0,17,18
bedsheets,0,7,2,9
bedside,0,0,17,17
bedspread,0,4,1,5
bedste,0,0,1,1
bedtime,8,10,23,41
bedwetting,0,0,1,1
bee,73,142,112,327
beeaaaasst,0,1,0,1
beeautiful,0,4,0,4
beeb,1,0,1,2
beeba,0,0,4,4
beebo,0,4,0,4
beeccommees,0,1,0,1
beech,2,0,0,2
beedrill,0,0,2,2
beedroom,2,0,0,2
beee,0,0,6,6
beeee,0,2,0,2
beeeeee,0,5,0,5
beeeeeeat,0,1,0,1
beeeeeeccch,1,0,0,1
beeeeeeeeeeeeeeeeee,0,0,5,5
beeeeeeeeeeeeeeeeeeeennnnnnnnnnnnnnnnnnnnnnnnn,0,1,0,1
beeeeeeg,0,0,1,1
beeeeeen,0,0,3,3
beeeeennnnn,0,1,0,1
beeeeest,0,0,4,4
beeeen,0,1,0,1
beeeetter,0,0,1,1
beeeewbs,0,1,0,1
beeegaaaah,0,1,0,1
beeem,0,1,0,1
beeen,1,4,1,6
beeesssssstttttt,0,4,0,4
beeest,0,3,1,4
beef,80,59,126,265
beefchilli,0,1,0,1
beefin,0,2,0,2
beefing,3,5,0,8
beefs,0,3,4,7
beefy,0,0,8,8
beeg,0,0,1,1
beega,0,4,0,4
beegood,0,1,0,1
beehive,3,4,8,15
beeing,8,6,10,24
beeings,0,0,2,2
beejaytv,2,0,0,2
beek,0,1,0,1
beekeepers,0,0,1,1
beel,0,1,0,1
beeld,0,1,0,1
beeleevei,0,1,0,1
beeline,1,0,0,1
beelzebub,2,1,1,4
beem,0,2,0,2
beemer,0,0,1,1
beemmm,0,0,1,1
been,3559,2377,10894,16830
beenigma,0,0,1,1
beening,1,0,1,2
beennndddddyyyyy,0,2,0,2
beens,0,3,2,5
beep,24,62,67,153
beeped,0,1,1,2
beeping,6,0,10,16
beeps,4,0,0,4
beer,58,115,216,389
beercuzzis,0,1,0,1
beeris,0,2,0,2
beers,13,1,25,39
beerus,0,0,7,7
bees,40,54,62,156
beeswax,11,22,45,78
beet,0,0,7,7
beethoven,0,2,1,3
beetle,0,7,1,8
beetlejuice,7,14,16,37
beetles,2,1,2,5
beetroot,0,2,7,9
beets,0,8,8,16
beetween,0,0,3,3
beeuatiful,0,1,0,1
beeutiful,0,1,2,3
beewwbs,0,1,0,1
beeyach,0,0,3,3
beeyatch,0,0,1,1
beeyoutube,0,1,0,1
beez,0,1,0,1
beezekneeze,0,2,0,2
beezpeeng,0,0,6,6
befaamde,0,1,0,1
befell,0,0,3,3
befiore,0,6,0,6
befire,0,0,1,1
befits,0,0,2,2
befitting,0,2,2,4
befo,2,1,0,3
befoooore,0,0,2,2
befor,2,11,9,22
before,1638,2216,4844,8698
beforehand,8,9,52,69
beforemillion,0,2,0,2
beforr,0,0,1,1
befriend,0,0,4,4
befriended,0,0,5,5
befriending,0,0,1,1
befriends,0,0,1,1
befro,0,1,0,1
befuddled,0,2,2,4
beg,12,47,38,97
bega,3,27,7,37
begad,0,0,5,5
begain,0,0,2,2
began,44,15,124,183
begeninde,0,6,0,6
begening,0,2,0,2
beggars,0,7,0,7
begged,5,3,19,27
begger,0,1,0,1
begggg,0,1,0,1
beggin,2,0,8,10
begging,26,27,95,148
beggingingh,0,1,0,1
begginin,0,1,0,1
beggininf,0,1,0,1
beggining,7,12,9,28
beggininggg,0,1,0,1
begginning,0,0,1,1
begin,49,49,249,347
begind,0,0,2,2
beginen,0,1,0,1
beging,0,1,0,1
beginig,0,0,1,1
beginin,0,3,0,3
begining,9,11,21,41
begininng,3,0,0,3
beginne,0,0,1,1
beginnen,0,1,0,1
beginner,0,6,25,31
beginners,1,2,16,19
beginninc,0,0,1,1
beginning,293,431,829,1553
beginnings,0,1,11,12
begins,6,27,71,104
begleri,0,2,1,3
begndm,0,1,0,1
begnets,0,1,0,1
begninton,0,1,0,1
bego,0,0,1,1
begon,0,2,43,45
begone,0,10,107,117
begonnen,0,1,0,1
begood,1,0,1,2
begore,0,7,0,7
begorra,0,0,5,5
begotten,13,1,4,18
begrudge,1,0,0,1
begrudged,3,0,0,3
begs,14,1,8,23
begueye,0,1,0,1
beguiled,0,0,10,10
begun,7,22,26,55
beh,0,1,0,1
behaga,0,0,3,3
behalf,4,5,62,71
behalten,1,0,0,1
behang,0,0,1,1
behar,0,0,1,1
behave,29,11,43,83
behaved,5,1,24,30
behaves,1,0,12,13
behavier,2,0,0,2
behaving,5,0,8,13
behavior,101,17,134,252
behavioral,4,0,15,19
behaviorist,0,0,1,1
behaviors,12,0,27,39
behaviour,71,9,53,133
behavioural,2,0,5,7
behaviours,0,0,10,10
behead,0,3,1,4
beheaded,2,0,1,3
beheading,4,0,1,5
beheadings,8,0,0,8
behemot,0,0,1,1
behemoth,1,0,7,8
behen,0,1,0,1
behest,1,0,2,3
behevior,0,0,1,1
behide,0,1,0,1
behiiiiiiiiiiiiiind,1,0,0,1
behimd,0,0,1,1
behind,1035,12,873,1920
behindd,0,3,0,3
behinde,1,0,0,1
behinds,0,0,1,1
behold,11,8,32,51
beholder,0,0,11,11
beholdeth,13,0,0,13
behond,0,0,5,5
behr,0,1,0,1
behsjwbsuebdhd,0,1,0,1
bei,1,31,1,33
beiatifil,0,2,0,2
beibe,0,1,0,1
beiber,2,6,12,20
beibers,0,0,4,4
beibi,1,1,0,2
beide,0,0,1,1
beiden,0,1,0,1
beige,7,3,29,39
beign,0,0,4,4
beignets,0,1,0,1
beijing,3,3,0,6
beijo,0,1,0,1
beijos,0,2,0,2
beijrrbrkiebrrjshnagwb,0,2,0,2
beilke,0,4,0,4
beim,0,1,0,1
bein,3,1,20,24
beine,0,6,0,6
being,2625,970,7357,10952
beings,46,39,128,213
beirut,0,0,2,2
beisbolistas,0,0,2,2
beitch,0,3,0,3
bejay,0,2,12,14
bejays,0,0,2,2
bejeezers,0,5,0,5
bejesus,0,7,0,7
bejing,0,0,4,4
bejng,0,1,0,1
bekaar,0,1,0,1
bekah,0,3,0,3
bekanntesten,0,6,0,6
bekar,0,1,0,1
bekeken,0,1,0,1
beker,1,0,0,1
bekfast,0,0,2,2
bekfest,0,1,0,1
beki,0,0,2,2
bekleyin,0,1,0,1
bekliyo,0,1,0,1
bekliyor,0,3,0,3
bekomme,1,0,0,1
bekommt,0,7,0,7
bel,1,19,10,30
belagio,0,6,0,6
belahan,0,2,0,2
belair,0,0,1,1
belanda,0,1,0,1
belarus,0,3,13,16
belated,1,0,114,115
belatedly,0,0,4,4
belch,6,2,4,12
belched,0,0,2,2
belcher,0,0,7,7
belching,5,0,9,14
belden,1,0,0,1
bele,0,8,0,8
beleave,0,0,4,4
belee,1,0,0,1
beleive,2,0,16,18
belepotan,0,1,0,1
beless,0,1,0,1
beleve,2,0,0,2
beleza,0,4,0,4
belfast,13,24,63,100
belgi,0,1,0,1
belgian,4,8,24,36
belgians,0,1,1,2
belgique,0,2,1,3
belgium,11,12,66,89
belgrade,2,5,0,7
belguim,0,0,10,10
beli,0,1,0,1
belieber,0,1,0,1
beliebt,0,6,0,6
belieeeevee,0,2,0,2
belieeevee,0,0,1,1
belief,27,15,78,120
beliefed,0,0,1,1
beliefs,45,2,62,109
believable,6,1,40,47
believably,0,0,4,4
believe,904,740,2441,4085
believeable,1,0,1,2
believed,44,10,92,146
believeing,1,0,0,1
believer,8,8,33,49
believerpool,0,1,0,1
believers,24,0,6,30
believes,69,21,117,207
believeth,4,0,2,6
believing,47,15,93,155
belife,3,0,0,3
beliieve,0,0,2,2
belinda,0,6,0,6
belittle,0,0,28,28
belittled,0,1,5,6
belittling,0,0,2,2
belive,5,27,55,87
belived,0,1,0,1
beliven,0,0,3,3
beliver,0,1,0,1
belives,0,0,2,2
belize,0,1,1,2
belki,0,1,1,2
belkin,1,0,3,4
belko,1,47,14,62
bell,67,145,282,494
bella,20,124,48,192
bellaaaa,0,3,0,3
bellaaaaa,0,0,3,3
bellaboos,0,3,0,3
bellami,4,0,4,8
bellamy,12,0,5,17
bellas,0,4,1,5
bellator,0,7,0,7
bellators,0,6,0,6
bellboy,1,0,0,1
belle,9,85,68,162
bellend,6,10,8,24
beller,0,2,0,2
bellerin,0,6,1,7
bellerophon,0,1,0,1
belleza,0,9,5,14
bellhop,1,0,5,6
belli,0,9,2,11
bellicima,0,1,0,1
bellies,3,0,5,8
belligerent,2,0,9,11
bellingham,0,1,1,2
bellisima,0,2,0,2
bellisimo,0,1,0,1
bellissima,0,12,2,14
bellissimo,0,7,0,7
bello,3,23,9,35
belloooooo,0,1,0,1
bellos,0,5,1,6
bellow,0,9,3,12
bells,0,12,34,46
bellucci,0,7,0,7
bellum,2,1,0,3
belly,68,72,403,543
bellyache,2,0,0,2
bellyaching,0,0,1,1
bellybutton,0,0,6,6
bellydancing,0,0,1,1
bellyflops,0,1,0,1
belmount,1,0,0,1
belo,0,6,0,6
belong,81,64,114,259
belonged,1,0,8,9
belonging,0,0,1,1
belongings,3,1,11,15
belongs,13,38,34,85
beloning,0,1,0,1
beloonen,0,1,0,1
belooooooong,0,2,0,2
beloooooooooong,0,1,0,1
belotti,0,5,0,5
beloved,8,0,82,90
below,118,64,314,496
belsbub,0,1,0,1
belssing,0,0,1,1
belt,64,59,144,267
belter,0,10,10,20
belting,1,0,3,4
beltram,0,1,0,1
belts,6,19,31,56
beltway,0,81,0,81
belushi,2,4,11,17
belvedere,0,1,1,2
bem,0,40,1,41
bembangin,0,2,0,2
bembel,0,4,0,4
bemm,0,0,1,1
bemoan,0,0,1,1
ben,181,476,605,1262
benadryl,0,1,0,1
benassi,0,7,0,7
bench,67,23,93,183
benched,29,0,10,39
bencher,0,0,6,6
benches,0,7,12,19
benchmark,0,6,15,21
bencong,0,6,0,6
bend,27,60,80,167
bende,0,1,0,1
bendecido,0,1,0,1
bendelsnatch,3,0,0,3
bender,5,3,4,12
benders,3,0,0,3
bendersnath,3,0,0,3
bendici,0,2,0,2
bendicion,0,0,1,1
bendiciones,5,18,1,24
bendiga,1,20,13,34
bending,23,3,15,41
bendita,0,2,0,2
bendover,0,1,4,5
bendr,1,0,0,1
bends,0,13,16,29
bendthedick,0,2,0,2
bendtner,0,10,0,10
bendy,4,33,16,53
bene,1,11,1,13
beneath,9,11,25,45
benedi,0,0,8,8
benedict,12,80,64,156
benedicts,0,1,0,1
benedit,0,0,7,7
benedryl,0,8,0,8
benefactor,0,0,5,5
beneficente,0,1,0,1
benefici,0,1,0,1
beneficia,0,1,0,1
beneficial,25,0,31,56
beneficiaries,0,0,1,1
beneficiary,3,0,2,5
benefit,36,34,173,243
benefited,0,0,8,8
benefitial,3,0,0,3
benefiting,0,0,5,5
benefits,19,12,87,118
benefitted,0,0,3,3
benefitting,4,0,2,6
beneift,0,0,3,3
benetfilx,0,1,0,1
beneventano,0,5,0,5
benevento,0,15,0,15
benevolent,1,1,2,4
benfica,7,9,6,22
benficay,0,0,1,1
beng,0,2,0,2
bengal,0,0,7,7
bengali,1,0,4,5
bengals,0,10,1,11
benghazi,5,0,0,5
bengkulu,0,0,1,1
benhalib,0,0,4,4
beni,0,8,2,10
benidorm,0,0,8,8
benie,0,1,0,1
benieuwd,0,1,0,1
benif,0,1,0,1
beniffets,0,1,0,1
benifit,0,0,2,2
benifits,3,0,1,4
benign,0,0,1,1
benim,0,5,0,5
benington,1,3,1,5
benioff,1,0,0,1
benis,0,3,0,3
benita,2,2,1,5
benitas,0,1,0,1
benitez,0,9,4,13
benjamin,1,28,28,57
benjamite,0,0,3,3
benjin,12,0,0,12
benjins,0,0,6,6
benmiyim,0,2,0,2
benmyloves,1,0,0,1
benn,2,1,0,3
benndik,0,1,0,1
bennet,0,1,7,8
bennett,2,2,1,5
bennignton,0,2,0,2
bennigton,0,1,1,2
benning,0,0,1,1
bennington,25,28,45,98
benniton,1,0,0,1
bennn,0,0,1,1
benno,0,0,1,1
bennuendo,5,0,0,5
benny,1,20,14,35
benometer,0,0,1,1
benq,0,2,4,6
bens,1,15,6,22
benseeing,1,0,0,1
benson,2,4,8,14
bent,14,24,38,76
benten,0,0,2,2
benti,0,0,5,5
bentley,1,7,1,9
bentlington,0,0,1,1
bento,0,1,0,1
bentornata,0,1,0,1
bentyaga,1,0,0,1
benyamin,0,0,1,1
benz,1,3,5,9
benzama,0,0,2,2
benzema,0,11,14,25
benzemalo,0,6,0,6
benzene,0,0,1,1
benzeten,0,5,0,5
benziyo,0,4,0,4
benzo,2,0,1,3
benzone,0,0,1,1
benzos,0,0,4,4
benzoyl,6,0,4,10
beoooooooobs,0,1,0,1
beoreusi,0,1,0,1
beouf,0,1,0,1
bep,0,6,1,7
bepanthen,0,2,0,2
bepis,0,1,1,2
beqa,3,6,4,13
beqsqhguksji,0,1,0,1
ber,7,7,9,23
beraberligi,0,1,0,1
beramuda,0,1,0,1
berat,0,2,0,2
berate,3,0,0,3
beratheon,1,0,0,1
berating,0,0,3,3
berbat,0,3,0,3
berber,0,0,2,2
berbere,0,0,2,2
berduli,0,3,0,3
bere,0,1,0,1
bereaved,3,1,0,4
bereavement,2,0,0,2
bereikt,0,2,0,2
beret,1,4,6,11
berets,0,2,2,4
beretta,1,0,6,7
berg,0,4,11,15
bergas,0,2,0,2
bergen,0,2,5,7
bergendy,1,0,0,1
berger,0,1,2,3
bergibt,0,6,0,6
bergkamp,0,0,5,5
bergman,1,0,2,3
bergoli,1,2,0,3
bergorli,0,1,0,1
berh,0,1,0,1
berharap,0,4,0,4
beri,0,2,0,2
berjenama,0,0,2,2
berk,0,1,0,1
berkcan,0,3,0,3
berkeley,8,3,18,29
berkelian,0,0,1,1
berkely,0,0,1,1
berkembang,0,0,1,1
berker,1,0,0,1
berkley,8,0,0,8
berkshire,1,0,0,1
berlangganan,0,1,0,1
berlin,3,4,30,37
berlinetta,1,0,0,1
berly,1,0,0,1
bermain,2,0,0,2
berms,3,0,0,3
bermuda,0,6,6,12
bern,4,2,2,8
bernabeu,0,7,0,7
bernadette,1,1,0,2
bernadino,0,0,4,4
bernard,2,5,6,13
bernardian,0,3,0,3
bernardin,0,2,0,2
bernardino,0,1,1,2
bernie,17,21,23,61
bernieorbust,0,0,3,3
bernies,0,0,1,1
berninger,0,0,4,4
bernstein,1,7,1,9
bernthal,1,8,12,21
bernthall,0,0,1,1
beroemde,0,1,0,1
beroll,0,2,0,2
berpisah,0,0,1,1
berried,1,0,0,1
berries,1,15,29,45
berro,0,1,0,1
berry,27,30,71,128
berrymore,1,0,0,1
berse,0,3,0,3
berserk,1,2,0,3
berserker,0,0,5,5
bershka,0,3,0,3
bersinarrrrrrrrrrrrrrrrr,0,1,0,1
bersyukur,0,0,1,1
bert,0,2,2,4
bertaley,1,0,0,1
bertha,2,0,0,2
bertie,2,7,6,15
bertrand,0,0,1,1
berty,0,0,1,1
beru,1,0,0,1
berubah,0,1,0,1
beruhgunu,0,2,0,2
berusaha,0,0,1,1
bery,0,0,1,1
berzerker,0,0,3,3
berzerko,3,0,0,3
bes,0,6,0,6
besaba,0,1,0,1
besando,0,4,0,4
besas,2,0,0,2
bescbeuert,0,1,0,1
beschda,0,2,0,2
beseffen,1,0,0,1
besem,0,0,2,2
beses,0,1,0,1
beset,1,0,0,1
beshipe,0,0,1,1
beshisenes,0,1,0,1
besically,0,5,0,5
beside,18,18,44,80
besideds,1,0,0,1
besides,104,45,302,451
besikt,0,1,0,1
besiktas,6,23,16,45
besiktasi,0,2,0,2
besiktasin,0,1,0,1
besiktass,4,0,0,4
beskitas,0,1,0,1
beso,0,4,0,4
besoin,0,5,0,5
besonderes,0,2,0,2
besos,0,10,1,11
besosss,0,1,0,1
besotted,0,0,1,1
bespeak,0,0,1,1
bespectacled,0,1,0,1
bespin,0,0,5,5
bespoke,0,0,5,5
bess,1,0,0,1
bessel,0,0,2,2
besser,0,3,0,3
bessere,0,3,0,3
besseres,0,1,0,1
bessie,0,1,0,1
besson,1,0,0,1
bessssssssssssssstttttttttt,0,1,0,1
besssst,0,3,1,4
bessst,0,0,4,4
besst,0,1,0,1
besstttt,0,1,0,1
best,203,41,15015,15259
bestamericanrecord,0,1,0,1
bestcrewever,0,0,1,1
beste,0,37,12,49
bested,1,0,0,1
bestee,0,1,0,1
besteeper,0,0,3,3
bestel,0,1,0,1
bestemione,0,5,0,5
bestemmie,0,3,0,3
besten,0,6,0,6
bester,0,11,0,11
bestest,1,8,3,12
bestfood,0,2,0,2
bestfriend,3,18,10,31
bestfriendgoals,1,0,0,1
bestfriends,1,11,2,14
besti,0,2,0,2
bestia,0,1,0,1
bestial,4,2,0,6
bestiality,4,1,0,5
bestias,0,1,1,2
bestie,1,12,22,35
besties,2,4,15,21
bestimmt,0,2,0,2
bestimmten,1,0,0,1
bestlives,0,5,0,5
bestly,0,0,2,2
bestmobile,0,2,0,2
bestow,0,0,1,1
bestplayerever,0,1,0,1
bestpractice,0,0,3,3
bestrapper,0,0,1,1
bests,1,1,5,7
bestseller,0,0,5,5
bestsellers,0,1,3,4
bestselling,0,0,2,2
bestsongin,0,4,0,4
bestt,0,1,2,3
besttt,0,2,0,2
bestttt,0,0,1,1
besttttt,0,3,0,3
bestttttt,0,0,1,1
besttttttt,0,3,0,3
besttttttttt,0,6,0,6
bestwishes,3,0,0,3
besuty,0,0,1,1
besy,0,2,0,2
bet,290,358,673,1321
beta,90,79,109,278
betaald,0,1,0,1
betamax,1,0,0,1
betas,2,1,0,3
betch,1,2,7,10
betcha,0,2,7,9
betches,0,0,1,1
bete,2,8,0,10
betekenen,0,0,1,1
betekenend,0,1,0,1
betel,0,1,0,1
beter,0,6,12,18
betere,0,1,0,1
beth,30,15,88,133
bethany,1,1,0,2
betherly,0,1,0,1
bethesda,11,5,28,44
bethisaclone,0,0,1,1
bethnal,6,0,0,6
bethxoxo,0,0,1,1
betis,0,1,0,1
betnetworks,1,0,0,1
beto,0,1,0,1
betonce,0,1,0,1
betray,4,9,7,20
betrayal,10,2,8,20
betrayals,1,0,2,3
betrayed,3,11,10,24
betraying,0,0,6,6
betrays,1,0,4,5
bets,9,11,4,24
betsy,1,0,1,2
bett,0,2,0,2
betta,3,26,9,38
bettaaaaaa,0,2,0,2
bette,2,0,3,5
bettedaviseyes,1,0,0,1
betteeer,0,0,1,1
betteeerrr,0,0,1,1
better,1032,161,11141,12334
bettered,0,0,1,1
betterer,0,4,2,6
bettering,0,0,2,2
betterment,0,0,1,1
betterrrr,0,2,0,2
betterrrrr,0,2,0,2
betters,0,0,6,6
bettershare,0,1,0,1
bettert,0,3,0,3
betterthanmalu,1,0,0,1
betterthanvodafone,0,0,2,2
bettet,0,0,1,1
betther,1,0,0,1
bettin,0,0,2,2
betting,3,2,34,39
bettle,0,1,0,1
bettteerrr,0,3,0,3
bettter,3,4,7,14
bettur,0,1,0,1
betty,4,11,23,38
bettyelmer,0,3,0,3
betul,0,1,0,1
betw,0,0,1,1
between,404,308,1445,2157
betweens,0,0,2,2
betweenthelines,0,1,0,1
betwen,5,3,0,8
betwwen,0,0,1,1
beuatiful,0,0,1,1
beuden,0,1,0,1
beuf,0,3,0,3
beuger,0,1,0,1
beuler,0,1,0,1
beung,0,0,3,3
beuno,0,2,0,2
beurk,0,1,0,1
beurre,0,0,2,2
beutiful,1,19,19,39
beutifull,0,6,5,11
beutlful,0,0,2,2
beutumis,0,7,0,7
beuty,0,2,0,2
beuvendams,0,3,0,3
bev,7,8,28,43
bevel,0,4,1,5
beverage,5,3,22,30
beverages,11,7,10,28
beverally,2,0,0,2
beveren,0,0,1,1
beverley,8,9,14,31
beverleys,0,0,1,1
beverly,49,55,67,171
beverlylookslikeaoldodb,0,0,1,1
bevor,0,11,1,12
bewaar,0,1,0,1
beware,24,2,45,71
bewb,0,1,0,1
bewbies,0,1,0,1
bewbs,1,5,0,6
bewbz,0,0,5,5
beweest,0,1,0,1
bewerben,0,1,0,1
bewiesen,0,1,0,1
bewildered,0,2,8,10
bewitch,0,1,0,1
bewitched,0,0,6,6
bewitching,0,0,2,2
bewn,0,0,1,1
bewries,0,0,2,2
bewteen,0,2,0,2
bex,0,0,3,3
bextor,0,1,0,1
bey,5,10,11,26
beyazzzzz,0,1,0,1
beybi,0,2,0,2
beyblade,0,10,17,27
beyblades,0,1,0,1
beybur,0,0,2,2
beyendim,0,2,0,2
beyerdynamic,0,0,14,14
beyine,0,1,0,1
beyler,0,4,0,4
beyoc,0,0,1,1
beyonc,11,64,43,118
beyonccccccc,0,0,1,1
beyonce,43,67,80,190
beyonceeee,0,1,0,1
beyonces,0,1,0,1
beyond,144,54,518,716
beyoondd,0,1,0,1
beyotch,0,4,0,4
beyoubeproud,0,0,3,3
beyound,0,7,0,7
beyourownlifecoach,0,2,0,2
beyshere,0,2,0,2
bez,0,16,0,16
beza,0,2,0,2
bezel,14,33,24,71
bezeless,0,0,1,1
bezelless,0,1,0,1
bezels,35,15,59,109
bezig,0,1,0,1
bezit,0,0,1,1
bezles,0,0,1,1
bezos,1,6,1,8
bezradno,0,2,0,2
bezzelless,0,2,0,2
bezzels,0,3,0,3
bezzoz,0,4,0,4
bf,38,81,147,266
bfa,2,0,6,8
bfbbfbbfffbfyyf,0,0,2,2
bfbc,0,0,1,1
bfc,0,0,2,2
bfd,1,0,0,1
bfdkjhsfdshf,1,0,0,1
bff,13,14,32,59
bfffbffbfb,0,0,2,2
bffs,1,2,10,13
bfg,4,36,25,65
bfgf,1,0,0,1
bfh,0,0,4,4
bfhwl,0,0,6,6
bfidn,0,1,0,1
bfl,0,0,1,1
bfo,0,0,1,1
bfr,23,23,85,131
bfront,0,0,1,1
bfrs,0,0,4,4
bfs,1,3,1,5
bfuhggc,0,1,0,1
bfv,0,0,1,1
bfyufffffbfffbfyrbyyhbffbfbbfbbfyuyhyyybfbtuyubfyu,0,0,2,2
bg,12,13,8,33
bga,0,9,1,10
bgbq,0,0,5,5
bgc,0,1,0,1
bget,0,1,0,1
bgggg,0,1,0,1
bghreak,0,5,0,5
bgi,0,0,1,1
bgirlsay,0,1,0,1
bgkus,0,3,0,3
bgm,0,6,7,13
bgrreak,0,4,0,4
bgt,0,8,5,13
bgtuuyggubygy,0,0,4,4
bgtuyycvcybg,0,0,2,2
bh,4,9,39,52
bha,0,0,12,12
bhabie,2,3,6,11
bhad,4,2,4,10
bhaddie,2,0,0,2
bhadie,0,1,0,1
bhaha,0,0,3,3
bhahahah,0,1,0,1
bhahahahahahahahahahah,0,0,1,1
bhahubali,0,1,0,1
bhai,0,2,6,8
bhajan,0,0,3,3
bhand,0,1,0,1
bhangra,1,3,0,4
bhangu,0,0,6,6
bharatnatyam,0,1,3,4
bhari,0,1,0,1
bhavish,0,0,2,2
bhcosmetic,0,0,1,1
bheje,0,2,0,2
bhenchod,0,1,0,1
bhi,0,1,1,2
bhicken,0,0,5,5
bhkuzwyhs,0,1,0,1
bhlair,5,0,0,5
bhm,0,0,4,4
bhna,0,0,1,1
bho,0,3,0,3
bhoi,0,0,3,3
bhop,0,1,0,1
bhosada,0,2,0,2
bhosadiwale,0,2,0,2
bhosda,0,1,0,1
bhp,0,1,0,1
bhsvdidsfbkjsvd,0,3,0,3
bhts,0,1,0,1
bhttloose,0,1,0,1
bhullar,0,3,0,3
bhurrrrrrrrrrr,0,1,0,1
bhutan,0,0,1,1
bhutlah,0,2,0,2
bhuvan,1,0,0,1
bhz,0,0,1,1
bi,26,94,74,194
bia,0,2,0,2
biach,2,0,0,2
biafara,0,5,0,5
biagar,0,3,0,3
biair,0,0,1,1
biais,0,1,0,1
biaised,0,7,0,7
bianca,17,27,69,113
biancas,0,7,0,7
bianchi,0,1,1,2
biang,0,0,6,6
biar,0,2,0,2
biarla,0,1,0,1
bias,63,55,136,254
biasa,0,1,0,1
biase,0,2,0,2
biased,38,36,99,173
biases,4,3,13,20
biaslist,0,0,1,1
biasnya,0,2,0,2
biasssss,0,1,0,1
biast,0,1,0,1
biat,0,1,0,1
biatcchh,0,0,1,1
biatch,1,3,2,6
biatches,0,4,0,4
biatchhh,0,1,0,1
bib,0,0,7,7
biba,0,3,5,8
bibadam,0,1,0,1
bibbers,0,1,0,1
bibbim,0,1,0,1
bibe,0,0,2,2
biber,0,2,0,2
bibi,0,2,0,2
bibiche,0,1,0,1
bible,94,35,180,309
bibles,0,0,12,12
biblica,0,1,0,1
biblical,19,28,40,87
bibliography,0,0,1,1
biblioteca,0,5,0,5
biblioteka,0,0,3,3
bibodo,0,2,0,2
bibolar,0,0,1,1
bibs,0,2,0,2
bic,2,1,6,9
bicampeon,0,5,0,5
bicarbonate,5,3,0,8
bicardi,0,2,0,2
biccnaneun,0,0,1,1
bicentennial,0,2,0,2
biceps,0,6,0,6
bich,7,43,11,61
bicha,0,1,0,1
biches,1,3,0,4
bichessssss,0,1,0,1
bichis,1,0,0,1
bichito,0,1,0,1
bicho,0,9,0,9
bichos,0,1,0,1
bici,0,1,0,1
bicicle,0,3,0,3
bicicleta,0,5,0,5
bicik,0,1,0,1
bickering,1,0,10,11
bicks,0,1,0,1
bicol,1,0,0,1
bicouse,0,1,0,1
bicth,3,2,0,5
bicycle,13,16,17,46
bicycles,0,3,4,7
bicycling,0,1,0,1
bicyclists,0,0,6,6
bicyle,0,1,0,1
bid,1,2,13,16
bida,0,1,0,1
bidder,7,0,10,17
biddies,0,0,1,1
bidding,0,3,3,6
biden,1,2,0,3
bideo,1,0,0,1
bideos,0,1,0,1
bidet,10,5,17,32
bidets,1,0,4,5
bidi,2,2,4,8
bidio,0,0,1,1
bidness,0,0,1,1
bido,0,2,0,2
bids,1,0,2,3
bidyos,0,3,0,3
bidzi,0,0,1,1
bieber,25,58,43,126
bieberr,0,1,0,1
biebs,0,0,7,7
bieg,0,2,0,2
biel,2,0,5,7
bien,9,278,80,367
bieng,0,3,1,4
biennial,1,0,0,1
biennnn,0,0,1,1
bienpensantes,2,0,0,2
biens,0,1,0,1
bient,0,8,0,8
bientot,1,0,0,1
bienvenidas,0,1,0,1
bienvenidos,0,0,1,1
biere,0,1,0,1
bieutiful,0,4,0,4
biew,0,0,1,1
biffy,0,0,4,4
bifida,0,0,1,1
big,1290,1554,3526,6370
bigadigadigalalululapssshhhh,1,0,0,1
bigass,0,0,1,1
bigassbezels,0,1,0,1
bigbaby,0,1,0,1
bigbang,0,1,3,4
bigboy,0,2,0,2
bigcartel,0,0,1,1
bigdickdave,0,0,3,3
biger,1,0,0,1
bigest,3,2,1,6
bigfactz,0,1,0,1
bigfoot,13,9,1,23
bigg,6,4,8,18
biggeeeest,0,0,3,3
bigger,197,248,585,1030
biggerporg,0,0,2,2
biggesst,0,0,1,1
biggest,247,256,571,1074
biggestsetofballsever,0,1,0,1
biggets,0,0,1,1
biggg,0,2,0,2
biggggg,2,0,0,2
biggie,14,18,17,49
biggig,0,3,0,3
bigging,0,0,5,5
biggot,0,0,5,5
biggoted,1,0,0,1
biggots,0,0,2,2
biggs,0,1,0,1
biggums,0,4,0,4
biggups,0,0,1,1
biggy,0,1,8,9
bighearted,0,0,2,2
bighit,1,7,4,12
bighter,0,0,1,1
bights,0,0,1,1
bigi,0,0,1,1
bigining,0,1,0,1
bigisland,0,0,1,1
bigly,0,9,10,19
bigmac,0,0,2,2
bigmacs,0,1,2,3
bigman,3,9,16,28
bigmans,0,0,1,1
bigmantyrone,0,0,5,5
bigot,23,5,25,53
bigoted,5,0,11,16
bigotry,6,0,16,22
bigots,3,1,13,17
bigoudis,0,4,0,4
bigquint,0,3,0,3
bigroom,0,1,0,1
bigs,0,1,0,1
bigsexy,0,1,0,1
bigsexydaddy,0,0,1,1
bigshit,1,0,0,1
bigtime,0,1,2,3
bigup,0,0,1,1
bigwigs,3,0,0,3
bih,6,21,8,35
biha,0,1,0,1
bihg,0,0,1,1
bihh,1,1,2,4
bihhh,1,4,0,5
bihhhhhhh,0,1,0,1
biicchh,0,0,1,1
biigbang,0,0,1,1
biiig,0,1,0,1
biiiig,5,0,0,5
biiiii,0,2,0,2
biiiiich,0,0,1,1
biiiiiihhhh,0,0,1,1
biiiiiiig,6,0,0,6
biiiiiiiiitch,0,1,0,1
biiiiiiish,4,0,0,4
biiiiiiitch,0,1,0,1
biiiiiiiyatch,1,0,0,1
biiiiiitch,0,1,0,1
biiiiitccchhh,0,0,5,5
biiiiitch,0,3,0,3
biiiirrrrrrthdaaaaaaaaaay,0,0,1,1
biiiitch,0,2,0,2
biiiittttcccchhhh,0,5,0,5
biiitchhh,0,1,0,1
biiittchhhh,0,1,0,1
biiitttccchhheeessss,0,1,0,1
biiitttsssss,0,1,0,1
biittccchhh,1,0,0,1
bij,0,17,8,25
bijj,0,0,1,1
bijna,0,7,2,9
bijoux,0,5,1,6
bijzondere,0,0,1,1
bike,120,202,295,617
bikeee,0,4,0,4
bikefriend,0,0,1,1
bikelife,0,1,0,1
bikeparks,0,0,3,3
biker,2,6,10,18
bikers,0,1,3,4
bikes,6,27,59,92
bikewifestruggles,0,2,0,2
bikin,0,1,3,4
biking,0,17,23,40
bikini,10,13,16,39
bikinis,1,0,13,14
bikins,0,1,0,1
bil,1,3,0,4
bilal,0,1,0,1
bilang,0,0,1,1
bilas,1,0,0,1
bilbo,0,0,5,5
bilboards,0,2,0,2
bilderberg,1,1,0,2
bilderbuch,0,0,6,6
bildirecegiz,0,1,0,1
bile,0,9,7,16
bilelim,0,2,0,2
biles,0,8,0,8
bilgater,0,1,0,1
bilgi,0,3,0,3
bili,0,1,0,1
biliaon,0,1,0,1
biliary,0,1,0,1
bilibili,0,2,6,8
bilic,31,18,17,66
biling,0,3,0,3
bilingual,0,3,15,18
bilinmeyen,0,2,0,2
bilion,0,1,0,1
biliyor,0,1,0,1
biliyorum,0,1,0,1
biliyoz,0,1,0,1
bilka,0,1,0,1
bill,154,249,462,865
billabong,0,3,0,3
billboard,6,19,52,77
billboards,1,5,0,6
billclintonisarapist,1,0,0,1
billed,3,0,1,4
billes,0,0,2,2
billianaires,0,2,0,2
billiards,0,1,6,7
billic,4,0,0,4
billie,3,24,2,29
billige,0,6,0,6
billiingsly,0,6,0,6
billing,2,8,3,13
billion,65,53,162,280
billionaire,23,15,29,67
billionaires,2,3,25,30
billions,28,16,94,138
billionth,0,5,2,7
billon,1,2,1,4
billow,0,0,2,2
billowing,2,0,0,2
bills,35,21,82,138
billskarsg,0,1,0,1
billwise,1,0,0,1
billy,39,69,71,179
billyclub,0,2,0,2
bilmedi,0,1,0,1
bilmiyor,0,1,0,1
bilson,0,1,0,1
bilzahrjdbesn,1,0,0,1
bilzarian,7,1,1,9
bilzerain,1,0,0,1
bilzerian,11,20,6,37
bilzerians,2,0,0,2
bimbeminkia,0,1,0,1
bimbke,2,0,0,2
bimbo,1,2,1,4
bimbos,2,0,4,6
bimillions,2,0,0,2
bimmy,1,0,0,1
bin,43,82,42,167
binance,0,0,9,9
binarian,0,0,3,3
binary,5,1,20,26
binarysuresolution,0,0,1,1
binaural,1,2,3,6
binch,1,0,0,1
bind,1,5,10,16
binde,0,4,0,4
binder,0,0,3,3
bindi,8,5,6,19
bindiiiiieeee,0,2,0,2
bindiiiiiiii,0,0,1,1
bindiiiiiiiiiiiiiiiiiiiiiiii,0,3,0,3
binding,1,0,6,7
biness,0,1,0,1
binette,0,0,2,2
bing,10,17,17,44
binge,121,75,550,746
bingeall,0,4,0,4
binged,15,7,61,83
bingeing,3,0,25,28
binger,0,0,4,4
binges,0,1,10,11
bingewatch,0,0,5,5
bingewatching,0,0,2,2
binghamton,0,0,2,2
binging,11,32,56,99
bingo,8,23,15,46
bingoooooooo,0,6,0,6
binili,0,1,0,1
binked,0,2,0,2
binks,1,3,1,5
binky,0,1,0,1
binnenkort,0,1,0,1
binner,0,0,1,1
binniest,0,0,3,3
binoculars,0,0,4,4
bins,0,0,1,1
bint,3,0,1,4
binturongs,0,0,1,1
binural,0,0,1,1
binx,1,0,0,1
binyameen,0,1,0,1
binyamin,0,1,0,1
bio,9,8,53,70
biodegradable,0,0,7,7
bioderma,0,0,7,7
biodiversity,6,1,4,11
bioengineered,1,0,0,1
bioflex,0,0,5,5
biofuels,1,0,2,3
biography,8,6,6,20
biogtry,1,0,0,1
biohazard,1,1,0,2
biolog,0,3,0,3
biological,10,6,29,45
biologically,7,1,3,11
biologist,0,4,8,12
biologists,0,0,11,11
biology,8,18,58,84
biomass,0,0,2,2
biome,0,1,0,1
biomechanical,4,0,0,4
biomes,0,0,1,1
biometric,2,0,3,5
biona,0,2,0,2
bionic,3,2,7,12
biophilia,0,0,3,3
biopic,3,9,4,16
bioplast,0,0,1,1
biopod,0,0,5,5
biopsy,0,0,3,3
biore,0,0,8,8
biorhythm,0,0,1,1
bios,0,0,5,5
bioshock,2,5,4,11
biosphere,2,1,5,8
biospheres,5,0,0,5
biotech,0,3,0,3
biotic,2,0,0,2
biotics,0,7,1,8
bious,0,0,1,1
bioware,3,0,0,3
bioweapon,0,0,1,1
bioweapons,0,0,2,2
bioworm,5,0,0,5
bipartisan,1,0,1,2
bipedal,0,3,0,3
bipedals,0,0,1,1
bipod,0,0,11,11
bipolar,10,28,29,67
biqqas,0,0,1,1
bir,0,49,6,55
biracial,7,0,21,28
biracialcrew,0,0,1,1
biraz,0,1,1,2
birazdan,0,2,0,2
birb,0,1,0,1
birbirini,0,1,0,1
birbs,0,1,0,1
birby,0,1,0,1
birch,2,1,2,5
birches,1,0,0,1
bird,66,83,92,241
birdcage,4,8,3,15
birdeater,0,1,0,1
birdie,0,2,1,3
birdlike,0,0,1,1
birdman,3,12,10,25
birdo,0,0,1,1
birds,24,31,59,114
birdy,8,7,1,16
birefringence,0,0,2,2
biren,0,0,1,1
bireysel,0,3,0,3
birhday,0,1,0,1
birileri,0,3,0,3
biring,0,1,0,1
birisi,0,1,0,1
biritsh,0,1,0,1
birk,0,1,0,1
birkenstock,2,4,2,8
birkenstocks,0,0,3,3
birkin,0,0,10,10
birkinstocks,0,2,0,2
birkley,1,0,0,1
birmingham,17,47,40,104
birn,0,1,0,1
biromantic,0,2,0,2
birra,0,1,0,1
birtday,0,2,2,4
birth,121,91,370,582
birthay,0,1,0,1
birthcontrol,5,0,0,5
birthdaaaaaaaay,0,6,0,6
birthdaaaaaaay,0,1,0,1
birthdaaay,0,0,3,3
birthdaay,0,0,3,3
birthdae,0,1,0,1
birthdate,0,0,1,1
birthday,171,608,1721,2500
birthdays,0,9,21,30
birthdayvwas,3,0,0,3
birthdayy,0,0,1,1
birthdayyy,0,0,8,8
birthdayyyy,0,1,0,1
birthdayyyyy,0,0,1,1
birthdelivery,0,0,3,3
birthed,1,1,5,7
birthers,1,0,0,1
birthgiver,0,2,0,2
birthing,10,1,7,18
birthmark,6,4,4,14
birthmarks,1,1,0,2
birthplace,0,0,4,4
birthrate,0,0,4,4
births,6,0,23,29
birthstone,0,0,2,2
birxhbox,0,0,1,1
biryani,1,9,0,10
bis,5,1,0,6
bisa,0,4,3,7
bisabuela,0,0,2,2
bisabuelo,0,0,2,2
bisaya,0,5,4,9
bisbing,5,16,23,44
bisca,0,2,0,2
biscan,0,0,6,6
bisch,0,2,0,2
bischen,0,5,0,5
bischoff,0,0,1,1
biscoff,10,10,29,49
biscotten,0,0,3,3
biscuit,2,27,14,43
biscuits,16,12,37,65
biscuts,0,1,0,1
bisdaka,0,4,0,4
bise,0,2,0,2
bises,0,0,6,6
bisexeual,0,0,1,1
bisexual,12,11,41,64
bisexuals,0,1,0,1
bisey,0,3,0,3
bish,10,20,17,47
bishes,0,2,1,3
bishh,0,0,1,1
bishhhh,0,0,1,1
bishhhhh,0,5,0,5
bishop,1,0,2,3
bisicles,0,1,0,1
bising,0,2,0,2
bisiymi,0,2,0,2
bismarck,0,1,0,1
bismol,0,0,1,1
bismuth,0,2,0,2
bisnes,0,0,4,4
bisogna,0,3,0,3
bison,1,0,1,2
bisorjon,0,0,2,2
bisou,0,2,0,2
bisous,0,25,14,39
bisping,226,212,239,677
bispings,0,0,12,12
bispong,0,0,1,1
bisring,0,0,5,5
bissful,0,0,1,1
bisshh,0,8,0,8
bissssssh,0,0,1,1
bissy,0,1,0,1
bist,0,20,0,20
bistro,6,5,8,19
biswas,0,0,2,2
bit,1027,608,2865,4500
bitc,0,6,0,6
bitch,792,759,656,2207
bitchass,1,1,2,4
bitchboi,1,0,0,1
bitchboy,0,1,0,1
bitche,1,0,1,2
bitcheckc,0,4,0,4
bitched,9,0,4,13
bitcheeees,0,0,1,1
bitches,182,125,138,445
bitchess,1,0,0,1
bitchesss,0,4,0,4
bitchessss,0,2,0,2
bitchessssss,0,1,0,1
bitchez,0,1,0,1
bitchh,1,3,1,5
bitchhh,1,11,0,12
bitchhhh,0,5,1,6
bitchhhhhhh,1,0,0,1
bitchhhhhhhh,1,1,0,2
bitchhhhhhhhhh,1,0,0,1
bitchies,0,0,2,2
bitchin,9,0,6,15
bitchina,0,1,0,1
bitching,33,5,34,72
bitchining,0,0,1,1
bitchmade,1,0,0,1
bitchpig,0,2,0,2
bitchping,2,3,0,5
bitchpings,0,5,0,5
bitchs,3,1,0,4
bitchspring,1,0,0,1
bitchy,3,7,11,21
bitchz,0,1,0,1
bitcoin,0,54,25,79
bitcoins,0,0,4,4
bitconnect,0,0,1,1
bitd,0,0,1,1
bite,71,113,164,348
biten,3,1,2,6
biter,0,0,1,1
bites,21,32,52,105
bitey,0,1,0,1
bith,2,1,0,3
bithes,0,1,0,1
bitiez,0,1,0,1
bitin,0,0,1,1
biting,26,25,31,82
bitki,0,1,0,1
bitmeden,0,0,1,1
bitmoji,0,2,0,2
bitos,0,0,2,2
bitrat,0,0,2,2
bitrate,3,1,3,7
bitrhday,0,1,0,1
bits,77,33,287,397
bitta,0,3,0,3
bitte,0,3,0,3
bitten,8,14,29,51
bitter,52,0,78,130
bitterly,0,0,9,9
bitters,2,0,0,2
bittersweet,3,13,19,35
bitti,0,3,1,4
bitting,1,0,2,3
bitttch,1,0,0,1
bittties,0,0,8,8
bitttt,1,0,0,1
bitty,11,5,10,26
bitubi,0,1,0,1
bitumen,0,0,6,6
bitwit,0,0,2,2
bitwits,0,0,1,1
bitxh,1,0,1,2
bity,0,0,2,2
biulding,0,0,1,1
biuness,0,0,4,4
biuriful,0,1,0,1
biutiful,0,1,1,2
biv,1,2,1,4
biven,1,0,0,1
bix,0,1,0,1
bixby,5,5,18,28
biychibg,1,0,0,1
biz,2,7,4,13
bizaardvark,1,0,0,1
bizarre,7,0,74,81
bizarrely,2,0,2,4
bizarro,0,1,0,1
bizcochitos,0,5,0,5
bizde,0,10,0,10
bizden,0,1,0,1
bizhawk,0,1,0,1
bizi,0,3,0,3
bizim,0,2,1,3
bizkit,1,0,2,3
bizwiz,1,0,0,1
bizz,1,0,0,1
bizzaire,0,0,1,1
bizzardavark,0,1,0,1
bizzardvark,0,1,0,1
bizzare,3,2,8,13
bizzarely,0,0,2,2
bizzarre,0,1,2,3
bizzel,0,0,7,7
bizzle,0,0,19,19
bj,14,40,38,92
bjb,0,1,0,1
bjerken,0,0,6,6
bjh,0,0,1,1
bjj,0,0,7,7
bjk,0,5,2,7
bjo,0,1,0,1
bjork,16,37,81,134
bjorking,0,1,0,1
bjs,0,6,0,6
bjsss,0,0,2,2
bjt,0,0,1,1
bjuhn,0,5,0,5
bjutiffull,0,1,0,1
bk,15,16,16,47
bkc,0,1,0,1
bkk,0,0,3,3
bkssld,0,0,3,3
bl,0,14,16,30
bla,83,39,96,218
blaa,0,0,3,3
blaaa,0,0,1,1
blaaaaack,0,0,1,1
blaaadddyy,0,0,1,1
blababalal,0,7,0,7
blabber,7,1,1,9
blabbering,2,2,5,9
blabble,0,0,8,8
blabbling,1,0,0,1
blabla,0,2,6,8
blablabla,3,0,0,3
blablablabla,0,1,0,1
blablatard,3,0,0,3
blac,5,1,6,12
blacc,0,0,2,2
blaccent,0,0,1,1
blacchyna,0,1,0,1
blaci,0,0,1,1
black,3652,6,3248,6906
blackball,3,0,2,5
blackballed,0,4,4,8
blackballing,0,0,2,2
blackbangtan,0,1,0,1
blackbear,0,9,1,10
blackbeard,18,0,0,18
blackber,0,0,1,1
blackberries,5,8,18,31
blackberry,1,27,17,45
blackboard,0,1,0,1
blackburn,0,12,10,22
blackdick,0,1,0,1
blacked,4,10,5,19
blackened,2,0,1,3
blacker,1,1,2,4
blackers,0,2,0,2
blackery,1,5,15,21
blackest,4,7,1,12
blackface,4,3,5,12
blackfish,0,0,1,1
blackgirlmagic,0,5,3,8
blackgirlsrock,1,0,0,1
blackhatabir,0,0,3,3
blackhawks,0,2,0,2
blackhead,0,0,1,1
blackheads,0,0,6,6
blackheart,0,0,1,1
blackhearted,0,0,1,1
blackhole,0,5,5,10
blackhoodgang,0,3,0,3
blackhorse,2,0,0,2
blackie,0,0,1,1
blackies,0,0,1,1
blackify,0,0,1,1
blacking,2,1,0,3
blackisbeautiful,0,0,1,1
blackish,0,1,1,2
blackjack,0,6,4,10
blackjacks,0,1,0,1
blacklan,3,0,0,3
blacklight,1,0,2,3
blacklights,3,0,0,3
blacklist,6,0,0,6
blacklisted,2,1,1,4
blacklivesdontmatter,0,1,0,1
blacklivesmatter,0,7,1,8
blacklivesmatternews,0,3,0,3
blacklizt,0,1,0,1
blacklootersmatter,0,3,0,3
blacklove,0,0,1,1
blackmail,0,0,5,5
blackmailed,0,1,2,3
blackmailing,6,0,4,10
blackman,5,0,3,8
blackmass,0,0,1,1
blackmayo,0,0,3,3
blackmioror,2,0,0,2
blackmiroor,2,0,0,2
blackmirror,0,0,2,2
blackmoon,6,0,1,7
blackness,1,0,5,6
blackonblack,1,0,0,1
blackopps,1,0,0,1
blackops,0,1,0,1
blackout,7,0,13,20
blackpink,6,15,16,37
blackpinks,0,1,0,1
blackpool,0,0,1,1
blackpower,0,1,0,1
blackpride,0,0,1,1
blackpudding,0,1,0,1
blackrock,0,3,0,3
blacks,156,50,223,429
blackshawdow,5,0,0,5
blacksmith,1,3,3,7
blackson,0,1,0,1
blackstock,0,0,1,1
blackswann,0,0,1,1
blacktop,6,0,0,6
blackunity,1,0,1,2
blackup,1,4,0,5
blackwashing,0,4,0,4
blackwhite,0,1,0,1
blackwhole,1,0,0,1
blackwidow,2,4,2,8
blaclpink,0,1,0,1
blaclpower,0,0,1,1
bladddy,0,4,0,4
bladder,13,1,16,30
bladdy,0,0,1,1
blade,109,134,414,657
bladee,0,1,0,1
bladerunner,7,9,28,44
blades,11,30,30,71
blading,5,2,0,7
blady,0,0,2,2
blagden,2,0,0,2
blaggy,0,0,1,1
blaging,0,0,2,2
blah,76,76,186,338
blaha,0,2,0,2
blahah,0,0,1,1
blahblahblahdahdahyapyapyapyapblah,0,0,8,8
blahh,1,0,0,1
blahhh,0,7,0,7
blahhhdhdhd,0,0,1,1
blahnik,0,4,0,4
blahzay,0,0,2,2
blaiming,6,0,0,6
blain,0,1,2,3
blaine,5,5,0,10
blair,6,29,35,70
blaire,0,0,1,1
blairs,0,3,0,3
blaise,0,0,1,1
blaj,0,0,1,1
blak,1,0,0,1
blake,37,123,162,322
blakeley,0,0,1,1
blakey,0,0,4,4
blaks,0,0,1,1
blam,0,0,6,6
blame,330,156,297,783
blamed,40,9,37,86
blameless,0,0,1,1
blames,1,7,22,30
blamin,0,0,3,3
blaming,73,24,84,181
blan,3,0,1,4
blanc,0,0,1,1
blanca,0,0,1,1
blanchard,0,4,0,4
blanche,0,0,1,1
blanched,0,1,0,1
blanchett,0,3,0,3
blanco,0,12,0,12
blancos,0,0,1,1
blancs,1,0,0,1
bland,42,0,39,81
blandest,2,0,0,2
blandness,0,0,2,2
blane,1,0,0,1
blank,19,21,74,114
blanked,4,0,8,12
blanket,18,24,78,120
blankets,0,11,34,45
blankie,1,0,0,1
blankly,4,0,0,4
blankness,1,0,0,1
blankpink,1,0,0,1
blanks,6,5,8,19
blantant,0,5,0,5
blare,1,0,0,1
blarg,2,0,0,2
blaring,4,2,2,8
blas,0,0,1,1
blase,0,1,0,1
blashblanaach,0,1,0,1
blaspeme,0,5,0,5
blaspheming,2,0,0,2
blasphemous,6,0,3,9
blasphemy,1,13,10,24
blast,72,31,115,218
blastastic,0,1,0,1
blasted,16,0,3,19
blaster,10,16,65,91
blasterjaxx,2,11,13,26
blasterjexx,1,0,0,1
blasters,4,16,24,44
blastersoldier,0,1,0,1
blasting,8,14,13,35
blasts,1,1,2,4
blastttttt,0,1,0,1
blat,0,6,0,6
blatant,36,1,16,53
blatantly,33,10,7,50
blatent,2,0,3,5
blather,0,0,4,4
blatherer,1,0,0,1
blathering,0,1,6,7
blau,0,1,0,1
blaugrana,0,1,0,1
blavk,0,1,0,1
blaws,0,0,2,2
blax,5,0,0,5
blay,0,2,0,2
blayer,0,0,5,5
blayts,3,0,0,3
blaze,0,8,18,26
blazed,2,1,1,4
blazer,7,16,68,91
blazers,0,0,19,19
blazes,0,0,3,3
blaziken,0,1,1,2
blazin,0,0,1,1
blazing,13,5,6,24
blc,0,2,0,2
blcd,0,0,2,2
blck,0,2,0,2
blderunner,0,0,1,1
ble,0,56,3,59
bleach,29,38,42,109
bleached,7,7,9,23
bleaching,5,1,12,18
bleak,7,1,3,11
bleaker,0,0,1,1
bleakest,0,0,2,2
bleakness,2,0,0,2
bleamin,0,0,5,5
blease,0,1,0,1
bleating,0,0,1,1
blech,19,0,2,21
bleche,0,3,0,3
bled,1,0,7,8
bledel,0,2,0,2
bledsoe,0,0,1,1
blee,0,4,0,4
bleech,1,0,0,1
bleed,24,14,30,68
bleedin,0,0,6,6
bleeding,94,13,45,152
bleeds,0,3,9,12
bleee,0,1,0,1
bleeeawk,0,2,0,2
bleef,0,0,1,1
bleek,0,0,3,3
bleeker,0,2,0,2
bleep,5,7,11,23
bleeped,5,6,12,23
bleeping,0,0,1,1
bleeps,0,3,4,7
blegh,1,0,1,2
bleh,0,3,14,17
blehhh,0,0,1,1
bleib,0,3,0,3
bleiben,0,7,0,7
bleiler,0,0,2,2
blemente,0,0,1,1
blemish,0,4,3,7
blemishes,4,1,2,7
blend,20,31,184,235
blended,11,11,20,42
blender,15,27,65,107
blenders,0,1,2,3
blendin,0,0,1,1
blending,11,7,61,79
blends,0,3,20,23
blendy,0,2,0,2
blep,0,1,0,1
bler,0,0,6,6
bles,0,1,1,2
bless,194,484,1051,1729
blessd,0,0,3,3
blessed,38,108,307,453
blessedt,0,1,0,1
blessent,0,1,0,1
blesser,1,0,0,1
blessing,18,54,124,196
blessingg,0,1,0,1
blessings,12,35,112,159
blesss,0,1,1,2
blesssed,0,1,0,1
blesssss,1,5,0,6
blessyou,0,0,1,1
bletch,0,2,3,5
bletchley,0,0,1,1
bleu,6,5,7,18
bleuet,0,1,0,1
blev,0,1,0,1
blew,40,65,165,270
blibs,0,0,1,1
blica,0,9,3,12
blich,0,1,0,1
blico,0,5,4,9
blieft,0,1,0,1
blieve,0,0,5,5
blight,2,0,0,2
blighty,7,0,1,8
blij,0,5,6,11
blijft,0,0,1,1
blijste,0,0,1,1
blijven,0,0,1,1
blimey,0,8,6,14
blimoto,0,0,3,3
blimps,0,0,2,2
blinc,0,0,3,3
blind,440,7,137,584
blinded,7,6,19,32
blinders,0,4,10,14
blindfold,5,20,11,36
blindfolded,3,22,11,36
blinding,7,10,12,29
blindingly,0,0,2,2
blindly,13,0,5,18
blindness,16,1,3,20
blinds,6,1,3,10
blindsided,2,0,0,2
blindyessssss,0,0,1,1
bling,4,17,27,48
blingin,0,2,0,2
blings,0,2,0,2
blingy,0,0,1,1
blinis,0,0,2,2
blink,9,26,87,122
blinked,0,17,10,27
blinker,1,1,0,2
blinkin,0,4,0,4
blinking,2,13,15,30
blinkinminx,0,1,0,1
blinks,11,12,12,35
blip,1,0,4,5
blips,0,0,4,4
bliss,13,9,39,61
blissed,0,0,2,2
blissful,0,0,2,2
blissfull,0,0,2,2
blissfully,0,0,4,4
blissfuly,0,0,1,1
blisss,0,0,2,2
blister,0,0,1,1
blisters,3,0,49,52
blithe,0,0,2,2
blithering,6,0,0,6
blitz,0,3,2,5
blitzerian,0,0,1,1
blitzinator,0,1,0,1
blizarian,2,0,0,2
blizarirababgdhhdhhgan,1,0,0,1
blizerian,0,1,1,2
bliznami,0,2,0,2
blizny,0,4,0,4
bliztzards,1,0,0,1
blizzard,14,21,15,50
blizzards,0,0,2,2
blizzcon,0,0,5,5
blizzturd,4,0,0,4
blk,0,2,14,16
bll,0,1,0,1
blleed,4,0,0,4
bllleettchhh,0,1,0,1
blm,674,4,34,712
blnk,0,5,0,5
blo,0,1,5,6
bloat,3,0,5,8
bloated,10,11,44,65
bloating,5,0,21,26
bloatware,0,0,3,3
bloatwear,0,0,2,2
blob,9,17,10,36
blobfish,0,1,1,2
blobs,1,1,3,5
bloc,10,0,11,21
block,62,57,139,258
blockage,0,1,0,1
blockbuster,2,8,20,30
blockbusters,3,0,15,18
blockchain,1,1,0,2
blocked,38,33,87,158
blocker,0,1,2,3
blockers,0,0,2,2
blockes,0,1,0,1
blockhead,0,0,1,1
blockiness,0,0,4,4
blocking,38,30,44,112
blocko,2,12,3,17
blockosgrandmagivestoomuchfood,0,2,0,2
blocks,5,11,65,81
blocky,6,1,2,9
blod,2,1,3,6
bloddy,2,1,0,3
blode,0,2,0,2
blodpudding,1,0,1,2
blog,57,33,171,261
blogger,8,2,48,58
bloggers,4,2,64,70
blogggg,0,0,3,3
blogging,0,1,52,53
blogilaties,0,2,0,2
blognese,0,2,0,2
blogo,1,0,0,1
blogposts,0,0,3,3
blogs,4,8,72,84
blogspot,0,4,10,14
bloke,40,11,76,127
blokes,7,7,7,21
blokiem,0,2,0,2
blokir,2,0,0,2
blomkamp,1,7,7,15
blomkampf,0,2,0,2
blond,35,13,82,130
blondd,0,0,1,1
blonde,152,184,319,655
blondee,0,1,0,1
blondeeeee,1,0,0,1
blonder,0,1,1,2
blondes,5,0,23,28
blondest,1,0,0,1
blondey,0,10,5,15
blondie,1,9,14,24
blondielocks,0,0,4,4
blondism,4,0,0,4
blondness,0,0,2,2
blonds,1,2,1,4
blood,341,237,484,1062
bloodbath,0,0,6,6
bloodborne,0,1,0,1
bloodcult,2,0,0,2
blooded,0,0,4,4
bloodflow,0,0,1,1
bloodied,0,0,1,1
bloodiest,0,1,0,1
bloodline,9,0,0,9
bloodlines,3,0,0,3
bloodpact,0,0,3,3
bloodpop,0,0,2,2
bloodpreasure,2,0,0,2
bloodpressures,0,0,1,1
bloodpudding,1,0,0,1
bloods,0,7,9,16
bloodshed,1,1,3,5
bloodshot,0,1,0,1
bloodstream,0,1,0,1
bloodsucking,0,1,0,1
bloodtests,0,0,1,1
bloodthirsty,5,0,2,7
bloodtype,0,0,2,2
bloodwork,3,0,1,4
bloodworm,0,1,0,1
bloody,456,13,232,701
bloodyface,0,0,2,2
bloodyhell,1,0,0,1
bloodz,0,4,0,4
bloom,3,8,24,35
bloomberg,2,0,11,13
bloomed,0,0,1,1
bloomer,4,0,0,4
bloomers,1,0,1,2
bloomery,0,1,0,1
bloomin,0,8,7,15
blooming,1,3,24,28
bloomingdales,1,0,0,1
bloomkamp,1,0,0,1
blooms,0,0,4,4
bloomsbury,0,0,2,2
bloomwood,0,1,1,2
blooo,0,0,2,2
blooooooomin,0,0,4,4
bloop,1,0,19,20
blooper,1,13,12,26
bloopers,15,58,53,126
bloops,1,0,2,3
bloppers,0,0,3,3
blops,1,0,0,1
bloqueas,1,0,0,1
blossom,0,5,20,25
blossomed,0,0,4,4
blossoming,0,0,6,6
blossoms,0,4,2,6
blot,0,0,1,1
blotches,1,0,1,2
blotchy,1,0,0,1
blotter,1,0,0,1
blotting,15,8,35,58
blou,0,2,0,2
blouse,8,8,13,29
blouses,3,0,15,18
blow,119,161,415,695
blowback,0,0,4,4
blowed,1,3,3,7
blower,4,0,5,9
blowers,3,0,2,5
blowhard,1,0,3,4
blowin,0,4,6,10
blowing,72,88,128,288
blowj,0,1,0,1
blowjob,1,9,2,12
blowjobs,0,0,3,3
blown,51,89,171,311
blowout,1,7,0,8
blowouts,0,0,5,5
blows,47,77,95,219
blowting,0,0,1,1
blowtorch,0,4,5,9
blowtorches,0,4,0,4
blowup,0,2,2,4
bloxburg,0,1,0,1
bloxcity,0,2,0,2
blr,6,7,54,67
bls,0,1,0,1
blt,0,1,1,2
blthered,0,0,3,3
blu,2,12,29,43
blub,0,3,0,3
blubbering,5,0,0,5
blubs,0,0,1,1
blud,1,8,4,13
bludclart,5,0,0,5
bluddy,0,0,2,2
blue,383,488,1044,1915
blueberries,0,7,41,48
blueberry,1,12,22,35
bluebird,0,0,1,1
bluebirds,0,5,0,5
blueborne,0,2,0,2
bluebuds,0,0,1,1
blueeeee,0,1,0,1
blueeeeee,0,3,0,3
bluegrass,0,4,19,23
blueish,1,1,3,5
bluej,1,0,0,1
bluejeans,0,1,0,1
bluenoses,0,3,0,3
blueprint,0,1,10,11
blueprints,2,0,0,2
bluer,0,1,0,1
blueray,4,1,1,6
bluerealis,0,0,1,1
bluerpint,4,0,0,4
blues,12,44,94,150
bluest,0,4,4,8
bluestacks,0,0,3,3
bluestockings,0,0,1,1
bluestriggers,3,0,0,3
bluethooth,0,0,1,1
bluetiful,0,2,0,2
bluetooth,13,18,43,74
bluewater,0,2,0,2
bluey,1,0,0,1
blueye,0,6,0,6
bluff,0,1,3,4
bluffing,1,0,0,1
bluh,0,6,0,6
bluhuhuhuhuhuhuhuhuhu,3,0,0,3
blumhouse,1,0,0,1
blunder,0,0,1,1
blunt,18,54,110,182
bluntly,0,0,10,10
bluntness,4,0,0,4
blunts,0,0,1,1
blunty,0,0,6,6
blur,32,41,43,116
bluray,0,3,6,9
blurb,2,1,7,10
blured,0,2,0,2
blurr,0,0,1,1
blurred,22,13,52,87
blurring,0,5,5,10
blurry,18,3,23,44
blurryface,1,1,0,2
blurs,0,1,0,1
blurst,0,5,0,5
blurt,5,3,1,9
blush,24,43,155,222
blushed,0,2,2,4
blusher,0,0,17,17
blushes,2,4,17,23
blushing,0,2,7,9
bluth,0,2,1,3
bluuhhh,4,0,0,4
bluw,1,0,0,1
blw,0,0,4,4
blyat,6,33,1,40
blythe,0,0,1,1
bm,2,2,19,23
bmc,0,1,0,1
bmd,0,0,4,4
bmds,0,0,5,5
bme,4,0,0,4
bmf,0,1,2,3
bmg,1,0,0,1
bmi,2,6,23,31
bmore,1,0,0,1
bmp,0,6,5,11
bmrebdfmkldf,0,0,1,1
bms,0,0,3,3
bmt,6,0,0,6
bmth,0,2,2,4
bmv,1,0,0,1
bmw,8,22,29,59
bmx,22,48,41,111
bmxer,0,0,5,5
bmxers,0,3,0,3
bmxing,0,1,0,1
bn,2,18,0,20
bnb,0,0,6,6
bndera,0,1,0,1
bnes,0,1,0,1
bnever,0,1,0,1
bnha,0,2,0,2
bnk,0,0,1,1
bnking,0,0,1,1
bnks,0,0,3,3
bnl,0,3,0,3
bnot,1,0,0,1
bnp,0,0,1,1
bntr,0,1,0,1
bo,17,59,16,92
boa,6,47,17,70
boaaaaaaaaaaa,0,1,0,1
boal,0,0,1,1
boar,0,1,0,1
board,105,99,291,495
boarder,12,0,3,15
boarderline,2,0,0,2
boarders,4,0,4,8
boarding,4,1,29,34
boardrooms,0,1,0,1
boards,7,12,48,67
boardslide,0,2,0,2
boarimg,0,1,0,1
boaring,0,2,0,2
boas,1,2,1,4
boast,5,2,0,7
boasted,0,0,1,1
boastful,1,0,1,2
boasting,2,1,9,12
boasts,2,0,2,4
boat,57,56,99,212
boatd,0,2,0,2
boated,0,0,1,1
boateng,0,8,24,32
boater,3,0,0,3
boating,1,0,1,2
boatloads,0,1,0,1
boato,0,5,0,5
boats,18,10,33,61
boatsex,0,1,0,1
boattttt,0,3,0,3
boaty,2,0,1,3
boavendums,0,3,0,3
bob,43,110,162,315
boba,7,7,5,19
bobadas,6,0,0,6
bobarino,0,0,1,1
bobbers,0,0,6,6
bobbi,15,9,34,58
bobbie,0,0,4,4
bobbies,0,1,0,1
bobbin,1,2,0,3
bobbing,2,1,2,5
bobbit,0,1,0,1
bobble,0,7,16,23
bobblehead,0,0,3,3
bobbleheads,3,0,0,3
bobbly,9,0,8,17
bobby,25,101,220,346
bobbyah,1,0,0,1
bobbypin,0,9,0,9
bobbyyyyy,0,5,0,5
bobbyyyyyy,0,0,1,1
bobcat,0,0,6,6
bobisexual,0,2,0,2
bobitos,0,1,0,1
bobiverse,0,0,1,1
bobo,6,9,2,17
bobobo,0,1,0,1
bobody,0,1,0,1
bobokunyok,0,1,0,1
bobolatay,1,0,0,1
bobos,0,2,0,2
bobs,1,21,14,36
bobsled,1,9,5,15
bobsoo,0,0,1,1
bobsparrow,0,0,4,4
boc,0,3,0,3
boca,1,25,1,27
bocanada,0,1,0,1
bocas,0,6,0,6
bocazaaaaassss,0,1,0,1
bocazas,0,1,0,1
bocelli,0,0,1,1
bocho,0,1,0,1
bochuang,0,1,0,1
bock,0,2,1,3
bod,1,5,10,16
bodacious,6,0,0,6
bodack,0,1,0,1
bodak,7,49,10,66
bodamjoon,0,0,5,5
bodeboop,0,0,3,3
bodega,0,0,1,1
boden,1,0,0,1
bodes,5,0,1,6
bodhi,0,3,0,3
bodibuilding,0,1,0,1
bodied,8,4,4,16
bodies,73,41,154,268
bodily,12,0,6,18
bodo,0,5,0,5
body,658,519,2133,3310
bodybags,0,0,2,2
bodybible,0,2,0,2
bodybuilder,0,1,2,3
bodybuilders,3,1,0,4
bodybuilding,0,0,8,8
bodycon,2,0,11,13
bodycount,1,0,0,1
bodygoals,0,1,0,1
bodyguard,0,1,15,16
bodyguards,1,2,2,5
bodyhair,0,0,3,3
bodyless,0,5,0,5
bodyparts,0,0,1,1
bodyposipanda,0,4,0,4
bodyrolling,1,0,0,1
bodys,0,2,0,2
bodysnacher,0,4,0,4
bodysuit,1,0,4,5
bodysuits,3,0,2,5
bodyweight,0,2,1,3
bodyyyyyyyyyyy,0,1,0,1
boe,0,1,0,1
boebus,0,0,1,1
boehner,0,0,4,4
boeing,13,67,78,158
boeit,0,1,0,1
bof,0,1,2,3
boflex,1,0,2,3
bofus,0,1,0,1
bog,1,5,5,11
boga,0,2,0,2
bogan,0,3,1,4
bogart,0,0,2,2
bogert,1,0,0,1
boggart,0,7,2,9
bogged,1,0,0,1
boggled,0,0,1,1
boggles,1,6,1,8
boggling,0,5,12,17
boggs,1,0,0,1
bogie,0,0,1,1
bogies,0,0,3,3
boglins,0,0,1,1
bogo,0,2,0,2
bogot,0,6,2,8
bogota,0,5,1,6
bogrolls,0,0,2,2
bogu,0,5,0,5
bogum,0,1,0,1
bogus,0,6,13,19
boguslaw,0,1,0,1
boh,0,0,1,1
bohdi,0,1,3,4
bohemian,0,10,7,17
bohemianizm,0,4,0,4
bohm,0,0,5,5
bohol,0,3,0,3
boi,77,189,112,378
boice,0,1,0,1
boicotearla,0,1,0,1
boieng,0,1,0,1
boii,1,11,8,20
boiii,0,3,9,12
boiiii,8,19,6,33
boiiiii,0,3,1,4
boiiiiii,0,5,0,5
boiiiiiiii,0,1,0,1
boiiiiiiiii,0,1,0,1
boiiiiiiiiiiii,0,1,0,1
boiiiiiiiiiiiii,0,3,0,3
boiiiiiiiiiiiiiiiiiiiiiiii,0,1,0,1
boiiiiiiiiiiiiiiiiiiiiiiiiiiiiiiiiiiiiiiiiiiiiiiiiiiiiiiiiiiiiiiiiiiiiiiiiiiiiiiiiiiiiiiiiiiiiiiiiiiiiiiiiiiiiiiiiiiiiiiiiiiiiiiiiiiiiiiiiiiiiiiiiiiiiiiiiiiiiiiiiiiiiiiiiiiiiiiiiiiiiiiiiiiiiiiiiiiiiiiiiiiiiiiiiiiiiiiiiiiiiiiiiiiiiiiiiiiiiiiiiiiiiiiiiiiiiiiiiiiiiiiiiiiiiiiiiiiiiiiiiiiiiiiiiiiiiiiiiiiiiiiiiiii,0,1,0,1
boiiiiiiiiiiis,0,8,0,8
boiiiiis,1,0,0,1
boiiiis,7,0,0,7
boiiis,0,1,0,1
boiis,0,2,0,2
boil,10,32,43,85
boiled,19,8,20,47
boiler,1,9,26,36
boilerplate,0,0,1,1
boiling,6,28,26,60
boils,7,0,8,15
boimcfacto,0,1,0,1
boing,0,2,3,5
boingo,0,0,2,2
boinked,0,0,4,4
boinking,0,0,6,6
boiola,0,1,0,1
bois,5,31,12,48
boise,0,2,2,4
boison,0,0,3,3
boisss,0,1,0,1
boist,0,1,0,1
boisterous,0,0,1,1
boiz,0,8,0,8
boizzz,0,3,0,3
boj,0,2,0,2
bojaaaaaccccckkkkkkkkkkkkkkk,0,2,0,2
bojack,51,38,60,149
bojacks,4,0,1,5
bojangles,1,4,1,6
boje,0,6,0,6
bojn,0,1,0,1
bojo,7,0,0,7
bok,1,3,5,9
boke,1,0,0,1
bokeh,0,9,9,18
boketho,0,1,0,1
boko,4,0,0,4
bokor,3,0,0,3
boks,0,0,1,1
bokse,0,2,0,2
boku,0,1,3,4
bokunu,0,1,0,1
bol,6,7,0,13
bola,0,12,7,19
bolan,0,0,5,5
bolasie,0,1,6,7
bolbalgan,0,2,0,2
bolbbalgan,0,6,8,14
bolbbalgans,0,0,1,1
bold,7,0,126,133
bolder,0,0,26,26
boldest,0,0,1,1
boldly,11,0,12,23
boldness,0,8,6,14
boleslaw,1,0,0,1
bolesne,0,2,0,2
boleto,0,1,0,1
boletos,1,0,0,1
bolieve,2,0,0,2
bolivar,0,0,2,2
bolivia,1,16,14,31
bolix,0,0,4,4
boll,1,3,1,5
bollo,0,1,0,1
bollock,0,0,1,1
bollocking,1,0,0,1
bollocks,17,16,36,69
bollox,1,1,1,3
bollucks,0,0,1,1
bollywood,1,16,21,38
bolmer,0,0,1,1
bologna,0,1,2,3
bolsa,0,1,0,1
bolshevik,7,0,1,8
bolsheviks,1,0,0,1
bolsillos,0,0,1,1
bolsitas,0,1,0,1
bolsonaro,0,1,0,1
bolster,0,0,4,4
bolt,3,4,18,25
bolted,0,7,4,11
bolten,0,1,0,1
bolth,0,0,1,1
bolton,6,19,5,30
bolts,2,0,3,5
boludas,0,1,0,1
boludecen,0,4,0,4
boludez,0,2,0,2
boludos,0,3,0,3
boludossss,0,4,0,4
bolusing,0,0,1,1
bom,8,60,21,89
bomb,264,401,401,1066
bomba,4,5,3,12
bombarded,2,6,5,13
bombardier,1,8,12,21
bombarding,0,0,7,7
bombardment,0,0,13,13
bombards,0,0,3,3
bombas,1,0,2,3
bombastic,3,0,1,4
bombay,0,3,0,3
bombazoo,0,1,0,1
bombb,0,0,4,4
bombbb,0,2,0,2
bombbbb,0,1,0,1
bombbbbbb,4,1,0,5
bombbbbttttt,0,3,0,3
bombe,0,1,7,8
bombed,6,11,15,32
bomber,36,3,34,73
bomberman,0,0,5,5
bombers,1,0,4,5
bombeshell,0,1,0,1
bombest,0,1,0,1
bombillas,0,1,0,1
bombing,36,3,23,62
bombings,13,0,0,13
bombino,0,1,0,1
bombo,0,3,0,3
bombproof,0,0,1,1
bombs,58,51,63,172
bombshell,0,14,16,30
bombt,0,0,1,1
bombzzzzzzz,4,0,0,4
bome,0,0,6,6
bomer,0,3,1,4
bomerang,0,1,0,1
bomii,0,2,0,2
bompton,0,1,2,3
bon,14,45,35,94
bona,1,1,1,3
bonafide,0,3,2,5
bonanna,0,1,0,1
bonanza,4,1,14,19
bonanzas,0,0,5,5
bonapartreat,0,0,1,1
bonar,0,0,1,1
bonatini,0,7,4,11
bonbon,0,0,1,1
bonchon,1,0,0,1
bond,10,80,110,200
bondage,2,3,2,7
bonded,6,0,10,16
bonding,8,0,21,29
bondninja,1,0,0,1
bonds,4,4,31,39
bone,73,67,159,299
bonecas,0,1,0,1
boned,0,6,0,6
bonefbk,0,1,0,1
bonehead,0,0,5,5
boneless,4,5,17,26
boner,21,51,42,114
bonerrrrrrr,0,1,0,1
boners,2,1,1,4
bones,51,40,145,236
bonesaw,0,1,0,1
bonesjones,0,3,0,3
boneun,0,1,0,1
boney,1,0,0,1
bonfire,11,0,8,19
bonfires,2,0,0,2
bong,5,12,8,25
bongga,0,0,1,1
bonghits,3,0,0,3
bongie,0,0,1,1
bongiovi,0,1,0,1
bongovi,0,1,0,1
bongs,0,0,4,4
bonham,0,4,4,8
bonhams,0,1,0,1
boniita,0,1,0,1
bonin,2,0,0,2
boning,0,3,9,12
bonita,0,34,2,36
bonitas,0,3,1,4
bonito,0,31,4,35
bonitoo,0,1,0,1
bonitooo,0,1,0,1
bonitooooooooooooooo,0,1,0,1
bonitos,0,1,0,1
bonjooooor,0,1,0,1
bonjour,0,17,3,20
bonk,0,2,0,2
bonker,0,1,0,1
bonkers,1,1,25,27
bonkin,0,1,0,1
bonkyhort,0,8,0,8
bonnard,1,0,0,1
bonne,0,36,11,47
bonnebell,1,0,0,1
bonnet,48,12,23,83
bonnets,0,0,2,2
bonnie,0,12,6,18
bonny,1,0,0,1
bonnybell,0,1,0,1
bono,10,11,38,59
bonobo,0,0,1,1
bonpoint,0,0,1,1
bons,3,2,1,6
bonsai,0,5,10,15
bonsoir,0,0,2,2
bonson,0,0,1,1
bont,0,4,0,4
bonucci,0,5,0,5
bonus,28,28,91,147
bonuses,2,0,4,6
bony,3,0,5,8
bonyaga,0,1,0,1
bonzi,1,0,0,1
bonzo,0,1,0,1
boo,48,148,205,401
booaahh,1,0,0,1
boob,25,16,48,89
booba,0,0,4,4
boobd,0,1,0,1
boobees,0,1,0,1
boober,0,0,4,4
boobi,0,0,5,5
boobie,0,15,7,22
boobies,10,7,14,31
boobing,0,0,2,2
boobis,0,3,0,3
boobless,0,0,3,3
booboggled,0,0,1,1
booboo,1,0,1,2
boobpopchallenge,0,1,0,1
boobs,79,121,161,361
boobtr,0,1,0,1
boobtube,0,0,6,6
booby,7,6,4,17
boobys,0,1,0,1
boochies,0,3,0,3
boodiful,0,1,0,1
booed,8,0,3,11
booella,0,4,0,4
boof,0,1,0,1
booff,0,1,0,1
booga,0,1,6,7
boogaloo,1,16,5,22
booger,1,2,5,8
boogers,5,9,4,18
boogery,0,0,1,1
boogey,0,1,1,2
boogeyman,1,0,0,1
boogie,22,23,21,66
boogieman,1,0,1,2
boogies,0,1,0,1
boogled,0,0,1,1
boogy,0,1,0,1
booh,0,2,1,3
boohoo,4,7,9,20
booi,1,0,0,1
booie,0,7,6,13
booii,0,1,0,1
booiii,0,0,1,1
booiiiii,0,1,0,1
booiiiiii,0,3,0,3
booiiiiiii,0,3,0,3
booing,8,20,3,31
boojee,0,0,2,2
book,565,849,2553,3967
bookcase,0,0,4,4
booked,8,12,34,54
bookedandbusy,0,0,1,1
bookends,0,5,0,5
booker,0,4,0,4
bookie,2,0,0,2
booking,1,10,20,31
bookish,0,0,16,16
booklet,0,0,4,4
booklets,0,0,1,1
bookmark,0,0,3,3
bookmarked,0,0,1,1
bookmarking,0,0,1,1
bookriot,0,0,6,6
books,222,152,849,1223
bookshelf,1,14,9,24
bookshelves,0,0,5,5
bookshop,0,3,4,7
bookshops,0,0,11,11
bookstagram,0,0,3,3
bookstore,1,1,10,12
bookstores,0,0,12,12
booktour,0,0,6,6
booktube,0,0,24,24
booktubers,0,0,6,6
bookworms,0,0,3,3
bookwormsunite,0,0,3,3
boolean,0,1,0,1
booleans,0,0,1,1
boolin,0,1,0,1
bools,5,0,0,5
boolzed,0,1,0,1
boom,51,140,98,289
boombayah,0,2,1,3
boomer,1,0,6,7
boomerang,2,27,11,40
boomerangs,0,2,1,3
boomerrang,0,1,1,2
boomers,8,0,3,11
boomhauer,0,1,0,1
boomic,0,0,1,1
boomin,0,3,7,10
booming,4,0,2,6
boomm,0,1,0,1
boommbb,0,0,1,1
boommm,0,1,1,2
boommmm,0,1,0,1
booms,0,0,1,1
boon,1,5,8,14
boondock,2,2,1,5
boondocks,0,11,8,19
boondoggle,0,0,6,6
boone,0,0,3,3
booner,0,2,0,2
boonies,0,0,2,2
booo,3,11,8,22
boood,0,0,5,5
booogie,0,1,0,1
boooiii,0,4,0,4
boooiiii,0,1,0,1
boookkk,0,0,4,4
booom,1,6,2,9
booomb,0,4,1,5
booomm,0,0,6,6
booonk,0,1,0,1
boooo,0,5,1,6
boooobbbyyyyy,0,0,1,1
boooody,0,0,2,2
booooiii,0,2,0,2
booooiiiiii,1,0,0,1
booooluda,0,1,0,1
boooom,0,1,3,4
boooomb,0,0,5,5
boooonnnneee,1,0,0,1
booooo,5,3,1,9
boooooi,0,3,0,3
booooom,1,0,0,1
boooooo,0,4,3,7
booooook,0,0,3,3
boooooom,0,1,0,1
booooooo,0,3,0,3
boooooooo,1,0,4,5
boooooooohhhh,1,0,0,1
booooooooioi,0,2,0,2
boooooooomb,0,1,0,1
booooooooo,0,1,1,2
boooooooookkkts,0,1,0,1
booooooooom,0,1,0,1
boooooooooo,0,2,0,2
booooooooooo,0,1,0,1
boooooooooooiiiiiiii,0,1,0,1
booooooooooooo,0,1,0,1
booooooooooooon,0,2,0,2
boooooooooooooo,0,2,0,2
booooooooooooooo,0,0,1,1
boooooooooooooooo,0,1,0,1
booooooooooooooooo,0,1,1,2
boooooooooooooooooiiiiiiiiiiiiiiiiiiiiiiiiiii,0,2,0,2
booooooooooooooooooooooom,0,0,6,6
booooooooooooooooooooooooooooooooooooooooobssssssss,0,3,0,3
booooooooooooooooooord,0,1,0,1
boooooooooring,0,3,0,3
boooooooorrrrrrrrriiiiiinnnnnngggggg,0,1,0,1
boooooooring,4,1,0,5
boooooooy,0,0,1,1
booooooring,0,1,0,1
boooooost,0,3,0,3
boooooots,0,0,4,4
boooooring,2,2,0,4
booooorrriiinng,0,5,0,5
boooooxxx,4,0,0,4
booooring,6,3,0,9
boooorringggg,0,5,0,5
boooorrrinnng,0,1,0,1
boooox,0,1,0,1
booooy,0,7,0,7
boooring,0,1,0,1
booost,0,1,0,1
boooys,0,5,0,5
boooyyh,0,1,0,1
boop,0,21,0,21
booped,0,1,0,1
boopers,0,0,2,2
boops,0,0,2,2
booring,0,4,0,4
boorn,1,0,0,1
boos,0,1,4,5
boosh,0,0,4,4
booshman,0,1,0,1
boosie,7,0,12,19
boost,16,26,111,153
boosted,1,2,10,13
booster,4,4,13,21
boosters,0,0,3,3
boosting,1,0,5,6
boosts,3,6,10,19
boot,35,19,106,160
bootay,1,0,0,1
bootch,0,0,2,2
bootcode,1,0,0,1
bootcut,0,0,2,2
booted,3,1,3,7
bootefel,0,5,0,5
bootefull,0,0,1,1
booth,6,5,28,39
boothang,0,0,8,8
booths,1,0,0,1
bootie,0,2,4,6
booties,7,17,47,71
bootiful,0,16,6,22
booting,0,0,1,1
bootleg,19,0,3,22
bootlegged,3,0,0,3
bootleggers,1,0,0,1
bootlegging,0,0,4,4
bootlegzone,0,5,0,5
bootloops,0,1,0,1
bootom,0,0,1,1
boots,49,181,470,700
booty,25,63,60,148
bootyful,1,1,1,3
bootyfull,0,2,0,2
booya,1,1,0,2
booyah,1,4,0,5
booyyyyy,0,1,0,1
booze,6,5,10,21
boozie,5,0,0,5
boozled,0,3,7,10
boozy,0,3,0,3
bop,33,137,54,224
bopk,0,5,1,6
boppers,0,8,5,13
bopping,1,0,6,7
boppp,1,0,0,1
boppy,0,4,0,4
bops,5,5,2,12
bopty,2,0,0,2
bor,0,2,0,2
boraa,0,1,0,1
borat,1,17,12,30
bord,0,4,0,4
borde,0,5,0,5
bordeaux,4,20,10,34
borded,0,0,2,2
bordeeeeeeeeeeeeeeeeeel,0,2,0,2
bordel,2,0,2,4
bordelais,8,4,4,16
bordelaise,4,0,0,4
bordelaises,0,4,0,4
bordem,0,0,1,1
borden,0,0,8,8
border,18,10,37,65
bordered,1,0,1,2
bordering,1,6,6,13
borderland,0,0,6,6
borderlands,3,3,0,6
borderless,2,0,0,2
borderline,10,10,13,33
borderlining,0,0,3,3
borders,11,12,38,61
bore,8,16,35,59
borealis,0,0,2,2
bored,239,7,109,355
boredom,6,2,8,16
borefest,1,0,3,4
boreholes,0,0,4,4
boreing,0,1,0,1
bores,1,0,15,16
borest,0,1,0,1
borg,0,2,11,13
borgbane,0,1,0,1
borge,0,0,2,2
borgen,0,1,0,1
borgeous,0,5,0,5
borger,0,1,0,1
borges,0,0,1,1
borgia,0,0,4,4
borgman,0,1,0,1
boricua,2,13,19,34
boricuas,5,12,3,20
boriicua,0,2,0,2
borincano,0,1,0,1
boring,1069,22,139,1230
boringggg,0,4,0,4
boringgggg,0,1,0,1
boringggggg,0,1,0,1
boringho,0,1,0,1
borinh,0,2,0,2
borinho,0,0,7,7
borini,0,4,0,4
borinnggg,0,2,0,2
borinquen,0,0,4,4
boriqua,0,0,1,1
boriquas,0,0,3,3
boris,22,44,46,112
borito,0,1,0,1
boritos,0,0,1,1
borja,0,6,0,6
bork,1,4,6,11
borma,1,0,0,1
born,228,214,713,1155
borne,0,3,9,12
borneo,0,0,3,3
bornfree,0,0,1,1
bornholm,0,0,2,2
borning,0,0,2,2
bornnn,0,2,0,2
bornprettystore,0,0,1,1
borns,0,0,10,10
boro,0,4,12,16
boroline,0,0,1,1
boron,0,1,0,1
borough,0,0,4,4
borrachera,1,0,0,1
borrando,0,1,0,1
borregos,0,3,0,3
borring,0,1,2,3
borris,8,8,0,16
borrow,10,25,29,64
borrowed,2,3,15,20
borrowers,0,3,0,3
borrowin,0,7,0,7
borrowing,5,0,0,5
borrowme,0,0,4,4
borrows,0,0,9,9
borrrrrrring,7,0,0,7
bors,0,1,0,1
borussia,0,5,0,5
boruto,1,2,0,3
borykam,0,2,0,2
bos,0,4,0,4
bosa,1,0,0,1
bosch,0,0,5,5
boscia,0,0,1,1
bosco,0,0,5,5
bosd,1,0,0,1
bose,0,2,5,7
boseanne,6,0,0,6
bosen,3,0,0,3
bosh,0,1,2,3
bosha,0,0,5,5
boshed,0,0,1,1
bosku,3,0,0,3
bosnia,8,1,2,11
boson,0,2,2,4
bosons,0,0,2,2
bosotros,0,1,0,1
boss,102,215,299,616
bossa,0,2,0,2
bossanova,0,1,0,1
bossed,0,1,3,4
bosses,7,7,15,29
bossgang,0,2,0,2
bossing,0,2,6,8
bossk,0,0,1,1
bossman,0,0,5,5
bossmoves,0,0,1,1
bossness,0,4,0,4
bossssa,0,2,0,2
bosssss,0,0,1,1
bosssssss,0,1,0,1
bossy,0,2,11,13
bost,0,0,1,1
bosta,0,1,0,1
boston,21,31,63,115
boswell,1,0,0,1
bot,9,20,27,56
botaba,0,3,0,3
botak,0,1,0,1
botando,0,0,1,1
botanical,0,0,13,13
botanist,0,1,0,1
botany,0,0,2,2
botaron,0,0,1,1
botas,0,1,0,1
botch,0,2,0,2
botched,7,9,3,19
both,850,610,3947,5407
bother,94,52,156,302
bothered,23,42,91,156
bothering,29,5,48,82
bothers,33,9,57,99
bothersome,0,5,4,9
botley,0,2,0,2
botnet,0,1,0,1
boto,0,2,0,2
botoks,0,1,0,1
botom,0,1,0,1
botox,20,54,88,162
botoxed,1,0,4,5
botoxing,0,0,6,6
bots,37,17,40,94
botswana,5,0,8,13
bott,0,4,0,4
botted,0,13,0,13
bottel,1,0,0,1
bottels,0,1,0,1
bottem,0,0,1,1
botters,0,6,0,6
bottle,109,165,411,685
bottlecap,0,1,0,1
bottled,14,13,11,38
bottlefed,0,0,1,1
bottleneck,1,0,1,2
bottles,32,39,140,211
bottling,4,0,0,4
botto,0,5,0,5
bottom,189,135,362,686
bottomed,0,0,3,3
bottomless,2,6,0,8
bottoms,15,16,49,80
botton,0,1,15,16
botts,0,0,1,1
botulism,0,4,0,4
botw,10,2,9,21
bou,5,0,0,5
boubkr,0,1,0,1
boubumain,0,0,1,1
bouchant,2,0,0,2
bouche,0,0,7,7
boucher,4,6,8,18
boucl,0,1,0,1
boucle,0,1,0,1
boucles,0,4,0,4
boudreaux,0,0,4,4
bouffe,0,1,0,1
bouffez,0,0,1,1
bouffon,0,0,1,1
bouga,0,4,0,4
bougee,1,0,1,2
bouger,0,0,3,3
bough,0,2,0,2
bought,283,295,1124,1702
bougie,5,1,1,7
bougth,0,0,4,4
bouje,1,0,0,1
boujee,20,1,1,22
boujie,2,0,0,2
boujiee,0,1,0,1
boulay,0,0,1,1
boulder,1,3,7,11
bouldering,0,1,0,1
boule,1,0,0,1
boulevard,11,3,2,16
bounce,15,14,55,84
bounced,5,4,11,20
bouncer,1,1,13,15
bounces,9,9,7,25
bouncin,0,11,0,11
bouncing,6,5,22,33
bouncy,1,12,24,37
bound,20,12,48,80
boundaries,13,11,19,43
boundary,0,0,1,1
bounderies,1,0,0,1
boundin,1,4,23,28
bounding,0,0,4,4
bounds,6,0,15,21
bounties,0,0,1,1
bountt,0,1,0,1
bounty,0,2,1,3
bouquet,0,1,0,1
boura,0,0,1,1
bourbon,0,5,10,15
bourdain,2,8,1,11
bourdette,0,5,0,5
bouree,0,1,0,1
bourgeois,1,0,1,2
bourgeoise,0,0,3,3
bourgeoisie,1,4,0,5
bourgoiuse,0,5,0,5
bourjois,6,2,17,25
bourne,0,17,9,26
bournemouth,1,0,4,5
bournmouth,0,0,1,1
bourr,0,1,0,1
bout,116,155,229,500
bouta,2,10,4,16
boutella,0,1,0,1
boutique,3,7,8,18
bouton,1,1,0,2
boutons,8,8,1,17
bouts,4,5,3,12
boutta,0,9,0,9
bouttela,0,0,1,1
bouutn,0,3,0,3
bouvier,0,1,0,1
bouy,0,1,0,1
bouyuyyyyy,0,0,3,3
boven,0,2,1,3
bovinda,0,0,2,2
bovine,0,3,2,5
bow,81,54,120,255
bowa,0,2,2,4
bowawogadi,0,0,1,1
bowcaster,0,2,0,2
bowed,2,0,4,6
bowel,6,1,11,18
bowels,4,1,8,13
bowen,2,0,1,3
bowers,0,2,9,11
bowersarahs,0,0,1,1
bowery,0,1,0,1
bowflax,0,2,0,2
bowie,13,80,88,181
bowies,0,0,1,1
bowietribute,0,0,1,1
bowing,2,0,12,14
bowl,42,97,211,350
bowlcut,0,0,1,1
bowler,0,1,1,2
bowles,1,0,0,1
bowlin,0,2,0,2
bowling,23,32,19,74
bowls,1,14,62,77
bowmasters,0,1,0,1
bowout,0,0,1,1
bows,6,3,24,33
bowser,1,5,3,9
bowstrings,0,0,1,1
bowties,0,1,1,2
bowyer,2,0,9,11
box,245,390,768,1403
boxbox,0,1,0,1
boxeador,0,0,2,2
boxeadores,0,0,2,2
boxed,2,1,7,10
boxer,21,14,45,80
boxers,11,12,21,44
boxes,63,52,130,245
boxheads,0,0,1,1
boxin,0,0,4,4
boxing,70,34,132,236
boxoffice,1,0,0,1
boxsets,0,0,4,4
boxxed,0,0,1,1
boxxxxxx,0,1,0,1
boxy,2,2,12,16
boy,504,708,1239,2451
boyband,4,4,13,21
boybands,0,0,4,4
boyce,0,2,0,2
boycot,0,2,0,2
boycott,58,44,42,144
boycotted,6,0,0,6
boycottharvey,2,0,0,2
boycotting,12,8,14,34
boycottnars,0,5,0,5
boycottnfl,4,9,5,18
boycottnflsponsors,4,4,0,8
boycottstarwars,0,1,0,1
boycottzionists,1,0,0,1
boycrushfriend,0,0,1,1
boycut,0,1,0,1
boyd,1,4,17,22
boye,4,0,0,4
boyega,5,6,5,16
boyer,0,0,6,6
boyes,0,2,0,2
boyfreind,0,0,1,1
boyfriend,110,199,478,787
boyfriendgoals,0,0,3,3
boyfriends,12,11,18,41
boyfrnd,0,0,1,1
boygroup,0,0,2,2
boyhood,0,4,6,10
boyinaband,0,5,5,10
boyindband,0,1,0,1
boying,1,3,3,7
boyintheband,4,0,0,4
boyka,0,2,0,2
boyle,1,8,1,10
boyonce,3,0,6,9
boys,287,360,869,1516
boysband,0,0,2,2
boyscount,0,1,0,1
boyscout,3,0,2,5
boyscouts,0,1,0,1
boysenberries,0,3,0,3
boysenberry,0,3,3,6
boysfook,0,1,0,1
boysgroup,0,0,1,1
boysh,0,1,0,1
boysons,0,1,0,1
boyss,0,0,1,1
boysss,0,1,0,1
boyssss,0,0,5,5
boysssss,0,0,1,1
boyssssssss,0,1,0,1
boystrous,0,0,1,1
boytoy,0,1,0,1
boyunca,0,1,0,1
boyxboy,2,0,0,2
boyysss,0,1,0,1
boyyy,1,4,3,8
boyyysss,0,2,0,2
boyyyy,0,3,1,4
boyyyyy,0,4,0,4
boyyyyys,0,0,1,1
boyyyyyy,0,2,0,2
boyyyyyyyyyyyyyyyyyyyyyyyyyyyyyyyyyyyyyyyy,0,1,0,1
boyyyyyyyyyyyyyyyyyyyyyyyyyyyyyyyyyyyyyyyyyyyyyyyyyyyyyyyyyyyyyyyyyyyyyyyyyyyyyyyyyyyyyyyyyyyyyyyyyyyyyyyyyyyyyyyyyyyyyyyyyyyyyyyyyyyyyyyyyyyyyyyyyyyyyyyyyyyyyyyyyyyyyyyyyyyyyyyyyyyyyyyyyyyyyyyyyyyyyyyyyyyyyyyyyyyyyyyyyyyyyyyyyyyyyyyyyyyyyyyyyyyyyyyyyyyyyyyyyyyyyyyyyyyyyyyyyyyyyyyyyyyyyyyyyyyyyyyyyyyyyyyyyyyyyyyyyyyyyyyyyyyyyyyyyyyyyyyyyyyyyyyyyyyyyyyyyyyyyyyyyyyyyyyyyyyyyyyyyyyyyyyyyyyyyyyyyyyyyyyyyyyyyyyyyyyyyyyyyyyyyyyyyyyyyyyyyyyyyyyyyyyyyyyyyyyyyyyyyyyyyyyyyyyyyyyyyyyyyyyyyyyyyyyyyyyyyyyyyyyyyyyyyyyyyyyyyyyyyyyyyyyyyyyyyyyyyyyyyyyyyyyyyyyyyyyyyyyyyyyyyyyyyyyyyyyyyyyyyyyyyyyyyyyyyyyyyyyyyyyyyyyyyyyyyyyyyyyyyyyyyyyyyyyyyyyyyyyyyyyyyyyyyyyyyyyyyyyyyyyyyyyyyyyyyyyyyyyyyyyyyyyyyyyyyyyyyyyyyyyyyyyyyyyyyyyyyyyyyyyyyyyyy,0,1,0,1
boyz,8,11,10,29
boyzz,0,5,4,9
boyzzz,0,9,0,9
boz,0,0,1,1
bozman,0,2,0,2
bozo,2,3,2,7
bozos,6,2,11,19
bozu,0,1,0,1
bozuldu,0,1,0,1
bozzzzz,0,1,0,1
bp,13,3,4,20
bpd,0,1,2,3
bpl,4,0,11,15
bpm,0,3,0,3
bps,0,0,2,2
br,10,146,56,212
bra,20,57,77,154
braaaaas,3,0,0,3
brab,0,2,0,2
brabo,0,5,0,5
brace,7,14,14,35
braced,1,0,0,1
bracelet,10,8,37,55
bracelets,5,6,9,20
braceletts,0,0,1,1
braceros,0,0,2,2
braces,8,7,19,34
brack,0,1,0,1
bracket,1,0,12,13
brackets,8,6,10,24
bracks,0,1,0,1
brad,41,120,102,263
bradberry,0,2,1,3
braddah,0,0,1,1
braddie,0,33,18,51
braddies,0,21,8,29
braddiesss,0,4,0,4
braddy,0,16,0,16
braden,0,4,0,4
bradenton,0,0,2,2
bradford,1,0,7,8
bradies,4,0,0,4
bradley,1,8,13,22
bradons,0,1,0,1
brady,9,6,4,19
braekhus,0,1,0,1
brag,9,3,28,40
braga,1,0,0,1
braggadocios,0,0,6,6
bragging,12,1,31,44
bragi,0,1,0,1
brags,2,1,2,5
braguinha,0,6,0,6
brah,15,20,34,69
brahhhh,0,0,1,1
brai,3,0,0,3
braid,2,0,9,11
braided,5,3,4,12
braiding,0,0,4,4
braidout,0,0,1,1
braids,0,2,18,20
brail,1,0,0,1
braile,1,0,0,1
braille,2,2,1,5
brailler,2,0,0,2
brain,306,239,629,1174
braincells,0,0,3,3
braindamaged,0,1,0,1
braindead,4,3,5,12
brained,5,2,3,10
brainer,1,0,6,7
brainfreeze,0,2,0,2
brainiac,0,0,1,1
brainier,1,2,0,3
brainless,16,1,16,33
brainpower,1,0,0,1
brains,51,27,88,166
brainscoop,0,4,7,11
brainspace,4,0,0,4
brainstem,0,0,2,2
brainstorming,4,0,2,6
brainwash,2,1,11,14
brainwashed,39,15,30,84
brainwashes,0,1,0,1
brainwashing,16,5,21,42
brainwave,3,0,0,3
brainwaves,4,0,0,4
brainy,0,1,0,1
braiscoop,0,0,4,4
braise,0,0,7,7
braised,3,4,1,8
braisilien,0,0,4,4
braj,0,3,0,3
brak,0,3,0,3
brake,15,14,47,76
braked,0,0,7,7
brakes,5,6,14,25
braking,9,1,6,16
braku,0,2,0,2
bralet,3,0,2,5
bralette,0,0,12,12
bralettes,0,0,1,1
bram,0,7,8,15
bramble,5,0,0,5
brames,0,2,0,2
brampton,0,0,1,1
bramty,0,2,0,2
bran,10,0,15,25
branagh,0,5,1,6
branca,0,1,0,1
branch,55,21,42,118
branched,0,0,2,2
branches,12,1,10,23
branching,4,5,7,16
brand,150,233,824,1207
brande,0,0,1,1
branded,2,16,21,39
branden,0,1,1,2
brandenburg,0,0,5,5
brandenp,0,2,0,2
brandeston,0,3,0,3
brandin,0,1,0,1
branding,8,1,12,21
brandis,0,2,0,2
brandishing,7,2,0,9
brandnewcongress,1,0,0,1
brando,1,5,4,10
brandon,18,97,99,214
brandons,0,0,12,12
brands,19,12,246,277
brandstattter,0,2,0,2
brandy,4,23,6,33
brandyyyyyyyyyyyyyyy,0,1,0,1
brane,0,1,0,1
brani,0,1,0,1
brania,0,2,0,2
branick,0,2,0,2
branl,0,0,4,4
branlette,0,3,0,3
brannagh,0,3,0,3
brannen,0,0,2,2
branson,0,12,17,29
branwashed,0,1,0,1
brap,0,2,0,2
bras,22,1,37,60
brasco,0,1,0,1
brasi,0,0,1,1
brasiiiil,0,1,0,1
brasiiil,0,3,0,3
brasil,1,267,52,320
brasile,0,18,3,21
brasileira,0,13,0,13
brasileiras,0,2,0,2
brasileirinhos,0,1,0,1
brasileiro,0,30,0,30
brasileiros,0,15,4,19
brasilen,0,1,0,1
brasilian,0,0,7,7
brasill,0,6,0,6
brasillll,0,1,0,1
brasilllll,0,1,2,3
braski,0,1,0,1
brasov,0,0,4,4
brass,4,4,25,33
brassy,0,0,1,1
brat,17,18,22,57
bratain,2,0,0,2
bratan,0,1,0,1
bratayley,0,6,1,7
bratayleys,0,1,0,1
brath,0,0,1,1
brats,11,0,7,18
bratting,3,0,0,3
bratty,3,0,2,5
bratz,0,5,3,8
braucht,1,0,0,1
braum,0,1,0,1
braun,9,27,39,75
braungardt,1,0,0,1
braunnnnn,0,3,0,3
brauuuuuun,0,2,0,2
brauuuuuuuuuun,0,1,0,1
brava,5,10,8,23
bravado,1,0,6,7
brave,25,2,633,660
braved,0,0,1,1
bravely,0,0,1,1
braveness,0,0,1,1
braver,0,6,10,16
bravery,9,5,31,45
bravest,0,1,1,2
bravewilderness,0,1,0,1
bravi,0,1,0,1
braving,0,0,2,2
bravissimo,0,1,0,1
bravka,0,0,5,5
bravo,58,180,275,513
bravonti,0,0,1,1
bravoo,0,0,1,1
bravoooo,0,1,0,1
brawa,0,3,0,3
brawl,8,10,14,32
brawler,0,0,1,1
brawling,0,0,1,1
brawndo,0,3,0,3
brawny,1,2,1,4
brawo,0,7,0,7
braxlife,0,0,1,1
braxton,3,8,22,33
braxtonfamilyvalues,0,1,0,1
bray,0,4,0,4
brayan,0,2,0,2
brayton,0,0,4,4
braz,0,1,0,1
brazed,0,0,1,1
brazeewww,0,1,0,1
brazen,1,0,5,6
braziiil,0,1,0,1
brazil,22,205,199,426
brazilian,12,31,55,98
brazilians,6,0,2,8
brazillian,0,1,2,3
brazillll,0,2,0,2
brazillllllllllllllllllllllllllll,0,0,1,1
brazillovesyou,0,1,0,1
brazo,0,11,0,11
brazy,0,0,1,1
brazzer,0,1,0,1
brazzers,0,4,4,8
brazzerz,0,0,1,1
brazzilian,0,2,0,2
brb,3,9,17,29
brbrbrbrrbrbrbrbr,0,1,0,1
brcc,0,1,0,1
bre,0,1,4,5
brea,0,0,1,1
breaaak,0,3,0,3
breach,6,12,17,35
breached,5,6,2,13
breaches,5,0,5,10
breachin,1,0,0,1
breaching,0,2,0,2
breack,0,2,0,2
breackfastclub,3,0,0,3
bread,43,65,193,301
breadcrumbs,0,0,3,3
breaded,0,0,3,3
breadftw,0,0,1,1
breading,1,2,0,3
breadline,0,0,1,1
breadrolls,2,0,0,2
breads,0,0,8,8
bready,0,0,2,2
break,417,291,940,1648
breakable,0,0,3,3
breakage,0,0,1,1
breakast,0,1,0,1
breakaway,0,1,5,6
breakclub,1,0,0,1
breakdance,0,2,0,2
breakdancing,0,1,0,1
breakdown,25,14,75,114
breakdowns,1,6,5,12
breaker,7,11,27,45
breakers,8,4,5,17
breakfast,38,70,178,286
breakfastclub,5,0,0,5
breakfasts,0,5,2,7
breakiing,0,1,0,1
breakin,1,0,5,6
breaking,115,78,183,376
breakingness,0,0,2,2
breakout,7,1,26,34
breakouts,7,0,23,30
breakpoint,0,1,0,1
breaks,100,50,193,343
breakthrough,3,2,6,11
breakthroughs,0,1,4,5
breaktrough,2,0,0,2
breakup,9,9,52,70
breakups,0,0,4,4
breast,86,42,204,332
breasted,0,0,2,2
breastfed,2,3,16,21
breastfeed,4,11,59,74
breastfeeding,30,8,78,116
breastmilk,3,5,12,20
breasts,44,16,32,92
breaststroke,0,0,1,1
breath,99,86,300,485
breathable,0,0,5,5
breathe,29,120,147,296
breathed,1,4,7,12
breather,14,2,6,22
breathers,0,0,1,1
breathes,5,3,11,19
breathh,0,0,1,1
breathing,75,48,72,195
breathless,0,0,4,4
breathlessly,0,0,1,1
breaths,6,0,8,14
breathtaking,0,0,94,94
breathtakingly,0,0,8,8
breathy,0,1,10,11
breathyness,0,1,0,1
breattheeeeeeeww,0,1,0,1
breaxit,0,5,0,5
brecht,1,8,0,9
breckfast,2,0,0,2
bred,1,7,9,17
breddo,0,1,0,1
bree,0,0,4,4
breech,0,0,15,15
breeches,0,1,1,2
breed,16,46,79,141
breeder,0,1,3,4
breeders,6,35,47,88
breeding,5,6,12,23
breeds,8,3,16,27
breeeeaaaaad,0,1,0,1
breef,0,0,1,1
breek,2,4,0,6
breeki,5,6,0,11
breeky,0,1,0,1
breen,0,3,0,3
breeze,1,15,34,50
breezy,2,2,15,19
bref,0,2,0,2
brefucksit,0,2,0,2
breggoli,1,0,0,1
bregoli,4,11,4,19
bregolis,0,0,4,4
bregroli,0,1,0,1
breh,0,1,1,2
breitbart,0,1,0,1
breitling,1,0,0,1
breixt,0,1,0,1
brek,0,1,0,1
breken,0,1,0,1
brekfast,0,2,0,2
brekfeast,0,2,0,2
brekfest,0,1,0,1
brel,0,4,0,4
breland,0,3,0,3
bren,1,0,9,10
brencis,1,0,0,1
brenda,1,2,6,9
brendan,118,23,145,286
brendanfrasertoplayolderdarthvader,0,1,0,1
brenden,0,1,0,1
brendon,28,23,37,88
brendonnnnnnn,0,1,0,1
brene,0,5,16,21
brennan,0,0,3,3
brennens,0,3,0,3
brenner,5,1,2,8
brent,0,14,6,20
brescia,0,3,0,3
bret,3,1,10,14
brethren,4,0,5,9
bretman,0,3,4,7
bretmen,0,3,0,3
breton,0,0,2,2
brett,10,39,43,92
brette,1,0,0,1
breuer,0,1,0,1
brevik,1,0,0,1
brevity,0,0,2,2
brew,0,0,19,19
brewed,0,4,19,23
brewer,0,1,1,2
breweries,0,0,3,3
brewers,3,0,0,3
brewery,2,1,5,8
brewing,6,0,6,12
brewsterr,1,0,0,1
brewstewfilms,0,1,0,1
brex,2,0,0,2
brexagon,0,1,0,1
brexit,57,54,94,205
brexitbrexititexit,2,0,0,2
brexited,0,0,1,1
brexiteers,0,0,6,6
brexiters,0,0,5,5
brexiting,0,0,7,7
breyshere,1,0,0,1
breysonjr,0,1,0,1
brezzy,0,1,0,1
brfc,0,1,0,1
bri,0,0,1,1
bria,1,22,0,23
brian,13,67,130,210
briana,1,0,3,4
brianna,0,0,5,5
brianne,0,0,1,1
briargate,0,0,3,3
bribe,8,1,34,43
bribed,1,12,11,24
bribery,5,2,1,8
bribes,0,0,3,3
bribg,0,5,0,5
bribing,0,1,2,3
brich,0,0,1,1
brick,22,32,57,111
brickleberry,0,0,5,5
bricknerd,0,0,5,5
bricks,31,19,20,70
brickstone,1,0,0,1
brickwork,1,0,1,2
bricky,0,0,5,5
brics,1,9,0,10
bridal,0,5,24,29
bride,12,22,48,82
bridecano,0,3,3,6
brides,3,0,8,11
brideside,0,0,1,1
bridesmaid,1,8,4,13
bridesmaids,0,1,18,19
bridge,67,77,182,326
bridged,0,0,3,3
bridger,0,2,0,2
bridges,22,11,21,54
bridget,1,3,2,6
bridgette,0,5,0,5
bridging,3,0,7,10
bridgit,0,1,0,1
bridgnorth,0,0,4,4
bridlington,0,6,0,6
brie,0,1,3,4
brief,11,49,44,104
briefcase,1,0,2,3
briefed,2,0,0,2
briefings,0,0,2,2
briefly,6,1,18,25
briefs,4,1,0,5
brien,9,15,6,30
brienne,10,10,0,20
brier,0,1,0,1
brietbart,2,0,0,2
briflip,1,0,0,1
brigade,4,8,8,20
brigadeiro,0,0,1,1
brigadier,0,0,3,3
brigando,0,0,1,1
brigar,0,4,0,4
briget,1,0,0,1
brigette,0,0,1,1
briggs,0,0,4,4
brigham,0,0,1,1
bright,15,0,407,422
brighten,3,12,53,68
brightened,11,8,19,38
brightening,1,0,12,13
brightens,0,2,29,31
brighter,5,26,65,96
brighterness,0,1,0,1
brightest,2,1,10,13
brighting,0,2,1,3
brightly,4,0,3,7
brightness,8,2,43,53
brighton,14,14,51,79
brights,0,0,3,3
brightside,1,5,7,13
brightsideeedhyrhfgsrhdthtndjtn,0,1,0,1
brigitte,0,0,9,9
brigntness,0,0,2,2
brigsby,0,0,3,3
brigton,1,0,0,1
briiing,0,2,0,2
brika,0,6,0,6
briks,0,1,0,1
brilha,0,0,2,2
brilhante,0,5,0,5
briliant,1,1,1,3
briljant,0,2,0,2
brill,5,18,27,50
brilla,0,2,0,2
brillando,0,3,0,3
brillant,0,4,7,11
brillante,0,0,3,3
brillantes,0,2,0,2
brilliance,5,4,27,36
brilliant,17,4,1630,1651
brilliantly,0,0,63,63
brilliants,1,0,0,1
brillo,0,0,9,9
brillosos,0,0,1,1
brim,1,6,15,22
brime,0,0,1,1
brimley,0,5,0,5
brimmed,3,0,1,4
brimming,1,0,0,1
brims,1,0,0,1
brimstone,0,0,1,1
brincaba,0,1,0,1
brinda,0,4,0,4
brindle,0,0,3,3
brine,1,3,3,7
briney,0,0,2,2
brineybeard,0,1,0,1
bring,401,498,1271,2170
bringbackghost,0,5,0,5
bringbackjed,0,1,0,1
bringbackjet,0,1,0,1
bringbackliberty,0,1,0,1
bringbackmygirls,0,0,1,1
bringbackoldcarpoolkaraokewedontwantthiscrap,4,0,0,4
bringbackporkins,0,1,0,1
bringbackshakiratothevoice,0,2,0,2
bringbacktheclonewars,0,1,0,1
bringbacktheflipphone,0,0,1,1
bringbackthejack,1,0,0,1
bringed,0,1,0,1
bringemyourseasoning,0,0,1,1
bringin,3,1,5,9
bringing,77,55,400,532
bringingin,0,0,2,2
brings,65,64,317,446
bringsephoratoscotland,0,6,0,6
bringt,1,2,4,7
bringthatssoravenback,0,0,1,1
brini,1,0,0,1
brining,1,4,3,8
brinis,1,0,0,1
brink,8,0,8,16
brinkley,0,0,1,1
brio,0,0,1,1
brion,2,0,0,2
brionna,0,1,0,1
bris,0,0,2,2
brisa,0,3,0,3
brisbain,1,0,0,1
brisband,0,1,0,1
brisbane,5,10,6,21
brisei,0,3,0,3
brishe,0,0,3,3
brisk,0,0,1,1
brisket,0,2,4,6
briskets,0,4,0,4
briskkk,0,1,0,1
briskly,1,0,0,1
brisksale,0,1,0,1
bristles,0,0,2,2
bristol,27,19,127,173
bristolian,0,0,6,6
brit,18,13,74,105
brita,0,0,1,1
britain,50,43,117,210
britains,5,0,2,7
britan,0,0,2,2
britannia,0,4,6,10
britches,0,3,0,3
britcom,0,0,1,1
brite,0,10,0,10
brith,0,0,12,12
brithday,0,2,0,2
brithdays,0,0,1,1
britian,0,1,9,10
britianstan,0,0,1,1
britis,1,0,0,1
britisch,1,0,0,1
british,271,277,582,1130
britishness,0,7,0,7
britney,12,21,16,49
britneyandbaby,0,2,2,4
britneys,0,0,1,1
briton,0,0,6,6
britons,2,0,17,19
britpop,0,0,6,6
britpoplife,0,3,2,5
britpopprincess,0,0,1,1
brits,32,24,61,117
britt,0,1,0,1
britta,0,8,0,8
brittain,0,3,0,3
brittan,0,0,1,1
brittani,0,1,1,2
brittania,1,3,0,4
brittanie,0,1,0,1
brittany,6,4,6,16
brittian,0,0,1,1
brittish,2,8,0,10
brittle,2,1,1,4
brittney,0,3,5,8
brittni,0,1,0,1
brividi,0,2,0,2
brixton,0,18,12,30
brixx,0,0,1,1
briz,0,0,6,6
brizbayne,0,1,0,1
brizzy,0,3,0,3
bro,276,463,767,1506
broach,0,7,0,7
broad,20,0,73,93
broadband,0,13,45,58
broadbent,0,0,4,4
broadcast,6,8,46,60
broadcasted,0,0,1,1
broadcaster,4,0,4,8
broadcasters,0,0,4,4
broadcasting,8,9,14,31
broadcasts,0,5,1,6
broadchurch,0,5,4,9
broaden,8,0,3,11
broadening,0,0,1,1
broader,1,0,14,15
broadkin,0,1,0,1
broadly,6,0,29,35
broadplug,0,0,1,1
broads,0,6,0,6
broadus,0,0,6,6
broadway,16,8,25,49
broardway,0,1,0,1
broccoli,6,13,11,30
brochovich,0,0,1,1
brochure,1,4,0,5
brock,10,16,4,30
brocken,0,0,1,1
brockhampton,0,3,1,4
brockman,0,4,0,4
brockovich,0,0,6,6
broclie,0,0,1,1
brocnchs,0,0,1,1
brocoli,0,3,0,3
brocolli,0,0,1,1
brode,0,1,0,1
broderick,2,3,2,7
broders,1,0,0,1
brodges,0,1,0,1
brodie,0,0,5,5
brodikin,0,1,0,1
brodkin,0,45,18,63
brodkins,1,0,0,1
brody,0,7,0,7
broeder,0,1,0,1
broen,0,3,0,3
broer,0,6,1,7
broertje,0,7,1,8
brofist,0,1,0,1
brogan,0,0,7,7
broght,0,0,1,1
broglie,0,0,3,3
brogoli,0,1,0,1
broh,2,0,4,6
brohhh,0,0,1,1
brohoof,0,0,1,1
broicol,0,1,0,1
broil,0,6,0,6
broiled,0,0,1,1
broimeomies,0,1,0,1
brojob,0,0,4,4
brokcn,0,1,0,1
broke,214,304,437,955
brokeandmad,0,0,1,1
brokeback,0,1,6,7
brokeblack,0,7,0,7
broked,0,1,2,3
brokeeeeeee,0,1,0,1
broken,406,3,286,695
brokepeopleproblems,0,2,0,2
broker,1,0,3,4
brokers,0,4,1,5
brokleyn,0,1,0,1
brokovich,0,0,1,1
brom,0,0,10,10
broma,0,11,0,11
bromance,2,17,3,22
bromantic,0,1,0,1
bromas,0,10,0,10
bromide,0,0,4,4
bromie,0,1,0,1
bromieomie,0,1,0,1
bromieomies,1,1,0,2
bromley,0,0,2,2
brompton,0,5,0,5
bron,2,4,2,8
bronceado,0,4,0,4
broncos,1,7,3,11
broner,0,5,1,6
broney,1,0,0,1
brongrard,0,2,0,2
bronie,0,1,0,1
bronies,0,7,6,13
bronn,0,0,2,2
bronner,0,0,2,2
bronsexuals,3,0,0,3
bronson,17,13,52,82
bront,0,0,1,1
bronte,0,0,1,1
bronx,0,6,6,12
bronxlove,0,1,0,1
brony,4,8,4,16
bronykind,0,0,3,3
bronys,1,0,0,1
bronze,9,13,34,56
bronzed,0,1,0,1
bronzer,12,34,119,165
bronzers,0,0,2,2
bronzes,0,0,2,2
bronzy,1,0,5,6
broo,0,6,5,11
brooch,0,0,2,2
brood,0,0,1,1
broodal,0,17,0,17
brooding,2,0,3,5
broody,0,4,6,10
broogs,0,0,1,1
brook,1,6,0,7
brooke,11,33,29,73
brooker,4,0,8,12
brooklyn,6,40,99,145
brooklynn,0,1,0,1
brooks,9,21,34,64
broom,6,7,8,21
brooms,0,2,0,2
broomstick,0,1,3,4
broomsticks,0,1,0,1
brooo,0,1,5,6
broooo,0,5,1,6
brooooo,3,1,3,7
broooooce,0,0,1,1
broooooo,0,5,0,5
brooooooomaaaaaanceeeeeee,0,1,0,1
brooooooooce,0,0,6,6
broooooooooooo,0,1,0,1
broooooooooooooo,1,0,0,1
brooooooooooooooo,0,1,0,1
brooooooooooooooooooooooooooooooooooooo,0,1,0,1
brooooooooooooooooooooooooooooooooooooooooooooooooooooooooooooooooobad,0,0,2,2
brops,0,1,0,1
bros,25,38,99,162
broski,3,0,2,5
brosnan,0,2,0,2
brossage,0,1,0,1
brosse,0,1,0,1
brosses,0,1,0,1
brossez,0,3,0,3
broste,0,4,0,4
broth,1,4,16,21
brotha,6,4,27,37
brothaaa,0,2,0,2
brothas,6,9,18,33
brothee,0,1,0,1
brothel,0,5,6,11
brother,335,373,987,1695
brotherhood,3,6,21,30
brotherly,0,0,9,9
brothers,94,145,266,505
brothersss,0,1,0,1
brothes,0,1,0,1
brought,211,227,598,1036
broughton,1,0,0,1
brougth,0,0,1,1
brouthers,0,1,0,1
brovaz,0,7,0,7
brove,0,1,0,1
brow,63,44,167,274
broward,0,4,1,5
browder,1,0,0,1
browgel,0,0,1,1
browless,0,1,0,1
brown,197,266,518,981
browne,0,1,1,2
browned,0,0,2,2
browner,0,0,2,2
brownface,3,1,0,4
browngirldreams,0,1,0,1
brownie,7,12,55,74
brownies,2,6,51,59
browniiiieeessss,0,1,0,1
browning,0,2,3,5
brownish,1,0,5,6
brownlee,1,6,4,11
brownout,0,0,5,5
browns,24,18,50,92
brownskin,1,0,0,1
brownsville,0,4,0,4
browntzel,0,0,5,5
browny,0,0,7,7
brows,42,54,362,458
browse,0,3,29,32
browser,14,13,12,39
browsers,0,0,1,1
browses,0,1,0,1
browsing,2,5,22,29
browslike,1,0,0,1
broyard,0,0,2,2
brr,0,0,6,6
brraaah,0,0,1,1
brrr,4,1,20,25
brrrrr,0,0,1,1
brrrrraaaaaa,0,4,0,4
brrrrrr,0,1,3,4
brrrrrrr,0,8,0,8
brrrrrrrrrrr,0,4,0,4
brrrrrruuuuuthherrrrrr,0,1,0,1
brrruuuuuuuuuhhhhhh,0,1,0,1
brrt,0,0,2,2
brruuuuhhh,0,0,1,1
brs,0,11,0,11
brtish,0,0,5,5
brtttttttttttt,0,1,0,1
bru,0,8,8,16
bruce,26,65,124,215
bruceeee,0,2,0,2
brucey,0,4,8,12
bruch,0,0,2,2
brucie,4,8,29,41
brudda,6,6,0,12
bruddah,0,0,1,1
bruderkrieg,0,3,0,3
brudnopis,0,3,0,3
brudos,0,3,0,3
bruges,1,0,0,1
bruh,131,242,166,539
bruhh,5,5,3,13
bruhhh,1,3,2,6
bruhhhh,0,6,1,7
bruhhhhh,1,0,0,1
bruhhhhhh,1,0,3,4
bruhhhhhhh,0,2,0,2
bruhhhhhhhhhhh,0,1,0,1
bruih,0,0,1,1
bruise,10,0,0,10
bruised,2,8,15,25
bruises,0,1,2,3
bruising,1,0,6,7
bruj,1,2,0,3
brule,0,5,0,5
brulee,0,0,6,6
brum,1,0,10,11
brummie,0,3,0,3
brummy,0,0,2,2
brummymummyof,0,2,1,3
brun,1,0,0,1
brunch,16,17,28,61
brune,0,0,3,3
brunei,0,0,2,2
brunette,9,6,27,42
brunettes,0,0,6,6
brung,2,1,0,3
bruno,39,113,195,347
brunos,0,0,7,7
brunswick,0,2,2,4
brunt,2,2,0,4
bruse,0,0,4,4
bruses,2,0,0,2
brush,71,199,303,573
brushathon,0,1,0,1
brushed,2,4,7,13
brushes,33,64,188,285
brushhhhh,0,0,1,1
brushing,4,15,36,55
brussel,0,4,3,7
brussels,7,2,2,11
brustofski,0,0,3,3
brut,0,7,1,8
brutal,122,0,32,154
brutales,0,2,0,2
brutalisk,1,0,0,1
brutality,26,3,28,57
brutalize,0,0,2,2
brutalizing,1,0,0,1
brutally,9,0,20,29
brute,1,1,10,12
brutha,6,0,2,8
bruthas,1,0,0,1
brutish,1,1,0,2
brutle,0,1,0,1
bruto,0,4,5,9
brutta,0,1,0,1
brutus,4,0,0,4
bruuh,0,2,0,2
bruuuh,1,1,0,2
bruuuhhhhh,0,1,0,1
bruuuuh,0,3,0,3
bruuuuhhh,0,3,0,3
bruuuuuhhhhh,0,1,0,1
bruuuuuuuce,0,0,1,1
bruuuuuuuuuuuh,0,1,0,1
bruv,10,11,14,35
bruva,0,2,0,2
bruvz,0,0,5,5
bruxelles,0,6,0,6
bruyne,9,24,10,43
bry,7,1,3,11
bryan,28,62,77,167
bryann,0,1,0,1
bryans,0,0,2,2
bryanstars,4,0,0,4
bryant,0,0,26,26
bryce,0,6,14,20
bryon,0,1,0,1
bryshere,8,15,39,62
bryshers,0,0,4,4
bryson,8,47,48,103
bryun,0,8,0,8
bryune,0,0,6,6
brzydkie,0,2,0,2
bs,134,118,254,506
bsamen,0,0,1,1
bsb,0,2,2,4
bsc,0,0,4,4
bsd,1,0,1,2
bsdm,0,0,1,1
bse,17,2,3,22
bsed,0,0,1,1
bsh,0,0,1,1
bsides,0,0,1,1
bsjshs,0,1,0,1
bsl,11,8,88,107
bslks,0,1,0,1
bspu,0,0,1,1
bsrf,1,0,0,1
bst,3,1,10,14
bstm,0,1,0,1
bsx,0,3,0,3
bt,19,20,34,73
btas,0,1,1,2
btc,0,62,0,62
btch,1,7,9,17
btd,1,0,0,1
btec,4,37,0,41
btech,0,12,0,12
btf,0,0,5,5
btfo,1,0,0,1
bth,0,0,1,1
bthbbb,0,0,2,2
btilliant,0,0,3,3
btk,0,3,0,3
btn,0,0,1,1
btob,9,36,74,119
btobmelody,0,1,0,1
bts,65,373,431,869
btsarmy,0,1,0,1
btsdna,0,1,0,1
btshot,0,2,0,2
btssss,1,1,0,2
btsssss,0,0,1,1
btssssss,0,1,0,1
btssssssss,0,1,0,1
btsssssssss,0,1,0,1
btter,0,1,0,1
bttf,0,0,2,2
btttsssss,1,0,0,1
btu,4,0,0,4
btuuyvycb,0,0,4,4
btw,201,195,1136,1532
btws,0,0,2,2
btww,0,1,0,1
bty,0,0,2,2
bu,17,91,12,120
buahahaha,0,7,0,7
buahahahaha,0,1,0,1
buajajajajajajaja,0,1,0,1
buana,0,1,0,1
buat,0,3,3,6
buaya,0,1,0,1
bub,7,2,22,31
bubba,3,13,6,22
bubbi,0,2,5,7
bubbis,0,0,3,3
bubble,18,43,122,183
bubbleburst,0,0,1,1
bubblegum,1,5,10,16
bubbles,13,11,29,53
bubbliness,0,1,0,1
bubbling,0,0,1,1
bubbly,6,0,67,73
bubby,0,2,3,5
bubis,0,1,0,1
bubl,0,4,0,4
buble,1,0,0,1
bubly,0,0,2,2
bubonic,5,0,0,5
bubs,7,7,16,30
bubscriber,0,0,1,1
bubscribers,0,0,1,1
bubungad,0,0,2,2
bubz,71,85,409,565
bubzcribers,0,0,1,1
bubzfamily,0,0,2,2
bubzvlogz,4,0,2,6
bubzz,0,3,4,7
buceta,0,1,0,1
buch,0,1,0,1
buchanan,0,4,1,5
buchemmi,0,1,0,1
buches,0,0,1,1
buck,13,30,29,72
buckdancing,0,3,0,3
buckeld,0,1,0,1
bucket,58,58,106,222
buckethead,0,3,0,3
buckets,7,10,6,23
buckett,1,0,0,1
buckeyes,0,1,8,9
buckford,4,0,0,4
buckingham,8,3,10,21
buckland,0,6,0,6
buckle,0,3,4,7
buckled,1,0,6,7
buckles,0,0,7,7
buckley,0,4,0,4
buckling,0,0,1,1
bucknam,0,0,7,7
bucknekked,0,4,0,4
bucks,56,31,87,174
buckshot,0,0,2,2
bucksonsoon,1,0,0,1
buckteeth,0,1,0,1
bucky,0,2,1,3
bucs,0,2,0,2
bud,12,37,35,84
buda,0,1,0,1
budak,0,1,0,1
budapest,0,2,19,21
budd,0,4,0,4
budddyyy,1,0,0,1
budden,13,20,20,53
buddens,0,5,5,10
budder,0,1,0,1
buddey,0,1,0,1
buddha,0,10,10,20
buddhism,1,0,5,6
buddhist,2,14,6,22
buddhists,3,8,1,12
buddie,0,0,3,3
buddies,11,22,37,70
budding,0,0,3,3
buddism,1,0,0,1
buddo,0,0,1,1
buddy,56,78,194,328
buddyindonesia,0,0,1,1
buddying,0,0,1,1
buddys,1,2,2,5
budge,2,0,23,25
budgeproof,5,0,0,5
budgerigar,0,0,1,1
budget,84,43,180,307
budgetary,0,0,1,1
budgeting,0,0,8,8
budgets,0,0,5,5
budgie,4,2,2,8
budonkadonk,5,0,0,5
buds,4,14,23,41
budzi,0,2,0,2
bueat,0,1,0,1
bueatiful,1,3,0,4
bueatifull,0,1,0,1
bueeeen,0,2,0,2
bueler,0,0,3,3
bueller,0,4,1,5
buellers,0,0,1,1
buen,0,202,8,210
buena,4,177,19,200
buenaaaa,0,1,0,1
buenaaaaa,0,0,1,1
buenas,0,21,7,28
buenaza,0,1,0,1
buenazo,0,2,0,2
buenicima,0,1,0,1
buenisima,0,1,0,1
buenisimaaaaa,0,1,0,1
buenisimo,1,5,0,6
buenisimooo,0,1,0,1
buenisimos,0,1,0,1
bueno,7,174,22,203
buenos,2,26,12,40
buff,9,43,31,83
buffalo,15,2,24,41
buffalochickendip,0,1,0,1
buffaloes,0,0,1,1
buffalos,0,0,3,3
buffay,0,0,1,1
buffed,1,0,9,10
buffer,1,8,21,30
buffered,1,2,4,7
bufferfest,0,8,0,8
buffering,4,2,4,10
buffers,2,2,1,5
buffet,2,11,7,20
buffets,1,0,2,3
bufff,0,1,0,1
buffing,1,3,0,4
buffon,0,22,16,38
buffoon,10,0,1,11
buffoonery,6,2,1,9
buffoons,0,0,2,2
buffs,2,1,4,7
buffy,4,12,10,26
buford,0,0,3,3
bug,31,50,81,162
bugals,0,0,2,2
bugatti,2,13,12,27
buger,0,6,0,6
buget,7,0,0,7
buggati,0,1,0,1
bugged,5,2,10,17
bugger,3,0,12,15
buggered,0,0,3,3
buggerler,0,3,0,3
buggers,3,0,1,4
buggery,0,0,1,1
buggies,0,1,0,1
buggiest,1,0,0,1
buggin,4,5,2,11
bugging,0,5,15,20
buggish,0,0,2,2
buggn,0,0,4,4
buggs,2,0,0,2
buggy,2,3,9,14
buggysoft,0,1,0,1
bughead,2,9,13,24
bugheadd,0,1,0,1
bugiardo,0,5,0,5
bugisoft,0,3,0,3
bugman,0,2,1,3
bugmen,7,0,0,7
bugogi,0,1,0,1
bugs,94,63,136,293
bugsy,0,0,2,2
bugu,0,3,0,3
buguei,0,1,0,1
bugueo,0,1,0,1
bugz,6,0,0,6
bugzy,18,19,7,44
bugzys,0,3,0,3
buh,1,2,1,4
buhahaha,1,1,0,2
buhh,1,0,0,1
buhr,0,0,1,1
buick,0,2,3,5
buiding,0,0,1,1
buii,0,0,1,1
build,146,234,601,981
buildable,0,0,8,8
buildaladder,1,3,11,15
buildalatter,0,0,1,1
builded,0,0,1,1
builder,33,39,27,99
builderhall,0,0,1,1
builders,4,15,9,28
buildet,2,0,0,2
buildin,0,1,0,1
building,88,79,368,535
buildings,44,25,61,130
builds,11,2,45,58
buildt,0,1,0,1
buildthewall,0,0,5,5
buildup,4,0,16,20
buile,0,1,0,1
built,108,56,266,430
buing,0,0,2,2
buisness,4,0,4,8
buisniss,0,0,2,2
buissness,1,0,0,1
buitifull,0,1,0,1
buj,0,1,0,1
bujo,0,8,0,8
buka,0,2,1,3
bukake,4,1,0,5
bukan,0,0,1,1
bukassss,0,1,0,1
bukkake,0,1,1,2
bukkra,0,1,0,1
bukmukhhh,0,1,0,1
bukur,0,1,0,1
bul,0,1,0,1
bulaklak,0,0,1,1
bulanan,0,0,5,5
bulao,0,2,0,2
bulawayo,0,4,0,4
bulb,1,0,19,20
bulbs,0,0,11,11
bulderhall,0,2,0,2
bulgaria,0,5,2,7
bulgarian,0,2,5,7
bulge,1,10,18,29
bulging,0,0,4,4
bulider,2,0,0,2
bulids,0,0,1,1
bulimia,7,1,12,20
bulimic,6,2,2,10
bulk,4,3,16,23
bulkhead,0,1,0,1
bulks,0,0,1,1
bulky,3,0,5,8
bull,65,57,90,212
bulla,0,1,0,1
bullcrap,3,0,5,8
bulldog,0,2,5,7
bulldogs,0,0,3,3
bulldozer,0,6,0,6
bulled,0,1,0,1
bullet,38,39,82,159
bulletbarry,0,0,1,1
bullethell,1,0,0,1
bulletin,0,1,0,1
bulletproof,1,3,5,9
bulletprrof,0,1,0,1
bullets,13,16,49,78
bullettime,0,0,1,1
bullfrog,3,0,0,3
bullied,26,11,67,104
bullies,11,21,26,58
bullimic,0,4,0,4
bulling,4,0,1,5
bullit,0,0,1,1
bullitt,0,3,3,6
bulllfighting,0,4,0,4
bulllllllshhhhhhiiiiiiiiitttttttt,0,0,1,1
bullllshit,0,0,1,1
bullnose,1,0,0,1
bullock,0,3,15,18
bullockcart,0,1,0,1
bullocks,0,1,0,1
bulls,3,2,22,27
bullseye,0,1,1,2
bullsh,11,2,4,17
bullshat,0,0,4,4
bullsheet,0,0,1,1
bullsheite,0,0,2,2
bullshi,1,0,0,1
bullshiiiieeet,0,1,0,1
bullshiit,0,0,1,1
bullshit,451,214,451,1116
bullshite,2,4,0,6
bullshiter,1,0,0,1
bullshiticons,1,0,0,1
bullshitin,0,0,1,1
bullshiting,0,1,9,10
bullshits,3,0,1,4
bullshitter,0,4,1,5
bullshitting,8,0,4,12
bullshti,4,0,0,4
bullshtttt,0,0,1,1
bullspit,1,0,0,1
bullts,0,6,0,6
bully,57,28,72,157
bullying,10,13,33,56
bullys,0,0,1,1
bullysongs,2,1,2,5
bulshit,3,0,1,4
bulter,0,1,0,1
bultoraune,0,6,0,6
bulunabilir,0,1,0,1
bulunan,0,0,1,1
bum,33,72,81,186
bumb,0,7,1,8
bumbershoot,0,0,3,3
bumble,2,13,17,32
bumblebee,5,2,10,17
bumbled,0,0,5,5
bumbling,0,0,5,5
bumbobetuna,1,0,0,1
bumbs,0,0,2,2
bumbsucking,0,3,0,3
bumchum,0,0,1,1
bumer,0,0,1,1
bumfuck,0,0,5,5
bumholes,1,0,0,1
bumlick,0,0,5,5
bumlickers,1,0,0,1
bumm,0,0,1,1
bummed,15,11,30,56
bummer,7,6,42,55
bummers,0,0,3,3
bumming,5,4,4,13
bump,45,57,370,472
bumped,4,7,22,33
bumper,6,7,13,26
bumpers,4,2,1,7
bumpfire,1,0,0,1
bumpin,0,5,0,5
bumping,5,9,10,24
bumpkins,1,0,0,1
bumps,14,37,35,86
bumpstock,0,0,5,5
bumpstocks,0,1,0,1
bumpy,3,0,13,16
bums,8,8,7,23
bumy,0,2,0,2
bumzo,0,1,0,1
bun,19,37,30,86
buna,0,2,0,2
bunbun,1,0,0,1
bunch,341,182,554,1077
buncha,0,3,2,5
bunched,3,3,3,9
bunches,1,0,1,2
bunchy,4,0,0,4
bunda,0,3,0,3
bundersleague,0,2,0,2
bundesliga,1,1,6,8
bundle,7,7,34,48
bundles,0,4,11,15
bundt,0,0,2,2
bundy,0,0,2,2
bune,0,12,0,12
buneun,0,1,0,1
bung,0,6,0,6
bunge,1,0,0,1
bungee,0,4,5,9
bunghole,0,3,2,5
bungie,6,1,12,19
bungieboarding,0,0,1,1
bungle,0,3,0,3
bunhead,0,2,0,2
bunifa,0,1,0,1
bunion,0,7,0,7
bunjee,0,0,2,2
bunk,0,6,5,11
bunker,3,16,18,37
bunkers,0,3,7,10
bunkie,0,0,2,2
bunky,0,2,0,2
bunlar,0,1,0,1
bunlari,0,0,1,1
bunlarla,0,7,0,7
bunn,0,3,0,3
bunnees,0,2,0,2
bunnies,2,6,12,20
bunnings,0,1,0,1
bunnnny,0,0,1,1
bunnnyyyyyy,0,0,1,1
bunny,78,103,223,404
bunnyhop,0,2,7,9
bunnymen,2,0,0,2
bunonoc,1,0,0,1
buns,2,11,26,39
buntis,0,0,1,1
bunty,0,0,1,1
bunu,0,23,0,23
bunuel,0,1,0,1
bunuh,0,1,0,1
bunun,0,15,0,15
bununda,0,1,0,1
buny,2,0,0,2
bunyan,3,0,0,3
buon,0,10,0,10
buona,0,5,0,5
buonissimo,0,2,0,2
buono,0,2,0,2
buoyancy,4,2,0,6
buoyant,1,0,4,5
buoyed,0,0,1,1
bupbakes,0,2,0,2
buqi,1,0,0,1
bur,1,1,1,3
burada,0,3,0,3
buradas,0,1,0,1
buradayd,0,8,0,8
burak,0,1,1,2
buralar,0,17,3,20
buras,0,3,1,4
buraya,0,3,0,3
burbank,0,0,4,4
burberry,3,13,23,39
burbon,1,0,0,1
burbs,0,2,2,4
burch,0,0,1,1
burd,0,6,0,6
burda,0,20,0,20
burdaaaaaaa,0,1,0,1
burdam,0,5,0,5
burdami,0,3,0,3
burdamisiniz,0,1,0,1
burdan,0,4,0,4
burdaysa,0,3,0,3
burden,15,1,33,49
burdened,4,0,3,7
burdens,1,0,1,2
burdensome,0,2,0,2
bureash,0,0,4,4
bureau,0,1,11,12
bureaucracy,5,1,1,7
bureaucrat,0,0,2,2
bureaucratic,3,0,1,4
bureaucrats,1,2,0,3
bureaulaanshaft,0,1,0,1
buress,0,0,3,3
bureun,0,1,0,1
burf,0,1,0,1
burgandy,4,0,0,4
burger,26,147,102,275
burgers,12,48,39,99
burgess,0,5,0,5
burgh,0,1,0,1
burglar,0,1,1,2
burglarized,0,0,2,2
burglary,0,0,6,6
burgled,0,0,1,1
burgundy,12,20,22,54
burial,5,0,20,25
buricuas,0,4,0,4
buried,36,12,46,94
buries,4,1,0,5
burin,0,0,6,6
burj,1,2,0,3
burka,0,0,1,1
burkan,0,0,1,1
burke,6,11,9,26
burken,0,0,1,1
burkittsville,0,0,1,1
burl,0,0,5,5
burlaban,0,5,0,5
burlandose,0,1,0,1
burlarse,0,3,0,3
burlesconi,0,0,1,1
burleson,0,0,4,4
burlesque,0,1,6,7
burley,2,0,0,2
burlington,0,0,1,1
burlon,0,0,2,2
burm,0,0,1,1
burma,3,4,1,8
burmese,3,0,4,7
burmuda,0,1,0,1
burn,120,129,211,460
burnaby,0,2,0,2
burndt,5,0,0,5
burned,48,42,54,144
burner,1,1,12,14
burners,0,0,1,1
burnett,0,4,2,6
burnham,3,5,3,11
burnie,0,5,14,19
burniing,0,1,0,1
burnin,1,4,49,54
burning,122,94,110,326
burnings,0,0,1,1
burnished,0,0,1,1
burnishing,1,0,0,1
burnley,20,12,30,62
burnn,0,0,2,2
burnnnn,0,1,0,1
burnol,1,0,0,1
burnout,8,0,1,9
burns,34,20,63,117
burnside,0,0,2,2
burnstile,1,0,0,1
burnt,30,51,48,129
burntem,1,0,0,1
burp,5,16,30,51
burped,0,3,5,8
burping,4,6,9,19
burps,2,2,0,4
burpys,0,1,0,1
burqa,0,6,4,10
burr,11,24,40,75
burra,0,4,0,4
burreson,0,0,2,2
burrick,1,0,0,1
burried,0,2,11,13
burrior,0,4,0,4
burrioristas,0,4,0,4
burris,0,3,0,3
burrito,6,33,33,72
burritos,5,8,9,22
burro,0,1,0,1
burros,1,0,0,1
burrow,0,5,0,5
burrowed,0,0,4,4
burrowing,3,0,0,3
burrows,0,5,0,5
burrrr,2,0,0,2
burrrrrrn,0,1,0,1
burrrrrrned,0,1,0,1
burrrrrrrp,0,1,0,1
burry,2,0,1,3
bursar,0,0,1,1
burshka,0,1,0,1
burst,35,36,94,165
bursted,7,0,2,9
bursting,9,2,8,19
bursts,9,0,18,27
burt,2,6,14,22
burthdae,0,1,0,1
burton,1,14,17,32
burts,10,7,9,26
burundanga,1,0,0,1
bury,7,3,29,39
burying,3,0,0,3
bus,105,135,201,441
busan,0,11,5,16
busca,0,2,0,2
buscabas,0,2,0,2
buscan,0,0,1,1
buscando,0,16,1,17
buscar,0,4,0,4
buscas,0,7,0,7
buscemi,0,18,5,23
busch,0,0,1,1
busen,0,1,0,1
buses,5,13,13,31
bush,40,46,62,148
bushcraft,0,0,1,1
bushemi,0,0,2,2
bushes,6,3,23,32
bushing,0,0,5,5
bushman,0,0,1,1
bushwackers,0,1,0,1
bushy,3,0,8,11
busi,0,0,1,1
busier,0,1,4,5
busiest,0,0,5,5
busily,0,0,2,2
busineeeeeeeeesssssss,0,3,0,3
busineeeeeeeeessssssssssss,0,3,0,3
busines,0,1,0,1
business,168,94,687,949
businesses,32,2,42,76
businessisbooming,0,0,4,4
businessman,0,3,10,13
businessmen,5,0,2,7
businessperson,0,0,8,8
businesswoman,0,0,1,1
busker,0,0,1,1
busking,0,0,1,1
busness,3,0,0,3
busno,0,2,0,2
buso,0,1,0,1
busquenme,0,1,0,1
busquests,0,3,0,3
busquets,4,4,15,23
buss,5,4,6,15
bussell,0,0,2,2
busser,0,2,0,2
busses,0,0,9,9
bussi,0,0,4,4
bussie,0,1,0,1
bussin,2,0,0,2
bussiness,0,0,2,2
bussing,0,0,1,1
bussn,1,0,0,1
busssiness,5,0,0,5
bussssss,5,0,0,5
bussy,2,0,0,2
bust,56,19,20,95
busta,0,12,2,14
busted,27,29,31,87
buster,1,4,13,18
busters,0,6,10,16
bustier,0,1,0,1
bustin,0,1,0,1
busting,9,5,12,26
bustingly,0,0,1,1
busts,0,5,0,5
bustvideo,0,2,0,2
busty,1,0,8,9
busy,75,9,367,451
busybodies,0,0,1,1
busybody,0,0,3,3
busying,0,0,2,2
but,14679,5895,44360,64934
butality,0,0,2,2
butbthey,0,0,1,1
butch,1,2,14,17
butcher,6,6,33,45
butchered,21,0,8,29
butchering,2,6,1,9
butcherlisk,0,0,4,4
butchers,0,1,16,17
butefuul,0,0,2,2
butfuckers,2,0,0,2
buth,1,1,0,2
buthole,0,1,0,1
buthuwhuy,0,1,0,1
butiful,0,1,1,2
butilful,0,1,0,1
butle,0,1,0,1
butler,7,36,21,64
butnof,0,0,1,1
buton,1,0,0,1
buts,11,4,12,27
butt,136,124,278,538
butta,0,0,2,2
buttati,0,5,0,5
buttboy,3,0,0,3
buttcheek,0,0,1,1
buttcheeks,0,1,1,2
buttchin,0,1,0,1
buttcrack,1,9,2,12
butten,0,0,1,1
butter,60,174,251,485
butterandcheeseandbeans,0,2,0,2
butterandsourscreamismyfave,0,0,2,2
butterball,1,0,3,4
butterbeans,0,0,5,5
butterbeer,0,2,1,3
buttercream,24,20,17,61
buttercreammm,0,0,1,1
buttercup,4,1,0,5
buttered,0,11,3,14
butterfingers,0,2,0,2
butterflies,5,8,20,33
butterfly,19,34,39,92
butterflyknife,0,2,0,2
butterflys,0,0,1,1
butterfree,0,0,2,2
butterfry,0,2,0,2
buttermilk,0,3,0,3
butternut,0,1,4,5
butters,2,3,5,10
butterscotch,2,0,0,2
buttery,0,0,11,11
buttfaced,2,0,0,2
buttfucked,3,0,0,3
buttfuckistan,0,0,1,1
butthead,1,0,0,1
buttheads,0,0,1,1
butthole,12,27,21,60
buttholes,0,1,1,2
butthurt,30,20,46,96
butthurts,0,0,1,1
butti,0,0,2,2
butting,0,0,1,1
buttlift,0,0,1,1
buttmad,0,0,1,1
buttman,0,2,0,2
buttocks,0,1,5,6
buttom,2,5,5,12
button,166,299,489,954
buttona,0,0,3,3
buttoned,2,0,1,3
buttoning,0,0,1,1
buttonn,0,1,0,1
buttons,26,52,82,160
buttpleased,0,0,2,2
buttplug,0,0,6,6
buttproblems,4,0,0,4
butts,10,22,24,56
buttsex,2,0,0,2
buttsore,0,0,4,4
buttt,0,0,3,3
butttt,8,0,0,8
buttttttt,0,0,5,5
buttwipe,1,0,0,1
buttyhurt,1,0,0,1
butus,2,0,0,2
butut,0,2,0,2
butyesgirlsaresooooooooooooooooperrrfedxtct,0,1,0,1
butygybgg,0,0,2,2
buu,0,1,0,1
buuh,0,0,2,2
buuld,0,1,0,1
buulder,1,0,0,1
buuren,0,3,0,3
buurman,0,1,0,1
buurt,0,1,0,1
buut,0,0,1,1
buuurrrrr,0,1,0,1
buuussssiiiinnnnnneeeeeeessssssssssssssssss,0,3,0,3
buuut,2,0,5,7
buuuttttt,0,0,1,1
buuuu,1,1,0,2
buuuurrpp,0,0,2,2
buuuurrrnnn,0,0,1,1
buuuurrrrr,0,1,0,1
buuuut,1,1,11,13
buuuuu,0,2,0,2
buuuuurn,0,0,1,1
buuuuut,2,0,1,3
buuuuutttt,0,0,1,1
buuuuuu,0,1,0,1
buuuuuubz,0,0,2,2
buuuuuuttttt,1,0,0,1
buuuuuuuuuu,0,1,0,1
buuuuuuuuuuurrrrrrrrppppppppp,0,1,0,1
buuuuuuuuuuurrrrrrrrrp,0,2,0,2
buuuuuuuuuuuurn,0,1,0,1
buuuuuuuuuuuuuuuuuuullllllllll,0,1,0,1
buuuuuuuuuuuuuuuuuuurn,0,1,0,1
buuuuuuuuuuuuuuuuuuuuuuttt,0,2,0,2
buwahahahhahahahahahah,1,0,0,1
bux,0,0,2,2
buy,790,1033,2503,4326
buyable,3,0,1,4
buyback,3,0,3,6
buybacks,0,0,3,3
buyed,0,2,2,4
buyer,0,5,5,10
buyers,7,11,6,24
buyfakemoneyonline,0,0,4,4
buyin,1,0,1,2
buying,217,174,631,1022
buyn,2,0,0,2
buys,35,54,68,157
buyseannewjackets,0,2,0,2
buyubbfbbbybyyfbbfbbffbbygbfbrbbbfbffbfbbfbfbfffffbffbfffy,0,0,2,2
buyuk,0,1,0,1
buyyed,0,0,3,3
buz,0,1,2,3
buzfed,0,0,1,1
buzfeed,0,1,2,3
buzia,0,2,0,2
buzz,38,53,70,161
buzzard,0,6,0,6
buzzclip,0,0,1,1
buzzcunts,1,0,0,1
buzzcut,0,0,3,3
buzzed,0,1,10,11
buzzer,0,0,6,6
buzzers,0,6,0,6
buzzes,0,3,1,4
buzzfart,0,2,0,2
buzzfeed,145,193,149,487
buzzfeedpleasegiveadamaplateoffood,0,1,0,1
buzzfeedvideo,0,0,1,1
buzzfeedworthit,0,0,7,7
buzzin,0,4,0,4
buzzing,15,17,19,51
buzzkill,0,0,2,2
buzzkills,0,1,0,1
buzzo,0,0,1,1
buzzshit,1,0,0,1
buzzzfeeeddd,0,1,0,1
buzzzzzzzzzinggggg,0,2,0,2
buzzzzzzzzzzzzzzzzzz,0,1,0,1
bv,6,1,0,7
bvb,0,22,13,35
bvc,0,5,0,5
bvi,0,0,26,26
bvis,3,0,0,3
bvistrong,0,0,6,6
bvs,3,1,9,13
bvss,1,0,0,1
bw,0,1,11,12
bwa,2,2,4,8
bwaaaaa,0,0,1,1
bwaaaaaaaaa,0,1,0,1
bwaaaaaaaaaaaaaaaaaaaaaa,3,0,0,3
bwaaaaaaaaaahahhaahahahahhahhhhhaaaaaaahahahahhahahaaa,0,2,0,2
bwaaaaaaaam,0,3,0,3
bwaaaahaaahaaahaaahaaahaaahaaahaaahaahahahahahahahahahahhahahahahahahahahahahahahahahahahaahahahaha,0,2,0,2
bwaaah,6,0,0,6
bwaaahhs,3,0,0,3
bwaaahs,3,0,0,3
bwaah,9,0,0,9
bwah,6,0,0,6
bwahaha,0,0,1,1
bwahahaha,3,2,4,9
bwahahahaha,0,1,1,2
bwahahahahah,0,0,1,1
bwahahahahahahaha,0,0,3,3
bwahahahahahahahaha,0,0,4,4
bwahhhhs,3,0,0,3
bwahs,0,0,2,2
bwang,0,1,0,1
bwear,0,0,6,6
bwhahahahaha,0,0,1,1
bwhen,0,1,0,1
bwhooom,0,0,1,1
bwig,0,2,2,4
bwing,0,0,1,1
bwings,0,1,0,1
bwisit,0,0,1,1
bwoo,0,1,0,1
bwoooooooooooooooiiiiiiiiiiiiiiiii,0,4,0,4
bwoy,0,0,1,1
bwp,3,0,0,3
bwt,2,0,0,2
bwuahahaha,0,4,0,4
bww,0,3,0,3
bx,0,0,7,7
bxactions,0,0,2,2
bxb,0,0,1,1
bxichhhh,0,0,3,3
by,3864,2901,10335,17100
byb,0,0,1,1
bybel,0,7,15,22
byble,0,1,0,1
bybsweating,2,0,0,2
byc,0,2,0,2
bych,0,0,2,2
bycicling,0,0,1,1
byciels,0,1,0,1
bye,97,191,291,579
byebye,0,0,2,2
byed,0,1,0,1
byee,1,1,1,3
byeee,0,4,4,8
byeeee,0,6,8,14
byeeeee,0,3,0,3
byeeeeee,0,4,0,4
byen,0,0,4,4
byeolbicci,0,0,3,3
byeoldeulboda,0,0,1,1
byers,2,4,0,6
byes,1,0,4,5
byfar,2,0,0,2
byford,0,0,5,5
byggghgbbgvtbvbbbvbcgbbbbgcgcgc,0,0,2,2
bygone,2,0,0,2
bygones,5,0,4,9
byguns,0,0,1,1
bying,0,0,1,1
byl,0,3,0,3
bylo,0,2,0,2
byly,0,2,0,2
bym,0,15,1,16
byn,0,1,0,1
bynes,0,1,1,2
bynum,0,0,2,2
byoga,0,0,1,1
byoi,0,7,0,7
byorqui,1,0,0,1
bypass,4,2,10,16
bypasses,0,0,1,1
byproduct,1,0,11,12
byr,0,1,0,1
byran,0,6,0,6
byrd,0,12,1,13
byrds,0,0,4,4
byren,0,1,0,1
byrie,1,0,0,1
byrne,2,3,14,19
byron,2,24,20,46
byrons,0,0,5,5
bys,0,1,1,2
bysh,0,0,1,1
byshare,0,0,3,3
byson,0,1,0,1
bystander,0,1,1,2
bystanders,0,0,6,6
byte,0,1,1,2
byterry,0,3,4,7
bytes,0,0,1,1
bytht,0,1,0,1
byu,0,6,0,6
byuers,0,0,4,4
byw,0,1,1,2
bywa,0,2,0,2
byyeee,0,2,0,2
byyeeee,2,0,0,2
byyeyeeyyeye,0,0,1,1
byyyeeeee,2,0,0,2
byyyyyeee,0,0,7,7
byyyyyyeeee,0,0,1,1
bz,1,0,1,2
bzbzhzhdhdh,0,0,1,1
bzm,0,1,0,1
bzone,0,0,5,5
bzykn,0,5,0,5
bzzzz,0,1,0,1
bzzzzzzzzzzzzzzzzzzzzzzzzzzzzzzzzzzzzzzzzzzzz,0,2,0,2
ca,29,77,117,223
caaaaaaaaaaaaaaaaaaaaaaaaaaaaaan,0,3,0,3
caaaaaaaaaaaaaaaaaaaaaaaaars,0,1,0,1
caaaaaaaaaaaaaaaaaaant,0,1,0,1
caaaaaaaaaaaannot,0,0,1,1
caaaaaaaaaarrrrrllllllllll,0,1,0,1
caaaaaaaant,0,4,0,4
caaaaaaant,0,0,1,1
caaaaaaardiiiiiii,1,0,0,1
caaaaaaarl,0,1,0,1
caaaaaant,0,1,0,1
caaaaan,0,4,0,4
caaaaannnn,0,4,0,4
caaaaant,0,4,0,4
caaaaarrllll,0,1,0,1
caaaan,0,3,1,4
caaaant,0,1,0,1
caaamiiiiillaaaaaa,0,1,0,1
caaan,0,0,6,6
caaarrraaalllll,1,0,0,1
caaarrrl,0,1,0,1
caahr,0,0,1,1
caan,0,0,4,4
cab,98,9,145,252
caballero,0,3,0,3
caballeros,0,6,0,6
cabbage,0,2,33,35
cabbageeee,0,1,0,1
cabbages,0,0,1,1
cabbie,0,0,2,2
cabbies,11,5,14,30
cabbing,0,0,2,2
cabby,1,0,2,3
cabe,0,1,0,1
cabecera,0,3,0,3
cabello,4,52,32,88
cabelo,0,4,0,4
cabeyo,0,1,0,1
cabeyyo,0,0,1,1
cabeza,1,14,7,22
cabezitas,0,1,0,1
cabin,16,2,37,55
cabinet,30,21,84,135
cabinets,0,0,4,4
cabinit,0,0,1,1
cable,38,47,105,190
cables,7,9,34,50
cablleo,0,1,0,1
cabo,0,7,1,8
cabodle,0,0,1,1
caboodle,10,31,56,97
caboodles,0,6,17,23
caboodz,0,2,0,2
caboole,0,0,1,1
caboose,0,3,0,3
cabos,0,0,1,1
cabot,0,0,9,9
cabr,0,4,0,4
cabracadabra,0,5,0,5
cabraloka,0,1,0,1
cabranes,0,5,0,5
cabrejos,0,1,0,1
cabrenter,0,1,0,1
cabret,0,0,2,2
cabron,0,16,0,16
cabrona,0,4,0,4
cabrones,0,9,0,9
cabrooon,0,1,0,1
cabs,70,0,121,191
cabutle,1,0,0,1
caby,0,0,1,1
caca,0,6,7,13
cacaccacacacacacaca,1,0,0,1
cacaitos,1,0,0,1
cacao,2,3,1,6
cacata,0,1,0,1
caccoon,0,7,5,12
cacey,0,1,0,1
cach,0,2,0,2
cachacos,0,4,0,4
cache,0,1,1,2
caching,1,0,0,1
cacho,5,0,0,5
cachorro,0,10,0,10
cack,0,6,2,8
cackle,0,1,3,4
cackled,0,1,2,3
cackling,5,0,3,8
cacks,0,0,1,1
cacmklin,0,4,0,4
cacodemon,0,2,1,3
cacom,1,0,0,1
cacophony,0,0,6,6
cacpom,1,0,0,1
cacrouches,1,0,0,1
cacti,4,0,10,14
cactus,23,16,34,73
caculate,0,0,1,1
cad,4,40,5,49
cada,6,93,3,102
cadabra,0,1,0,1
cadas,0,3,1,4
cadaver,1,0,0,1
cadbee,1,0,0,1
cadberry,0,1,0,1
cadbury,0,10,1,11
cadburys,0,0,5,5
caddell,0,9,0,9
caddy,0,0,4,4
cade,0,14,0,14
cadeau,0,2,0,2
caden,1,0,0,1
cadenas,0,1,0,1
cadence,11,9,9,29
cadency,0,0,1,1
cadera,0,1,0,1
caderas,0,2,0,2
cadet,5,5,2,12
cadets,5,0,12,17
cadi,0,0,1,1
cadillac,0,0,1,1
cadogan,3,0,0,3
cady,3,0,0,3
cae,0,10,5,15
caen,0,2,0,2
caer,1,17,0,18
caesar,6,15,25,46
caesars,1,0,1,2
caesers,0,2,0,2
caesium,0,0,1,1
caf,0,2,18,20
cafe,7,10,45,62
cafes,0,0,10,10
cafeteria,0,2,3,5
caffeinate,0,0,1,1
caffeinated,0,0,1,1
caffeine,18,7,60,85
caffiene,0,0,1,1
caffine,0,5,0,5
cafr,0,0,1,1
cafrs,0,0,1,1
caft,0,0,5,5
cafu,0,1,3,4
cag,0,10,0,10
caga,5,0,0,5
cagada,1,7,0,8
cagado,0,5,0,5
cagan,0,1,2,3
cagando,0,6,0,6
cagar,0,8,0,8
cagarce,0,4,0,4
cagare,0,5,0,5
cagaron,0,5,0,5
cage,26,47,45,118
caged,0,0,7,7
cages,11,0,6,17
caging,0,0,3,3
cagney,2,6,0,8
cago,0,17,0,17
cagon,0,0,5,5
cagones,0,3,0,3
caguas,0,0,2,2
cah,1,0,2,3
caheyoung,0,0,1,1
cahhhks,0,3,0,3
cahil,0,0,13,13
cahill,43,14,52,109
cahracteristics,0,0,1,1
caht,0,1,0,1
caicos,0,1,0,1
caillou,0,0,1,1
cailloux,2,0,0,2
caim,0,6,0,6
caimpagn,0,0,1,1
cain,5,10,25,40
caine,0,1,1,2
caint,0,2,1,3
caio,0,1,0,1
cair,0,4,0,4
cairl,0,0,2,2
caithness,0,0,13,13
caitlin,3,0,34,37
caitlins,0,0,2,2
caitlyn,8,2,0,10
caiu,0,1,0,1
caja,0,3,0,3
cajon,0,1,6,7
cajones,1,0,0,1
cajun,0,0,2,2
cak,0,4,0,4
cake,255,1419,1263,2937
cakeadifference,0,2,4,6
cakebook,0,1,0,1
cakebookquiz,0,42,6,48
cakeboss,0,0,1,1
cakecream,1,0,0,1
caked,1,1,10,12
cakedpotato,0,1,0,1
cakee,0,1,1,2
cakeee,1,1,0,2
cakeeee,1,0,1,2
cakelike,0,2,0,2
cakeonface,0,0,2,2
cakep,0,1,0,1
cakequiz,0,2,0,2
cakers,3,0,0,3
cakes,51,61,215,327
cakeshake,1,0,0,1
cakeslayer,1,1,0,2
cakesquad,0,1,0,1
caketalk,0,1,0,1
caketendo,0,0,4,4
cakey,11,8,28,47
cakhe,0,1,0,1
caking,0,0,11,11
cakky,0,2,0,2
cal,7,3,16,26
cala,1,1,1,3
calab,0,8,2,10
calabing,0,1,0,1
calabs,0,0,2,2
calais,4,0,0,4
calamardo,0,1,0,1
calamari,0,0,2,2
calamitous,0,0,5,5
calamity,3,0,3,6
calance,0,1,0,1
calanda,0,4,0,4
calander,0,4,7,11
calando,0,1,0,1
calavera,1,0,0,1
calb,0,1,0,1
calc,0,0,6,6
calcio,1,10,0,11
calcium,9,3,11,23
calcs,1,0,0,1
calculate,5,6,27,38
calculated,7,3,11,21
calculates,2,0,0,2
calculating,4,0,8,12
calculation,15,0,6,21
calculations,8,1,14,23
calculator,5,1,11,17
calculators,0,0,3,3
calculus,3,2,2,7
calda,0,5,0,5
caldamons,8,0,0,8
calde,1,0,0,1
calder,15,0,0,15
caldera,0,0,6,6
calderon,0,2,0,2
calderstone,0,0,5,5
caldo,0,0,1,1
caldwell,5,2,7,14
cale,0,12,2,14
caleb,3,4,1,8
caled,0,1,0,1
caledonia,0,0,4,4
calek,1,0,0,1
calen,0,0,1,1
calendar,13,86,99,198
calendars,0,5,14,19
calender,4,7,8,19
calenders,0,3,0,3
calentar,0,5,0,5
caley,1,0,0,1
calf,1,2,15,18
calfreezy,2,0,1,3
calfs,0,0,8,8
calgary,0,1,2,3
calgon,0,1,1,2
cali,2,13,37,52
caliber,5,5,20,30
calibrate,0,0,2,2
calibrated,1,0,6,7
calibration,0,0,2,2
calibre,0,0,1,1
calico,1,2,0,3
calidad,0,28,7,35
caliendo,0,0,1,1
calientan,0,3,0,3
caliente,0,1,5,6
calif,0,0,1,1
calificaci,0,1,0,1
califican,0,1,0,1
califonia,0,0,1,1
california,59,49,232,340
californian,0,3,1,4
californians,4,2,0,6
californication,1,3,2,6
californicum,6,0,0,6
caliii,0,0,2,2
caliper,1,0,0,1
calipers,0,1,0,1
caliphate,2,0,0,2
caliphates,1,0,0,1
calista,1,0,0,1
calisthenic,0,5,0,5
calisthenics,0,4,5,9
calixto,0,2,0,2
caljam,0,0,4,4
call,716,786,1355,2857
callab,0,3,0,3
callabs,0,0,1,1
calladitos,0,1,0,1
callagaris,0,0,5,5
callaghan,0,4,0,4
callan,0,4,0,4
callander,0,1,5,6
callando,0,7,0,7
callar,0,35,0,35
callate,0,0,1,1
callaway,0,0,1,1
callback,0,0,2,2
callbacks,0,0,1,1
calle,0,17,4,21
called,807,1100,2081,3988
calledthe,1,0,0,1
calledwhole,0,1,0,1
calleion,0,1,0,1
callejon,0,5,0,5
callender,0,4,0,4
caller,0,0,1,1
callers,3,0,0,3
calles,0,1,0,1
callet,0,1,0,1
callgmbn,0,6,0,6
callgod,0,4,0,4
calli,0,1,0,1
callie,0,0,4,4
calliendo,0,0,2,2
calligaris,0,0,5,5
calligraphy,0,2,8,10
callin,12,1,2,15
calling,276,161,418,855
callled,0,0,1,1
callmaa,0,1,0,1
callmmm,0,1,0,1
callous,0,0,5,5
callouses,0,0,1,1
callousness,0,0,1,1
callout,0,2,3,5
callouts,1,0,0,1
calls,78,74,151,303
callsmate,1,0,0,1
callus,0,1,0,1
callux,0,5,10,15
calluxs,0,0,1,1
cally,0,1,2,3
calm,80,0,458,538
calma,0,4,0,4
calmed,10,0,11,21
calmer,0,12,3,15
calming,19,54,115,188
calmis,0,2,0,2
calmly,7,0,21,28
calmmm,0,1,0,1
calmmmmmm,0,0,2,2
calmness,1,0,2,3
calms,11,1,18,30
calnewmantv,0,7,0,7
calo,0,1,0,1
calor,0,6,0,6
caloric,0,0,4,4
calorie,0,2,27,29
calories,10,17,70,97
calorily,0,1,0,1
calorxps,3,0,0,3
calpurina,0,1,0,1
cals,0,1,0,1
calsithenics,0,0,1,1
calsonmalon,0,0,2,2
calss,0,0,1,1
calssic,2,0,0,2
calssrom,0,0,1,1
calt,0,0,1,1
calton,3,0,0,3
calum,0,8,1,9
caluori,0,0,4,4
calus,1,0,2,3
calvados,0,0,4,4
calvary,0,0,1,1
calves,0,0,28,28
calvin,2,18,54,74
calvinklein,0,1,0,1
calvito,0,1,0,1
calvo,4,0,0,4
caly,0,2,0,2
calzone,0,10,8,18
cam,41,45,68,154
cama,0,8,0,8
camacho,0,2,4,6
camaflosh,0,0,2,2
camah,0,1,0,1
camal,0,0,3,3
camalizards,0,1,0,1
camara,0,5,3,8
camaraderie,0,0,2,2
camargo,0,0,4,4
camaro,2,2,5,9
cambear,0,1,0,1
camber,0,0,4,4
camberwell,0,1,0,1
cambi,0,2,0,2
cambia,0,4,1,5
cambiame,0,3,0,3
cambian,0,3,0,3
cambiar,0,4,1,5
cambiaria,0,1,0,1
cambiaron,0,4,0,4
cambiarse,0,0,5,5
cambiaste,0,1,0,1
cambie,0,5,0,5
cambien,0,21,0,21
cambies,0,2,0,2
cambio,0,9,4,13
cambodia,6,8,8,22
cambodian,1,1,2,4
cambodians,0,0,4,4
camboya,1,0,0,1
cambria,0,0,1,1
cambridge,3,4,18,25
camcer,0,0,1,1
camcion,0,1,0,1
camcorder,0,0,2,2
camcorders,2,0,0,2
camden,0,1,4,5
came,759,885,2291,3935
camea,0,0,4,4
cameback,0,0,1,1
camel,22,10,38,70
camelback,0,7,6,13
camellia,1,0,0,1
camelly,0,9,0,9
camelot,1,1,0,2
camels,1,3,1,5
cameltoe,0,0,6,6
camembert,2,0,0,2
cameo,8,44,55,107
cameos,2,3,18,23
camer,0,3,0,3
camera,422,447,1383,2252
cameraman,12,4,21,37
cameramen,0,1,6,7
cameran,0,1,0,1
cameras,39,41,122,202
camerawork,0,1,10,11
cameraworkkkkk,0,0,1,1
camero,0,0,1,1
cameron,5,53,52,110
cameronnnnn,1,0,0,1
cameroon,0,0,6,6
camerun,0,0,4,4
cames,3,2,0,5
cami,11,18,22,51
camiiiifernandaa,0,2,0,2
camila,21,125,191,337
camilaa,0,2,0,2
camilaaaa,0,1,1,2
camilaaaaa,0,2,0,2
camilaaaaaaaaaaaa,0,7,0,7
camilaaaaaaaaaaaaa,0,2,0,2
camilacabello,0,6,1,7
camilah,0,0,1,1
camilas,0,1,1,2
camile,0,1,0,1
camilia,0,3,0,3
camilita,0,1,0,1
camilizer,0,2,1,3
camilizers,1,3,0,4
camilla,2,8,31,41
camille,1,1,0,2
camillia,0,0,1,1
camilo,0,8,0,8
camin,0,2,0,2
caminah,0,0,7,7
caminando,0,1,0,1
caminhada,0,2,0,2
caminhando,0,1,0,1
caminho,0,3,0,3
camino,2,71,2,75
caminoooo,0,1,0,1
caminooooooooooooooooooooooooooooooooooooooooooooooooooooooooooooooooooooooooooooooooooooooooooooooooooooooooooooooooooooooooooooooooooooooooooooooooooooooooooo,0,1,0,1
camio,0,1,0,1
camisa,1,3,0,4
camiset,0,4,0,4
camiseta,0,4,0,4
cammed,0,0,1,1
cammie,0,0,4,4
cammy,4,0,0,4
camo,6,11,10,27
camomila,0,0,5,5
camomile,0,0,5,5
camote,1,0,0,1
camouflage,4,4,4,12
camouflaged,3,0,0,3
camouflages,0,0,1,1
camouflaging,2,0,0,2
camp,42,59,80,181
campa,0,0,5,5
campaign,64,48,194,306
campaigned,0,0,2,2
campaigners,0,0,1,1
campaigning,2,2,4,8
campaigns,5,3,10,18
campain,0,1,3,4
campana,0,1,0,1
campanita,0,7,0,7
campbell,4,21,16,41
campbells,2,1,0,3
campe,0,12,0,12
camped,0,0,3,3
campeon,0,14,0,14
campeonato,0,3,0,3
campeones,12,5,0,17
camper,1,4,11,16
campero,1,0,0,1
campers,0,2,1,3
campervan,0,3,5,8
campin,0,4,0,4
campiness,0,0,2,2
camping,3,11,25,39
campion,0,2,0,2
campionato,0,2,0,2
campione,0,5,0,5
campista,0,1,0,1
campo,4,22,0,26
campos,0,2,6,8
camprock,0,1,0,1
camps,6,17,8,31
campsite,1,0,1,2
campton,1,0,0,1
campus,4,1,31,36
campuses,0,0,2,2
campy,2,0,5,7
camra,0,1,0,1
camren,0,11,8,19
camreon,1,0,0,1
camron,0,2,0,2
camry,4,0,0,4
cams,8,9,14,31
camt,0,1,0,1
camus,0,0,1,1
camuy,0,0,2,2
camz,0,7,18,25
camzz,0,7,0,7
can,9963,12973,29959,52895
cana,0,1,0,1
canabalistic,2,0,0,2
canabis,0,1,0,1
canableisim,0,3,0,3
canacer,0,0,3,3
canad,0,1,0,1
canada,83,161,427,671
canadas,0,1,3,4
canadian,50,57,155,262
canadianfam,0,0,1,1
canadians,12,22,8,42
canadien,0,0,2,2
canadiens,0,2,0,2
canais,0,1,0,1
canal,1,150,12,163
canale,0,4,0,4
canales,0,1,0,1
canallllllllll,0,1,0,1
canals,1,0,2,3
canard,0,3,0,3
canarie,0,0,4,4
canary,9,0,0,9
canatar,0,1,0,1
canaveral,0,7,0,7
canavero,0,0,2,2
canbebetter,0,2,3,5
cancalm,1,0,0,1
cancel,21,26,25,72
cancela,0,1,0,1
canceled,14,10,19,43
canceling,4,1,14,19
cancell,0,0,1,1
cancellation,0,0,4,4
cancelled,46,13,47,106
cancelling,8,4,10,22
cancels,5,0,7,12
cancer,168,296,499,963
cancerigena,0,1,0,1
cancerous,14,16,30,60
cancers,0,0,10,10
cancet,0,1,0,1
cancha,9,26,0,35
canchas,0,4,0,4
cancherear,0,5,0,5
canci,15,266,43,324
cancines,0,0,1,1
cancion,11,150,8,169
canciona,0,1,0,1
cancione,0,1,0,1
canciones,5,62,10,77
cancun,0,1,3,4
canda,0,0,1,1
candace,6,3,0,9
candallll,0,4,0,4
candel,1,0,0,1
candell,0,1,0,1
candels,0,1,0,1
candian,1,0,0,1
candice,3,4,1,8
candid,0,5,60,65
candida,0,0,5,5
candidate,30,9,19,58
candidates,2,0,2,4
candidatura,0,2,0,2
candidly,0,0,6,6
candied,0,0,5,5
candies,6,0,14,20
candle,15,69,138,222
candlelight,0,0,1,1
candles,17,97,109,223
candlessss,0,1,0,1
candlestick,0,4,5,9
candlesticks,0,0,2,2
candlestuck,0,3,3,6
candletsuck,0,0,2,2
candor,10,0,2,12
candour,0,0,1,1
candropmail,0,0,4,4
candy,57,100,175,332
candyass,6,0,0,6
candyman,5,1,3,9
candyshop,0,0,2,2
cane,6,5,18,29
canel,0,1,2,3
canela,0,1,0,1
canele,9,7,1,17
caneles,0,1,1,2
canello,0,0,2,2
canelo,11,18,37,66
canelos,3,0,0,3
caneras,0,0,1,1
canes,0,1,7,8
canesnation,0,2,0,2
canget,0,2,0,2
cangreburgers,0,1,0,1
cangri,0,2,0,2
cani,0,4,0,4
canibal,0,4,0,4
canine,0,0,3,3
canines,0,2,0,2
caning,0,0,2,2
canion,0,1,0,1
canister,0,1,1,2
canisters,2,0,0,2
canlu,0,1,0,1
canna,0,5,0,5
cannaaah,0,1,0,1
cannabalise,0,0,1,1
cannabalism,3,0,0,3
cannabis,8,6,21,35
cannad,0,0,1,1
cannavaro,0,2,3,5
canncer,0,3,0,3
canne,0,6,0,6
canned,12,5,16,33
cannel,15,9,4,28
cannes,0,2,4,6
canni,0,0,1,1
cannibal,5,10,5,20
cannibalism,3,1,34,38
cannibalistic,0,0,1,1
cannibalize,0,0,1,1
cannibalized,0,0,1,1
cannibalizes,0,0,1,1
cannibals,5,0,7,12
canninbals,1,0,0,1
canning,0,0,2,2
cannnnoooottttt,0,1,0,1
cannnnt,0,1,0,1
canno,0,0,6,6
cannock,0,2,6,8
cannoli,0,2,0,2
cannon,14,22,36,72
cannonball,0,1,6,7
cannons,0,5,10,15
cannoootttttt,0,0,1,1
cannot,343,246,986,1575
canny,8,7,0,15
canoe,0,2,3,5
canoeing,0,5,1,6
canoes,2,1,4,7
canola,3,0,1,4
canoli,0,2,1,3
canon,18,20,34,72
canonic,0,0,1,1
canonical,0,1,0,1
canonize,2,0,0,2
canoot,0,0,1,1
canopy,0,0,5,5
canot,0,0,2,2
canovanas,0,1,0,1
canrelate,0,6,0,6
cans,15,20,25,60
cansa,0,3,0,3
cansado,0,0,1,1
cansam,0,1,0,1
cansate,0,1,0,1
canser,0,2,0,2
cansino,0,0,1,1
cansio,0,3,0,3
cansion,0,12,0,12
cansiones,0,3,0,3
cansionnnnn,0,1,0,1
canso,0,2,0,2
canst,1,0,0,1
cant,656,860,1309,2825
canta,3,55,2,60
cantaba,0,2,1,3
cantada,0,2,0,2
cantado,1,1,0,2
cantaletas,0,3,0,3
cantaloupe,1,0,0,1
cantam,0,1,0,1
cantamos,0,0,2,2
cantan,0,6,0,6
cantando,1,31,1,33
cantandola,0,4,0,4
cantandolo,0,3,0,3
cantante,1,21,2,24
cantantes,0,5,3,8
cantar,0,19,0,19
cantara,0,1,0,1
cantarla,0,1,0,1
cantarlo,0,3,0,3
cantas,0,3,3,6
cante,0,5,6,11
canteait,0,1,0,1
canted,0,0,1,1
canteen,0,0,4,4
canten,0,2,0,2
cantidad,0,1,0,1
cantik,0,5,0,5
cantina,1,0,3,4
cantineras,0,3,0,3
cantinflas,0,0,1,1
cantndnfbfbf,0,1,0,1
canto,3,21,5,29
canton,0,0,9,9
cantona,0,0,2,2
cantonese,0,8,12,20
cantor,0,9,1,10
cantora,0,3,2,5
cantou,0,3,0,3
cantrelate,0,1,0,1
cants,0,1,0,1
canttt,0,2,1,3
cantttt,2,2,0,4
canttttt,0,1,0,1
canttttttttt,0,1,0,1
cantu,0,0,1,1
cantunlistenallday,0,0,1,1
canuck,0,0,1,1
canvas,4,2,16,22
canvases,0,0,4,4
canvassing,1,0,0,1
cany,0,1,0,1
canyon,0,0,9,9
canyonlocalfilmscom,0,0,4,4
canyou,0,0,1,1
canzone,0,4,0,4
canzoni,0,2,0,2
canzuk,0,1,0,1
caoihmes,0,1,0,1
caoimhe,2,21,16,39
caoooo,0,1,0,1
caotic,0,0,4,4
cap,14,42,132,188
capa,0,3,0,3
capabel,0,0,7,7
capabilities,6,0,20,26
capability,8,2,19,29
capable,37,0,136,173
capably,0,0,1,1
capaces,0,4,0,4
capacities,0,0,9,9
capacity,20,6,139,165
capanigger,0,1,0,1
capatlism,0,0,4,4
capaz,1,1,0,2
capcom,46,29,81,156
capcomrules,0,0,3,3
cape,12,9,55,76
caped,1,0,0,1
capella,0,0,5,5
capers,0,0,1,1
capes,0,9,7,16
capeshit,0,0,1,1
capi,0,2,0,2
capisci,0,1,0,1
capit,0,2,3,5
capita,0,0,10,10
capital,14,9,51,74
capitalis,0,3,0,3
capitalise,0,4,2,6
capitalised,0,1,0,1
capitalising,1,1,4,6
capitalism,45,52,60,157
capitalist,19,10,24,53
capitalistic,1,0,2,3
capitalists,5,2,0,7
capitalization,0,0,1,1
capitalize,0,6,11,17
capitalized,1,5,0,6
capitalizing,0,2,1,3
capitals,0,1,15,16
capitan,0,3,2,5
capitano,0,1,0,1
capitol,1,0,9,10
capitulates,0,0,1,1
capitulating,0,0,1,1
capitulo,0,1,0,1
capivity,1,0,0,1
capn,1,0,0,1
capo,4,8,0,12
capodanno,0,0,1,1
capoeira,0,0,1,1
capolavoro,0,2,0,2
capolista,0,2,0,2
capone,1,0,0,1
capos,0,4,0,4
capota,0,1,0,1
capote,5,0,5,10
capped,2,2,0,4
cappella,0,0,3,3
cappellata,0,1,0,1
capper,0,1,3,4
cappppp,0,5,0,5
cappuccino,0,0,10,10
cappy,6,24,2,32
cappyberra,0,0,1,1
capri,0,1,2,3
capricho,0,2,0,2
capricious,0,0,4,4
caprio,0,1,1,2
capris,3,0,0,3
caps,13,7,60,80
capsar,0,1,0,1
capsicum,0,0,1,1
capsized,0,0,2,2
capstone,0,0,1,1
capsule,3,2,99,104
capsules,0,0,14,14
capt,0,1,3,4
captain,66,116,126,308
captaincy,0,6,0,6
captains,4,0,3,7
captainsparklez,0,2,0,2
captcha,0,0,5,5
capte,0,0,1,1
capter,3,0,0,3
captial,0,1,0,1
captials,0,1,0,1
captian,3,3,0,6
captin,0,4,0,4
caption,17,17,43,77
captioned,2,2,3,7
captioning,1,2,0,3
captions,7,51,63,121
captivate,4,0,0,4
captivated,2,0,15,17
captivating,0,0,26,26
captive,8,0,4,12
captived,0,3,0,3
captivity,1,0,2,3
capto,0,4,0,4
capture,43,27,76,146
captured,6,6,75,87
capturen,0,0,1,1
capturer,0,0,1,1
captures,1,0,21,22
capturing,0,0,13,13
capucha,0,0,1,1
capulets,0,0,5,5
capybara,0,0,3,3
car,542,567,1173,2282
cara,3,116,48,167
caracas,0,2,0,2
caracter,0,0,1,1
caracteristica,0,1,0,1
caradelevigne,0,1,0,1
caradida,0,1,0,1
carafull,0,6,0,6
caragoooo,0,1,0,1
carai,0,2,0,2
caraioww,0,2,0,2
carajita,0,1,0,1
carajo,0,35,3,38
carajoo,0,1,0,1
carajooo,0,1,0,1
carajos,0,3,0,3
caralho,0,28,3,31
caralhoooooo,0,1,0,1
caralhooooooo,0,1,0,1
caralhoooooooo,0,1,0,1
caralhos,0,1,0,1
caralhou,0,1,0,1
caramalized,0,0,1,1
caramba,0,0,2,2
carambaaaa,0,1,0,1
caramel,5,19,42,66
caramelised,0,1,0,1
caramelising,0,1,0,1
caramelization,0,1,0,1
caramelos,0,1,0,1
caramels,0,0,4,4
caramorello,0,1,0,1
caras,0,8,2,10
carasco,0,0,2,2
carascooooooooooooooooooooooooooooooooooooooooooooooooooooooooooaal,0,2,0,2
carassco,0,0,2,2
carat,4,4,19,27
carats,3,6,25,34
caravan,4,9,1,14
caravans,0,1,0,1
caraxxbibby,0,0,2,2
caray,0,1,0,1
carayusen,0,4,0,4
carazones,0,1,0,1
carazy,0,1,0,1
carb,4,0,8,12
carbide,0,0,8,8
carbine,1,0,0,1
carbohydrate,1,0,0,1
carbohydrates,0,0,3,3
carbohydrite,0,1,0,1
carbon,17,68,99,184
carbonade,0,3,0,3
carbonara,0,0,13,13
carbonaras,0,2,0,2
carbonate,0,1,0,1
carbonated,6,15,4,25
carbonation,0,3,1,4
carbonite,0,2,0,2
carboodle,1,0,0,1
carbot,0,6,3,9
carbs,5,0,33,38
carburetor,0,0,2,2
carcajadas,0,2,0,2
carcamales,0,3,0,3
carcase,0,6,0,6
carcases,0,6,0,6
carcass,2,4,2,8
carcasses,0,0,1,1
carcel,0,0,3,3
carcinogenic,0,0,1,1
card,101,158,427,686
cardamom,0,0,5,5
cardangelboard,0,2,0,2
cardassian,0,1,1,2
cardassians,2,1,0,3
cardboard,20,20,38,78
cardboards,0,0,2,2
carded,0,1,2,3
carden,0,0,1,1
cardi,44,102,130,276
cardiac,9,0,1,10
cardiact,1,0,0,1
cardiators,1,0,0,1
cardib,0,5,1,6
cardie,0,1,2,3
cardiff,16,38,5,59
cardifortheculture,0,1,0,1
cardigan,11,16,95,122
cardigans,0,2,57,59
cardinal,0,2,1,3
cardinals,1,0,1,2
carding,6,0,0,6
cardio,1,2,7,10
cardiologist,0,0,2,2
cardiologists,0,0,1,1
cardistry,1,17,3,21
cardridge,2,0,0,2
cards,98,112,225,435
cardy,1,9,0,10
care,793,430,2238,3461
carear,0,1,0,1
careat,0,1,0,1
careca,0,1,0,1
cared,26,25,85,136
careening,0,0,1,1
career,141,108,390,639
careers,6,9,33,48
carefree,1,6,16,23
careful,118,0,138,256
carefull,0,2,4,6
carefully,32,4,59,95
caregiver,0,0,7,7
caregivers,0,3,5,8
careing,2,1,1,4
careless,19,5,7,31
carelessly,16,0,0,16
carelessness,8,0,8,16
carell,0,1,1,2
caren,0,1,0,1
carentes,0,1,0,1
careoke,0,3,0,3
carer,0,0,4,4
carera,0,0,2,2
carers,0,0,1,1
cares,294,196,361,851
caress,4,1,0,5
caressing,1,0,0,1
caretaker,0,7,5,12
carey,22,32,52,106
carfax,0,0,1,1
carfight,1,0,0,1
carful,1,7,2,10
carfully,0,0,1,1
carga,2,1,0,3
cargadas,2,0,0,2
cargamento,0,5,0,5
cargo,8,13,17,38
cargoes,1,0,0,1
cargospotter,0,0,5,5
carhartt,0,0,2,2
cari,3,11,18,32
cariacature,1,0,0,1
caribbean,17,14,34,65
caribe,0,5,4,9
caribian,1,0,0,1
caribou,0,1,2,3
caricature,0,7,7,14
caridad,0,1,1,2
carie,1,0,0,1
caried,0,0,3,3
cariers,0,6,0,6
caries,0,1,0,1
carige,1,0,0,1
carina,0,2,0,2
carinatum,4,0,0,4
carine,0,1,1,2
caring,41,8,160,209
carinha,0,1,0,1
carisima,0,1,0,1
carism,0,2,0,2
carisma,0,1,1,2
carita,0,6,0,6
caritas,0,0,1,1
caritativa,0,1,0,1
carl,15,52,47,114
carla,3,1,1,5
carle,0,0,6,6
carlen,0,6,0,6
carles,0,1,0,1
carley,0,1,0,1
carli,22,57,248,327
carlibel,0,0,3,3
carlibybel,0,0,3,3
carlie,11,10,68,89
carlies,5,0,0,5
carlii,0,0,1,1
carliii,0,0,1,1
carliiii,0,3,0,3
carliiiii,0,2,1,3
carliiiiii,0,0,6,6
carlile,0,5,0,5
carlin,9,10,34,53
carlisle,6,0,2,8
carlitos,0,10,0,10
carllooossss,0,1,0,1
carlo,1,11,8,20
carlod,0,1,0,1
carloes,0,1,0,1
carlos,10,170,48,228
carlson,0,0,1,1
carlton,1,1,5,7
carly,6,23,62,91
carlys,1,0,0,1
carmack,0,0,3,3
carmel,0,1,0,1
carmella,0,4,0,4
carmen,2,1,4,7
carmine,1,0,0,1
carmona,0,6,0,6
carnage,12,2,17,31
carnages,0,0,4,4
carnal,0,0,1,1
carnalito,0,1,0,1
carnation,2,4,0,6
carnaval,0,1,0,1
carne,0,8,0,8
carnegie,0,0,1,1
carneval,3,0,0,3
carney,0,1,0,1
carnicer,0,4,0,4
carniceros,0,3,0,3
carnie,0,0,3,3
carnival,2,5,27,34
carnivore,2,0,6,8
carnivores,0,1,0,1
carnt,1,1,1,3
caro,0,1,0,1
caroake,0,0,1,1
caroitoid,0,0,6,6
carol,6,8,7,21
carole,0,0,5,5
carolina,3,24,34,61
carolinas,0,2,4,6
caroline,4,16,9,29
carolinehirons,0,0,1,1
carolinian,0,0,4,4
caroll,0,2,0,2
carolla,1,1,0,2
carollas,0,0,1,1
carols,0,6,0,6
carolyn,5,1,0,6
carolyne,1,0,0,1
carot,1,0,1,2
carousel,0,0,18,18
carousels,0,1,2,3
carp,5,0,0,5
carpark,0,0,1,1
carpathian,1,0,0,1
carpel,0,0,3,3
carpentary,0,1,0,1
carpenter,19,38,100,157
carpenters,1,4,3,8
carpentry,0,0,7,7
carpet,30,7,48,85
carpeting,1,0,0,1
carpets,5,3,17,25
carpol,0,0,1,1
carpool,31,54,32,117
carpoolkaraokewith,0,1,0,1
carr,0,5,7,12
carra,12,0,0,12
carrabian,0,1,0,1
carrage,0,1,0,1
carragher,0,0,6,6
carrasco,1,10,0,11
carrasso,0,4,0,4
carreer,1,0,1,2
carrefour,0,1,0,1
carreira,0,7,6,13
carrer,0,0,1,1
carrera,2,16,2,20
carreras,0,1,0,1
carrey,118,60,158,336
carreyforpresident,0,0,4,4
carreys,0,0,2,2
carreyzi,0,1,0,1
carri,0,2,3,5
carriage,5,25,15,45
carriages,7,4,9,20
carribbean,0,1,0,1
carribean,2,4,3,9
carrick,13,0,0,13
carrie,39,135,508,682
carried,35,6,87,128
carrieeee,0,1,0,1
carrier,8,7,35,50
carriere,0,4,1,5
carriers,0,4,20,24
carries,11,10,55,76
carro,0,6,1,7
carroll,4,0,8,12
carrom,0,2,1,3
carros,2,2,1,5
carrot,10,19,46,75
carrots,10,4,22,36
carrrrrrrrrrrrrasco,0,2,0,2
carrrrrrrrrrrrrrrrrrrrrrrrl,0,1,0,1
carrry,6,0,0,6
carry,134,64,368,566
carrying,26,26,91,143
carryon,0,0,4,4
carrys,0,1,0,1
cars,137,104,315,556
carsh,1,0,0,1
carson,5,10,16,31
cart,13,26,34,73
carta,0,1,0,1
cartagena,0,0,1,1
carte,0,2,0,2
cartel,3,7,2,12
carteles,0,4,0,4
cartelitos,0,1,0,1
cartels,6,1,10,17
carter,24,38,51,113
cartgride,0,0,2,2
carthagia,0,0,3,3
carti,0,10,6,16
cartia,0,0,6,6
cartidge,0,1,0,1
cartier,3,3,0,6
cartifortheculture,0,1,0,1
cartigan,0,0,2,2
cartilage,3,3,9,15
cartman,1,0,11,12
carton,1,5,3,9
cartons,0,0,2,2
cartoon,53,60,160,273
cartooney,0,0,2,2
cartoonish,3,0,0,3
cartoonists,0,0,2,2
cartoons,28,21,53,102
cartoony,0,2,4,6
cartoonz,0,0,2,2
cartridge,7,3,16,26
cartridges,0,0,5,5
carts,1,0,1,2
cartuns,0,4,0,4
cartwheel,2,3,0,5
carty,0,1,0,1
caruso,0,0,1,1
carve,6,23,12,41
carved,2,13,14,29
carver,0,1,0,1
carvey,4,3,4,11
carving,2,12,13,27
carvings,1,0,0,1
carwash,0,1,0,1
cary,2,0,4,6
caryy,0,0,1,1
carzy,0,3,0,3
cas,4,8,9,21
casa,3,44,0,47
casaaa,0,1,0,1
casablanca,1,6,4,11
casalz,0,4,0,4
casamonica,1,0,0,1
casanova,0,1,0,1
casatellano,0,1,0,1
cascade,0,6,4,10
cascaded,0,0,3,3
casco,0,3,1,4
case,265,233,859,1357
casear,0,1,0,1
cased,1,0,4,5
caseless,0,0,3,3
casemiro,0,5,0,5
caser,0,0,3,3
cases,57,19,135,211
casestarter,0,1,0,1
casey,67,156,366,589
caseyneistat,0,5,0,5
caseyyyyy,0,1,0,1
cash,103,104,266,473
cashapp,0,0,2,2
cashback,5,0,5,10
cashed,7,0,4,11
cashes,3,0,0,3
cashew,0,0,4,4
cashews,1,12,1,14
cashgrab,0,0,1,1
cashier,1,6,4,11
cashiers,0,1,2,3
cashing,3,2,3,8
cashless,0,0,2,2
cashme,0,1,0,1
cashmeousside,0,0,1,1
cashmere,10,1,7,18
cashmoney,3,0,0,3
cashnasty,0,1,0,1
cashy,0,1,0,1
casi,0,29,4,33
casillas,0,3,1,4
casing,0,1,6,7
casings,0,0,17,17
casino,8,12,36,56
casinos,6,3,12,21
casio,0,1,0,1
casiopeia,0,0,1,1
casita,1,1,0,2
casket,0,2,3,5
caso,0,7,2,9
casou,0,2,0,2
casp,2,1,1,4
caspa,3,0,0,3
caspar,40,81,58,179
casparrrrr,0,1,0,1
casparrrrrrr,0,2,0,2
caspars,3,3,6,12
caspeer,0,1,0,1
casper,22,44,38,104
caspers,1,0,0,1
caspian,1,0,0,1
cass,3,15,1,19
cassandra,0,5,1,6
cassation,0,0,1,1
cassava,0,2,0,2
casse,0,3,3,6
cassels,0,1,1,2
casser,0,1,0,1
casserole,2,6,0,8
cassete,0,0,3,3
cassette,0,12,22,34
cassettes,4,1,2,7
cassey,1,3,10,14
cassez,0,4,0,4
cassia,0,0,3,3
cassidy,8,6,18,32
cassie,0,2,11,13
cassies,0,1,0,1
cassini,0,0,2,2
cassino,0,0,1,1
cassio,0,3,0,3
cassiopedia,0,1,0,1
cassiopeia,0,2,5,7
cassy,0,2,0,2
cast,96,112,471,679
castaway,0,1,1,2
caste,0,2,13,15
casted,7,3,13,23
castellana,0,9,0,9
castellum,0,0,1,1
caster,1,1,8,10
casterly,3,0,3,6
casterlys,0,8,0,8
casters,1,4,0,5
castes,1,0,0,1
castiel,0,0,2,2
castiga,0,0,1,1
castigated,0,0,6,6
castile,1,0,0,1
castilla,0,3,0,3
castillo,0,0,7,7
castillos,0,3,0,3
casting,38,24,68,130
castings,0,0,5,5
castle,33,52,115,200
castles,9,0,1,10
castlevania,0,1,3,4
castor,5,3,12,20
castrate,0,7,0,7
castrated,23,0,0,23
castrating,2,0,0,2
castration,0,2,10,12
castries,0,0,1,1
castro,6,2,16,24
castrosos,0,3,0,3
casts,3,0,3,6
castt,0,1,0,1
castttttt,0,2,0,2
castulo,1,0,0,1
castus,0,0,6,6
casual,125,0,178,303
casualities,0,5,1,6
casually,126,0,19,145
casuallyexplained,0,2,0,2
casualness,0,0,8,8
casuals,0,0,9,9
casualties,2,0,18,20
casualty,1,0,3,4
casue,2,0,0,2
casul,2,3,0,5
cat,430,550,1203,2183
cata,0,0,2,2
cataclismic,0,1,0,1
cataclysm,0,0,3,3
catacombs,0,1,0,1
catacrock,0,4,0,4
catactrophic,0,0,3,3
catagorized,0,0,3,3
catagory,0,0,2,2
catahoula,0,0,1,1
catal,0,4,0,4
catalan,2,4,8,14
catalana,0,10,0,10
catalanes,0,3,0,3
catalina,0,2,1,3
catalog,1,0,10,11
catalogue,1,0,1,2
catalogues,0,0,6,6
catalonia,0,11,3,14
catalu,0,23,0,23
cataluna,0,3,0,3
catalunya,0,11,8,19
catalyst,5,1,8,14
catalysts,0,0,2,2
catan,0,4,7,11
catapillar,1,0,0,1
catapillars,1,0,0,1
catapiller,0,3,0,3
catapult,0,0,2,2
catapulted,1,0,3,4
catar,0,5,0,5
cataracts,0,0,1,1
catastrophe,3,3,23,29
catastrophes,0,0,6,6
catastrophic,7,0,2,9
catastrophically,0,1,1,2
catastrophicfailure,0,2,0,2
catastrophique,0,0,4,4
catcalling,0,0,6,6
catch,151,164,395,710
catchannel,0,0,5,5
catched,1,1,5,7
catcher,10,8,17,35
catchers,0,0,2,2
catches,10,1,23,34
catchier,2,5,1,8
catchiest,1,0,5,6
catchin,0,2,6,8
catching,8,0,133,141
catchingly,0,0,6,6
catchphrase,3,0,21,24
catchphrases,7,0,3,10
catchup,0,0,1,1
catchy,27,58,176,261
catchyyy,0,1,0,1
catculator,0,2,4,6
cate,0,8,5,13
categoria,6,0,0,6
categorically,6,0,1,7
categorie,0,1,0,1
categories,2,0,38,40
categorised,1,0,4,5
categorize,1,1,0,2
categorized,0,0,1,1
categorizing,0,0,2,2
category,30,37,59,126
cater,7,3,19,29
catered,3,0,9,12
catergorizing,0,1,0,1
catergory,0,4,0,4
catering,3,0,19,22
caterpillar,10,3,13,26
caters,0,0,9,9
cates,0,1,0,1
catetos,0,4,0,4
catfight,5,2,0,7
catfish,1,7,0,8
catfished,0,0,2,2
catfishing,0,0,2,2
catfood,0,1,0,1
cath,0,0,5,5
cathal,0,4,12,16
catharine,1,0,0,1
catharsis,9,1,46,56
cathartic,5,5,10,20
cathedral,0,2,1,3
catherin,0,2,0,2
catherine,8,72,97,177
catheter,0,0,2,2
cathmoore,1,0,0,1
cathode,0,1,6,7
catholic,6,3,24,33
catholicism,1,0,0,1
catholics,2,0,6,8
cathrine,0,4,0,4
cathro,0,0,4,4
cathryn,1,0,0,1
cathy,4,7,9,20
cati,0,4,0,4
catilin,0,2,0,2
catlike,0,5,0,5
catmeat,0,4,0,4
catnap,0,0,4,4
catnip,15,0,5,20
catrice,5,0,2,7
catridge,1,0,0,1
catrosety,3,0,0,3
cats,199,260,534,993
catsuit,0,1,0,1
catsup,0,2,0,2
catt,1,0,0,1
cattail,0,0,3,3
cattails,0,0,4,4
cattermole,0,0,3,3
catthulhu,0,0,1,1
cattle,18,2,24,44
cattoo,0,0,4,4
catty,1,0,0,1
catwalk,0,0,5,5
catwalks,0,1,0,1
catwoman,0,0,4,4
catwomen,0,0,2,2
catzmeow,0,0,3,3
cau,0,180,0,180
caucasian,20,20,53,93
caucasians,0,0,1,1
caucasoid,3,0,1,4
caucasoids,1,0,0,1
caucus,0,0,3,3
caudalie,0,0,3,3
caufield,0,0,1,1
caughin,0,1,0,1
caught,117,187,290,594
caugth,0,2,0,2
cauldron,2,0,1,3
caulfield,0,0,10,10
cauliflower,0,6,16,22
caulk,0,4,0,4
caus,0,0,5,5
causa,0,16,5,21
causado,0,1,0,1
causal,0,0,5,5
causality,1,0,5,6
causally,0,4,0,4
causalty,0,0,1,1
causas,0,0,2,2
causaste,0,4,0,4
causation,0,3,6,9
cause,880,419,2193,3492
caused,98,27,229,354
causeeeee,0,0,1,1
causer,0,0,3,3
causes,63,38,172,273
causeway,0,0,2,2
causin,3,0,0,3
causing,72,32,111,215
causion,0,0,1,1
caustic,0,0,2,2
cauterise,0,0,5,5
caution,2,12,13,27
cautioned,0,0,1,1
cautions,0,0,1,1
cautious,1,0,3,4
cautiously,0,4,8,12
cav,2,2,4,8
cavalcade,4,0,0,4
cavalier,0,1,0,1
cavaliers,0,2,6,8
cavallio,0,0,6,6
cavalry,1,0,7,8
cavan,4,0,0,4
cavani,0,9,6,15
cavaza,0,1,0,1
cavazza,0,1,0,1
cave,29,16,82,127
caveat,0,0,5,5
caveats,5,0,1,6
caveira,0,1,0,1
caveman,0,3,2,5
cavemandays,0,1,0,1
cavemen,2,1,5,8
cavern,0,2,2,4
cavernous,0,1,0,1
caverns,0,0,10,10
caves,2,1,9,12
cavett,0,0,2,2
cavewomen,0,0,3,3
caveyuuuu,0,1,0,1
caviar,17,16,13,46
cavier,2,0,0,2
cavil,0,0,1,1
cavileiro,7,0,0,7
cavill,0,1,2,3
caving,2,0,1,3
cavirrrr,0,0,1,1
cavities,2,1,6,9
cavity,1,1,0,2
cavs,27,59,44,130
caw,0,1,0,1
cawd,0,0,1,1
cawledgeee,1,0,0,1
cawthon,1,0,0,1
cax,0,1,0,1
cay,0,1,1,2
cayanne,0,0,1,1
cayar,0,2,0,2
cayde,0,0,1,1
cayenne,9,10,15,34
cayeron,0,2,0,2
cayey,0,2,2,4
cayin,0,1,0,1
cayleigh,4,4,12,20
caylie,7,0,19,26
cayllles,0,0,4,4
caylyn,0,0,2,2
cayman,0,1,0,1
cayody,0,0,1,1
cayote,0,2,2,4
cayotey,0,1,0,1
cayton,0,0,2,2
cazz,1,1,0,2
cazzo,1,16,5,22
cb,13,36,122,171
cba,0,1,0,1
cbaaaa,0,0,2,2
cbb,2,0,1,3
cbbc,1,0,0,1
cbcfcfcycfbx,0,0,2,2
cbd,4,2,6,12
cbdjvugduho,0,1,0,1
cbe,0,0,1,1
cbeebies,0,1,3,4
cbetz,0,0,2,2
cbeucihlmcrfgiwocdho,0,6,0,6
cbf,0,0,2,2
cbm,0,4,0,4
cbn,2,0,3,5
cbo,1,0,0,1
cbs,10,12,47,69
cbsibckas,0,1,0,1
cbt,8,3,12,23
cbuuvy,0,0,2,2
cc,6,24,39,69
ccastro,0,5,0,5
ccb,0,1,0,1
ccc,0,0,5,5
cccc,0,1,0,1
ccccc,0,1,0,1
cccccccccuuuuuuuuuuuuuuuuuutttttttttttttteeee,0,1,0,1
ccccccooolllllllllleeeeeeeeeeeeeeeeggggggeeeeeeeee,0,0,1,1
cccccoooooooooooooooommmmmmmmm,0,1,0,1
ccccooooocccccooooorrrrrooooocccceeeess,0,2,0,2
ccccuuuuutttttttttteeeeee,0,1,0,1
cccgc,0,0,2,2
cccgcgccvsehuck,0,0,2,2
ccchhhheeeeeeeeeeeeeesssseeeee,0,0,1,1
cccoolll,0,0,1,1
cccreams,3,0,0,3
cccuuuuuttttteeeeee,0,1,0,1
ccd,0,0,1,1
cchi,0,5,0,5
cci,0,5,0,5
cckdnckd,0,0,1,1
ccna,0,0,4,4
ccouldnt,0,7,0,7
ccr,0,7,0,7
ccraft,0,0,1,1
ccrepy,0,1,0,1
ccs,0,1,0,1
cctv,6,22,8,36
cctvs,5,0,0,5
ccw,0,0,4,4
cd,35,54,172,261
cdaad,0,0,1,1
cdbaby,0,4,0,4
cdc,2,1,14,17
cdfc,0,0,2,2
cdg,0,0,8,8
cdiff,0,0,2,2
cdj,0,0,1,1
cdmx,0,1,0,1
cdn,4,0,0,4
cdpr,4,0,0,4
cdq,0,0,1,1
cdr,0,8,0,8
cdrom,0,0,4,4
cds,3,4,41,48
ce,18,138,66,222
cea,0,1,0,1
ceareal,0,1,0,1
cearl,0,1,1,2
ceasar,0,2,1,3
cease,6,9,43,58
ceased,0,0,1,1
ceaser,0,1,5,6
ceases,0,3,22,25
ceasing,0,0,5,5
cebola,1,0,0,1
cebu,0,1,0,1
cec,0,0,3,3
cece,9,21,99,129
cecelia,0,0,4,4
cech,2,2,6,10
cecil,0,0,1,1
cecile,1,0,0,1
cecilia,2,3,2,7
cecilla,1,0,0,1
cecily,0,0,1,1
cedar,7,5,2,14
cede,0,3,0,3
ceding,0,0,1,1
cedric,0,13,6,19
cedrick,0,1,0,1
cedrik,0,0,3,3
cee,2,5,8,15
ceeator,1,0,0,1
ceebs,1,0,0,1
ceedit,0,0,1,1
ceeelll,0,5,0,5
ceelo,0,1,1,2
ceep,0,1,0,1
cega,0,6,0,6
cegarte,0,1,0,1
cego,0,3,0,3
cehilce,0,0,1,1
ceiba,0,0,2,2
ceiling,13,12,25,50
ceilings,1,0,4,5
cej,0,10,0,10
cejas,0,1,0,1
cejudo,0,3,20,23
cek,0,1,2,3
cela,0,1,2,3
celadin,0,2,0,2
celberity,0,0,1,1
celberty,0,0,3,3
celcius,4,5,6,15
celeb,7,15,43,65
celeberity,0,0,1,1
celeberties,0,0,1,1
celebra,0,9,0,9
celebraci,0,10,0,10
celebrado,0,2,0,2
celebramos,0,1,0,1
celebran,0,5,0,5
celebrando,0,0,5,5
celebraran,0,1,0,1
celebraron,0,1,0,1
celebrate,35,50,112,197
celebrated,3,0,34,37
celebrates,5,1,18,24
celebrating,33,8,61,102
celebration,7,22,30,59
celebrations,4,1,11,16
celebratory,0,0,1,1
celebrats,1,0,0,1
celebres,0,1,0,1
celebritards,0,0,1,1
celebrites,1,0,1,2
celebrities,99,22,204,325
celebrity,70,70,200,340
celebritys,2,0,0,2
celebs,53,12,101,166
celeronem,0,3,0,3
celery,0,0,7,7
celeste,1,4,4,9
celestial,8,6,4,18
celia,1,0,2,3
celiac,10,0,2,12
celibateur,0,0,1,1
celie,0,1,0,1
celinde,0,1,0,1
celine,3,14,78,95
celines,0,0,7,7
celins,0,4,0,4
celion,1,0,0,1
cell,48,48,146,242
cellar,1,6,5,12
celldweller,0,1,3,4
celle,0,3,0,3
celled,0,0,2,2
cellin,0,0,1,1
cellmate,5,0,0,5
cello,8,22,53,83
cellophane,0,0,2,2
cellos,0,2,0,2
cellphone,14,7,15,36
cellphones,2,0,3,5
cells,21,15,53,89
cellular,1,0,15,16
cellules,0,0,1,1
cellulite,0,4,8,12
cellulitis,0,0,1,1
celo,0,1,0,1
celosa,0,2,0,2
celoso,0,1,0,1
celsius,10,31,18,59
celta,1,0,0,1
celtic,3,20,16,39
celtics,5,31,23,59
celts,0,1,1,2
celui,0,9,6,15
celular,0,1,0,1
celularrr,0,1,0,1
celulite,0,1,0,1
cement,10,0,5,15
cemented,2,0,0,2
cementing,0,0,1,1
cements,0,0,1,1
cemetery,9,10,10,29
cemetry,0,2,3,5
cemistry,0,0,1,1
cemit,0,5,0,5
cemment,0,1,0,1
cemo,0,2,4,6
cen,0,1,0,1
cena,10,47,14,71
cenabet,0,1,0,1
cenaious,0,1,0,1
cenar,0,0,4,4
cenario,0,0,1,1
cenderalla,0,1,0,1
cenk,3,0,0,3
cenrtral,0,1,0,1
censor,13,15,29,57
censored,22,22,28,72
censoring,6,15,10,31
censors,2,3,1,6
censorship,12,5,19,36
censorships,0,0,1,1
censurate,1,0,0,1
censure,0,1,0,1
censuring,0,0,1,1
census,0,0,11,11
cent,23,58,89,170
centari,0,0,4,4
centaur,2,0,0,2
centauri,1,2,1,4
centavos,1,0,0,1
centella,0,0,1,1
centenario,1,0,1,2
center,110,0,179,289
centerbacks,0,0,6,6
centerboards,0,0,1,1
centered,23,3,32,58
centerfield,0,2,0,2
centerfold,4,0,0,4
centerline,2,0,3,5
centerpedes,0,0,2,2
centerpoint,0,0,3,3
centers,2,2,26,30
centigrade,0,1,5,6
centimeter,3,4,1,8
centimeters,0,3,8,11
centipede,2,12,8,22
centipedes,0,0,2,2
centiseconds,2,0,0,2
central,37,40,201,278
centraled,0,0,7,7
centralised,1,0,0,1
centrall,0,0,1,1
centrally,0,0,1,1
centre,27,47,110,184
centred,4,0,15,19
centrelink,0,1,0,1
centric,1,7,4,12
centrifugal,0,0,2,2
centripetal,0,1,0,1
centrist,7,3,3,13
centrists,3,0,0,3
centrl,0,0,1,1
centro,0,3,2,5
centrocampo,0,6,0,6
cents,17,17,41,75
centurial,0,0,3,3
centuries,15,7,33,55
centurion,0,3,11,14
centurions,0,0,2,2
century,61,32,144,237
centurylink,0,0,4,4
centuryyyyyyyy,0,1,0,1
ceo,27,7,49,83
ceos,0,2,1,3
cep,0,2,0,2
cepat,0,0,1,1
cependant,0,1,0,1
cephalopods,1,0,0,1
cephas,0,0,3,3
ceps,0,1,0,1
cept,0,0,6,6
ception,0,4,0,4
cer,1,10,0,11
cera,15,11,25,51
ceramic,1,4,10,15
ceramics,0,0,3,3
cerandin,0,2,0,2
cerati,1,1,0,2
cerave,1,0,10,11
cerazette,6,0,0,6
cerca,0,15,0,15
cercano,0,4,0,4
cercsie,0,0,1,1
cerdas,0,3,0,3
cerder,0,2,0,2
cerdos,0,7,5,12
cereal,15,38,68,121
cereals,2,0,7,9
cerebellum,0,0,1,1
cerebral,1,0,1,2
cerebro,0,4,1,5
cerelle,1,0,8,9
ceremonial,0,0,2,2
ceremonies,2,0,10,12
ceremony,6,1,9,16
cerfol,0,0,2,2
cerial,0,1,0,1
cerita,0,0,2,2
ceritanya,0,1,1,2
cerleberties,0,1,0,1
cermet,1,10,2,13
cermets,0,0,1,1
cermit,0,2,3,5
cern,1,6,2,9
cerns,2,0,0,2
cerny,0,2,0,2
cero,0,2,0,2
cerrar,0,6,0,6
cerrish,0,0,2,2
cerro,0,4,0,4
cerrone,0,0,8,8
cersei,6,1,4,11
certain,143,0,699,842
certainly,73,2,260,335
certains,0,4,4,8
certainty,0,0,25,25
certamente,0,1,0,1
certes,0,2,2,4
certeza,0,4,0,4
certificados,0,1,0,1
certificate,0,7,18,25
certificates,2,0,18,20
certification,0,0,4,4
certifications,0,0,1,1
certified,20,26,44,90
certifique,0,1,0,1
certify,0,0,1,1
certinally,0,1,0,1
certitude,0,0,1,1
certo,0,1,0,1
certs,0,0,1,1
cervantes,0,1,0,1
cerveau,0,1,1,2
cervelle,0,1,0,1
cerveza,0,1,0,1
cervical,5,0,4,9
cery,0,2,0,2
ces,0,14,17,31
cesa,0,1,0,1
cesadilla,0,1,0,1
cesaor,0,0,2,2
cesar,0,2,1,3
cesaran,0,6,0,6
cesare,0,0,4,4
cesareans,0,0,4,4
cesc,8,11,10,29
cesium,1,0,0,1
cesped,0,12,0,12
cespeds,0,4,0,4
cess,0,4,0,4
cessna,0,1,8,9
cesspit,1,0,3,4
cesspool,10,3,22,35
cest,4,4,9,17
cestria,0,1,0,1
cet,0,11,1,12
cetaceans,0,0,6,6
cetaphil,1,1,11,13
cetera,0,1,7,8
ceterson,0,3,0,3
cette,3,52,21,76
ceu,0,3,0,3
ceuta,0,0,1,1
ceux,0,7,0,7
cevap,0,5,0,5
ceviche,0,1,0,1
ceviches,0,1,0,1
cewe,0,1,0,1
cewek,0,3,0,3
cewl,0,1,0,1
cewt,0,0,6,6
ceza,0,1,0,1
cf,3,1,18,22
cfc,2,10,6,18
cfgss,0,1,0,1
cfhjn,0,1,0,1
cfi,1,0,2,3
cfkx,0,1,0,1
cfl,0,0,8,8
cfop,0,0,1,1
cfr,1,0,0,1
cfrd,0,0,1,1
cfs,0,3,8,11
cg,20,8,35,63
cgb,0,0,1,1
cgchbygcbcvcby,0,0,2,2
cgh,0,6,0,6
cgi,76,35,167,278
cgn,0,1,1,2
cgohcueaa,0,1,0,1
cgp,6,2,7,15
cgpgrey,2,1,0,3
cgx,0,1,0,1
ch,20,76,34,130
cha,3,25,6,34
chaa,0,2,0,2
chaaaaaang,1,0,0,1
chaaaampsss,0,1,0,1
chaaance,0,1,0,1
chaaanged,1,0,0,1
chaaangeeed,0,1,0,1
chabacano,0,0,1,1
chabnel,0,2,0,2
chabon,0,3,5,8
chaborruca,0,1,0,1
chacal,2,0,0,2
chace,0,5,0,5
chacha,0,1,0,1
chack,0,0,1,1
chackbay,0,0,2,2
chad,3,15,15,33
chaddad,0,0,1,1
chadder,0,0,1,1
chads,0,1,0,1
chae,1,5,8,14
chaegimiraneun,0,2,0,2
chaehyung,0,1,0,1
chael,0,4,0,4
chaeng,0,1,1,2
chaenggg,0,2,0,2
chaetzu,0,1,0,1
chaewo,0,0,1,1
chaeyeong,1,0,0,1
chaeyon,0,0,2,2
chaeyong,1,0,0,1
chaeyoug,0,0,1,1
chaeyoung,3,16,18,37
chaeyoungg,0,1,0,1
chafe,0,0,4,4
chafeo,0,5,0,5
chaff,0,0,5,5
chafing,0,0,17,17
chagrin,1,0,1,2
chahie,2,0,0,2
chai,0,4,12,16
chaim,0,0,1,1
chain,78,37,137,252
chaine,0,6,4,10
chained,4,10,8,22
chaines,4,0,0,4
chainmail,0,0,1,1
chainmokers,0,0,2,2
chains,47,23,140,210
chainsaw,6,8,3,17
chainsaws,1,0,0,1
chainsmoker,4,8,7,19
chainsmokers,4,27,29,60
chainsmokersss,0,2,0,2
chainsmokerssss,0,0,3,3
chainsomoker,0,0,3,3
chainz,0,2,1,3
chair,40,112,201,353
chairman,0,6,4,10
chairs,16,12,49,77
chairshot,0,1,0,1
chairty,0,0,1,1
chaise,2,0,0,2
chaismoker,0,0,2,2
chajado,0,1,0,1
chajawa,0,3,0,3
chaji,0,1,0,1
chajji,0,3,0,3
chajneun,0,1,0,1
chaka,0,0,8,8
chakes,0,1,0,1
chakira,0,1,0,1
chakke,0,1,0,1
chakra,0,1,2,3
chakras,0,0,1,1
chala,1,0,0,1
chalamagme,0,1,0,1
chalamagne,0,0,1,1
chale,0,1,0,1
chalemagne,0,0,2,2
chalenge,0,5,0,5
chaleur,0,1,0,1
chalice,1,0,4,5
chalinge,0,1,0,1
chalk,6,0,29,35
chalkboard,1,4,10,15
chalkboards,0,0,3,3
chalky,9,1,4,14
challaenge,0,1,0,1
challah,0,2,0,2
challang,0,1,0,1
challange,3,18,4,25
challanging,0,0,2,2
challeanges,0,1,0,1
challege,5,1,0,6
challegest,0,1,0,1
challeng,0,2,1,3
challenge,196,519,516,1231
challenged,8,3,22,33
challengeee,0,1,0,1
challenger,2,4,5,11
challengers,3,3,1,7
challenges,30,39,117,186
challenging,5,0,54,59
challnge,0,2,0,2
challote,0,1,0,1
challotte,1,0,0,1
chalmers,0,0,1,1
chalobah,3,0,0,3
chalta,0,1,0,1
cham,0,1,0,1
chama,1,3,0,4
chamado,0,5,0,5
chamaras,0,1,0,1
chamb,0,2,0,2
chamber,11,21,27,59
chamberlain,1,4,1,6
chamberlein,0,6,0,6
chambers,2,18,34,54
chambersnelson,0,3,0,3
chambord,0,3,0,3
chamcash,0,0,1,1
chamel,0,0,1,1
chameleon,5,2,2,9
chameleonic,0,0,1,1
chameleons,0,0,1,1
chamelon,0,1,0,1
chamilleon,0,1,0,1
chamois,0,0,3,3
chamomile,0,0,6,6
champ,24,45,85,154
champagne,5,7,30,42
champaign,0,0,1,1
champaingn,0,2,0,2
champeta,0,3,0,3
champiionship,0,0,8,8
champion,44,108,116,268
championchips,5,3,0,8
championed,0,2,0,2
championeeee,0,0,7,7
championing,0,0,1,1
championnat,0,8,4,12
champions,29,70,168,267
championschips,0,0,1,1
championship,25,20,101,146
championships,3,21,53,77
champloo,0,0,5,5
champs,4,13,18,35
champu,0,5,0,5
chamski,0,1,0,1
chan,14,83,76,173
chanal,0,3,0,3
chanale,0,1,1,2
chanbers,0,1,0,1
chance,408,310,1241,1959
chancellor,0,1,2,3
chances,84,24,134,242
chancetherapper,0,1,0,1
chanche,0,0,6,6
chancing,0,0,3,3
chancla,1,26,4,31
chanclas,0,2,0,2
chancletiar,0,4,0,4
chandelier,0,3,8,11
chandler,3,12,12,27
chandlers,0,1,0,1
chandra,1,0,0,1
chandu,0,1,0,1
chaneal,0,1,0,1
chanejangle,0,0,1,1
chanel,18,57,166,241
chanell,1,3,7,11
chanelling,1,0,0,1
chanels,0,2,7,9
chaneto,0,1,0,1
chaney,0,1,0,1
chang,1,8,12,21
changa,0,1,0,1
changangle,0,3,0,3
change,621,503,1893,3017
changeable,0,6,4,10
changed,246,281,912,1439
changeing,0,1,0,1
changeling,0,0,1,1
changemaker,0,0,1,1
changement,2,2,2,6
changeover,0,0,2,2
changer,14,3,10,27
changers,0,0,6,6
changes,129,54,386,569
changet,0,0,1,1
changin,6,0,3,9
changing,146,53,382,581
changinggggggg,0,0,1,1
changjangle,0,2,0,2
changjangling,0,2,0,2
changmin,0,1,2,3
changmins,1,0,0,1
changsub,0,3,2,5
changsubeeeee,0,1,0,1
chania,0,0,8,8
chanill,0,0,1,1
chaning,0,0,14,14
chanions,0,0,3,3
chanjjger,0,0,1,1
chanka,0,2,0,2
chanl,0,1,1,2
chanle,1,0,0,1
chanler,0,0,1,1
chanls,0,0,1,1
chann,1,12,0,13
channal,1,0,4,5
channe,0,4,4,8
channeeellll,1,0,0,1
channel,934,1776,5160,7870
channela,2,0,0,2
channeled,0,0,1,1
channeling,4,10,10,24
channelled,2,0,0,2
channelling,0,4,1,5
channelme,0,0,1,1
channels,91,50,469,610
channers,0,0,3,3
channing,19,50,47,116
channinged,0,1,0,1
channle,5,5,7,17
channnel,0,3,10,13
channnnnnnnnn,0,1,0,1
channo,0,1,0,1
channy,0,4,3,7
chano,2,3,4,9
chanoch,1,0,0,1
chanp,0,1,0,1
chanses,1,0,0,1
chansik,0,1,0,1
chansmoker,0,0,1,1
chanson,0,18,7,25
chansons,0,1,4,5
chant,17,13,14,44
chantait,0,2,0,2
chantaje,0,6,0,6
chante,0,1,0,1
chantecaille,0,10,0,10
chantel,0,5,5,10
chantelle,0,4,0,4
chanteo,0,1,0,1
chanter,1,1,5,7
chanteur,0,4,0,4
chanting,9,1,11,21
chantix,2,0,1,3
chants,0,3,3,6
chanyeol,0,2,0,2
chao,1,0,6,7
chaos,25,19,43,87
chaotic,7,7,12,26
chaotixs,0,0,1,1
chaotycznie,0,2,0,2
chap,10,2,9,21
chapa,0,2,4,6
chapan,0,1,0,1
chaparro,1,0,0,1
chapeau,4,8,4,16
chapel,1,4,3,8
chapelle,0,4,0,4
chapelles,0,1,0,1
chaper,0,0,1,1
chaperone,0,0,4,4
chaperones,0,0,1,1
chapers,0,0,2,2
chaplin,0,5,5,10
chapman,0,5,9,14
chapmann,0,0,2,2
chapo,3,20,1,24
chapped,11,1,21,33
chappell,0,1,5,6
chappelle,2,5,13,20
chappers,0,7,6,13
chappi,0,1,0,1
chappie,0,0,2,2
chapping,0,0,1,1
chaps,7,1,5,13
chapstick,2,8,15,25
chapsticks,0,0,7,7
chapstik,0,1,0,1
chapter,10,29,103,142
chapters,16,7,13,36
chaque,0,0,5,5
chaquetera,0,0,3,3
chaquira,0,1,0,1
char,4,1,2,7
characaol,0,0,1,1
characcters,0,0,1,1
charachters,0,0,2,2
characte,1,0,0,1
charactee,0,1,0,1
character,327,192,917,1436
characterisation,0,0,24,24
characteristic,5,0,14,19
characteristics,4,2,9,15
characterization,1,0,5,6
characterize,1,0,1,2
characterless,1,0,1,2
characters,198,57,609,864
characterstic,0,0,1,1
charactor,0,0,2,2
characyer,0,0,2,2
charade,7,2,0,9
charades,1,3,5,9
charakter,0,1,0,1
charamagne,0,2,0,2
charater,0,0,2,2
charavter,0,0,3,3
charcoal,7,6,32,45
charcole,0,0,12,12
charcteristics,0,0,1,1
charcuterie,2,0,0,2
chardonnay,0,1,2,3
charecter,0,7,0,7
charecters,0,0,1,1
charector,1,0,0,1
charels,0,0,1,1
charg,0,1,0,1
chargame,0,1,0,1
charge,94,65,204,363
charged,27,6,44,77
charger,25,45,43,113
chargers,9,3,10,22
charges,35,15,35,85
charging,38,48,138,224
chargrilled,1,0,0,1
charice,0,1,0,1
charilexcx,0,1,0,1
charing,0,0,6,6
chariote,0,1,0,1
charisma,13,2,23,38
charismaless,7,0,0,7
charismatic,0,0,31,31
charitable,0,0,6,6
charities,5,0,37,42
charity,44,47,153,244
charizard,0,0,1,1
charizo,0,0,5,5
charla,0,2,4,6
charlagmane,0,1,0,1
charlagmne,2,0,0,2
charlamagne,5,2,8,15
charlamagnes,0,1,1,2
charlamagnethagod,0,0,1,1
charlamangne,0,0,1,1
charlas,0,2,0,2
charlatan,0,2,0,2
charlatanry,0,0,1,1
charlatans,10,0,3,13
charlee,0,0,1,1
charleen,0,0,2,2
charlemagne,8,10,27,45
charlemagnes,2,0,0,2
charles,30,43,136,209
charletsviile,0,0,2,2
charley,1,0,0,1
charli,0,5,2,7
charlie,47,91,189,327
charlieeeee,0,1,0,1
charlieissocoollike,0,0,1,1
charlier,0,1,0,1
charlish,0,1,0,1
charlize,0,1,3,4
charllote,2,0,0,2
charlmagne,1,0,0,1
charlote,1,0,0,1
charlotesville,2,0,0,2
charlotseville,0,0,1,1
charlotte,92,76,193,361
charlottedashan,0,2,0,2
charlotterusse,0,1,0,1
charlottes,0,2,2,4
charlottesville,17,0,16,33
charlottville,0,0,6,6
charlston,2,0,0,2
charlton,0,2,0,2
charly,0,7,17,24
charm,5,9,62,76
charmalgne,0,1,0,1
charmed,0,0,11,11
charmer,0,0,4,4
charmes,0,0,10,10
charmin,6,4,15,25
charming,2,0,132,134
charms,2,0,8,10
charo,0,3,0,3
charolette,3,0,0,3
charpy,0,2,0,2
charred,0,0,6,6
chars,1,0,0,1
chart,19,10,79,108
chartbusters,0,0,1,1
charted,0,1,0,1
charter,0,8,4,12
charters,1,0,5,6
charting,0,0,3,3
charts,12,16,106,134
charve,0,0,1,1
chary,0,0,4,4
charybdis,4,0,0,4
chase,42,39,141,222
chased,17,1,8,26
chaser,4,4,4,12
chasers,0,6,0,6
chases,2,3,13,18
chasin,2,0,0,2
chasing,52,33,58,143
chass,0,1,0,1
chasses,0,0,2,2
chassis,6,0,5,11
chastain,2,13,14,29
chaste,0,0,6,6
chasterbunny,1,0,0,1
chastian,0,6,0,6
chastise,0,1,0,1
chastised,2,0,2,4
chastisement,0,0,8,8
chastisements,0,0,1,1
chastity,0,0,1,1
chasus,1,0,0,1
chat,46,53,334,433
chata,0,1,0,1
chatacter,1,0,4,5
chatacters,2,0,0,2
chatal,0,1,0,1
chatam,0,5,0,5
chatbox,0,0,2,2
chateau,0,5,0,5
chateaubriand,0,0,2,2
chateauneuf,0,0,1,1
chatel,0,2,0,2
chatham,0,10,5,15
chating,1,0,0,1
chatniggaz,2,0,0,2
chatos,0,1,0,1
chatroulette,1,0,0,1
chats,1,2,33,36
chattanooga,0,0,2,2
chatted,0,2,11,13
chatter,2,3,9,14
chatterbox,0,0,1,1
chatters,0,0,2,2
chattin,0,1,1,2
chatting,7,4,53,64
chatty,9,8,120,137
chattyness,0,0,6,6
chatwin,1,0,0,1
chau,0,2,0,2
chaud,2,5,47,54
chaude,0,1,2,3
chaudes,0,0,10,10
chauds,0,4,8,12
chauffer,3,1,0,4
chaulk,0,4,0,4
chaunga,0,0,4,4
chaussettes,0,2,0,2
chaussure,0,1,0,1
chaussures,0,1,0,1
chauvinism,0,0,1,1
chauvinistic,0,1,0,1
chauvins,0,0,4,4
chauxn,0,0,4,4
chav,27,6,5,38
chava,0,2,0,2
chaval,0,12,0,12
chavales,0,7,0,7
chave,0,1,0,1
chaves,0,0,3,3
chavez,0,1,0,1
chavos,0,3,0,3
chavs,1,1,7,9
chavvy,1,0,0,1
chavy,0,0,4,4
chawklit,0,1,0,1
chayanne,0,1,1,2
chayna,2,0,0,2
chaz,0,6,6,12
chazy,0,0,1,1
chazychaz,0,1,0,1
chazzy,0,0,1,1
chc,0,1,1,2
chce,0,2,0,2
chcia,0,13,0,13
chcialem,0,3,0,3
chck,0,1,0,1
chcolate,0,0,2,2
che,19,148,10,177
cheadle,5,0,2,7
cheak,0,0,4,4
chealsea,0,0,5,5
cheap,117,19,712,848
cheapen,0,0,1,1
cheaper,52,51,198,301
cheapest,9,7,20,36
cheapfoodvspriceyfoodfeed,0,0,1,1
cheapily,2,0,0,2
cheaply,3,0,16,19
cheapness,1,0,2,3
cheapo,0,0,1,1
cheapshit,0,0,2,2
cheapskates,1,0,0,1
cheapy,1,0,6,7
cheared,3,0,0,3
chears,0,0,1,1
cheasly,0,1,0,1
cheat,25,37,134,196
cheatcodesinmy,0,0,2,2
cheated,21,33,45,99
cheater,9,10,11,30
cheaters,2,5,4,11
cheating,47,55,74,176
cheato,0,0,1,1
cheats,3,10,5,18
checa,0,1,0,1
checity,0,0,5,5
check,412,883,1971,3266
checkbook,0,0,1,1
checked,67,47,152,266
checkerboard,0,4,1,5
checkered,1,0,9,10
checkers,0,0,5,5
checkin,1,1,4,6
checking,30,40,161,231
checkk,1,0,0,1
checklist,2,0,1,3
checkmarks,0,0,1,1
checkmate,2,1,1,4
checkmateanitta,0,1,0,1
checkout,7,18,24,49
checkouts,0,1,0,1
checkpoint,0,0,1,1
checkpoints,0,0,3,3
checks,31,11,109,151
checksum,0,0,30,30
checkups,0,0,3,3
ched,0,2,0,2
cheddar,6,0,11,17
chedderchesse,0,1,0,1
chee,0,3,1,4
cheeburger,0,3,0,3
cheech,1,1,0,2
cheecks,0,0,8,8
cheedercheese,0,1,0,1
cheedo,0,1,0,1
cheeeee,0,3,0,3
cheeeeeeeeeeeeeeeeeeeeeeeeeeeeeeeeeeeeeeeeeeeeeeeeeeeeeeeeeeeeeeeeeeeeeeeeeese,0,1,0,1
cheeeeeeeehuuuuuuu,0,0,5,5
cheeeeers,0,0,6,6
cheeezzzz,0,0,1,1
cheek,35,28,78,141
cheekbone,0,0,2,2
cheekbones,4,2,10,16
cheeki,5,6,0,11
cheeks,65,47,184,296
cheeky,60,51,46,157
cheelllsseeeaaaaaa,0,4,0,4
cheeno,0,0,2,2
cheep,12,4,18,34
cheeper,0,1,1,2
cheepst,0,0,1,1
cheer,33,24,124,181
cheered,18,0,43,61
cheerful,1,0,36,37
cheerfulness,0,0,1,1
cheeriest,0,0,1,1
cheering,18,16,35,69
cheerio,0,0,3,3
cheerios,0,4,0,4
cheerleader,6,12,3,21
cheerleaders,3,0,0,3
cheerleading,0,6,0,6
cheers,31,54,238,323
cheery,0,0,19,19
cheescake,0,8,3,11
cheese,116,770,317,1203
cheeseballs,0,1,0,1
cheeseburger,0,14,5,19
cheeseburgers,6,0,5,11
cheeseburguer,0,1,0,1
cheesebutter,0,1,0,1
cheesebuttersaltandbaconsbits,0,1,0,1
cheesecake,7,36,38,81
cheesecakes,0,2,0,2
cheesed,1,4,0,5
cheeseday,0,5,0,5
cheesemake,0,4,0,4
cheesequeen,0,0,1,1
cheeses,0,1,8,9
cheesest,0,0,2,2
cheesesteaks,0,1,0,1
cheesey,0,4,3,7
cheeseyness,0,1,0,1
cheesie,0,0,3,3
cheesiest,5,0,0,5
cheesiness,0,0,6,6
cheesing,0,5,0,5
cheesmake,0,4,0,4
cheester,0,1,0,1
cheesus,0,1,1,2
cheesy,91,0,56,147
cheeta,0,1,0,1
cheetah,0,7,5,12
cheetahs,1,0,0,1
cheeto,10,10,18,38
cheetoh,0,0,1,1
cheetos,8,29,23,60
cheetotweeto,0,1,0,1
cheez,0,3,0,3
cheeze,0,3,0,3
chef,59,180,257,496
chefe,0,1,0,1
cheffin,0,0,5,5
chefs,18,12,14,44
chefsteps,2,1,0,3
chega,0,1,1,2
chegada,0,4,0,4
cheghadr,0,1,0,1
chegou,0,1,0,1
cheia,0,1,1,2
cheif,0,1,0,1
cheios,0,6,0,6
cheirando,0,1,0,1
chek,0,2,0,2
cheked,1,0,0,1
chekhov,0,0,1,1
chel,0,0,1,1
chela,0,3,0,3
chell,0,1,0,1
chellenging,0,1,0,1
chello,0,1,0,1
chels,7,0,1,8
chelsea,207,297,635,1139
chelseaaaa,0,1,0,1
chelseaaaaaaaa,0,1,0,1
chelseafantv,0,7,0,7
chelsey,0,0,1,1
chelshit,0,8,14,22
chem,1,2,3,6
chema,0,6,0,6
chemical,26,24,104,154
chemically,1,2,2,5
chemicals,19,14,58,91
chemican,1,0,0,1
chemistry,25,31,155,211
chemnitz,0,0,4,4
chemo,22,8,65,95
chemotherapeutic,0,0,2,2
chemotherapy,6,4,19,29
chemtrails,3,0,1,4
chen,1,0,15,16
cheneille,0,0,8,8
chenel,1,0,0,1
cheney,0,0,1,1
cheng,1,3,0,4
chengdu,0,0,4,4
chenille,0,9,10,19
chennai,0,3,0,3
chens,0,1,0,1
cheok,0,1,0,1
chepster,0,0,1,1
cheque,2,2,1,5
chequea,0,1,0,1
chequeen,0,1,0,1
chequemate,0,1,0,1
cher,47,77,84,208
cheras,0,1,0,1
cherche,0,0,3,3
chercher,0,3,0,3
cherdleys,0,0,4,4
cherekov,0,0,5,5
cherenkov,0,0,5,5
cheri,1,0,0,1
cherish,13,1,33,47
cherished,0,1,0,1
cherishing,0,0,4,4
cherlich,0,3,0,3
cherly,0,0,5,5
chermside,1,5,0,6
chernobly,0,2,0,2
chernobyl,2,7,1,10
chero,0,0,1,1
cherokee,5,0,4,9
cheroni,1,0,0,1
cherrios,0,0,1,1
cherrr,0,1,0,1
cherry,12,17,63,92
cherrycrush,0,1,0,1
cherrymx,0,0,2,2
chers,5,4,3,12
cherub,1,0,0,1
cheryl,14,28,56,98
ches,0,6,2,8
chesapeake,0,1,4,5
cheshire,0,2,9,11
chesk,2,0,0,2
cheslea,0,0,1,1
chesnokov,0,0,3,3
chespin,3,0,0,3
chess,6,12,17,35
chessa,0,1,1,2
chesse,0,4,0,4
chest,57,84,209,350
chestburster,0,1,0,1
chested,4,0,3,7
chestee,0,1,0,1
chester,140,420,567,1127
chesteralways,0,1,0,1
chesterbennigton,0,1,0,1
chesterforever,0,2,2,4
chesterlegend,0,0,1,1
chesterrrrrr,0,1,0,1
chesters,1,6,27,34
chestes,0,1,0,1
chestetforever,0,1,0,1
chestnut,0,9,4,13
chestnuts,2,0,1,3
cheston,2,0,0,2
chestor,0,0,2,2
chestr,0,1,0,1
chestrole,1,0,0,1
chests,0,1,2,3
chestwound,0,0,1,1
chet,0,0,2,2
cheted,1,0,0,1
chetoos,0,0,1,1
chets,0,1,0,1
chetser,0,0,1,1
cheu,0,2,0,2
cheuveux,0,4,0,4
cheux,0,2,0,2
chevere,1,11,0,12
chevereeeee,0,1,0,1
cheveux,3,18,3,24
chevrolet,1,1,7,9
chevron,0,0,7,7
chevy,3,0,12,15
chevys,0,0,1,1
chew,13,20,22,55
chewbaca,1,0,0,1
chewbacca,8,9,9,26
chewed,4,1,4,9
cheweth,0,6,0,6
chewgum,0,1,0,1
chewie,10,0,1,11
chewies,0,2,0,2
chewing,18,16,22,56
chews,0,10,2,12
chewton,0,1,1,2
chewy,6,6,15,27
cheyon,0,0,1,1
chez,1,2,1,4
chezus,0,1,0,1
chezy,0,0,1,1
chf,0,1,1,2
chh,0,0,1,1
chhanel,0,0,4,4
chhise,0,0,1,1
chi,4,40,15,59
chia,0,1,7,8
chiang,0,0,1,1
chiara,0,3,0,3
chiarissimo,0,0,1,1
chiba,0,0,1,1
chibadda,0,1,0,1
chibola,0,1,0,1
chibwe,1,0,0,1
chic,3,16,93,112
chica,0,18,2,20
chicago,44,69,101,214
chicane,0,0,1,1
chicanismo,0,0,2,2
chicano,0,0,1,1
chicarron,0,0,1,1
chicas,0,6,0,6
chiccarelli,2,0,0,2
chicco,0,1,0,1
chich,0,0,2,2
chicha,0,2,4,6
chichadios,0,3,0,3
chicharito,0,4,0,4
chicharon,1,1,1,3
chicharr,0,0,2,2
chicharron,0,1,0,1
chichester,1,0,0,1
chick,100,87,178,365
chicka,0,0,8,8
chickadee,0,0,4,4
chickball,1,0,0,1
chickband,0,1,0,1
chickboneees,0,0,1,1
chickeennn,0,1,0,1
chickem,0,0,1,1
chicken,970,2,221,1193
chickenbutt,0,1,0,1
chickened,0,3,6,9
chickenhead,0,0,4,4
chickening,0,3,0,3
chickenjoy,0,1,0,1
chickennn,0,4,0,4
chickens,22,20,36,78
chickenshit,0,0,1,1
chickenshits,1,0,0,1
chickenwatch,1,1,0,2
chickenworthitwatch,0,1,0,1
chickn,0,1,0,1
chicks,29,29,34,92
chicksands,0,4,5,9
chicky,0,6,0,6
chicly,0,0,6,6
chico,2,14,8,24
chicos,1,24,9,34
chics,5,1,1,7
chida,0,9,0,9
chido,2,7,4,13
chief,18,16,65,99
chiefs,10,7,3,20
chieftain,5,2,5,12
chieften,0,0,1,1
chiellini,0,4,0,4
chien,0,6,0,6
chiens,0,2,0,2
chier,0,2,0,2
chiflar,0,3,0,3
chigga,0,2,7,9
chihiro,0,0,1,1
chihuahah,0,0,1,1
chihuahua,9,8,6,23
chihuahuas,1,1,0,2
chiiiiiiic,0,5,0,5
chiiiiiiiill,0,1,0,1
chiiiipss,0,1,0,1
chiiile,2,0,0,2
chik,0,1,0,1
chika,0,0,1,1
chiken,0,3,0,3
chil,7,1,0,8
chilango,0,0,2,2
child,353,440,1037,1830
childbearing,0,0,3,3
childbirth,1,1,20,22
childcare,0,0,3,3
childen,3,1,0,4
childern,0,7,0,7
childfree,2,0,0,2
childhood,94,99,301,494
childhoods,0,1,6,7
childhoooooodddddd,0,1,0,1
childish,94,0,46,140
childishgambino,0,1,0,1
childishly,0,0,5,5
childless,0,0,4,4
childlike,0,0,6,6
childline,0,0,3,3
childoflight,0,1,0,1
childre,0,0,4,4
childreen,0,0,1,1
children,426,267,1149,1842
childrens,4,0,10,14
childs,5,1,6,12
chile,9,236,66,311
chilean,1,6,5,12
chilee,0,1,0,1
chileeee,0,1,0,1
chilehay,3,0,0,3
chileindios,0,3,0,3
chilena,5,0,0,5
chilenas,0,3,0,3
chileno,0,60,5,65
chilenos,0,101,0,101
chilependientes,0,8,0,8
chili,15,24,47,86
chilies,4,2,17,23
chiliindio,0,5,0,5
chiliindios,0,5,0,5
chilindios,0,8,0,8
chilis,0,1,1,2
chilito,0,5,0,5
chill,134,212,361,707
chillax,0,0,5,5
chillding,0,1,0,1
chilled,12,7,54,73
chillen,0,2,0,2
chiller,0,0,4,4
chillest,1,0,1,2
chilli,2,17,30,49
chillibuttersaltandpepper,0,1,0,1
chilliean,0,0,6,6
chillied,0,0,1,1
chillier,0,5,0,5
chillies,4,0,6,10
chillin,3,19,7,29
chilling,59,1,78,138
chillis,0,1,0,1
chillistillloveher,0,0,1,1
chilll,0,1,0,1
chillle,0,0,1,1
chillll,0,0,6,6
chilllll,0,1,0,1
chilllllll,0,1,0,1
chillls,0,4,0,4
chilllsssss,1,0,0,1
chillness,0,2,0,2
chills,57,169,208,434
chillstep,0,0,1,1
chilly,3,0,9,12
chilombo,0,0,1,1
chils,1,0,0,1
chim,0,8,10,18
chima,0,0,1,1
chimamanda,0,0,3,3
chimba,0,1,0,1
chimbo,0,4,0,4
chimchim,0,0,1,1
chimdaee,0,1,0,1
chime,2,0,7,9
chimera,1,3,0,4
chimes,1,0,0,1
chimesssss,0,4,0,4
chimichanga,0,0,1,1
chimichangas,0,0,1,1
chiming,1,0,1,2
chimique,0,1,0,1
chimiques,0,0,2,2
chimmy,0,0,4,4
chimney,0,1,7,8
chimo,0,0,3,3
chimp,6,3,4,13
chimpanzee,5,5,0,10
chimpanzees,0,0,2,2
chimped,0,0,2,2
chimps,3,10,1,14
chin,39,54,91,184
china,86,136,264,486
chinaar,0,1,0,1
chinadaily,0,0,6,6
chinah,0,2,0,2
chinas,6,0,0,6
chinasea,0,0,6,6
chinatown,0,4,7,11
chince,0,0,2,2
chinchilla,0,3,0,3
chinchin,1,0,0,1
chine,0,0,4,4
chineese,0,3,0,3
chinese,75,115,248,438
chineseproblems,1,0,0,1
chinesse,1,0,5,6
ching,1,7,4,12
chingadera,0,1,0,1
chingados,0,4,0,4
chingo,0,1,0,1
chingon,1,9,0,10
chingona,0,7,0,7
chingoneria,0,1,0,1
chingu,1,0,0,1
chingue,0,4,0,4
chinguen,0,0,3,3
chingy,0,11,0,11
chinicheck,1,0,0,1
chinise,1,0,0,1
chinita,0,1,0,1
chink,2,0,6,8
chinkin,0,1,0,1
chinko,0,0,4,4
chinks,0,0,4,4
chinky,7,0,5,12
chinnaaaaa,0,1,0,1
chinned,0,0,1,1
chinning,0,1,0,1
chinny,0,6,0,6
chino,4,4,7,15
chinook,0,0,1,1
chinos,0,2,0,2
chins,1,0,3,4
chinwag,0,0,1,1
chinx,0,0,3,3
chiodos,0,0,2,2
chios,0,0,2,2
chip,51,77,108,236
chiper,0,0,8,8
chipettes,0,0,1,1
chipmunk,3,7,10,20
chipmunks,2,4,4,10
chipmunky,0,0,1,1
chipotle,5,10,12,27
chipped,2,2,11,15
chippendale,0,2,0,2
chipper,3,0,9,12
chippers,0,0,1,1
chippie,0,0,4,4
chipping,0,1,0,1
chippy,0,8,1,9
chips,70,66,160,296
chipset,5,0,0,5
chiq,0,0,1,1
chiqui,0,2,0,2
chiquinquira,0,2,0,2
chiquita,0,0,1,1
chiquitito,0,1,0,1
chiquito,0,4,0,4
chiquitos,0,3,0,3
chir,0,0,1,1
chiral,0,0,1,1
chirality,0,5,2,7
chiraq,0,1,5,6
chire,0,5,0,5
chiringuito,6,5,4,15
chiripa,0,1,0,1
chiron,1,5,3,9
chiropractic,0,0,1,1
chiropractor,0,3,2,5
chiros,0,0,1,1
chirp,0,9,0,9
chirping,3,3,1,7
chirps,1,1,1,3
chirst,2,0,0,2
chirstina,0,0,1,1
chis,0,0,3,3
chise,0,0,1,1
chisel,0,2,2,4
chiseled,0,0,6,6
chismosos,0,0,3,3
chispitas,0,1,0,1
chiss,0,6,0,6
chiste,0,13,0,13
chistene,0,1,0,1
chistina,0,3,0,3
chistions,0,0,1,1
chistne,0,0,1,1
chistopher,0,0,1,1
chistosa,0,3,0,3
chistoso,0,5,0,5
chit,2,0,39,41
chitayesh,0,1,0,1
chitch,0,2,0,2
chitchat,0,0,1,1
chitown,0,1,0,1
chitterlings,0,0,5,5
chitty,0,4,8,12
chitz,0,0,1,1
chiuaniua,0,0,1,1
chive,3,0,0,3
chives,3,7,3,13
chivo,0,1,0,1
chiw,0,6,0,6
chiyo,0,5,0,5
chiza,0,1,0,1
chizza,0,2,0,2
chizzy,0,0,6,6
chj,0,2,0,2
chkd,3,0,0,3
chladni,0,0,3,3
chlamidia,0,1,0,1
chlange,0,1,0,1
chles,0,0,1,1
chlidren,0,0,3,3
chlkiri,8,0,0,8
chlo,2,0,3,5
chloe,30,63,202,295
chloeeeee,0,4,0,4
chloes,0,0,2,2
chloranty,1,0,0,1
chlorians,0,0,1,1
chloride,0,0,1,1
chlorinated,3,0,0,3
chlorine,2,0,1,3
chlorofluorocarbons,0,0,4,4
chloroform,4,0,0,4
chlorofresh,0,0,1,1
chlorophyll,0,0,1,1
chlothes,0,0,4,4
chmical,0,1,0,1
chmielarz,0,7,0,7
chngd,0,0,1,1
chnnel,0,0,1,1
chnnl,0,0,7,7
cho,31,44,51,126
choad,3,0,0,3
choai,0,1,0,1
choaking,1,0,0,1
choatic,0,3,0,3
chob,0,1,0,1
chobat,0,1,0,1
chobot,1,10,9,20
choc,7,1,15,23
choce,1,0,0,1
choch,0,0,2,2
chocia,0,9,0,9
chociaz,0,2,0,2
chock,1,0,8,9
chocked,0,2,13,15
chocker,0,0,1,1
chockers,0,0,2,2
chocking,1,1,0,2
choclate,0,2,1,3
choco,1,12,6,19
chocobo,0,0,1,1
chocoholic,1,0,6,7
chocola,0,1,0,1
chocolars,0,2,0,2
chocolat,0,1,1,2
chocolate,108,263,601,972
chocolates,4,0,6,10
chocolatey,0,0,6,6
chocolati,0,0,1,1
chocolating,0,0,1,1
chocolaty,0,0,6,6
chocotacos,0,2,0,2
chod,0,3,0,3
chode,1,2,0,3
choden,0,1,0,1
chodes,0,0,4,4
chodz,0,2,0,2
chodzi,0,4,0,4
choe,5,4,0,9
choenen,0,1,0,1
choes,0,0,1,1
choi,7,2,3,12
choice,216,81,574,871
choices,52,23,233,308
choicing,0,0,1,1
choiiii,0,1,0,1
choir,10,25,49,84
choirs,0,1,8,9
choirul,0,18,0,18
choise,7,0,1,8
choisi,0,2,0,2
choisir,0,4,0,4
choji,0,0,1,1
choke,18,22,48,88
choked,24,29,46,99
chokehold,0,1,0,1
chokeing,0,1,0,1
choker,1,26,20,47
chokeroachpiss,1,0,0,1
chokers,6,8,4,18
chokes,0,7,10,17
chokeslam,0,0,1,1
chokey,1,0,0,1
choking,27,15,14,56
chokran,0,0,3,3
choku,0,2,5,7
chokusetsu,0,0,6,6
chola,3,1,0,4
chole,2,0,0,2
cholera,0,0,2,2
cholerae,0,0,5,5
cholernie,0,2,0,2
cholesterol,4,6,3,13
cholestrol,0,0,2,2
cholo,0,14,2,16
cholos,0,11,0,11
chomp,9,27,5,41
chomped,0,1,0,1
chomper,0,3,0,3
chompers,0,0,1,1
chompin,0,1,0,1
chomping,0,0,1,1
chomps,0,1,0,1
chomsky,0,0,3,3
chon,0,0,1,1
choncert,0,1,0,1
chong,3,9,4,16
chongchitnant,0,0,3,3
chonggo,0,0,3,3
chongo,0,1,0,1
chongqing,0,1,0,1
choni,1,3,0,4
chonis,0,0,5,5
chonny,0,0,5,5
choo,8,15,10,33
choochoo,0,0,1,1
chooks,0,0,2,2
choolate,0,0,1,1
choon,0,0,1,1
chooooo,0,0,2,2
chooped,0,1,0,1
choose,161,132,562,855
choosers,0,6,1,7
chooses,18,22,48,88
choosier,0,0,2,2
choosing,20,15,68,103
choossee,0,1,0,1
choow,0,0,4,4
chop,4,54,33,91
chopin,0,1,4,5
choppa,3,0,0,3
choppas,1,0,0,1
chopped,4,16,27,47
chopper,6,0,0,6
choppers,3,0,0,3
chopping,16,9,14,39
choppy,0,1,6,7
chopra,0,1,1,2
chops,0,18,9,27
chopstick,0,4,0,4
chopsticks,3,4,9,16
choque,0,2,0,2
choral,0,0,1,1
chorando,0,2,0,2
chorar,0,1,0,1
chord,3,2,29,34
chordettes,0,2,0,2
chords,4,12,28,44
chore,1,0,4,5
chorei,0,8,0,8
choreo,4,13,24,41
choreograph,0,1,11,12
choreographed,8,5,22,35
choreographer,6,4,9,19
choreographers,0,0,1,1
choreographically,0,1,0,1
choreographing,0,0,4,4
choreography,13,7,53,73
choreooooo,0,1,0,1
choreos,0,0,2,2
chores,12,2,3,17
chorge,0,2,0,2
chorip,0,1,0,1
choris,0,1,0,1
chorister,0,1,0,1
chorizo,5,11,5,21
chorob,0,4,0,4
choroba,0,8,0,8
choroby,0,2,0,2
chorrada,0,2,0,2
chorradas,0,6,0,6
chorreado,0,0,1,1
chorros,0,5,0,5
chortle,3,0,1,4
choruj,0,2,0,2
chorus,203,73,431,707
choruses,6,1,6,13
chose,105,60,289,454
chosen,46,31,107,184
choses,0,6,8,14
choszen,0,0,2,2
choto,0,1,0,1
chouchou,0,1,0,1
chouette,0,2,0,2
chough,0,6,0,6
chould,0,0,1,1
choupakistan,0,2,0,2
chow,4,2,0,6
chowder,0,2,1,3
chowed,0,0,4,4
chowhound,1,0,0,1
choy,0,1,4,5
chpt,0,0,1,1
chracter,0,0,3,3
chralie,0,4,0,4
chriiist,1,0,0,1
chrilow,0,1,0,1
chris,156,334,472,962
chrisbestcancer,0,0,2,2
chrisfix,0,6,26,32
chrisfixrulescarhistory,0,1,0,1
chrishd,0,1,0,1
chrismd,2,8,2,12
chrismods,0,2,0,2
chriss,0,0,3,3
chrisspy,0,1,12,13
chrissy,0,7,15,22
christ,307,245,545,1097
christals,0,0,3,3
christan,0,1,0,1
christanists,0,0,4,4
christano,0,1,0,1
christchurch,0,1,0,1
christelle,4,1,0,5
christen,12,11,59,82
christenan,0,3,0,3
christening,0,0,8,8
christens,0,0,1,1
christensen,18,31,69,118
christenson,0,6,0,6
christernson,0,4,0,4
christi,0,0,1,1
christian,74,91,211,376
christianese,0,0,1,1
christianity,23,4,49,76
christianize,1,0,0,1
christiannnn,0,1,0,1
christiano,2,5,4,11
christians,45,25,45,115
christiansen,0,0,11,11
christiany,0,1,0,1
christie,3,16,7,26
christiensen,0,0,11,11
christin,2,1,1,4
christina,6,19,36,61
christine,25,62,80,167
christineee,0,2,0,2
christinsen,8,0,0,8
christman,1,0,0,1
christmas,119,320,610,1049
christmascee,0,2,0,2
christmassssss,0,2,0,2
christmassy,0,8,6,14
christmastime,0,1,1,2
christmos,1,0,0,1
christo,0,0,1,1
christoper,0,0,1,1
christoph,0,0,5,5
christophe,0,0,6,6
christopher,5,32,34,71
christory,0,0,1,1
christos,0,0,3,3
christphor,0,0,1,1
christy,1,2,7,10
chriy,0,0,1,1
chroma,1,6,3,10
chromatography,0,0,7,7
chrome,14,38,78,130
chromebook,10,23,51,84
chromebooks,3,7,19,29
chromecast,1,0,3,4
chromeos,3,4,3,10
chromie,0,0,1,1
chromite,0,1,0,1
chromium,0,1,0,1
chromocake,3,0,0,3
chromosome,1,0,4,5
chromosomes,3,1,1,5
chronic,33,11,98,142
chronically,4,0,16,20
chronicelssssss,0,0,1,1
chronicle,0,0,6,6
chronicles,5,7,17,29
chrono,4,10,7,21
chronological,0,1,0,1
chronologically,1,1,1,3
chronologie,0,1,0,1
chronology,0,0,6,6
chronotrigger,0,0,1,1
chrous,0,1,0,1
chruch,0,5,1,6
chs,0,0,1,1
chsck,0,0,1,1
chsten,0,3,0,3
chstes,0,1,0,1
chstform,0,1,0,1
cht,0,1,0,1
chte,0,1,0,1
chtps,0,0,3,3
chu,2,13,3,18
chub,3,1,1,5
chuba,0,0,4,4
chubbchubb,0,0,5,5
chubbed,0,1,0,1
chubbi,1,3,15,19
chubbier,0,5,0,5
chubbiest,0,2,0,2
chubby,25,44,82,151
chubbylishous,0,1,0,1
chubs,0,4,0,4
chubsters,0,1,0,1
chubsy,0,1,0,1
chuby,0,1,1,2
chucho,0,5,0,5
chuck,20,21,35,76
chucked,0,1,4,5
chuckie,0,0,9,9
chucking,0,3,4,7
chuckkk,0,1,0,1
chuckle,4,2,31,37
chuckled,0,1,6,7
chuckles,0,4,6,10
chuckling,1,0,2,3
chuckowksi,0,0,3,3
chucks,4,0,3,7
chucky,13,27,21,61
chuckys,5,2,0,7
chud,3,1,0,4
chudiyapa,0,3,0,3
chudnow,0,0,1,1
chuff,0,1,0,1
chuffed,0,1,18,19
chug,5,7,2,14
chuggaacnroy,1,0,0,1
chugged,3,0,0,3
chuggin,0,0,1,1
chugging,4,1,1,6
chuglife,0,0,1,1
chugs,2,2,0,4
chui,0,2,0,2
chuj,0,1,0,1
chukecheese,1,0,0,1
chuky,0,4,0,4
chul,0,0,1,1
chulada,0,1,0,1
chulapa,0,1,0,1
chulent,2,0,0,2
chulo,0,6,6,12
chum,0,0,3,3
chumby,0,5,0,5
chumer,0,0,2,2
chummy,0,0,5,5
chump,10,9,13,32
chumps,1,3,7,11
chums,0,0,1,1
chun,1,9,7,17
chuncky,0,1,0,1
chuncla,0,0,1,1
chune,1,3,0,4
chung,0,2,4,6
chungus,0,3,0,3
chunithm,0,1,0,1
chunk,7,7,24,38
chunkier,0,0,3,3
chunks,2,3,28,33
chunky,11,14,45,70
chupa,0,2,0,2
chupaculos,0,1,0,1
chupame,0,5,0,5
chupan,0,6,0,6
chupar,0,9,0,9
chuparla,0,3,0,3
chupenla,0,4,0,4
chupo,0,5,0,5
chur,0,4,0,4
church,125,102,515,742
churchboyz,0,1,0,1
churchchoir,0,0,4,4
churches,12,8,31,51
churchgoers,0,0,2,2
churchhhh,1,0,0,1
churchill,5,1,4,10
churn,0,5,5,10
churning,9,0,7,16
churreos,0,4,0,4
churro,0,7,3,10
churros,0,0,1,1
chuseok,0,0,1,1
chut,0,1,0,1
chutaa,0,1,0,1
chute,2,1,0,3
chuteira,0,4,0,4
chutes,1,0,1,2
chutiya,0,2,0,2
chutiyo,0,1,0,1
chutto,0,2,0,2
chuu,0,7,0,7
chuurch,0,0,2,2
chuuu,0,0,1,1
chuva,0,1,1,2
chuwaaa,0,1,0,1
chuy,0,2,0,2
chvrches,0,1,0,1
chwa,0,3,0,3
chwang,0,1,0,1
chwila,0,1,0,1
chwile,0,2,0,2
chwistian,0,1,0,1
chwistim,0,2,0,2
chwyrn,0,1,0,1
chy,0,2,0,2
chyba,0,14,0,14
chyna,9,10,14,33
chyno,0,1,0,1
ci,11,92,19,122
cia,28,48,50,126
ciagle,0,2,0,2
cial,0,2,0,2
ciales,0,0,2,2
cialiste,0,2,0,2
cially,0,0,2,2
ciami,0,2,0,2
ciampa,0,1,0,1
ciando,0,1,0,1
ciao,2,3,5,10
ciaooooooooo,0,1,0,1
ciaoperation,0,2,0,2
ciara,1,12,13,26
ciaran,0,0,2,2
ciate,0,6,13,19
cib,0,0,2,2
ciborg,1,0,0,1
cicada,0,1,0,1
cicadas,1,1,0,2
cicalfate,1,0,0,1
cicapair,0,0,4,4
cicaplast,0,0,1,1
cicarepair,0,0,5,5
cicatrices,0,2,0,2
cici,0,3,5,8
cicily,1,0,0,1
cick,0,1,0,1
cicl,0,2,0,2
ciclaplast,0,0,3,3
ciclistas,0,0,1,1
cicvoy,0,0,25,25
cid,0,0,2,2
cidade,0,3,0,3
cidden,0,0,1,1
ciddi,0,3,0,3
cide,1,0,0,1
cided,0,1,0,1
cider,35,19,101,155
ciders,0,0,1,1
cidirella,0,0,1,1
cido,0,5,0,5
cidy,0,0,3,3
cie,6,26,0,32
ciebie,0,7,0,7
ciega,0,2,0,2
ciej,0,2,0,2
ciekawe,0,4,0,4
ciekawi,0,3,0,3
cielo,0,8,0,8
cielos,0,20,0,20
ciem,0,2,0,2
cient,0,0,4,4
ciento,0,1,0,1
ciera,0,2,0,2
ciereczk,0,2,0,2
cierpliwo,0,2,0,2
cierra,0,1,0,1
cierre,0,2,0,2
cierta,0,2,0,2
cierto,1,7,0,8
cieszy,0,3,0,3
cieszylam,0,2,0,2
cify,0,0,1,1
cig,0,0,1,1
cigar,2,2,2,6
cigarette,29,18,24,71
cigarettes,19,4,32,55
cigaro,0,1,0,1
cigerette,0,2,0,2
ciggeretes,0,1,0,1
cigs,0,2,0,2
ciik,0,1,0,1
cikariyosun,0,1,0,1
cikti,0,3,0,3
cil,0,13,2,15
cilantro,3,6,8,17
cilendion,0,2,0,2
ciles,0,3,1,4
cilest,18,0,5,23
cilia,0,0,9,9
cill,0,1,0,1
cilmate,0,0,3,3
cilon,0,6,0,6
cilpe,0,1,0,1
cils,0,2,0,2
cima,0,1,0,1
cimbom,6,0,0,6
cimbomlu,0,0,1,1
cimo,2,0,0,2
cimorelli,0,1,1,2
cin,0,0,1,1
cinamatic,0,1,0,1
cinamatography,0,0,1,1
cinch,0,0,2,2
cinching,3,0,0,3
cincinnati,0,5,5,10
cincinnatishit,0,0,2,2
cinco,2,6,2,10
cinder,1,1,1,3
cinderella,5,29,26,60
cindereller,0,4,0,4
cinduvwingit,0,1,0,1
cindy,1,5,9,15
cine,0,12,0,12
cinefix,0,0,2,2
cinema,41,53,141,235
cinemas,11,9,20,40
cinemascope,0,0,6,6
cinemascore,0,3,0,3
cinemasin,0,0,2,2
cinemasins,18,41,32,91
cinemason,0,1,0,1
cinemassacre,0,0,2,2
cinemasscare,0,0,1,1
cinematic,6,5,64,75
cinematically,0,1,0,1
cinematics,1,2,7,10
cinematogography,0,4,0,4
cinematographer,0,0,4,4
cinematographers,0,0,2,2
cinematographic,0,0,2,2
cinematography,8,13,93,114
cinemotography,0,0,2,2
cinephile,0,0,1,1
cinephiles,0,0,5,5
cineplex,0,0,1,1
cineva,0,1,0,1
cingular,3,12,0,15
cinimasins,1,0,0,1
cinma,0,0,2,2
cinnabon,0,2,0,2
cinnamon,16,34,54,104
cinta,0,2,1,3
cinth,0,0,2,2
cintiq,0,0,2,2
cintrolled,0,0,2,2
cintur,0,1,0,1
cio,0,11,0,11
cioccolata,0,5,0,5
cios,0,2,0,2
ciowe,0,2,0,2
ciowymi,0,2,0,2
cip,0,0,3,3
cipa,0,0,2,2
cipher,1,0,0,1
circa,0,10,3,13
circe,0,0,2,2
circi,0,0,6,6
circit,0,1,1,2
circl,0,1,0,1
circle,37,43,169,249
circled,0,0,1,1
circleeee,0,2,0,2
circlejerking,0,1,0,1
circles,23,24,46,93
circling,3,0,10,13
circuit,9,19,22,50
circuited,0,1,0,1
circuitry,2,0,0,2
circuits,1,1,0,2
circular,6,4,19,29
circularly,0,0,2,2
circulated,0,0,4,4
circulates,0,0,2,2
circulating,0,1,4,5
circulation,0,0,5,5
circulatory,0,3,0,3
circulo,0,2,0,2
circumcised,6,0,0,6
circumcision,0,0,1,1
circumferal,0,0,2,2
circumnavigate,0,0,2,2
circumsision,0,1,0,1
circumstance,2,6,13,21
circumstances,12,4,38,54
circumstantial,0,0,5,5
circumstantially,0,0,8,8
circumvent,7,0,1,8
circumvented,0,0,1,1
circunstances,0,0,1,1
circunstancies,0,0,4,4
circus,28,9,53,90
circuses,4,1,1,6
ciri,0,0,3,3
ciried,0,0,1,1
cirio,0,0,1,1
cirlce,0,0,2,2
ciro,0,1,0,1
ciroc,0,0,1,1
cirque,0,2,4,6
cirrus,0,3,1,4
cirstine,0,0,1,1
cirtisim,2,0,0,2
cirus,0,1,0,1
ciruss,1,0,0,1
ciruzzo,0,1,0,1
cirvio,0,2,0,2
cis,0,0,11,11
cisco,0,0,5,5
cisgender,4,0,2,6
cishet,0,7,0,7
cist,0,0,1,1
cisz,0,2,0,2
cit,0,6,0,6
cita,0,3,0,3
citadel,7,2,4,13
citalopram,5,3,2,10
citation,2,1,2,5
citations,1,1,0,2
citc,0,1,0,1
cite,1,2,2,5
cited,4,5,5,14
citeh,6,0,0,6
citezen,0,1,1,2
citidel,1,4,0,5
cities,59,25,131,215
citing,3,0,10,13
citiy,1,0,0,1
citizen,31,19,113,163
citizenry,0,0,18,18
citizens,90,20,153,263
citizenship,10,1,15,26
citizent,1,0,0,1
cito,0,1,0,1
citreon,0,0,3,3
citric,3,0,0,3
citrine,0,3,0,3
citro,2,0,0,2
citroen,3,0,0,3
citrus,0,3,0,3
citv,5,0,0,5
city,340,550,1172,2062
citybrasil,0,5,0,5
cityincrisis,6,0,0,6
citys,0,0,1,1
cityscape,0,0,1,1
citytv,0,0,5,5
cityzens,0,1,0,1
ciudad,0,13,14,27
ciudadano,0,2,0,2
ciudadela,0,1,0,1
ciume,0,1,0,1
ciurcit,0,1,0,1
civ,1,0,2,3
civic,10,1,8,19
civics,3,0,0,3
civil,57,19,132,208
civilains,0,0,1,1
civilation,1,0,0,1
civilian,11,1,29,41
civilians,46,1,28,75
civilis,2,2,5,9
civilisation,3,0,20,23
civilisations,1,0,3,4
civilised,0,0,7,7
civility,0,0,2,2
civilizaciones,0,0,2,2
civilization,28,5,45,78
civilizations,0,0,16,16
civilized,9,0,29,38
civilizing,0,0,1,1
civiliztion,2,0,0,2
civils,0,0,2,2
ciyote,0,0,2,2
cj,0,20,6,26
cjange,1,0,0,1
cjd,3,5,0,8
cjild,0,2,0,2
cjnsdnvfnfvnvfndfvjnehrajoi,0,1,0,1
cjt,0,0,1,1
cjw,0,8,0,8
ck,42,76,75,193
ckae,0,1,0,1
ckboi,0,1,0,1
ckc,0,0,1,1
ckd,1,0,5,6
cked,0,7,8,15
cken,2,0,0,2
cker,6,0,0,6
ckers,0,8,0,8
ckes,0,0,5,5
ckick,0,0,2,2
ckin,3,5,1,9
cking,25,20,47,92
ckinken,0,0,1,1
ckipcam,0,0,1,1
ckkkkkkk,0,0,1,1
cks,0,4,6,10
cksichtigung,1,0,0,1
cksuckera,0,0,2,2
ckt,0,1,0,1
ckwunsch,0,1,0,1
cky,0,0,2,2
cl,21,25,40,86
claaaaaaaaaaasssssss,0,4,0,4
claaaaapped,0,1,0,1
claaaro,0,2,0,2
clab,0,1,0,1
clabs,0,2,0,2
clack,1,0,5,6
clackers,0,1,0,1
clacton,0,3,0,3
clad,9,1,4,14
cladwell,1,1,0,2
claim,87,30,225,342
claimanygiftcardfrofree,0,0,13,13
claimed,26,15,37,78
claiming,47,4,102,153
claims,40,14,65,119
claimyourfreepromocode,0,0,5,5
clair,0,6,7,13
claire,3,22,97,122
claires,0,4,0,4
clairs,0,3,0,3
clairvoyant,0,1,6,7
clairvoyants,0,0,3,3
clam,1,5,3,9
clambering,0,0,6,6
clammy,5,0,0,5
clamoring,5,0,0,5
clamp,3,8,1,12
clamped,0,0,1,1
clamping,0,0,2,2
clamps,3,0,6,9
clams,4,2,0,6
clan,9,17,17,43
clancy,3,4,0,7
clandestine,0,0,3,3
clanmates,0,0,1,1
clans,20,39,31,90
clap,38,94,60,192
clapback,1,0,3,4
clapd,0,0,1,1
claping,0,1,1,2
clapped,4,26,11,41
clappin,0,0,1,1
clapping,13,14,26,53
claps,14,18,20,52
clapton,4,0,2,6
claptrap,1,0,4,5
clara,7,39,124,170
claraaaaa,0,0,2,2
claraaaaaa,0,1,0,1
claramente,0,13,0,13
claras,2,0,2,4
clare,0,0,1,1
clarence,0,4,0,4
claret,0,1,0,1
clarets,0,0,2,2
clarice,0,0,4,4
clarie,0,2,2,4
clarification,4,3,11,18
clarified,0,1,10,11
clarifies,0,0,2,2
clarify,25,3,44,72
clarifying,1,2,13,16
clarinet,15,6,14,35
clarinete,0,0,3,3
clarinettist,0,2,0,2
clarins,0,4,22,26
clarion,0,1,0,1
clarisns,0,1,0,1
clarissa,0,1,1,2
clarita,0,3,1,4
clarito,0,5,0,5
clarity,6,0,24,30
clark,19,25,42,86
clarkcleaning,0,1,0,1
clarke,2,4,10,16
clarks,2,0,0,2
clarkslay,0,0,5,5
clarkson,2,18,39,59
clarkston,0,0,1,1
clarksville,2,2,4,8
claro,4,25,6,35
clart,0,0,4,4
clase,0,17,0,17
clases,2,0,0,2
clash,38,67,54,159
clashcourse,0,2,0,2
clashed,0,0,2,2
clashes,1,0,0,1
clashing,1,0,4,5
clasico,0,4,2,6
clasifica,0,4,0,4
clasificados,0,5,0,5
clasificaron,0,5,0,5
clasificatorias,0,5,0,5
clasifique,0,3,0,3
clasifiquen,0,2,0,2
clasp,0,0,2,2
class,311,449,975,1735
classe,0,4,0,4
classed,0,1,3,4
classee,2,0,0,2
classes,50,23,150,223
classic,97,2,767,866
classica,0,1,0,1
classical,6,7,31,44
classically,1,0,0,1
classics,5,7,34,46
classicus,0,5,0,5
classier,0,0,9,9
classiest,0,0,5,5
classifica,0,5,0,5
classification,6,0,5,11
classifiche,0,2,0,2
classified,6,3,8,17
classify,0,2,6,8
classim,2,0,0,2
classiness,0,0,1,1
classism,0,1,0,1
classist,0,0,2,2
classless,5,1,8,14
classmate,4,0,4,8
classmates,10,5,15,30
classroom,22,28,49,99
classrooms,2,1,14,17
classs,0,1,1,2
classsroom,1,0,0,1
classuda,0,0,1,1
classwork,1,0,0,1
classy,22,0,250,272
clatter,4,0,0,4
claty,0,4,0,4
claude,5,2,3,10
claudelle,0,0,3,3
claudia,24,60,296,380
claudio,1,6,7,14
claus,3,4,6,13
clause,18,2,13,33
clauses,0,1,0,1
claustrophobia,0,0,2,2
claustrophobic,14,0,0,14
clava,0,1,0,1
clave,0,2,0,2
claves,0,1,0,1
clavin,0,0,1,1
clavipes,0,0,1,1
clavo,0,4,0,4
claw,19,14,18,51
clawed,0,0,6,6
clawhammer,0,0,1,1
claws,13,6,36,55
clay,10,27,64,101
clayface,0,1,0,1
claylogical,0,2,0,2
claymation,0,2,0,2
claymore,0,1,0,1
clays,0,0,2,2
clayton,0,8,5,13
clbn,1,4,2,7
clc,0,1,0,1
clcol,0,0,7,7
cld,0,0,3,3
cle,8,0,5,13
cleamed,0,2,0,2
clean,89,0,748,837
cleaned,6,11,12,29
cleaner,15,14,51,80
cleaners,12,0,18,30
cleanest,0,3,7,10
cleaning,71,41,121,233
cleanings,0,0,1,1
cleanliness,1,0,3,4
cleanly,0,0,3,3
cleanning,0,0,1,1
cleanout,5,0,0,5
cleans,6,2,17,25
cleanse,1,2,23,26
cleansed,1,4,4,9
cleanser,10,15,56,81
cleansers,0,4,0,4
cleansing,3,6,29,38
clear,207,3,724,934
clearance,1,3,4,8
clearances,4,0,0,4
cleared,28,6,53,87
clearer,5,3,23,31
clearest,1,0,6,7
clearfully,0,0,2,2
clearing,5,5,33,43
clearly,288,3,798,1089
clears,3,13,7,23
clearwater,2,7,5,14
cleary,0,0,1,1
cleats,3,2,13,18
cleavage,14,4,17,35
cleaver,3,4,5,12
cleayvsee,1,0,0,1
cleche,0,0,1,1
cleek,0,0,9,9
cleese,0,0,4,4
cleft,0,4,2,6
cleganes,0,0,2,2
clemencia,0,2,0,2
clemens,15,0,1,16
clement,0,2,0,2
clementine,0,0,1,1
clements,1,0,2,3
clemmie,0,0,1,1
clemmins,0,0,1,1
clenched,0,0,1,1
clenches,0,1,0,1
clenching,2,0,0,2
clense,0,0,1,1
cleo,5,0,0,5
cleopatra,2,1,3,6
cler,0,0,1,1
clergies,4,0,0,4
clerk,0,1,4,5
clerks,0,3,3,6
cletus,0,0,2,2
clevaaar,0,0,1,1
clevamama,0,0,7,7
cleveland,7,38,51,96
clevelandasmith,0,0,2,2
clevelands,0,2,0,2
clever,33,0,337,370
cleverely,2,0,0,2
cleverer,0,0,4,4
cleverest,0,0,2,2
cleverleh,0,1,0,1
cleverley,0,1,2,3
cleverly,0,0,12,12
clevland,0,0,1,1
clevver,0,5,0,5
clexacon,0,2,0,2
cliam,0,0,1,1
clic,0,0,1,1
clich,3,4,28,35
cliche,20,19,53,92
cliched,8,0,0,8
cliches,1,0,8,9
clichie,0,1,0,1
click,124,469,580,1173
clickbaaaaaaiiiitttt,0,1,0,1
clickbaiiiiiiiit,1,0,0,1
clickbait,73,179,116,368
clickbaitchallenge,0,2,0,2
clickbaited,11,12,0,23
clickbaites,0,0,1,1
clickbaitiest,0,2,0,2
clickbaiting,4,0,2,6
clickbaitish,0,0,1,1
clickbaitneistat,0,1,0,1
clickbaits,1,6,1,8
clickbaity,0,1,3,4
clickbank,0,1,0,1
clickbate,0,8,2,10
clickbated,0,1,0,1
clicked,111,216,326,653
clickeddddd,0,1,0,1
clicker,0,1,0,1
clickhole,0,0,1,1
clicking,22,13,56,91
clicks,19,39,33,91
clickspring,0,1,0,1
clicky,1,0,23,24
clide,0,0,1,1
clidoris,6,0,0,6
client,5,3,19,27
clients,7,5,20,32
cliff,19,49,102,170
cliffhanger,2,21,12,35
cliffhangers,0,0,4,4
clifford,0,0,7,7
cliffroads,0,0,5,5
cliffs,1,3,1,5
clifton,0,0,13,13
clik,0,0,1,1
clikbait,0,4,0,4
cliked,0,0,2,2
clima,0,0,1,1
climactic,0,1,0,1
climate,69,21,195,285
climatechange,0,0,3,3
climates,2,4,0,6
climatic,4,1,1,6
climatology,2,0,0,2
climax,5,1,11,17
climb,30,16,46,92
climbed,6,13,9,28
climber,1,0,0,1
climbers,0,0,1,1
climbin,0,0,2,2
climbing,14,23,31,68
climbs,0,1,1,2
cling,8,4,20,32
clinged,0,0,1,1
clinging,9,0,5,14
clings,0,0,5,5
clingy,5,0,8,13
clinic,12,2,16,30
clinical,23,6,38,67
clinically,11,0,6,17
clinics,3,0,4,7
clinique,4,8,73,85
clinking,0,0,3,3
clinque,0,1,2,3
clint,5,7,1,13
clinton,97,67,156,320
clintoned,0,1,0,1
clintons,4,5,3,12
clintoris,0,1,0,1
clinuque,0,0,1,1
clip,118,170,421,709
clipart,1,0,0,1
clipe,2,24,1,27
clipes,0,3,0,3
cliping,0,0,3,3
clipless,4,2,0,6
clipped,1,2,5,8
clipper,0,3,1,4
clippers,5,0,5,10
clipping,0,4,5,9
clippy,0,0,4,4
clips,98,46,227,371
clipshow,0,1,0,1
clique,2,0,4,6
cliques,0,0,2,2
clit,4,7,9,20
clitch,0,1,0,1
cliton,0,0,5,5
clitori,0,0,2,2
clitoria,0,1,1,2
clitoris,0,3,0,3
clits,1,0,2,3
clive,1,0,12,13
clixsense,0,0,2,2
clkmein,0,0,1,1
cll,0,2,0,2
cllection,0,1,0,1
clme,1,0,0,1
clo,0,1,0,1
cloak,8,1,8,17
cloaked,0,0,1,1
cloaking,4,0,3,7
cloakroom,0,0,5,5
clobbered,0,0,2,2
clock,71,55,119,245
clockbait,0,1,0,1
clocked,3,0,1,4
clocking,0,0,8,8
clocks,9,6,17,32
clocktower,1,0,0,1
clockwise,0,0,1,1
clockwork,1,2,2,5
clod,6,0,2,8
cloda,0,1,0,1
cloecoutuore,0,1,0,1
clog,8,2,4,14
cloge,0,0,3,3
clogged,8,3,8,19
clogging,0,2,8,10
clogs,0,4,8,12
clolthes,0,0,1,1
clomid,0,0,4,4
clon,0,1,0,1
clone,70,122,138,330
cloned,2,4,9,15
cloneeeeeeeeeeeeeee,0,1,0,1
cloner,0,0,1,1
clones,8,9,16,33
cloning,3,6,6,15
cloon,0,2,0,2
clooney,13,9,13,35
clooneys,0,2,0,2
cloooose,0,5,0,5
clop,0,1,0,1
clopez,0,0,1,1
cloppity,0,1,0,1
cloppy,0,1,0,1
clored,0,0,1,1
clorox,0,2,16,18
close,376,267,1128,1771
closeau,0,1,0,1
closed,116,1,172,289
closeeee,0,1,0,1
closely,20,23,77,120
closeness,0,0,4,4
closer,78,75,274,427
closes,4,5,10,19
closest,29,24,64,117
closet,49,181,220,450
closeted,3,1,5,9
closethedealdress,0,0,1,1
closets,0,0,3,3
closeup,0,0,2,2
closeups,2,1,1,4
closin,0,0,1,1
closing,21,10,82,113
closingggggg,1,0,0,1
closs,0,0,1,1
clostorfobia,1,0,0,1
closure,14,1,23,38
clot,1,0,6,7
cloth,5,21,53,79
clothe,8,0,6,14
clothed,11,0,2,13
clothes,174,171,963,1308
clothesline,0,1,0,1
clothespinned,0,0,1,1
clothing,97,87,377,561
cloths,8,0,8,16
clots,1,0,7,8
clotted,0,0,3,3
cloud,36,23,87,146
cloudflare,4,0,0,4
cloudfoam,0,1,0,1
clouding,1,0,0,1
clouds,19,17,40,76
cloudy,2,8,19,29
clouer,0,2,0,2
clough,0,3,3,6
clouseau,0,0,1,1
clout,5,21,20,46
cloutchasing,0,0,1,1
clove,0,0,1,1
clovenfooted,0,6,0,6
clover,11,1,1,13
cloverfield,27,1,1,29
cloverway,0,4,0,4
cloves,0,1,7,8
clown,186,183,291,660
clownass,4,0,0,4
clownathon,0,6,0,6
clownd,1,0,0,1
clowned,0,6,8,14
clownest,0,2,0,2
clownfish,0,1,0,1
clownie,0,1,4,5
clownin,4,0,0,4
clowning,1,0,4,5
clownish,1,0,3,4
clownlivesmatter,0,2,0,2
clownm,2,0,0,2
clownnn,1,0,0,1
clowns,62,13,112,187
clownseverywhere,0,7,0,7
clownshoes,0,0,4,4
clowntergeist,0,0,5,5
clownworld,0,2,0,2
cloying,0,0,6,6
clt,0,0,4,4
cluadio,0,2,0,2
club,256,273,675,1204
clubbbbbb,0,5,0,5
clubbbbbbbbb,0,5,0,5
clubbing,0,2,32,34
clubby,2,0,0,2
clubes,0,0,5,5
clubhouse,0,7,0,7
clubje,1,0,0,1
clublife,0,2,0,2
clubpenguin,7,0,0,7
clubs,26,15,167,208
clubwear,0,1,0,1
cluck,0,0,22,22
cluckin,0,2,0,2
clucking,0,0,8,8
clucky,0,1,1,2
clud,0,0,1,1
clue,99,81,174,354
cluecerry,0,2,0,2
clued,1,0,10,11
clueless,33,37,79,149
cluelessgamer,2,0,3,5
clues,9,14,22,45
cluing,0,0,2,2
cluj,0,1,0,1
clumanation,1,0,0,1
clumbering,0,5,0,5
clump,0,1,18,19
clumping,0,0,4,4
clumps,0,0,1,1
clumpy,0,0,7,7
clumsily,0,0,6,6
clumsiness,2,0,2,4
clumsy,28,0,18,46
clunkers,1,0,0,1
clunky,7,0,2,9
clus,6,0,0,6
cluse,0,0,2,2
cluster,4,1,15,20
clustered,0,0,1,1
clusterf,1,0,1,2
clusterfuck,6,0,3,9
clusters,1,6,1,8
clutch,9,9,14,32
clutched,3,0,1,4
clutches,0,1,2,3
clutching,2,0,10,12
clutter,1,1,5,7
cluttered,1,0,7,8
clutz,0,5,1,6
cluuuub,0,1,0,1
clvr,0,2,0,2
clyde,4,6,1,11
clyne,0,0,11,11
clyro,0,0,4,4
cm,32,38,46,116
cma,0,0,1,1
cmabodia,0,0,1,1
cmco,0,1,0,1
cmd,7,7,0,14
cmdrs,0,0,5,5
cmds,0,0,2,2
cmf,2,2,0,4
cmg,3,1,2,6
cmn,0,1,1,2
cmnt,0,1,0,1
cmom,0,0,1,1
cmon,39,73,78,190
cmonbruh,0,1,0,1
cmonnn,0,1,0,1
cmonnnnnnnnn,0,4,0,4
cmooon,0,0,1,1
cmos,3,0,1,4
cmq,1,5,0,6
cmt,2,1,0,3
cmwf,0,1,0,1
cn,10,6,20,36
cna,0,1,0,1
cnathbsns,0,0,1,1
cnbc,0,0,2,2
cnc,0,1,0,1
cncierto,0,4,0,4
cnco,45,37,25,107
cncoooooooooooooooooooooooooooooooooooooooooooooooooooooooo,0,1,0,1
cncos,0,0,1,1
cncower,0,1,0,1
cncowner,1,6,1,8
cncownerde,0,1,0,1
cncowners,0,10,0,10
cncownerz,0,1,0,1
cncrt,0,1,0,1
cnd,2,0,0,2
cne,1,0,0,1
cnet,0,1,2,3
cnico,0,0,5,5
cnn,88,37,91,216
cnnfakenews,0,3,0,3
cnnisthebest,0,0,3,3
cnnmoney,0,0,4,4
cnns,0,3,0,3
cnocowners,0,0,1,1
cnsnews,2,0,0,2
cnt,13,6,3,22
cntxt,6,0,0,6
cnu,2,4,7,13
cnxvzz,0,1,0,1
co,31,194,188,413
coaaat,0,0,1,1
coach,60,52,171,283
coached,7,1,1,9
coachela,0,1,0,1
coachella,4,6,4,14
coaches,10,10,51,71
coaching,1,2,14,17
coachings,0,0,1,1
coadle,0,0,1,1
coady,0,3,0,3
coakroaches,1,0,0,1
coal,7,1,8,16
coalburner,0,0,1,1
coalition,1,0,3,4
coamo,0,1,2,3
coarse,5,0,7,12
coast,21,15,95,131
coastal,0,0,11,11
coaster,12,57,61,130
coasters,0,8,44,52
coastline,0,0,1,1
coasts,0,0,3,3
coat,92,121,592,805
coated,3,6,7,16
coates,0,5,0,5
coating,6,14,9,29
coatings,0,5,0,5
coats,9,8,46,63
coattails,0,0,2,2
coauthor,0,2,0,2
coax,1,0,5,6
coaxed,0,0,2,2
coaxing,0,0,2,2
cob,6,11,2,19
coba,0,1,1,2
cobain,0,4,13,17
coban,0,0,1,1
cobb,1,3,0,4
cobbled,2,0,0,2
cobbler,5,2,9,16
cobbles,0,0,6,6
cobblestone,1,0,0,1
cobblier,0,0,4,4
coben,0,0,7,7
cobham,0,0,1,1
cobie,0,0,1,1
coblabe,0,1,0,1
cobos,1,0,0,1
cobra,7,7,14,28
cobraban,0,2,0,2
cobrar,0,1,0,1
cobrarme,0,4,0,4
cobus,0,3,2,5
coby,0,3,6,9
cobyed,0,2,0,2
cobyn,0,4,0,4
coc,9,13,17,39
coca,11,7,18,36
cocacunt,0,0,1,1
cocacunts,0,0,1,1
cocain,2,9,2,13
cocaine,17,63,27,107
cocaines,0,2,0,2
cocal,0,1,0,1
cocan,0,1,0,1
cocanut,0,2,0,2
cocao,0,0,6,6
cocaroaches,0,1,0,1
coccaluin,0,5,0,5
cocchi,0,0,6,6
coccinelle,5,31,13,49
coccineus,0,0,1,1
cocco,0,4,0,4
coches,0,1,0,1
cochinas,0,3,0,3
cochinellay,0,4,0,4
cochlea,0,0,8,8
cochlear,0,3,0,3
cocholate,0,1,0,1
cochon,0,1,0,1
cocine,0,8,0,8
cock,60,73,56,189
cockacheatatrader,1,0,0,1
cockamouse,0,1,0,1
cockaroches,0,1,0,1
cockcolate,0,5,0,5
cocked,0,0,5,5
cocker,0,2,1,3
cockey,0,0,3,3
cockeyed,0,3,0,3
cockfosters,0,0,1,1
cockhead,0,2,0,2
cockhold,0,8,0,8
cockin,1,0,0,1
cocking,1,0,0,1
cockles,0,2,1,3
cockney,1,0,1,2
cockpit,8,12,17,37
cockroach,10,16,8,34
cockroaches,26,21,15,62
cockroches,0,0,3,3
cocks,14,3,23,40
cocksucka,0,0,1,1
cocksucker,8,2,2,12
cocksuckermotherfucker,3,0,0,3
cocksuckers,4,1,1,6
cocktail,13,11,10,34
cocktails,12,0,13,25
cocktease,0,1,0,1
cocktober,0,1,2,3
cockwomble,1,0,0,1
cocky,34,0,34,68
cocnanobrian,0,0,4,4
cocnut,0,1,0,1
coco,22,47,60,129
cocoa,1,12,14,27
cocobop,0,1,0,1
cocodrile,0,1,0,1
cocom,2,0,0,2
coconout,0,1,0,1
coconut,28,359,139,526
coconutcake,0,1,0,1
coconuts,6,3,1,10
cocoon,1,0,0,1
cocoroni,0,1,0,1
cocosucker,0,1,0,1
cocroch,0,0,2,2
cocroche,0,3,0,3
cocugu,0,2,0,2
cocunts,0,1,0,1
cocunut,0,1,0,1
cod,41,36,63,140
codamol,0,0,5,5
codazo,0,2,0,2
coddles,0,2,0,2
coddling,2,0,0,2
code,70,75,195,340
codeblocks,1,0,0,1
codec,0,0,7,7
coded,4,4,12,20
codeine,0,2,0,2
codependant,3,2,0,5
codependency,0,0,4,4
coder,0,1,1,2
codes,17,34,75,126
codeword,0,0,10,10
codex,5,0,10,15
codfish,0,0,1,1
codgell,1,0,0,1
codger,0,0,2,2
codified,0,0,3,3
codigo,0,3,0,3
coding,3,7,28,38
codirected,0,0,3,3
codney,0,0,1,1
codwell,1,0,0,1
codww,0,1,0,1
cody,29,47,59,135
codyjohnstonforpresident,0,1,0,1
codythekingofyoutube,0,0,2,2
codziennie,0,2,0,2
coefficient,0,0,1,1
coeg,0,1,0,1
coelacanth,3,1,0,4
coelanth,0,5,0,5
coeliac,0,0,7,7
coely,0,11,7,18
coen,1,1,4,6
coerce,2,2,3,7
coerced,0,0,4,4
coercion,2,0,0,2
coercive,0,0,1,1
coeur,0,2,0,2
coexist,0,2,0,2
coexistence,0,1,1,2
coexisting,0,0,5,5
cofee,5,0,3,8
coffe,3,2,9,14
coffee,168,130,421,719
coffeeeeee,0,1,0,1
coffees,0,7,6,13
coffeine,0,0,4,4
coffin,4,6,6,16
coffins,3,0,0,3
cofunded,3,0,0,3
cog,1,0,0,1
cogan,1,0,0,1
coge,0,3,0,3
coger,0,4,0,4
cogio,0,2,0,2
coglione,0,5,0,5
cognac,1,0,0,1
cognitive,12,4,17,33
cogntive,0,0,4,4
cograts,0,1,4,5
cogratuatlion,0,0,1,1
cogs,0,0,3,3
coheed,0,0,1,1
cohelo,0,0,1,1
cohen,18,70,89,177
coherence,0,0,1,1
coherencia,0,3,0,3
coherency,2,0,0,2
coherent,7,0,15,22
coherently,0,0,7,7
cohesion,0,0,2,2
cohesive,8,3,12,23
cohesiveness,0,0,1,1
cohones,0,0,1,1
cohorts,0,0,1,1
cohost,0,0,5,5
cohosts,2,0,0,2
coi,0,1,0,1
coice,0,0,3,3
coiffure,0,4,0,4
coiffures,0,2,0,2
coil,12,12,36,60
coilguns,0,0,1,1
coils,0,0,8,8
coin,24,31,86,141
coincedence,0,0,3,3
coincide,1,0,3,4
coincided,0,0,1,1
coincidence,43,71,90,204
coincidenceception,0,0,1,1
coincidences,0,0,3,3
coincident,0,3,0,3
coincidental,0,0,5,5
coincidentally,8,1,27,36
coincidently,0,0,2,2
coincides,1,0,0,1
coindance,0,0,1,1
coined,3,1,1,5
coins,8,9,50,67
coinsssss,0,5,0,5
coinsurance,0,0,4,4
cointel,0,0,1,1
cointreau,0,1,0,1
coisa,0,13,0,13
coisas,0,8,1,9
coitado,0,1,0,1
coital,0,0,5,5
coito,0,2,0,2
coitoria,0,1,0,1
cojo,0,2,0,2
cojon,5,0,0,5
cojone,0,1,0,1
cojones,0,8,15,23
cojonudo,0,4,0,4
cojudes,0,1,0,1
cok,0,6,0,6
cokcinelle,0,5,0,5
coke,42,66,67,175
coked,1,6,4,11
cokehead,1,0,0,1
cokeheads,0,1,2,3
cokes,2,1,2,5
coking,0,1,0,1
cokroaches,0,0,2,2
col,0,10,3,13
cola,18,33,22,73
colab,4,79,46,129
colabbb,0,0,4,4
colabe,0,3,0,3
colabed,0,2,0,2
colaberate,0,1,0,1
colabing,0,0,1,1
colaboraci,0,4,3,7
colaboracion,0,2,0,2
colaboraciones,0,1,0,1
colaborado,2,0,0,2
colaboran,0,1,0,1
colaborando,0,2,0,2
colaborar,0,2,0,2
colaborasion,0,1,0,1
colaborate,0,0,1,1
colaboration,0,3,7,10
colaborations,0,2,0,2
colabrodo,0,5,0,5
colabs,0,0,6,6
colada,1,11,1,13
colander,3,1,0,4
colando,0,1,0,1
colar,0,0,1,1
colbert,62,34,83,179
colbet,0,0,4,4
colbi,0,1,0,1
cold,461,6,421,888
colddd,0,0,1,1
coldddd,0,0,1,1
colddddd,1,0,0,1
coldemonts,4,0,0,4
colder,16,13,31,60
coldest,1,4,0,5
coldfusion,0,1,4,5
coldfustion,0,0,3,3
coldheart,1,0,0,1
coldish,0,0,6,6
coldness,0,0,2,2
coldplay,49,49,118,216
coldplayish,0,0,1,1
coldplays,0,1,0,1
colds,0,1,0,1
cole,69,297,98,464
coleada,0,5,0,5
coleco,1,0,0,1
colecting,0,0,1,1
colection,0,2,0,2
colee,0,3,0,3
coleeee,0,3,0,3
coleeeee,0,1,0,1
coleeeeeeee,0,1,0,1
coleen,0,2,1,3
colega,0,3,0,3
colegas,0,5,0,5
colegiala,0,1,0,1
colegio,1,0,0,1
coleman,0,1,1,2
colera,0,1,0,1
colered,0,0,1,1
colerfull,0,1,0,1
colerosi,1,0,0,1
coles,1,2,3,6
coleslaw,0,3,2,5
coletivo,0,4,0,4
colette,3,2,15,20
colgarse,0,1,0,1
colgate,0,2,2,4
coli,0,1,8,9
colibbx,0,1,0,1
colide,0,0,1,1
colin,67,87,243,397
colinfors,0,1,0,1
colinfruz,4,0,0,4
colinfurze,10,0,14,24
colinfuze,0,7,0,7
colins,0,1,2,3
coliseum,0,1,0,1
colitis,0,2,1,3
coll,1,6,6,13
collaaabbbb,0,1,0,1
collab,49,492,359,900
collabaration,0,3,0,3
collabbb,0,5,0,5
collabe,0,2,0,2
collabed,0,3,19,22
collabing,3,5,12,20
collabinn,0,1,0,1
collabo,2,1,3,6
collaborate,1,50,45,96
collaborated,1,3,11,15
collaborating,4,7,10,21
collaboration,13,49,155,217
collaborations,1,1,13,15
collaborative,0,3,1,4
collaborator,0,3,6,9
collabs,4,15,66,85
collabwithfilmtheory,0,1,0,1
collad,0,0,1,1
collag,2,0,0,2
collage,5,2,29,36
collagen,0,7,9,16
collages,2,0,0,2
collape,0,1,0,1
collapse,16,8,54,78
collapsed,6,2,8,16
collapses,0,0,16,16
collapsible,2,0,1,3
collapsing,8,1,19,28
collar,13,45,62,120
collarbone,7,0,1,8
collared,0,0,5,5
collarless,0,0,5,5
collars,2,11,7,20
collate,0,0,1,1
collateral,1,0,5,6
collbin,0,1,0,1
colleague,6,2,8,16
colleagues,7,4,17,28
collect,27,19,50,96
collectables,0,0,3,3
collected,17,1,20,38
collectible,1,0,0,1
collectie,0,1,0,1
collecting,14,17,30,61
collection,62,142,712,916
collectionner,0,0,4,4
collections,2,2,31,35
collective,7,13,11,31
collectively,16,4,9,29
collectives,1,0,0,1
collectivism,4,0,0,4
collectivist,3,0,4,7
collectivly,2,0,0,2
collector,25,3,3,31
collectors,6,1,19,26
collects,0,1,0,1
colleeen,0,0,1,1
colleen,6,32,30,68
colleens,0,0,1,1
college,134,160,495,789
collegeeee,0,1,0,1
collegehumor,17,6,10,33
collegehumorless,0,0,1,1
collegehumour,1,0,3,4
collegelife,0,0,2,2
collegeparty,0,0,1,1
colleges,15,0,7,22
collegiate,0,0,1,1
colleja,0,4,0,4
collen,0,1,3,4
coller,0,1,0,1
collete,5,0,1,6
colletee,0,1,0,1
collette,0,4,8,12
collid,1,0,0,1
collide,6,4,2,12
collided,2,0,0,2
collider,1,3,4,8
colliders,2,0,0,2
collides,0,0,1,1
colliding,0,6,1,7
collierville,0,1,0,1
collin,4,3,17,24
colline,0,1,0,1
collins,5,56,24,85
collinsworth,0,2,0,2
collision,3,13,7,23
colllabed,0,0,1,1
collllle,0,1,0,1
collobarating,0,1,0,1
collodion,0,0,1,1
colloquial,0,0,2,2
colloquially,0,0,1,1
collor,0,0,1,1
collude,1,1,2,4
colluded,3,0,2,5
colludes,0,0,1,1
colluding,1,0,1,2
collusion,3,3,11,17
collyer,0,0,4,4
colmebt,0,0,2,2
colmo,0,2,0,2
colo,0,1,0,1
colobiana,0,1,0,1
coloboration,0,0,1,1
coloca,0,6,1,7
colocando,0,1,0,1
colocaram,0,1,0,1
colochos,0,5,0,5
coloer,1,0,0,1
cologne,3,2,19,24
colombia,3,148,44,195
colombiaaa,0,1,0,1
colombiaaaa,0,2,0,2
colombiaaaaa,0,1,0,1
colombiaaaaaaaaaaaaaaaaaaaaaaaaaaaaaaaa,0,1,0,1
colombian,1,15,4,20
colombiana,0,7,0,7
colombianas,0,1,0,1
colombianes,0,1,0,1
colombianisimo,0,1,0,1
colombiano,0,14,2,16
colombianos,0,7,0,7
colombianosenelexterior,0,1,0,1
colombians,4,1,0,5
colon,3,5,8,16
colonbiana,0,1,0,1
colonbiano,0,1,0,1
colonel,0,2,5,7
colonia,0,0,2,2
colonial,1,9,7,17
colonialism,0,3,2,5
colonies,7,9,17,33
colonisation,3,0,1,4
colonise,1,0,2,3
colonising,0,0,1,1
colonists,3,0,1,4
colonizadores,0,0,2,2
colonization,1,0,5,6
colonize,8,1,4,13
colonized,0,4,9,13
colonizing,0,1,11,12
colonoscopy,0,2,0,2
colons,4,0,0,4
colony,4,0,20,24
coloquem,0,4,0,4
coloquen,0,1,0,1
color,222,349,1308,1879
colorado,11,14,27,52
coloration,0,0,2,2
colorblind,1,5,1,7
colored,19,15,115,149
coloredge,0,1,0,1
coloreds,0,0,1,1
colores,1,1,2,4
colorful,6,1,92,99
coloring,15,15,54,84
colorized,0,0,2,2
colorizer,5,2,0,7
colorless,1,0,0,1
colorpop,0,1,0,1
colors,58,84,489,631
colorspace,0,0,2,2
colorsss,0,0,2,2
colorstay,0,0,5,5
colorway,0,0,1,1
colossal,6,0,5,11
colossians,0,0,5,5
colossus,1,5,4,10
colostomy,0,0,1,1
colostrum,0,1,2,3
colouful,0,1,0,1
colour,134,154,752,1040
colourblind,3,1,3,7
coloured,11,4,49,64
colourful,10,12,29,51
colourfx,5,0,0,5
colouring,1,0,18,19
colourist,0,0,1,1
colourless,0,0,3,3
colourpop,0,8,5,13
colourrrr,0,0,6,6
colours,46,32,227,305
colpa,0,1,0,1
colpiti,0,1,0,1
colposcopy,5,0,0,5
colposcopys,5,0,0,5
colson,0,0,6,6
colt,0,0,8,8
colton,0,6,0,6
coltrane,6,0,0,6
colts,2,6,6,14
colum,0,0,3,3
columbia,10,8,12,30
columbian,0,1,4,5
columbine,5,0,12,17
columbo,0,0,6,6
columbus,10,8,8,26
column,3,1,18,22
columnists,0,0,1,1
colutura,0,0,1,1
colwell,0,1,0,1
com,94,353,585,1032
coma,25,0,26,51
comac,0,3,1,4
coman,0,0,4,4
comandant,0,0,1,1
comas,0,1,3,4
comb,22,27,57,106
comback,1,1,2,4
combacks,2,0,1,3
combat,63,25,79,167
combatant,1,0,0,1
combatants,1,0,0,1
combated,0,0,1,1
combating,0,0,1,1
combative,0,0,3,3
combats,0,0,4,4
combattere,0,1,0,1
combed,1,0,0,1
combertash,3,0,0,3
combi,0,0,2,2
combien,0,6,0,6
combinaci,3,2,1,6
combinacion,0,1,0,1
combinaciones,0,2,0,2
combinan,0,1,0,1
combinar,0,1,0,1
combinaron,0,0,3,3
combination,40,14,157,211
combinations,13,12,27,52
combine,8,3,41,52
combined,59,47,177,283
combiner,0,0,2,2
combines,0,0,24,24
combing,1,5,1,7
combining,3,11,8,22
combino,0,1,0,1
combinou,0,5,0,5
comble,0,4,0,4
combo,53,28,215,296
combos,5,0,22,27
combover,0,0,1,1
combs,2,0,5,7
combucha,0,0,1,1
combustion,0,1,3,4
comcast,0,1,1,2
comcraps,0,0,4,4
comdemn,0,0,3,3
comdyshortgames,0,1,0,1
come,1573,2287,5517,9377
comeback,42,78,210,330
comebackk,0,0,2,2
comebackkkk,0,1,0,1
comebacks,4,5,5,14
comebck,1,0,0,1
comebk,3,0,0,3
comedia,0,1,0,1
comedian,42,54,192,288
comedians,22,13,64,99
comediante,0,0,2,2
comedic,16,14,60,90
comedie,0,0,2,2
comedienne,15,2,1,18
comedies,4,0,12,16
comedogenic,0,0,1,1
comedy,181,127,442,750
comedyshortsgamer,0,2,0,2
comee,0,1,0,1
comeee,0,1,0,1
comeform,0,0,1,1
comeing,1,2,4,7
comeis,0,1,0,1
comemanzanas,0,1,0,1
comennnnn,0,1,0,1
coment,3,24,24,51
comenta,0,3,0,3
comentando,0,8,2,10
comentar,0,11,0,11
comentario,0,38,8,46
comentarios,0,18,1,19
comentarista,0,10,0,10
comentaron,0,0,1,1
comentary,0,0,2,2
comentaters,1,0,0,1
comentator,1,0,0,1
comentem,0,1,0,1
comenten,0,8,1,9
comenter,0,0,2,2
coments,6,7,3,16
comenz,0,3,0,3
comeon,0,0,1,1
comeonevelynbethdinburg,1,0,0,1
comeonyoublues,0,2,0,2
comeperros,0,5,0,5
comeputer,0,1,0,1
comer,0,10,1,11
comercial,7,9,8,24
comercials,0,1,1,2
comerlo,0,4,0,4
comers,0,0,1,1
comes,550,455,1770,2775
comet,2,5,0,7
cometario,0,7,0,7
cometh,6,0,1,7
cometido,0,3,0,3
cometobesiktas,0,1,0,1
cometogether,0,1,0,1
cometorichmondva,2,0,0,2
comets,0,0,4,4
comeu,0,2,0,2
comeup,0,1,1,2
comey,3,1,5,9
comfier,0,0,2,2
comfired,0,0,2,2
comfirm,0,2,0,2
comformed,0,0,1,1
comfort,48,20,307,375
comfortability,0,0,4,4
comfortable,61,0,474,535
comfortably,1,0,27,28
comforted,5,1,12,18
comforter,17,0,2,19
comforting,25,12,112,149
comforts,1,0,11,12
comfused,0,0,1,1
comfy,15,10,131,156
comfys,0,0,1,1
comfyy,0,1,0,1
comgod,0,0,1,1
comi,0,6,0,6
comibination,0,0,7,7
comic,21,0,209,230
comical,5,0,18,23
comically,0,0,1,1
comications,2,0,0,2
comicbook,0,2,5,7
comicbookcast,0,0,7,7
comicon,0,4,2,6
comics,13,17,98,128
comicstars,0,2,0,2
comida,0,5,0,5
comidan,0,0,5,5
comidas,0,5,0,5
comidens,2,0,0,2
comidien,0,0,1,1
comiditas,0,2,0,2
comido,0,3,0,3
comienza,0,0,1,1
comigo,0,5,0,5
comimos,0,1,0,1
comin,10,8,141,159
coming,574,798,2178,3550
comingggg,0,5,0,5
comings,0,0,1,1
comingsoon,0,2,0,2
cominting,0,0,1,1
comints,0,2,0,2
comissioner,1,0,0,1
comit,0,0,1,1
comitiing,0,0,7,7
comix,0,0,1,1
comjng,0,0,1,1
comletely,1,0,0,1
comm,2,0,1,3
comma,0,1,0,1
commadus,0,1,0,1
comman,2,1,0,3
command,25,4,37,66
commandais,0,1,0,1
commandant,4,0,0,4
commanded,0,0,6,6
commander,12,10,20,42
commanders,0,0,15,15
commandes,0,1,0,1
commandeth,0,0,1,1
commanding,8,0,2,10
commandment,0,1,2,3
commandments,9,0,66,75
commando,6,1,8,15
commandos,1,0,0,1
commands,2,8,38,48
commants,0,1,0,1
commas,0,6,0,6
comme,18,26,41,85
commemorate,0,0,5,5
commemorating,0,0,2,2
commemorative,5,0,0,5
commemt,0,0,1,1
commen,0,0,1,1
commenc,0,3,1,4
commence,3,6,1,10
commenced,3,0,0,3
commencer,0,2,0,2
commences,0,2,0,2
commend,8,3,16,27
commendable,2,1,6,9
commended,2,0,9,11
commending,0,0,4,4
comment,668,839,1843,3350
commentaire,0,4,1,5
commentaires,0,2,4,6
commentaries,0,0,8,8
commentary,73,51,134,258
commentate,1,0,1,2
commentateur,0,2,0,2
commentating,5,1,14,20
commentation,0,0,1,1
commentator,30,18,30,78
commentators,42,16,35,93
commente,0,0,1,1
commented,24,14,111,149
commenter,1,8,25,34
commenters,4,4,15,23
commentetors,7,0,0,7
commentfrom,1,0,0,1
commentin,0,0,1,1
commenting,105,62,160,327
commentor,0,0,6,6
commentors,0,0,1,1
comments,861,539,1616,3016
commentsection,0,0,5,5
commentss,0,1,0,1
commenttakeover,0,2,0,2
commentttt,0,2,0,2
commentz,0,0,1,1
commeny,0,1,0,1
commerce,1,0,6,7
commercial,114,150,200,464
commercialisation,0,0,12,12
commercialised,3,0,4,7
commercialism,4,0,4,8
commercialization,8,0,0,8
commercializations,4,0,0,4
commercialize,1,0,0,1
commercialized,0,0,2,2
commercially,0,1,3,4
commercials,17,17,52,86
commercialtime,0,1,0,1
commerical,2,3,3,8
commericalize,1,0,0,1
commerically,0,0,2,2
commersons,0,0,1,1
commes,0,0,5,5
commet,0,1,1,2
commeting,2,0,0,2
commi,0,0,1,1
commie,17,14,14,45
commies,4,4,8,16
commiment,0,0,1,1
commin,1,0,1,2
comming,7,1,15,23
commintng,0,0,3,3
commis,0,0,1,1
commiseration,1,0,0,1
commision,1,0,1,2
commission,7,0,22,29
commissioned,0,2,2,4
commissioner,9,2,2,13
commissions,0,3,1,4
commit,84,19,91,194
commitaphobe,4,0,0,4
commited,1,2,11,14
commitee,0,0,5,5
commiting,5,0,0,5
commitment,19,18,56,93
commitments,3,0,13,16
commits,2,0,7,9
committed,73,20,94,187
committee,7,2,6,15
committees,0,0,1,1
committing,22,7,36,65
commma,0,0,3,3
commn,0,1,0,1
commnets,0,8,0,8
commode,0,0,1,1
commodification,0,0,3,3
commodify,0,0,1,1
commodity,5,0,5,10
commodore,4,4,8,16
commodus,0,0,1,1
common,397,8,397,802
commonality,0,0,4,4
commoner,2,0,1,3
commoners,0,0,1,1
commonly,7,0,15,22
commonplace,0,0,11,11
commons,1,0,1,2
commonsense,3,0,0,3
commonwealth,14,12,12,38
commoooon,0,0,1,1
commossa,0,3,0,3
commotion,1,0,1,2
commrades,0,6,0,6
comms,1,0,1,2
commts,1,0,0,1
commun,0,2,0,2
communacation,0,1,0,1
communal,0,0,3,3
commune,0,0,1,1
communicate,40,23,92,155
communicated,3,0,12,15
communicates,0,2,5,7
communicating,4,3,34,41
communication,23,10,71,104
communications,0,5,6,11
communicative,0,0,9,9
communicator,5,0,13,18
communicators,1,0,3,4
communion,2,8,2,12
communism,20,21,39,80
communist,35,42,40,117
communists,17,8,16,41
communities,24,13,69,106
community,139,45,421,605
commutative,0,1,0,1
commute,5,1,9,15
commuted,0,2,4,6
commuter,0,0,13,13
commuters,0,0,3,3
commuting,0,0,7,7
como,29,714,93,836
comoantes,0,2,0,2
comodidad,0,1,0,1
comon,1,6,0,7
comoo,1,0,0,1
comostas,0,1,0,1
comotomo,0,0,5,5
comp,5,3,21,29
compa,0,7,0,7
compability,0,2,0,2
compacity,0,1,0,1
compact,3,1,24,28
compacted,0,0,1,1
compacts,0,2,3,5
compadre,0,1,0,1
compagnies,1,0,0,1
compagnion,0,0,6,6
compagno,0,1,0,1
compain,0,2,0,2
compaines,0,0,2,2
compaining,0,0,1,1
compair,1,0,0,1
compaired,0,0,1,1
companhia,0,1,0,1
companies,110,61,341,512
companion,7,1,18,26
companions,3,0,15,18
companionship,0,0,3,3
companis,4,0,0,4
company,245,145,631,1021
companys,1,7,6,14
compaq,0,4,3,7
compara,0,8,0,8
comparable,13,1,20,34
comparan,1,0,0,1
comparando,0,2,0,2
comparasons,3,0,0,3
comparative,1,0,1,2
comparatively,2,0,10,12
compare,59,45,254,358
compared,176,59,448,683
compares,4,4,16,24
comparing,47,30,114,191
comparishon,0,3,0,3
comparision,0,1,1,2
comparison,59,38,180,277
comparisons,19,5,10,34
comparisson,1,0,2,3
comparte,1,0,0,1
comparten,1,0,0,1
comparti,0,1,0,1
compartilhar,0,5,0,5
compartir,1,1,0,2
compartment,5,4,5,14
compasi,0,2,0,2
compasity,0,1,0,1
compass,7,1,15,23
compassion,9,4,54,67
compassionate,10,0,25,35
compatibility,0,0,1,1
compatible,11,2,16,29
compatriota,0,4,0,4
compatriotas,0,3,0,3
compatriots,0,0,2,2
compatta,0,1,0,1
comped,0,2,4,6
compel,0,0,4,4
compelet,0,1,0,1
compelled,10,6,28,44
compelling,1,0,51,52
compelte,0,0,1,1
compeltly,0,2,0,2
compensa,0,5,0,5
compensate,8,10,23,41
compensated,2,0,9,11
compensates,5,0,4,9
compensating,1,2,4,7
compensation,6,0,7,13
competative,0,0,3,3
compete,11,24,127,162
competed,0,0,10,10
competence,0,0,5,5
competencia,0,0,1,1
competent,2,0,11,13
competently,1,0,0,1
competes,0,0,8,8
competetive,3,0,1,4
competetors,0,1,0,1
competing,3,10,30,43
competion,0,1,6,7
competition,64,35,252,351
competitions,2,2,52,56
competitiors,0,0,1,1
competitiv,0,0,1,1
competitive,23,12,40,75
competiton,0,0,2,2
competitor,5,6,32,43
competitors,6,0,19,25
competitve,0,1,0,1
competive,0,1,0,1
compilaci,0,1,0,1
compilation,17,19,32,68
compilations,0,1,14,15
compile,0,4,7,11
compiled,0,0,10,10
compiliation,0,1,0,1
compiling,3,0,5,8
comping,0,1,0,1
compl,2,0,0,2
complacency,0,0,12,12
complacent,13,0,6,19
complain,101,37,150,288
complained,41,0,33,74
complainer,0,0,2,2
complainers,0,0,2,2
complaing,0,0,2,2
complainig,0,0,1,1
complaining,107,93,273,473
complainingly,2,0,0,2
complains,10,15,18,43
complaint,13,0,51,64
complaints,22,2,54,78
complament,0,2,0,2
compleate,0,0,1,1
compleately,1,0,0,1
complected,1,0,4,5
compleet,0,1,0,1
complement,1,0,19,20
complementary,0,2,3,5
complemented,1,1,0,2
complementing,1,0,4,5
complements,0,0,6,6
complerely,0,0,2,2
completa,0,0,5,5
completaba,0,1,0,1
completamente,0,9,0,9
complete,218,2,627,847
completed,18,20,35,73
completeley,0,0,1,1
completelly,0,2,0,2
completely,463,42,1347,1852
completelyyyy,0,0,1,1
completes,1,6,12,19
completing,5,1,15,21
completion,2,0,16,18
completley,0,5,1,6
completly,0,1,23,24
completness,0,0,1,1
completo,0,29,0,29
complettly,0,0,4,4
complex,104,0,143,247
complexes,0,4,2,6
complexicated,0,1,0,1
complexion,8,3,40,51
complexions,0,0,2,2
complexities,4,2,8,14
complexity,12,0,9,21
complextion,0,0,1,1
compleyely,1,0,0,1
compliance,0,2,16,18
compliancecheck,0,2,0,2
complicado,0,11,0,11
complicate,5,0,5,10
complicated,105,7,64,176
complicatedlogical,0,1,0,1
complicating,0,0,2,2
complication,1,3,4,8
complications,1,0,8,9
complicit,7,7,27,41
complicity,0,1,0,1
compliemnt,0,0,1,1
compliment,23,25,112,160
complimentary,1,0,40,41
complimented,1,0,11,12
complimenti,5,23,0,28
complimenting,0,0,4,4
complimentjes,0,1,0,1
complimentoni,0,1,0,1
compliments,9,1,74,84
complotting,1,0,0,1
comply,6,5,7,18
complying,0,0,1,1
compondr,2,0,0,2
component,2,9,17,28
componentes,0,0,2,2
components,5,2,24,31
componiendo,0,0,1,1
comportada,0,1,0,1
comportement,0,2,0,2
comports,0,0,1,1
compose,4,4,9,17
composed,3,4,54,61
composer,1,1,18,20
composers,0,5,1,6
composes,0,0,11,11
composicion,0,0,1,1
composing,0,4,9,13
composite,0,1,16,17
composition,8,6,16,30
compositions,0,0,3,3
compositor,0,5,1,6
compositores,0,0,1,1
compostable,0,0,2,2
composure,1,4,7,12
compote,1,0,6,7
compound,8,7,11,26
compounded,0,0,2,2
compounds,1,0,8,9
comprado,0,13,0,13
comprar,0,6,0,6
comprara,0,4,0,4
comprarla,0,1,0,1
comprarlo,0,4,0,4
compraron,0,6,0,6
compras,0,1,0,1
compratir,0,1,0,1
compre,0,7,0,7
comprehend,29,0,37,66
comprehending,1,0,8,9
comprehensible,5,0,5,10
comprehension,9,0,4,13
comprehensive,3,0,10,13
comprend,0,5,0,5
comprende,1,0,0,1
comprendre,0,3,0,3
comprensible,0,0,1,1
compress,2,5,13,20
compressed,13,8,42,63
compressible,0,0,4,4
compression,14,8,113,135
compressions,0,0,4,4
compressive,0,0,1,1
compressor,6,0,3,9
compressorhead,0,1,0,1
compris,0,3,0,3
comprise,0,0,5,5
comprised,0,1,7,8
comprises,0,0,1,1
compro,0,5,0,5
comprocar,0,3,0,3
compromise,8,0,44,52
compromised,0,0,13,13
compromises,4,0,8,12
compromising,0,0,4,4
compromiso,0,2,4,6
comprovamos,0,0,1,1
comprsed,0,1,0,1
comps,1,0,2,3
compte,3,0,1,4
compter,0,2,0,2
comptoir,0,0,1,1
compton,3,15,13,31
compulsive,4,0,0,4
compulsively,0,0,1,1
compulsory,0,0,2,2
compunctions,0,0,1,1
compusa,0,1,0,1
computable,1,0,0,1
computador,0,1,0,1
computations,2,0,1,3
compute,1,4,2,7
computer,115,111,335,561
computerbugs,0,1,0,1
computerized,0,1,3,4
computerphile,0,3,0,3
computers,25,40,88,153
computerspielmuseum,0,0,1,1
computewr,0,0,1,1
computing,4,3,15,22
computo,0,0,1,1
comrade,3,10,10,23
comradely,0,0,1,1
comraderie,0,0,5,5
comradery,3,0,6,9
comrades,0,2,15,17
comradeship,0,0,6,6
comrshial,0,3,0,3
coms,1,4,2,7
comsuk,4,0,0,4
comsume,0,1,0,1
comsumption,0,0,1,1
comunicaci,0,2,0,2
comunicate,1,1,0,2
comunication,0,0,3,3
comuning,0,0,1,1
comunist,0,0,6,6
comunistas,0,1,0,1
comunity,1,0,2,3
comunque,5,2,0,7
comuter,0,2,0,2
con,130,773,171,1074
cona,0,1,0,1
conair,0,1,0,1
conan,112,143,191,446
conannnn,0,1,0,1
conans,1,0,5,6
conbutle,2,0,0,2
conc,0,1,0,1
conca,0,5,0,5
concave,0,0,3,3
conceal,14,7,13,34
concealed,8,10,14,32
concealer,70,126,283,479
concealers,11,4,28,43
concealing,7,0,3,10
concealment,3,4,2,9
conced,0,6,0,6
conceda,0,2,0,2
concede,9,2,22,33
conceded,0,0,9,9
conceder,0,0,1,1
conceding,0,5,17,22
conceit,2,0,0,2
conceited,4,1,7,12
conceito,0,1,0,1
conceitual,0,1,0,1
conceivable,1,0,1,2
conceive,1,0,22,23
conceived,3,3,7,13
conceiving,1,0,9,10
concelar,1,1,1,3
concelear,1,0,0,1
concentracion,0,0,1,1
concentrarsi,0,2,0,2
concentrate,14,30,35,79
concentrated,4,2,21,27
concentrates,0,4,3,7
concentrating,4,0,0,4
concentration,28,13,16,57
concentrations,1,0,4,5
concentre,0,2,0,2
concentric,1,0,0,1
concep,0,1,0,1
concept,101,50,405,556
conception,10,4,4,18
conceptions,0,0,2,2
concepto,0,1,0,1
concepts,21,1,49,71
conceptual,0,0,1,1
conceptualized,4,0,0,4
conceptually,0,0,4,4
concequences,1,0,0,1
concered,0,2,0,2
concering,0,4,0,4
concern,20,7,90,117
concerned,46,18,159,223
concernicus,3,0,0,3
concerning,2,8,25,35
concerns,10,13,37,60
concerntrate,1,0,0,1
concert,90,105,438,633
concerted,0,0,2,2
concerteza,0,1,0,1
concertgoer,0,0,1,1
concertgoers,0,0,5,5
concertlist,0,0,2,2
concerto,0,0,3,3
concerts,23,16,58,97
concession,0,0,7,7
concessions,0,0,7,7
conch,0,1,0,1
concha,0,6,0,6
conchas,0,4,0,4
conchatumare,0,5,0,5
conchetumare,0,1,0,1
conchetumareee,0,5,0,5
conchiousness,2,0,0,2
conchomam,0,1,0,1
conchords,0,0,1,1
concided,1,0,0,1
concider,0,0,4,4
conciencia,0,2,0,2
concierto,1,13,4,18
conciertos,5,7,0,12
concieveable,0,0,2,2
concieved,0,0,4,4
conciliatory,0,0,1,1
concilio,0,3,2,5
conciller,0,1,0,1
concion,0,1,0,1
concious,5,5,8,18
conciousness,0,2,8,10
conciousnesses,0,0,1,1
concise,0,0,22,22
concisely,0,0,1,1
conciseness,1,0,0,1
conclealer,0,0,1,1
conclude,7,1,13,21
concluded,9,0,4,13
concludes,0,0,4,4
concluding,0,0,1,1
conclusion,22,10,50,82
conclusions,13,3,27,43
conclusive,0,0,1,1
conclusively,1,0,4,5
concocted,0,0,6,6
concoction,0,0,1,1
concoious,0,0,1,1
concont,0,1,0,1
concord,1,1,0,2
concordancia,0,0,1,1
concorde,0,2,7,9
concords,0,0,1,1
concours,0,2,0,2
concret,0,0,1,1
concreta,0,1,0,1
concrete,22,0,47,69
concreto,1,0,0,1
concrt,1,0,0,1
concrtt,1,0,0,1
conctatez,0,0,1,1
concuerda,0,1,0,1
concur,2,2,8,12
concurr,0,0,2,2
concurrence,0,0,1,1
concurrently,0,0,1,1
concurso,0,5,0,5
concuss,0,0,8,8
concussed,2,5,0,7
concussion,4,3,7,14
concussions,0,0,2,2
concussive,1,0,0,1
condeming,5,0,0,5
condemn,23,3,29,55
condemnation,5,0,4,9
condemned,6,1,7,14
condemning,3,0,7,10
condemns,0,5,2,7
condenado,0,1,0,1
condensate,10,4,21,35
condensation,6,0,7,13
condenscending,0,0,3,3
condense,0,0,7,7
condensed,3,4,9,16
condenser,3,8,3,14
condensers,0,0,2,2
condensing,0,8,0,8
condescending,27,1,18,46
condescendingly,0,0,2,2
condescension,0,0,1,1
condiciones,0,4,0,4
condiment,1,2,1,4
condiments,0,0,6,6
condisending,1,0,0,1
condit,3,7,59,69
condition,61,17,173,251
conditional,0,1,3,4
conditionated,0,0,3,3
conditioned,2,2,6,10
conditioner,19,23,50,92
conditioners,0,7,2,9
conditioning,13,13,7,33
conditions,29,13,114,156
condits,0,0,5,5
condivido,0,0,1,1
condo,6,0,7,13
condol,0,1,0,1
condolence,0,1,0,1
condolences,26,9,35,70
condoling,0,0,4,4
condom,13,28,27,68
condoms,18,21,13,52
condomsnap,0,2,0,2
condone,9,0,17,26
condoning,2,1,0,3
condor,2,1,3,6
condsideing,0,0,1,1
condtion,1,0,0,1
conduct,8,0,10,18
conducta,0,1,0,1
conductances,2,0,0,2
conducted,5,0,11,16
conducting,8,0,2,10
conduction,2,0,0,2
conductive,0,0,1,1
conductor,0,4,4,8
conducts,4,0,0,4
conduit,0,0,3,3
cone,5,26,23,54
conect,0,1,0,1
conected,0,1,0,1
conection,0,0,4,4
conections,2,0,0,2
conects,0,5,0,5
coned,0,0,1,1
coneheads,2,0,0,2
conen,4,0,0,4
coner,0,1,3,4
conern,1,0,0,1
cones,0,0,6,6
conesnail,0,5,0,5
conetent,0,0,2,2
coney,1,6,2,9
coneys,4,0,0,4
confarecencia,0,3,0,3
confederacy,15,0,6,21
confederate,39,3,15,57
confederates,0,0,1,1
confederations,6,0,0,6
confer,0,0,2,2
conference,26,25,39,90
conferences,4,0,9,13
confermation,0,0,1,1
confess,7,7,25,39
confessed,1,1,3,5
confesses,0,0,6,6
confessin,0,0,2,2
confessing,0,0,11,11
confession,8,3,8,19
confessional,0,4,0,4
confessions,2,12,5,19
confetti,6,4,2,12
confiance,4,0,0,4
confianza,0,8,0,8
confide,0,0,5,5
confided,0,0,4,4
confidence,60,13,250,323
confident,8,0,315,323
confidentiality,3,2,0,5
confidentional,0,5,0,5
confidently,1,0,7,8
confidents,0,0,6,6
confiermeeeeeeeeeuuued,0,0,4,4
config,0,0,3,3
configurated,0,0,1,1
configuration,11,3,4,18
configurations,1,0,0,1
configuring,0,0,1,1
confine,0,2,0,2
confined,1,2,2,5
confining,0,0,1,1
confirm,37,61,216,314
confirmar,0,0,4,4
confirmation,7,2,24,33
confirmed,25,4,290,319
confirming,5,0,11,16
confirms,8,1,14,23
confirrrrrrmed,0,0,1,1
confiscate,1,1,6,8
confiscated,0,0,3,3
confiscating,0,0,2,2
confiscation,0,3,5,8
confit,0,0,3,3
conflate,1,0,0,1
conflated,0,0,2,2
conflating,0,0,1,1
conflict,85,1,64,150
conflicted,2,2,6,10
conflicting,3,0,19,22
conflicts,2,1,9,12
confluence,0,2,0,2
conforama,0,4,0,4
conform,5,5,22,32
conforman,0,0,1,1
conformation,0,0,2,2
conforme,0,1,0,1
conformed,5,0,0,5
conforming,1,0,3,4
conformist,0,0,2,2
conformists,0,0,1,1
conformo,0,1,0,1
confort,0,2,0,2
confortation,2,0,0,2
confounded,0,0,1,1
confounding,0,0,1,1
confrime,1,0,0,1
confrirm,0,0,5,5
confrmed,0,1,0,1
confront,7,1,24,32
confrontation,4,6,10,20
confrontational,1,0,5,6
confronted,12,1,8,21
confronting,0,0,11,11
confronts,1,1,1,3
confuddled,0,1,0,1
confundes,0,4,0,4
confurmd,0,1,0,1
confuse,6,18,38,62
confused,572,12,283,867
confuses,4,5,17,26
confusin,0,0,6,6
confusing,91,0,99,190
confusion,20,27,73,120
confusione,0,5,0,5
confusions,0,0,3,3
confuso,0,4,0,4
confussion,0,1,0,1
confutable,0,0,2,2
confy,0,0,2,2
cong,6,3,5,14
conga,0,1,0,1
congadualtions,0,0,1,1
congates,1,0,0,1
congatulations,0,0,3,3
congealed,4,0,0,4
congel,0,1,0,1
congenital,1,0,5,6
congested,3,0,8,11
congestion,0,0,1,1
congestive,0,0,1,1
congo,3,9,13,25
congraatz,0,1,0,1
congrac,0,0,2,2
congrads,0,4,6,10
congraduations,0,2,0,2
congradulate,0,0,1,1
congradulations,0,0,2,2
congragulations,0,0,3,3
congrast,0,2,0,2
congrat,0,0,6,6
congrates,0,0,3,3
congratiolations,1,0,0,1
congratolations,0,1,0,1
congrats,90,903,1041,2034
congratscarli,0,1,0,1
congratss,0,5,0,5
congratsss,0,1,0,1
congratssss,0,1,3,4
congratsssss,0,4,1,5
congratttsss,0,1,0,1
congratualtions,0,0,1,1
congratufuckinglations,0,0,1,1
congratulate,4,3,27,34
congratulated,0,0,3,3
congratulating,7,0,1,8
congratulatiobs,0,0,3,3
congratulation,0,18,21,39
congratulations,53,339,853,1245
congratulationssss,0,0,5,5
congratulatioooons,0,6,0,6
congratulatons,0,0,6,6
congratulatory,0,0,1,1
congratumalations,0,0,1,1
congratz,0,18,29,47
congregating,0,3,0,3
congregation,0,0,6,6
congress,54,10,94,158
congresses,1,0,0,1
congressional,0,2,2,4
congressman,0,0,2,2
congressmen,2,0,8,10
congresswoman,0,0,1,1
congresswomen,0,0,1,1
congrets,0,0,2,2
congrtassss,0,1,0,1
congrts,0,2,0,2
congrulations,0,0,2,2
congz,0,0,1,1
conhe,0,3,2,5
conhece,0,1,0,1
conhecer,1,6,0,7
conheci,0,2,0,2
conhecia,0,2,0,2
conhecie,0,1,0,1
conical,0,0,1,1
conjecture,5,1,2,8
conjoined,1,6,0,7
conjugate,0,2,0,2
conjunction,0,3,9,12
conjunto,0,0,1,1
conjure,1,0,2,3
conjured,6,0,0,6
conjuring,1,0,6,7
conjurning,0,4,0,4
conka,0,1,0,1
conker,14,15,16,45
conkering,0,0,3,3
conkers,6,8,11,25
conlifurze,0,6,0,6
conmad,0,1,0,1
conman,0,0,15,15
conmebts,1,0,0,1
conmigo,0,3,0,3
conmovi,0,0,3,3
conmueve,0,1,0,1
conn,1,0,0,1
conna,0,0,1,1
connan,1,32,2,35
connans,0,1,0,1
connard,1,0,0,1
conneceted,0,0,1,1
connect,41,36,156,233
connected,52,36,179,267
connecticut,1,2,6,9
connecting,9,6,35,50
connection,44,42,192,278
connections,5,4,87,96
connective,0,0,1,1
connectivity,6,6,0,12
connecton,1,0,0,1
connector,1,0,6,7
connectors,2,1,1,4
connects,5,0,17,22
conned,1,1,9,11
connell,0,0,5,5
connelly,0,5,1,6
conner,0,8,7,15
connerie,1,0,0,1
conneries,2,7,4,13
connery,0,0,11,11
connes,0,2,0,2
connessione,0,1,0,1
connexion,1,0,0,1
connez,1,0,0,1
connie,2,3,6,11
connieeee,0,1,0,1
connies,0,1,0,1
conning,1,0,0,1
conniptions,0,1,0,1
connisuier,0,0,5,5
conniving,0,0,1,1
connnectors,0,1,0,1
connoisseur,17,0,4,21
connoisseurs,0,0,4,4
connolly,1,0,0,1
connon,0,0,3,3
connor,31,82,91,204
connorfranta,0,1,0,1
connors,3,3,3,9
connosier,7,0,0,7
connotation,6,0,1,7
connue,0,0,3,3
conoc,0,2,0,2
conoce,2,1,0,3
conocemos,0,1,0,1
conocen,0,2,0,2
conocer,0,9,3,12
conocerlo,0,4,0,4
conocerte,0,2,0,2
conoces,0,4,0,4
conocido,0,2,0,2
conocidos,6,1,0,7
conocimientos,6,0,0,6
conolies,0,3,0,3
conoly,0,1,0,1
conomies,1,0,0,1
conomise,0,0,2,2
conomiser,6,0,0,6
conon,0,4,4,8
conor,100,114,241,455
conormaynard,0,1,0,1
conors,0,0,10,10
conosce,0,4,0,4
conoserlos,0,1,0,1
conoserte,0,1,0,1
conover,1,0,0,1
conozcan,0,2,1,3
conozco,1,2,0,3
conparasion,0,1,0,1
conpare,0,0,1,1
conpeletely,3,0,0,3
conpesations,0,2,0,2
conplain,4,0,0,4
conpletley,0,0,3,3
conprar,0,1,0,1
conq,1,0,0,1
conquelin,0,5,0,5
conquer,26,5,24,55
conquered,1,2,9,12
conquerer,0,2,0,2
conquering,0,0,4,4
conqueror,0,1,1,2
conquerors,0,0,4,4
conquers,0,2,2,4
conquest,13,16,25,54
conquista,0,2,0,2
conquistador,0,1,0,1
conrad,4,7,11,22
conrags,0,0,1,1
conran,0,0,8,8
conrates,0,1,0,1
conroy,0,0,3,3
cons,8,1,18,27
consagrada,0,1,0,1
conscience,16,13,29,58
conscientes,0,4,0,4
conscientious,5,0,1,6
consciouness,0,0,1,1
conscious,31,0,145,176
consciously,5,0,21,26
consciousness,28,34,135,197
consciousnessess,0,0,1,1
conscription,1,0,4,5
conscusness,0,0,1,1
consdere,1,0,0,1
consecration,0,0,1,1
consecuences,0,0,4,4
consecuencias,0,5,0,5
consecuente,0,0,5,5
consecutivas,0,4,0,4
consecutive,3,5,12,20
consecutively,3,2,6,11
consegue,0,1,0,1
conseguem,0,3,1,4
consegui,1,0,0,1
conseguir,0,1,1,2
conseguiu,0,1,0,1
conseil,0,0,1,1
conseille,0,0,1,1
conseiller,0,0,4,4
conseils,0,1,0,1
consensual,6,1,6,13
consensus,0,6,16,22
consent,11,8,12,31
consented,6,5,5,16
consenting,1,0,0,1
consentration,0,2,0,2
consentual,0,1,0,1
consept,0,0,2,2
consequence,10,3,57,70
consequences,38,5,68,111
consequent,0,0,2,2
consequential,0,0,2,2
consequently,0,1,11,12
consern,0,1,0,1
consert,0,0,12,12
conserva,0,2,0,2
conservabitches,0,1,0,1
conservation,1,0,22,23
conservationist,0,0,1,1
conservatismiscancer,3,0,0,3
conservative,48,11,93,152
conservatives,73,13,36,122
conservatory,0,0,8,8
conserve,0,0,1,1
conserved,0,0,1,1
conservetards,1,0,0,1
conseted,0,1,0,1
conshhhhsness,0,0,4,4
consid,0,1,0,1
consider,124,71,518,713
considerable,2,6,9,17
considerably,1,0,16,17
considerada,0,1,0,1
considerate,1,1,21,23
consideration,9,8,69,86
considerations,1,0,0,1
considered,96,50,262,408
considering,125,22,330,477
considero,0,4,0,4
considers,7,0,30,37
consiense,0,0,1,1
consigam,0,1,0,1
consign,0,0,3,3
consignment,0,0,3,3
consigo,0,2,0,2
consion,0,1,0,1
consious,1,0,0,1
consiously,0,0,2,2
consisntanly,0,0,3,3
consist,1,6,12,19
consistant,0,2,3,5
consisted,1,1,13,15
consistency,6,5,28,39
consistent,14,0,119,133
consistently,3,0,105,108
consisting,6,1,2,9
consists,8,2,29,39
consiuness,0,1,0,1
consol,0,0,8,8
consola,0,23,2,25
consolas,0,26,2,28
consolation,0,0,1,1
console,58,24,89,171
consoles,4,3,31,38
consolidaci,0,4,0,4
consolidated,0,0,4,4
consolidates,0,0,2,2
consoling,0,0,6,6
consollllll,0,0,5,5
consonants,0,0,3,3
consort,2,1,0,3
consortium,2,1,7,10
conspericys,1,0,0,1
conspicuous,2,0,1,3
conspicuously,0,3,0,3
conspiracies,1,1,10,12
conspiracy,56,45,94,195
conspirator,2,0,0,2
conspiratorial,0,0,1,1
conspires,0,0,1,1
conspiring,0,0,1,1
consservative,0,0,2,2
constance,0,2,1,3
constancy,0,0,1,1
constant,55,57,160,272
constante,0,1,0,1
constantine,0,0,3,3
constantly,178,30,341,549
constapated,0,0,1,1
constatly,0,0,4,4
conste,0,4,0,4
constellation,2,0,3,5
constellations,0,0,7,7
constervie,5,0,0,5
constipated,10,6,17,33
constipation,1,8,4,13
constituency,0,0,7,7
constituents,1,0,10,11
constitues,0,0,1,1
constitute,0,0,3,3
constitutes,1,0,3,4
constitution,27,3,63,93
constitutional,7,0,25,32
constrained,0,3,3,6
constraint,0,1,2,3
constraints,1,0,10,11
constrenation,0,0,3,3
constricted,0,1,1,2
constrictor,0,0,5,5
constrictors,0,0,1,1
construct,12,5,24,41
constructed,2,3,15,20
constructing,0,0,4,4
construction,9,7,16,32
constructions,0,0,1,1
constructive,12,0,39,51
constructs,1,0,7,8
construed,3,0,0,3
consuelos,0,0,1,1
consul,0,0,1,1
consulates,0,0,1,1
consulation,0,0,3,3
consult,3,2,4,9
consultant,0,0,16,16
consultants,0,1,11,12
consultations,0,0,1,1
consulted,0,0,1,1
consulter,0,0,1,1
consulting,2,0,9,11
consume,5,3,77,85
consumed,5,9,13,27
consumer,21,3,78,102
consumerism,4,2,18,24
consumerist,0,0,1,1
consumers,11,0,87,98
consumes,4,5,7,16
consumidor,0,1,0,1
consuming,23,9,46,78
consummately,0,0,1,1
consumo,0,1,0,1
consumption,14,9,32,55
cont,0,3,1,4
contach,0,0,1,1
contact,53,66,286,405
contactarnos,0,4,0,4
contacted,0,0,12,12
contacteren,0,1,0,1
contactes,0,1,0,1
contacting,1,0,7,8
contacts,26,87,110,223
contagiante,0,0,7,7
contagiavam,0,1,0,1
contagiosa,0,1,0,1
contagious,6,11,61,78
contain,7,14,79,100
contained,8,2,8,18
container,13,11,41,65
containers,2,6,17,25
containing,2,0,12,14
containining,0,0,2,2
containment,0,0,2,2
contains,18,13,74,105
contaminated,5,0,3,8
contaminating,1,0,0,1
contamination,3,5,0,8
contando,0,6,0,6
contar,0,14,5,19
conte,112,48,196,356
conteam,0,1,0,1
contemplar,0,1,0,1
contemplate,5,1,7,13
contemplated,0,0,5,5
contemplates,0,0,1,1
contemplating,1,1,25,27
contemplation,1,1,2,4
contemplativos,0,0,2,2
contemporaries,0,0,1,1
contemporary,0,0,13,13
contempt,3,0,4,7
contemptible,0,0,1,1
contemptuous,0,0,1,1
contend,0,0,12,12
contended,0,0,2,2
contender,2,7,17,26
contenders,6,0,10,16
contener,0,0,5,5
contenido,1,9,2,12
contenidos,0,1,0,1
content,322,213,1720,2255
contenta,0,5,1,6
contented,0,6,5,11
contentful,0,0,1,1
contention,0,0,1,1
contentions,0,0,1,1
contentment,2,0,8,10
contento,0,1,0,1
contents,2,3,36,41
contenu,4,1,0,5
contenus,2,0,0,2
conter,0,1,0,1
contes,4,0,11,15
contesnt,0,1,0,1
contest,10,19,58,87
contesta,0,2,0,2
contestance,0,0,1,1
contestant,8,0,11,19
contestants,6,12,20,38
contested,0,2,0,2
contests,0,0,6,6
context,80,23,108,211
contexts,2,0,0,2
contextual,1,0,0,1
contextualized,0,0,2,2
conthicat,0,2,0,2
conti,0,0,1,1
contidions,0,0,4,4
contigo,0,5,1,6
contiguous,0,1,0,1
continent,12,7,48,67
continental,6,0,10,16
continentals,3,0,0,3
continente,0,5,0,5
continents,1,0,1,2
contingency,1,0,0,1
contingent,1,0,0,1
continous,0,0,2,2
continously,0,1,1,2
continplating,0,0,3,3
continua,5,6,0,11
continuaci,0,1,0,1
continual,0,0,13,13
continually,8,2,25,35
continuar,0,6,0,6
continuation,3,1,31,35
continue,142,96,693,931
continued,34,28,104,166
continues,35,22,151,208
continuing,8,8,110,126
continuining,0,0,3,3
continuity,3,5,14,22
continuo,0,2,0,2
continuos,5,0,7,12
continuous,13,4,26,43
continuously,11,3,29,43
continuum,0,2,4,6
contols,0,0,1,1
contoring,0,0,1,1
contort,1,0,1,2
contorting,0,0,5,5
contortion,0,0,3,3
contortionist,3,3,0,6
contortionists,0,0,2,2
contortions,0,4,2,6
contour,47,92,225,364
contoure,0,0,1,1
contoured,0,0,7,7
contouring,20,1,30,51
contours,3,0,2,5
contr,2,7,0,9
contra,13,39,16,68
contraband,0,0,1,1
contraception,38,7,13,58
contraceptive,2,0,27,29
contraceptives,0,4,4,8
contract,21,23,82,126
contracted,1,0,13,14
contracting,0,0,4,4
contraction,0,0,9,9
contractions,0,0,1,1
contractor,27,16,28,71
contractors,8,8,17,33
contracts,9,1,21,31
contractually,0,0,1,1
contradict,7,0,18,25
contradicted,2,0,3,5
contradicting,1,0,12,13
contradiction,1,5,16,22
contradictions,3,0,2,5
contradictive,0,4,0,4
contradictoin,0,0,1,1
contradictory,9,1,2,12
contradicts,2,0,2,4
contrail,0,0,1,1
contraire,0,0,4,4
contrapoints,0,0,2,2
contraption,0,1,4,5
contrapuntal,0,0,1,1
contrarian,0,0,1,1
contrario,0,5,0,5
contrary,19,0,6,25
contras,0,4,0,4
contrast,16,1,53,70
contrastar,0,1,0,1
contrasted,0,0,10,10
contrasting,0,0,5,5
contrasts,0,1,2,3
contravention,5,0,0,5
contre,1,18,18,37
contribuci,0,2,0,2
contribute,10,8,44,62
contributed,3,3,23,29
contributes,4,0,23,27
contributing,6,5,34,45
contribution,2,3,16,21
contributions,0,0,4,4
contributor,0,0,7,7
contributors,1,0,2,3
contributory,3,0,0,3
contries,0,0,4,4
contrived,9,0,6,15
contrives,2,0,10,12
contro,0,6,3,9
control,462,181,953,1596
controla,0,3,0,3
controlable,5,3,0,8
controlan,0,0,4,4
controle,0,4,0,4
controled,0,1,5,6
controling,0,1,2,3
controll,0,2,2,4
controlla,0,10,1,11
controllable,11,10,10,31
controlled,56,13,93,162
controller,12,13,29,54
controllers,4,0,5,9
controlling,32,14,34,80
controllled,0,0,1,1
controlls,0,2,0,2
controls,10,11,69,90
controversial,10,0,54,64
controversialpeople,0,0,1,1
controversies,2,6,11,19
controversy,14,10,40,64
controvery,1,0,0,1
contry,2,0,2,4
contunues,0,0,1,1
conturing,5,0,0,5
conundrum,6,0,1,7
conundrums,0,0,1,1
convaincre,1,0,1,2
convection,0,1,0,1
convencer,0,2,0,2
convenience,9,1,17,27
conveniences,3,0,0,3
convenient,7,9,48,64
conveniently,11,2,6,19
convening,0,0,5,5
convention,2,5,7,14
conventional,6,0,30,36
conventionally,0,0,1,1
conventions,3,1,18,22
convergence,1,0,0,1
converging,1,0,2,3
conversa,0,4,0,4
conversation,108,51,297,456
conversational,0,0,1,1
conversations,20,7,96,123
converse,2,2,29,33
conversely,1,0,4,5
converses,0,0,3,3
conversing,5,0,7,12
conversion,7,10,17,34
conversions,0,11,2,13
convert,14,21,25,60
converted,17,2,33,52
converter,2,0,2,4
converters,6,0,2,8
convertible,0,0,5,5
convertido,0,4,0,4
converting,2,5,10,17
converts,0,0,3,3
convesacion,0,5,0,5
convex,0,0,1,1
convey,14,2,28,44
conveyed,0,0,16,16
conveying,1,0,8,9
conveyor,0,0,1,1
conveys,2,0,19,21
convi,0,0,1,1
conviced,0,1,1,2
convict,5,0,1,6
convicted,10,2,9,21
convicting,0,0,1,1
conviction,4,10,12,26
convictions,1,0,4,5
convicts,3,0,0,3
convieno,0,1,0,1
convince,20,11,64,95
convinced,31,28,113,172
convinces,8,0,1,9
convincing,8,0,75,83
convincingly,0,0,2,2
convincono,0,1,0,1
convineint,0,0,1,1
convinience,1,0,0,1
convinient,1,0,0,1
convirti,1,1,0,2
convo,10,2,17,29
convocable,0,4,0,4
convocan,0,3,0,3
convoluted,3,0,12,15
convos,0,0,3,3
convoy,0,0,4,4
convulsing,0,0,3,3
conway,1,0,6,7
cony,0,1,0,1
conyak,0,0,3,3
coo,0,4,3,7
coochie,0,2,0,2
coodent,0,1,0,1
coodoes,0,0,1,1
coohoohoo,0,1,0,1
cooing,0,0,1,1
cook,94,142,339,575
cookable,0,3,0,3
cookbook,0,13,55,68
cookbookquiz,0,1,0,1
cookbooks,0,7,18,25
cooke,0,1,0,1
cooked,27,29,68,124
cooker,19,0,30,49
cookers,0,0,13,13
cookery,5,0,1,6
cookes,0,3,0,3
cookie,21,112,115,248
cookiecat,0,1,0,1
cookieeeee,0,0,3,3
cookieeeeees,0,3,0,3
cookieeeeeessss,0,3,0,3
cookieeesssss,0,3,0,3
cookies,35,113,87,235
cookiies,0,0,2,2
cookin,7,0,6,13
cooking,79,165,357,601
cookingggg,6,0,0,6
cookout,0,0,3,3
cooks,10,4,18,32
cookson,0,1,0,1
cooky,0,0,6,6
cool,434,3,5869,6306
coola,5,0,0,5
coolade,2,0,0,2
coolaide,0,0,1,1
cooland,0,0,1,1
coolant,0,2,1,3
coolcat,0,8,0,8
coolcookthuglife,0,1,0,1
cooldog,0,0,4,4
cooldown,1,0,2,3
coole,1,0,1,2
coolebiz,0,0,9,9
cooled,13,0,11,24
cooler,32,63,136,231
coolerator,0,0,5,5
coolerlivesmatter,0,0,7,7
coolers,3,0,10,13
coolerthan,0,3,0,3
cooles,0,1,0,1
coolest,19,85,89,193
cooley,0,0,1,1
coolidge,1,0,0,1
cooliest,0,2,0,2
cooling,3,10,25,38
coolirpa,0,1,0,1
coolkid,0,2,0,2
cooll,0,1,0,1
coollll,0,1,0,1
coolllll,0,3,0,3
coollllll,0,1,0,1
coolllllll,0,1,0,1
coolllllllll,0,1,0,1
coolmath,2,0,0,2
coolmiddle,1,0,0,1
coolness,0,0,3,3
coolrigt,0,0,3,3
cools,0,1,7,8
coolt,0,1,0,1
coolwere,0,1,0,1
cooly,0,0,6,6
coombs,0,1,0,1
cooming,0,0,1,1
coon,55,7,46,108
coonary,0,0,1,1
cooner,6,0,0,6
coonery,0,1,0,1
cooney,2,0,3,5
coonhound,0,0,2,2
coonin,3,1,1,5
cooning,9,1,0,10
coons,4,2,3,9
coookieees,0,3,0,3
coool,0,5,4,9
coooleee,0,1,0,1
coooler,0,7,0,7
cooolll,0,1,2,3
cooollll,0,1,1,2
cooollllll,0,1,0,1
cooolllllll,0,0,2,2
cooome,0,0,1,1
cooool,1,7,1,9
cooooll,0,4,1,5
coooolllll,0,2,0,2
coooollllll,0,1,0,1
coooookiessss,0,1,0,1
coooool,0,3,13,16
cooooolll,0,0,1,1
cooooollllll,0,1,0,1
cooooool,1,12,4,17
coooooolll,0,1,0,1
coooooolllllllllll,0,0,1,1
coooooookies,0,0,1,1
coooooool,1,1,4,6
cooooooool,0,2,0,2
coooooooool,0,3,0,3
coooooooooo,0,1,0,1
cooooooooool,3,3,0,6
coooooooooool,0,1,0,1
cooooooooooooooooooooll,0,1,0,1
coooooooooooooooooooooool,0,1,0,1
cooooooooooooooooooooooooooooooooooooooooooooooooooooooooooooooooooooooooooooooooooooooooooooooooooooooooooooooolllllllllllllllllll,0,1,0,1
cooooooote,0,3,0,3
coop,7,6,13,26
cooped,0,0,1,1
cooper,11,14,12,37
cooperate,1,0,6,7
cooperation,0,1,18,19
cooperative,0,0,7,7
cooperstown,1,0,0,1
cooping,0,0,8,8
coops,0,0,5,5
coordinacion,5,0,0,5
coordinate,1,1,0,2
coordinated,0,4,5,9
coordinates,1,3,3,7
coordination,0,0,15,15
coordinator,0,0,3,3
coordinators,0,0,2,2
coords,0,0,1,1
coorporation,0,0,1,1
cootch,3,0,0,3
coouuugghh,0,6,0,6
coozie,0,2,0,2
coozy,0,0,1,1
cop,106,90,173,369
copa,0,21,6,27
copacetic,0,0,3,3
copas,3,0,0,3
copay,2,0,0,2
copays,0,0,2,2
cope,28,6,79,113
coped,2,0,1,3
copeland,0,0,3,3
copenhagen,5,8,37,50
coper,0,2,0,2
copernicus,3,0,0,3
coperte,0,3,0,3
copes,4,5,0,9
copi,0,0,5,5
copia,0,12,9,21
copiadas,0,0,5,5
copian,0,1,0,1
copiaron,1,1,0,2
copiaste,0,1,0,1
copied,27,47,39,113
copier,0,2,0,2
copies,14,6,38,58
copilot,0,1,3,4
coping,9,23,23,55
copionas,1,0,0,1
copiones,0,2,0,2
copious,1,8,5,14
copirite,0,2,0,2
copito,0,4,0,4
copland,0,0,2,2
coplex,5,0,0,5
copley,0,0,5,5
copliment,0,0,1,1
copmuter,0,0,1,1
copo,0,1,0,1
coppa,0,6,0,6
copped,0,3,2,5
copper,6,3,60,69
copperfield,0,0,5,5
copperplumbing,0,0,2,2
coppers,0,1,0,1
coppery,1,0,2,3
coppied,0,2,0,2
coppin,0,1,0,1
coppy,0,5,0,5
coproduction,1,0,0,1
cops,143,46,153,342
copter,0,0,2,2
coptic,2,0,0,2
coptics,0,0,1,1
copulated,2,0,0,2
copy,81,113,323,517
copycat,5,9,2,16
copycats,1,0,1,2
copying,35,40,82,157
copyinh,0,1,0,1
copypasta,0,1,0,1
copypaste,0,1,0,1
copyright,50,46,71,167
copyrighted,10,11,12,33
copyrighting,4,1,0,5
copyrights,2,3,0,5
copys,1,1,3,5
copywrite,2,0,0,2
copywriter,0,0,1,1
copywriting,0,0,1,1
coq,0,5,0,5
coqu,0,1,0,1
coque,0,1,0,1
coquelan,0,0,5,5
coquelin,0,10,5,15
coqueto,0,1,0,1
coqui,2,6,7,15
coquis,0,0,2,2
cor,0,0,16,16
cora,1,60,55,116
coraaaaa,0,1,0,1
corageous,0,0,1,1
coraggio,0,5,1,6
coraje,0,2,0,2
corajoso,0,0,2,2
coral,0,11,19,30
coraline,9,59,15,83
corals,0,0,4,4
corantefx,0,1,0,1
coras,0,4,3,7
coraz,8,32,2,42
corazon,0,13,4,17
corazones,1,1,1,3
corbacho,0,3,0,3
corbett,1,0,0,1
corbettreport,1,0,0,1
corbin,0,6,19,25
corbjin,0,0,1,1
corby,1,1,0,2
corbyn,45,38,31,114
corbyns,0,0,1,1
corcoran,2,0,0,2
cord,19,14,34,67
cordage,0,0,3,3
corded,0,0,7,7
cordelia,1,0,1,2
corden,24,42,50,116
cordena,0,6,0,6
cordens,0,3,1,4
cordero,0,1,0,1
cordial,5,4,5,14
cordially,0,0,1,1
cordialy,0,0,2,2
cordination,0,0,1,1
cordon,13,1,4,18
cordons,0,0,6,6
cords,2,4,10,16
corduroy,0,0,8,8
core,63,42,148,253
corea,1,4,0,5
corean,0,3,0,3
coreanas,0,1,0,1
coreano,0,14,0,14
coreanoloco,0,2,0,2
coreanolocoteam,0,1,0,1
coreanolocotv,0,1,0,1
coreanos,0,1,0,1
corect,0,0,1,1
coreeeee,0,0,1,1
corelation,1,0,0,1
coreo,0,0,1,1
coreograf,0,5,0,5
coreografia,0,3,0,3
cores,1,1,5,7
corey,16,7,17,40
corfe,0,0,4,4
corfim,0,0,4,4
corfu,0,0,3,3
corgan,0,0,1,1
corgi,1,1,9,11
cori,0,1,0,1
coriander,1,0,0,1
coriline,0,2,0,2
corine,0,0,2,2
corinna,0,7,0,7
corinne,20,73,50,143
corinnes,0,0,2,2
corinth,0,0,4,4
corinthians,26,14,28,68
cork,6,1,22,29
corkboard,0,0,5,5
corkers,0,0,3,3
corkscrew,1,0,2,3
corky,0,0,1,1
cormier,0,4,1,5
corn,35,91,98,224
corna,0,1,0,1
cornball,0,5,1,6
cornballs,1,0,0,1
cornbread,0,1,2,3
corndogs,0,0,1,1
cornel,0,1,0,1
cornell,4,1,5,10
corner,85,65,219,369
cornered,3,0,3,6
corneria,0,0,1,1
cornering,0,3,0,3
cornermen,0,4,0,4
corners,8,11,39,58
cornet,0,0,1,1
cornette,1,0,0,1
cornetto,0,1,1,2
corney,0,0,1,1
cornfield,1,0,0,1
cornflakes,0,2,0,2
cornflower,0,0,3,3
cornfuseeedddd,1,0,0,1
cornholeyoh,0,1,0,1
cornholio,2,3,7,12
corniest,4,0,2,6
cornour,1,0,0,1
cornpone,0,0,5,5
cornrows,1,0,0,1
corns,2,0,6,8
cornstarch,3,7,15,25
cornsyrup,0,0,1,1
cornucopia,0,0,1,1
cornwall,1,9,19,29
cornwell,1,0,0,1
corny,29,25,28,82
cornyass,0,2,0,2
coro,0,6,0,6
coroking,0,5,0,5
corolas,0,1,0,1
corolla,2,9,25,36
corollas,4,11,7,22
coron,0,0,8,8
corona,0,12,8,20
coronary,0,4,0,4
coronation,1,2,0,3
coronel,0,3,0,3
coroner,0,0,9,9
coroooi,0,0,2,2
corozal,0,0,2,2
corp,3,5,8,16
corpatist,1,0,0,1
corpo,0,1,0,1
corporaciones,0,0,1,1
corporate,43,13,52,108
corporation,16,6,32,54
corporations,29,9,80,118
corporatist,0,1,0,1
corporatized,1,0,0,1
corporeal,0,0,3,3
corporelle,0,0,1,1
corps,5,4,6,15
corpse,19,24,25,68
corpsed,0,2,0,2
corpses,4,1,1,6
corpus,0,0,1,1
corral,0,0,1,1
corrales,0,2,0,2
corraline,0,3,0,3
corralled,0,0,2,2
corralline,0,0,2,2
corran,0,6,0,6
corre,0,7,0,7
correa,0,3,0,3
correct,136,94,318,548
corrected,12,6,19,37
correcteur,0,0,1,1
correcting,7,5,9,21
correction,18,14,32,64
correctional,1,0,0,1
corrections,1,0,16,17
corrective,0,0,3,3
correctly,57,49,118,224
correctness,9,5,21,35
corrector,0,1,9,10
correctors,0,0,4,4
corrects,1,0,9,10
correlate,0,0,7,7
correlated,1,0,11,12
correlates,1,0,4,5
correlating,0,0,1,1
correlation,1,5,10,16
correlations,0,0,1,1
corren,0,1,0,1
correndo,0,1,0,1
correo,0,1,0,1
correr,0,10,0,10
correran,0,2,0,2
corresponden,0,2,0,2
correspondence,7,0,1,8
correspondent,0,10,0,10
correspondents,2,0,1,3
correspondiente,0,0,1,1
correspondientes,0,2,0,2
corresponding,1,0,10,11
corresponds,0,1,4,5
corretion,0,1,0,1
corrida,0,0,1,1
corridor,6,11,17,34
corridordigital,0,0,4,4
corridors,1,0,1,2
corrine,16,47,29,92
corrinne,0,1,1,2
corrinnnnneeeeeeeee,0,0,1,1
corrner,0,0,1,1
corroborar,0,1,0,1
corroborate,0,1,0,1
corroborated,0,0,2,2
corroridor,0,2,0,2
corrosion,0,0,5,5
corrosive,0,0,2,2
corrupicion,0,2,0,2
corrupt,111,3,69,183
corrupted,2,3,9,14
corruptible,0,0,1,1
corrupting,0,6,9,15
corruption,15,6,29,50
corrupto,0,0,3,3
corruptos,0,7,0,7
corrupts,0,0,1,1
cors,0,1,6,7
corsa,0,0,3,3
corsair,3,13,28,44
corse,4,10,6,20
corset,0,10,4,14
corsets,0,0,1,1
cort,0,1,0,1
cortadores,1,0,2,3
cortana,1,0,2,3
cortando,0,1,0,1
cortar,0,1,0,1
cortavenas,0,3,0,3
corte,0,1,0,1
corteo,0,0,2,2
cortes,0,4,0,4
cortez,0,2,3,5
corticosteroid,0,0,3,3
corto,3,9,0,12
cortou,0,1,0,1
coruption,1,0,0,1
coruscant,1,0,0,1
corvette,0,2,5,7
corvyx,0,0,4,4
cory,5,6,7,18
coryxkenshin,0,2,0,2
cos,128,99,244,471
cosa,1,25,13,39
cosas,1,44,6,51
cosby,19,15,19,53
cosbys,0,1,0,1
cosco,0,1,1,2
coscuarmy,0,1,0,1
cose,1,9,0,10
cosette,0,0,3,3
cosey,0,0,2,2
cosfiscate,1,0,0,1
cosgrove,0,4,4,8
cosha,0,3,0,3
cosi,2,22,0,24
cosier,0,0,7,7
cosiest,0,5,0,5
cosign,0,0,1,1
cosimo,0,0,3,3
cosine,0,0,4,4
cosiness,0,0,11,11
cosita,0,3,0,3
cosmetic,18,0,43,61
cosmetically,1,0,0,1
cosmetics,17,31,126,174
cosmetologist,0,1,0,1
cosmetology,0,1,1,2
cosmic,4,7,16,27
cosmically,0,0,2,2
cosmo,0,5,4,9
cosmogirl,0,1,0,1
cosmology,0,0,4,4
cosmonauts,1,0,0,1
cosmos,2,3,6,11
cospe,3,0,0,3
cosplay,10,11,43,64
cosplayer,2,6,9,17
cosplayers,0,6,10,16
cosplaying,0,7,11,18
cosplays,0,0,3,3
cosrx,0,0,1,1
cossac,0,1,0,1
cossack,0,1,0,1
cost,137,71,574,782
costa,27,76,53,156
costaaaaaaaaa,0,4,0,4
costal,2,0,0,2
costanzo,0,0,1,1
costar,0,0,3,3
costarica,0,0,2,2
costco,3,7,23,33
costcos,0,0,1,1
costcutter,0,0,3,3
costed,2,7,7,16
costel,0,0,4,4
costell,0,1,0,1
costello,0,0,10,10
coster,0,1,1,2
costes,0,0,2,2
costil,0,16,0,16
costing,11,0,15,26
costliest,0,1,0,1
costly,0,0,13,13
costmetics,0,0,1,1
costner,0,5,0,5
costo,0,4,0,4
costoom,0,2,0,2
costs,63,45,185,293
costum,0,1,1,2
costume,99,182,308,589
costumers,3,0,0,3
costumes,35,67,114,216
costuming,0,0,1,1
costurar,0,1,0,1
cosy,4,45,90,139
cot,13,0,30,43
cotajio,0,1,0,1
cotch,0,0,2,2
cote,0,3,0,3
coterie,0,0,1,1
coteros,0,0,2,2
coth,0,0,6,6
cotham,0,0,6,6
cotillard,0,1,0,1
cotinho,0,3,0,3
coton,0,0,2,2
cotonelle,3,0,0,3
cotote,0,1,0,1
cots,0,4,0,4
cotschinelle,0,3,0,3
cott,0,0,6,6
cottage,1,4,3,8
cottan,0,1,0,1
cotte,5,0,0,5
cotten,2,0,0,2
cotting,0,3,0,3
cotto,0,7,6,13
cotton,23,54,71,148
cottonelle,1,0,1,2
cottons,1,0,0,1
cotw,0,1,6,7
coty,0,0,12,12
cou,0,2,0,2
couch,49,99,147,295
couchent,0,4,0,4
coucher,0,0,3,3
couches,0,0,4,4
couchhouse,0,0,3,3
couchie,0,0,1,1
coucou,0,8,1,9
coud,0,0,4,4
coudln,0,0,4,4
coudlnt,0,0,7,7
coudnt,0,1,0,1
couer,0,1,0,1
couette,0,5,2,7
coug,0,0,3,3
cougar,1,1,4,6
cougars,0,0,2,2
cough,54,158,104,316
coughed,0,3,11,14
coughfeeling,0,3,0,3
coughin,0,0,1,1
coughing,2,4,19,25
coughs,6,2,2,10
couhtino,0,0,6,6
couilles,3,1,0,4
coukd,0,0,1,1
could,3099,2697,10567,16363
coulda,3,5,26,34
coulde,0,1,0,1
coulden,1,0,0,1
couldent,0,4,0,4
couldn,50,30,146,226
couldnt,59,39,156,254
couldve,6,9,11,26
couleur,0,10,5,15
couleurs,0,3,2,5
coulier,0,0,12,12
couln,0,0,2,2
couloir,0,0,2,2
coulrophilia,0,1,0,1
coulrophobia,3,0,0,3
couls,0,0,1,1
coulsnt,2,0,0,2
counch,0,1,0,1
council,15,3,17,35
councilers,6,0,0,6
counciling,6,0,0,6
counciller,0,0,1,1
councillor,5,0,3,8
councillors,0,0,1,1
councilor,3,0,1,4
councilpersons,0,0,1,1
councils,0,0,1,1
coundn,1,0,0,1
counrties,0,1,0,1
counrty,5,0,0,5
counsel,6,0,6,12
counseling,2,1,6,9
counselling,6,3,18,27
counsellor,5,0,6,11
counselor,4,0,19,23
counselors,7,0,6,13
count,130,211,249,590
countable,0,0,2,2
countdown,8,23,35,66
counted,8,9,26,43
counter,61,94,199,354
counteract,1,1,5,7
counteracted,0,1,0,1
counteracts,0,0,1,1
counterculture,0,1,0,1
countered,2,0,10,12
counterexample,0,0,3,3
counterfeit,0,0,6,6
counterfiet,0,0,2,2
countering,6,0,0,6
counterpart,0,2,8,10
counterparts,4,0,17,21
counterpoint,5,0,3,8
counterpoints,0,0,1,1
counterproductive,4,0,1,5
counters,2,2,6,10
counterstrike,0,7,0,7
countertop,0,0,1,1
countess,0,0,1,1
counties,0,1,5,6
counting,16,20,77,113
countinho,0,3,0,3
countires,0,0,1,1
countless,25,6,61,92
countour,0,3,1,4
countres,1,0,0,1
countress,0,0,1,1
countries,142,70,433,645
country,875,379,1732,2986
countryman,1,0,4,5
countrymen,1,0,7,8
countrymusic,0,0,2,2
countrys,0,1,2,3
countryside,0,0,16,16
countrystrong,0,0,4,4
counts,6,7,65,78
county,6,21,62,89
couod,0,0,4,4
coup,0,8,5,13
coupe,1,3,6,10
coupel,1,0,0,1
couperose,0,1,0,1
coupes,0,1,0,1
couple,254,205,1282,1741
coupled,3,0,22,25
coupleeee,0,1,0,1
couplegoals,0,1,1,2
coupleness,0,0,1,1
coupler,0,1,0,1
couples,21,12,54,87
coupling,0,0,2,2
coupn,0,1,0,1
coupon,7,2,8,17
coupons,0,0,4,4
coupppppppple,0,0,1,1
coups,0,0,8,8
cour,0,2,0,2
courage,24,19,121,164
courageous,12,1,15,28
courageously,0,0,5,5
courager,0,4,0,4
courassan,0,1,0,1
cource,0,0,1,1
courese,0,0,1,1
courgettes,0,0,7,7
courier,2,0,6,8
couriers,0,0,6,6
courney,0,0,2,2
cours,0,2,0,2
course,398,220,1298,1916
courses,0,2,14,16
coursework,0,52,8,60
coursing,0,5,0,5
court,51,21,106,178
courtain,0,0,1,1
courteeners,0,0,4,4
courtelizz,0,2,2,4
courtenay,0,0,2,2
courteny,0,0,1,1
courteous,0,0,7,7
courtes,0,2,0,2
courtesy,3,2,16,21
courtian,0,2,0,2
courting,3,0,0,3
courtios,0,0,1,1
courtney,5,30,48,83
courtois,0,5,13,18
courtroom,0,1,2,3
courts,5,0,11,16
courtship,0,0,1,1
cous,6,2,0,8
couse,1,0,9,10
cousen,1,0,0,1
cousin,78,106,128,312
cousine,0,0,1,1
cousins,21,39,81,141
cousooon,1,0,0,1
coustoms,0,1,0,1
coustume,0,1,0,1
coute,0,3,1,4
couter,0,9,2,11
couthino,0,0,6,6
coutinho,13,20,58,91
coutiniho,0,5,0,5
couture,5,6,21,32
couverte,0,4,0,4
couverture,0,3,2,5
couvrance,0,0,1,1
couvre,0,0,1,1
couvrir,0,2,0,2
couzin,0,1,0,1
cove,0,1,0,1
covek,0,1,0,1
covell,0,0,2,2
coven,0,0,4,4
covenant,14,10,44,68
covent,5,0,0,5
coventry,0,16,0,16
cover,295,456,1183,1934
coverage,56,7,230,293
coverd,0,6,2,8
covered,67,78,195,340
coverfx,3,6,1,10
covergirl,4,5,2,11
covering,31,22,108,161
covers,50,62,229,341
covert,5,3,0,8
covertly,0,0,1,1
coverup,2,1,0,3
covery,0,0,1,1
coves,0,5,0,5
covet,1,0,2,3
coveted,0,1,0,1
coveting,0,0,1,1
covetous,0,6,0,6
coveture,0,0,2,2
covey,0,0,2,2
covfefe,1,4,1,6
covince,1,0,0,1
cow,217,0,89,306
coward,72,30,27,129
cowardice,10,0,1,11
cowardly,23,5,11,39
cowards,27,7,32,66
cowbell,0,0,10,10
cowbells,0,0,1,1
cowboy,28,31,30,89
cowboys,1,5,21,27
cowchop,0,2,0,2
cowell,1,1,7,9
cowering,1,0,0,1
cowers,0,0,2,2
cowgirl,1,0,1,2
cowgirls,0,0,1,1
coworker,4,0,21,25
coworkers,10,2,27,39
coworking,0,0,1,1
cowpeople,1,0,0,1
cows,56,16,30,102
cowwect,0,0,4,4
cowwwww,0,0,1,1
cox,3,9,0,12
coxinel,0,4,4,8
coxinelle,1,12,0,13
coy,0,0,4,4
coyb,12,10,17,39
coyete,0,3,0,3
coyg,0,15,16,31
coygggg,0,0,5,5
coyh,0,3,0,3
coyi,1,0,4,5
coyl,0,0,4,4
coyle,0,0,10,10
coyote,37,154,142,333
coyotes,1,2,4,7
coyr,6,0,6,12
coys,0,19,8,27
coyte,0,1,0,1
coyw,7,14,22,43
coz,84,53,193,330
cozart,4,14,23,41
cozy,29,0,140,169
cozying,0,0,4,4
cozyy,0,0,3,3
cozzzzzyyyyy,0,7,0,7
cp,0,8,13,21
cpa,0,0,2,2
cpac,0,0,1,1
cpas,0,0,1,1
cpc,0,0,1,1
cph,0,0,2,2
cpl,0,2,4,6
cpr,1,2,3,6
cps,5,1,3,9
cpt,0,1,4,5
cptsd,0,0,4,4
cpu,8,37,26,71
cpuldnt,0,0,1,1
cpus,2,0,4,6
cpy,0,2,0,2
cqb,0,1,0,1
cqc,1,1,0,2
cr,20,148,61,229
cra,0,0,10,10
craaaaa,0,0,6,6
craaaaaaaaaaaazy,1,0,0,1
craaaaaap,0,1,0,1
craaaaaazy,3,0,0,3
craaaaap,1,0,0,1
craaaayyyyyyyyyyyeee,0,1,0,1
craaaazy,1,3,0,4
craaaazyy,0,0,2,2
craaazy,1,2,0,3
craay,0,0,3,3
craazy,1,1,0,2
craazzzyyy,0,2,0,2
crab,39,77,64,180
crabbe,0,4,4,8
crabbed,3,0,0,3
crabbing,2,0,1,3
crabby,2,0,8,10
crabo,0,1,0,1
crabs,11,22,39,72
craby,0,0,1,1
crac,0,3,0,3
cracher,0,0,2,2
craches,0,0,2,2
cracin,0,1,0,1
crack,136,211,242,589
cracka,1,7,0,8
crackalacktv,0,1,0,1
crackaz,0,0,1,1
crackdown,0,0,2,2
cracked,112,68,188,368
cracker,22,6,37,65
crackerjack,0,0,1,1
crackers,8,13,12,33
crackerz,5,0,0,5
crackhead,12,5,2,19
crackheads,0,0,4,4
crackiling,0,3,0,3
crackin,5,4,2,11
cracking,36,38,86,160
crackkk,0,1,0,1
crackkkas,0,0,1,1
crackkker,0,0,4,4
crackle,0,6,3,9
crackles,0,0,2,2
crackling,0,2,4,6
crackpot,0,1,1,2
cracks,9,56,86,151
cracy,0,0,1,1
cradle,0,0,19,19
cradled,0,0,3,3
cradling,0,0,2,2
crae,0,4,11,15
craft,16,30,123,169
crafted,1,0,18,19
crafting,12,9,27,48
craftmanship,0,0,1,1
crafts,2,9,12,23
craftsie,0,0,2,2
craftsman,0,0,3,3
craftsmanship,0,3,13,16
craftsmen,0,0,1,1
craftspersons,0,0,5,5
craftswomanship,0,1,0,1
crafty,0,0,17,17
craftyesterester,0,2,0,2
craggy,0,3,0,3
craic,0,0,12,12
craig,16,19,39,74
craignathan,0,5,0,5
craigslist,3,5,4,12
craigy,0,0,4,4
crak,0,3,0,3
crake,0,0,6,6
craked,0,1,0,1
crakers,0,1,0,1
crakkkas,0,3,0,3
crakkker,0,2,0,2
crakkkers,0,2,0,2
craks,0,2,0,2
cram,1,1,11,13
cramberrys,0,0,1,1
crammed,0,0,3,3
cramming,0,5,1,6
cramp,6,0,4,10
cramped,7,5,6,18
cramping,0,0,10,10
cramps,50,0,37,87
crams,0,0,1,1
cran,0,5,2,7
cranberries,0,12,13,25
cranberry,2,2,12,16
crane,1,4,5,10
cranes,0,0,2,2
craney,0,0,1,1
cranial,1,0,0,1
cranium,0,5,0,5
crank,3,12,9,24
cranked,0,0,2,2
crankin,0,0,5,5
cranking,0,0,8,8
crankworks,0,0,2,2
cranky,0,6,8,14
cranmer,4,0,0,4
cranston,26,31,34,91
crap,1188,22,307,1517
crapcom,10,1,1,12
crapier,1,0,0,1
crapitty,0,6,0,6
crapleesi,0,0,1,1
craplex,0,0,5,5
crapload,0,0,2,2
crapola,2,0,0,2
crapoly,1,0,0,1
crapped,4,1,7,12
crapper,5,12,2,19
crappie,1,0,0,1
crappier,0,3,4,7
crappiest,0,2,3,5
crapping,4,4,2,10
crapple,0,0,1,1
crappp,6,0,0,6
crapppp,0,3,4,7
crappy,62,60,128,250
craps,1,4,11,16
craptacular,0,1,0,1
craptastic,1,0,0,1
crapton,0,0,1,1
crapware,0,0,3,3
craque,0,4,0,4
craser,0,0,2,2
crash,57,71,98,226
crashcourse,0,0,5,5
crashed,19,15,39,73
crashers,3,1,3,7
crashes,20,11,12,43
crashing,10,2,13,25
crashs,0,1,0,1
crashzoom,0,3,0,3
craspy,0,0,1,1
crass,0,0,1,1
craston,0,8,0,8
crasy,0,0,3,3
crate,44,21,69,134
crater,0,0,2,2
crates,41,11,40,92
crating,0,1,0,1
crauch,0,1,0,1
crave,4,22,61,87
craved,0,0,9,9
craveeeee,0,1,0,1
craven,0,1,0,1
craves,9,0,3,12
craving,6,16,64,86
cravingg,0,0,1,1
cravings,6,0,12,18
crawchy,0,0,1,1
crawfish,0,1,6,7
crawford,7,1,1,9
crawl,2,20,26,48
crawled,7,1,10,18
crawler,0,0,3,3
crawlers,3,0,0,3
crawlies,1,0,2,3
crawling,7,17,23,47
crawls,0,4,5,9
crawly,2,0,0,2
cray,0,17,22,39
crayfish,0,3,2,5
craying,0,1,0,1
crayola,1,0,0,1
crayon,5,6,7,18
crayons,0,1,3,4
crayp,1,0,0,1
craze,6,2,22,30
crazed,4,1,11,16
crazier,5,20,29,54
crazies,4,1,2,7
craziest,6,2,29,37
crazily,11,0,4,15
craziness,5,1,22,28
crazy,1773,24,928,2725
crazyfanboy,0,1,0,1
crazygermanfan,0,1,0,1
crazyhead,0,0,3,3
crazyiqgenius,0,0,5,5
crazyknighthero,0,0,5,5
crazyliberal,1,0,0,1
crazyness,0,0,1,1
crazyrussianhacker,3,1,0,4
crazysoviethacker,0,1,0,1
crazyyy,0,1,1,2
crazyyyy,0,0,2,2
crazyyyyy,1,0,0,1
crazyyyyyyyyy,0,1,0,1
crazyyyyyyyyyyy,0,1,0,1
crazzy,1,0,0,1
crazzyy,0,0,1,1
crazzzy,0,1,0,1
crazzzzyyyyy,4,0,0,4
crb,0,0,5,5
crc,0,0,6,6
cre,0,9,0,9
creadit,0,1,0,1
creado,0,2,0,2
creak,2,0,1,3
creakhead,0,0,1,1
creakin,1,0,0,1
creaking,1,1,2,4
cream,218,312,604,1134
creamed,4,2,13,19
creamer,2,0,3,5
creamier,0,0,3,3
creaming,6,0,8,14
creamos,0,3,0,3
creampie,0,6,0,6
creams,3,13,12,28
creamsicle,0,0,6,6
creamy,8,13,34,55
crean,0,1,0,1
creap,1,0,0,1
crearan,0,1,0,1
crearon,0,0,1,1
crease,7,27,71,105
creased,3,2,6,11
creases,0,7,4,11
creasin,0,0,1,1
creasing,3,7,9,19
creasisjgse,0,1,0,1
creaspy,0,0,1,1
creat,3,1,0,4
create,163,116,616,895
created,155,124,678,957
createing,0,0,2,2
creater,0,0,3,3
creates,41,9,80,130
creatief,1,0,0,1
creatiiiiveeee,0,1,0,1
creatinf,0,0,1,1
creating,73,21,229,323
creation,20,26,113,159
creationist,1,0,0,1
creationists,0,0,1,1
creations,11,2,72,85
creativ,0,0,1,1
creative,43,5,1147,1195
creatively,0,0,12,12
creativeness,2,0,1,3
creatives,0,1,0,1
creatividad,0,2,0,2
creativity,20,22,226,268
creativty,0,0,2,2
creator,93,76,203,372
creators,30,27,99,156
creature,40,21,100,161
creatures,24,41,87,152
creauture,0,0,2,2
crec,1,0,0,1
crecer,0,10,0,10
creche,0,1,0,1
creci,0,2,0,2
creciendo,0,2,0,2
cred,4,3,14,21
credence,1,0,1,2
credential,0,0,1,1
credentialed,1,0,0,1
credentials,1,0,13,14
credibilidad,0,2,0,2
credibility,17,11,28,56
credible,5,0,29,34
credici,0,1,0,1
credit,88,95,337,520
creditcard,0,0,14,14
creditcards,0,1,0,1
credited,7,4,9,20
crediting,0,1,0,1
creditors,0,0,7,7
creditos,0,0,1,1
credits,44,92,141,277
credo,0,3,0,3
creds,6,2,7,15
credtis,0,1,0,1
cree,0,3,0,3
creed,45,36,131,212
creedence,0,7,5,12
creeds,0,0,1,1
creeeeaase,0,6,0,6
creeeeeeeeeeep,0,1,0,1
creeeeeekkkkkkkkkkkk,0,1,0,1
creeeepppppyyyyyy,0,1,0,1
creeeepy,0,0,1,1
creeepy,0,0,1,1
creeis,0,1,0,1
creek,1,3,9,13
creeking,0,6,0,6
creemos,0,2,0,2
creen,0,14,1,15
creencias,0,3,0,3
creep,20,37,69,126
creeped,6,12,13,31
creeper,3,10,16,29
creepers,3,19,2,24
creepier,6,1,14,21
creepiest,1,10,13,24
creepily,6,0,5,11
creepin,12,0,0,12
creepiness,4,0,2,6
creeping,14,0,2,16
creepingly,5,0,0,5
creepo,0,0,5,5
creepozoids,1,0,0,1
creeps,18,21,29,68
creepy,495,20,275,790
creepyass,0,0,1,1
creepycool,0,1,0,1
creepyish,0,1,0,1
creepypasta,0,6,5,11
creepypastas,0,3,0,3
creer,1,3,0,4
creerlo,0,1,0,1
crees,1,19,0,20
crei,0,0,3,3
creid,0,1,0,1
creio,0,1,0,1
crem,1,0,0,1
crema,0,0,3,3
cremate,0,0,7,7
cremated,4,1,21,26
cremation,0,0,8,8
crematorium,0,0,3,3
creme,0,18,27,45
creo,0,46,6,52
creole,0,7,1,8
creoo,0,1,0,1
crepe,0,3,7,10
crepes,2,0,0,2
crepey,2,0,0,2
creppy,1,0,4,5
creps,0,6,1,7
crept,0,0,4,4
crepy,0,0,2,2
cres,0,3,0,3
cresce,0,1,0,1
crescendo,0,1,0,1
crescendos,0,0,1,1
crescent,1,0,1,2
crescere,0,1,0,1
crest,0,0,13,13
crested,0,0,1,1
crete,0,1,1,2
cretin,11,1,3,15
cretinous,0,0,1,1
cretins,0,1,1,2
cretsiz,0,3,0,3
creuset,0,0,6,6
creutzfeldt,0,1,0,1
crevasse,0,1,0,1
crevasses,0,0,5,5
crew,90,101,286,477
crewed,0,0,1,1
crewes,1,0,0,1
crews,14,9,77,100
crey,0,5,0,5
creyera,0,2,0,2
crezca,0,1,0,1
crhistmas,0,0,1,1
cri,10,13,24,47
crian,0,3,1,4
criaron,0,1,1,2
criatividade,0,5,0,5
criativos,0,1,0,1
criava,0,2,0,2
crib,23,15,38,76
cribs,0,1,2,3
crichton,0,0,3,3
crick,0,0,2,2
crickenberger,0,0,1,1
cricket,2,19,4,25
cricketer,0,1,8,9
crickets,4,7,16,27
cricut,7,0,0,7
crie,0,4,0,4
cried,110,241,603,954
criedddddd,0,2,0,2
crieeed,0,2,0,2
crien,0,0,1,1
cries,53,26,66,145
crigeworthy,0,2,0,2
crii,0,1,0,1
criiiiiiiied,0,0,4,4
criiiiiiiiiiinge,0,0,6,6
criiiime,0,1,0,1
criiiinge,0,1,0,1
criiiissssttttiiinnnee,0,0,2,2
criiingeyyyy,0,0,3,3
crikey,0,3,4,7
crikeys,0,4,0,4
crilley,0,2,0,2
crim,6,6,0,12
crime,187,73,226,486
crimes,89,23,91,203
crimge,0,0,1,1
criminal,151,5,73,229
criminalised,0,0,2,2
criminality,10,0,1,11
criminalized,1,0,0,1
criminally,4,2,13,19
criminals,89,14,80,183
crimped,0,0,1,1
crims,0,0,3,3
crimsom,0,2,0,2
crimson,5,4,4,13
cring,0,9,0,9
cringe,127,316,222,665
cringecraft,0,4,0,4
cringed,28,36,34,98
cringeday,0,3,0,3
cringeee,0,1,0,1
cringeeee,0,1,0,1
cringefest,0,3,1,4
cringes,2,4,1,7
cringest,0,3,1,4
cringeworthy,14,17,14,45
cringey,47,39,53,139
cringggggggg,0,0,1,1
cringier,0,4,1,5
cringiest,2,8,9,19
cringiness,0,0,1,1
cringing,22,32,21,75
cringingggg,0,1,0,1
cringleton,3,0,0,3
cringw,0,2,0,2
cringy,65,68,64,197
cringynes,0,1,0,1
cringyyyyyyy,0,0,1,1
crinkle,1,3,4,8
crinkles,0,0,10,10
crinkling,5,0,0,5
crinkly,0,1,14,15
criollo,0,1,0,1
crip,0,5,14,19
cripple,5,0,6,11
crippled,4,1,8,13
cripples,1,0,0,1
crippling,5,3,11,19
crips,0,5,10,15
criptanite,0,2,0,2
crique,0,0,1,1
cris,1,18,3,22
crisco,0,2,0,2
crises,0,2,15,17
crisfix,1,0,0,1
crisiano,1,0,0,1
crisis,66,55,152,273
crisisactors,0,6,0,6
crisje,0,1,0,1
crisp,8,0,69,77
crisper,0,0,4,4
crispiest,0,1,0,1
crispin,0,1,0,1
crispr,0,0,2,2
crisps,6,23,29,58
crispy,21,23,13,57
crispys,0,2,0,2
crisrein,0,0,4,4
criss,2,8,4,14
crissakes,0,0,1,1
crissss,0,1,0,1
crissy,2,9,24,35
crist,0,2,1,3
cristal,0,2,0,2
cristales,0,1,0,1
cristallize,7,0,0,7
cristan,1,1,0,2
cristano,1,0,1,2
cristeane,0,0,1,1
cristeen,1,0,0,1
cristen,0,2,0,2
cristene,1,1,3,5
cristens,1,0,0,1
cristensen,0,0,6,6
cristhine,0,1,0,1
cristi,0,1,0,1
cristian,0,0,3,3
cristiano,4,117,51,172
cristianos,0,4,0,4
cristien,0,0,1,1
cristin,2,0,0,2
cristina,1,1,5,7
cristine,41,111,166,318
cristineeee,0,1,0,1
cristineeeeeee,0,1,0,1
cristines,2,2,2,6
cristinese,0,0,1,1
cristne,0,0,1,1
cristo,0,18,1,19
cristov,0,0,3,3
cristy,0,0,2,2
cristylane,0,0,2,2
crit,0,0,6,6
critas,0,9,0,9
critc,0,1,0,1
criteria,5,0,31,36
criterias,5,0,0,5
criterion,3,0,3,6
critic,25,43,118,186
critica,0,0,1,1
critical,48,12,96,156
critically,2,2,12,16
critican,0,10,0,10
criticar,0,1,2,3
criticas,0,8,1,9
criticise,11,1,4,16
criticised,7,0,9,16
criticising,18,1,6,25
criticism,28,25,87,140
criticisms,5,0,18,23
criticize,19,8,50,77
criticized,11,5,21,37
criticizes,0,0,6,6
criticizing,16,8,23,47
criticos,0,3,0,3
critics,33,3,49,85
critique,10,8,36,54
critiqued,6,0,2,8
critiquen,0,1,0,1
critiques,7,0,11,18
critiquing,0,0,8,8
critised,0,6,0,6
critisise,0,0,3,3
critisize,0,2,0,2
critisizing,0,0,4,4
critism,0,0,2,2
critit,0,1,0,1
critizced,0,0,1,1
critize,0,0,4,4
critizice,0,0,1,1
critizising,6,0,0,6
critizism,0,0,1,1
critter,0,0,1,1
critters,0,0,9,9
critterz,1,0,0,1
crixston,7,0,0,7
criying,0,2,0,2
crj,0,1,4,5
crkt,0,1,0,1
crl,0,1,0,1
crllll,0,1,0,1
cro,0,0,2,2
croa,2,0,0,2
croach,0,1,0,1
croaked,0,6,0,6
croakier,1,0,0,1
croaky,0,0,4,4
croat,0,0,1,1
croatia,5,7,21,33
croatian,0,0,1,1
croc,0,3,9,12
crochet,1,1,5,7
crock,4,0,14,18
crocked,0,0,1,1
crockery,0,0,5,5
crocketts,0,1,0,1
crockpot,0,0,1,1
crocks,0,5,0,5
crocodile,11,22,19,52
crocodille,0,1,0,1
crocs,1,13,2,16
croft,47,20,77,144
crog,0,0,4,4
croger,0,1,0,1
crogpits,2,0,0,2
crohn,1,5,5,11
crohns,1,1,8,10
crois,1,1,0,2
croissant,0,8,5,13
croissants,2,1,1,4
croix,1,0,7,8
crojyjy,1,0,0,1
croke,0,0,1,1
croll,0,4,0,4
crolliamo,0,1,0,1
crome,0,0,1,1
crompton,1,15,4,20
cromulent,0,0,1,1
cromwell,0,5,0,5
crone,7,0,0,7
cronenberg,4,0,2,6
crongrats,0,4,3,7
cronic,0,0,2,2
cronies,0,0,4,4
cronk,0,1,0,1
cronometer,0,0,1,1
cronulla,0,2,0,2
cronus,0,0,1,1
cronut,0,1,0,1
crony,3,0,0,3
cronyism,0,0,8,8
crook,10,3,5,18
crooked,4,15,15,34
crookedness,0,0,4,4
crookery,0,0,2,2
crooks,4,8,10,22
crop,15,12,69,96
cropped,6,1,13,20
cropping,0,0,1,1
crops,19,5,40,64
cropsey,0,1,0,1
cropton,0,1,0,1
croptops,2,0,1,3
croquembouche,0,2,1,3
croquette,0,1,0,1
croquettes,0,1,0,1
crosby,4,6,30,40
crosbys,0,9,22,31
crosbyyyyysssss,0,1,0,1
crosed,0,1,0,1
croshaw,0,1,0,1
cross,100,131,209,440
crossaints,0,0,1,1
crossbar,1,5,9,15
crossbone,0,6,0,6
crossbones,0,0,1,1
crossbow,0,2,0,2
crossdresser,0,2,0,2
crossdressers,1,0,0,1
crossdressing,2,0,4,6
crossed,26,21,64,111
crosser,0,0,1,1
crosses,5,2,16,23
crossfire,2,1,0,3
crossfit,5,4,0,9
crossguards,0,0,1,1
crosshairs,4,0,0,4
crossing,18,18,24,60
crossover,4,21,22,47
crossovers,1,0,7,8
crossplatform,3,0,0,3
crossplay,0,5,0,5
crosspromo,0,0,3,3
crossroads,0,0,13,13
crosss,0,0,1,1
crossss,0,1,0,1
crosswalk,0,1,1,2
crosswind,13,2,23,38
crosswinds,2,3,4,9
crota,3,0,0,3
crotch,4,7,31,42
crotches,0,0,1,1
crotone,0,25,0,25
crouch,4,0,5,9
crouching,1,0,4,5
croutch,0,5,0,5
crouton,0,0,5,5
croutons,0,0,1,1
crow,12,2,28,42
crowbarring,0,0,2,2
crowd,179,108,298,585
crowded,10,2,19,31
crowder,3,10,38,51
crowdfund,1,1,6,8
crowdfunded,0,1,0,1
crowdfunding,3,9,6,18
crowding,5,1,3,9
crowdlivesmatter,0,0,1,1
crowds,20,10,17,47
crowdsurfing,0,4,0,4
crowe,61,9,13,83
crowed,0,0,3,3
crowley,3,8,1,12
crown,16,27,35,78
crowned,0,0,1,1
crowning,0,3,0,3
crowns,6,1,2,9
crows,3,1,18,22
croy,2,0,0,2
croydon,0,4,0,4
crpey,0,1,0,1
crps,2,0,0,2
crrazzy,0,1,0,1
crringed,0,0,1,1
crrow,0,1,0,1
crrrrittens,0,1,0,1
crrrrrude,0,1,0,1
crrruuuuush,0,3,0,3
crs,0,0,4,4
crsis,4,0,0,4
crt,0,0,3,3
cru,0,4,0,4
cruce,0,1,0,1
cruces,2,1,0,3
crucial,4,13,52,69
crucially,0,5,0,5
crucialrobbiein,0,0,4,4
crucible,0,3,3,6
crucified,3,4,18,25
crucifixion,4,0,2,6
crucifixions,0,0,2,2
crucify,3,0,7,10
crud,0,1,1,2
cruddy,4,0,0,4
crude,15,0,2,17
crue,0,0,4,4
cruel,123,0,34,157
cruela,0,0,5,5
cruella,5,1,0,6
cruelly,0,0,1,1
cruelties,0,0,3,3
cruelty,24,2,95,121
cruger,0,0,2,2
cruggs,0,4,0,4
crui,0,1,0,1
cruilty,0,3,0,3
cruise,32,58,71,161
cruised,0,0,1,1
cruiser,0,4,8,12
cruisers,1,0,0,1
cruiserweight,9,16,19,44
cruiserweights,1,13,9,23
cruises,0,0,5,5
cruisin,1,1,0,2
cruising,0,6,18,24
cruisweight,0,0,1,1
crule,0,1,0,1
crumb,3,1,14,18
crumble,9,30,44,83
crumbled,2,1,0,3
crumbles,0,1,5,6
crumbling,4,7,8,19
crumbly,0,0,10,10
crumbs,2,17,35,54
crummy,0,1,10,11
crumpets,0,1,0,1
crumpled,0,0,5,5
crunch,5,22,25,52
crunched,0,0,3,3
crunches,0,0,1,1
crunchie,0,0,3,3
crunchiest,0,1,0,1
crunchiness,0,0,2,2
crunchy,8,10,5,23
crunchybetty,0,0,3,3
crunchyroll,5,2,5,12
crunk,0,3,0,3
crus,0,2,0,2
crusade,2,0,6,8
crusader,1,0,3,4
crusades,0,0,1,1
cruserp,0,1,0,1
cruseweight,0,0,1,1
crush,56,141,235,432
crushed,54,0,61,115
crusher,3,1,12,16
crushers,0,3,0,3
crushes,12,20,18,50
crushhhh,0,2,0,2
crushin,1,0,0,1
crushing,14,1,65,80
crushingonyouandanna,0,0,2,2
crushwaight,0,0,2,2
crusierweight,0,0,1,1
crusiserweight,0,0,3,3
crusiwaight,0,0,2,2
crusiweights,1,0,0,1
crust,9,10,12,31
crustacean,0,0,1,1
crustaceans,1,2,1,4
crustations,0,0,2,2
crustayyyy,1,0,0,1
crusty,16,18,14,48
crustys,0,0,1,1
crustyyyyyyy,0,1,0,1
crutch,4,2,15,21
crutches,4,1,14,19
crux,0,1,5,6
cruyff,0,1,4,5
cruyft,0,0,1,1
cruz,16,45,35,96
cruze,0,2,0,2
cruzerwieght,0,1,0,1
cruzou,0,4,0,4
crv,0,0,2,2
cry,297,498,1263,2058
cryaotic,0,1,0,1
crybabies,1,9,1,11
crybaby,8,7,6,21
crycek,0,1,0,1
cryd,0,1,0,1
crye,0,1,0,1
cryed,2,2,2,6
cryer,0,0,1,1
crygsnhsgbnangsbd,0,1,0,1
cryi,0,0,1,1
cryid,0,0,1,1
cryied,0,7,0,7
cryign,0,0,1,1
cryiiiiiing,0,1,0,1
cryin,6,10,16,32
crying,1098,37,1005,2140
cryingggg,0,0,1,1
cryinggggg,0,0,3,3
cryingggggg,0,1,0,1
cryinggggggg,0,1,1,2
cryinggggggggg,0,1,0,1
cryingggggggggggggg,0,2,0,2
cryingngnfjfjfh,0,0,1,1
cryinh,0,0,1,1
crylaugh,0,0,3,3
crylaughed,0,0,4,4
cryn,0,1,0,1
cryo,1,0,0,1
cryofreeze,0,1,0,1
cryogenically,0,1,0,1
cryonically,0,1,0,1
cryorig,0,0,2,2
cryosleep,0,0,1,1
cryosurgery,2,0,0,2
crypt,0,0,8,8
cryptic,0,10,27,37
crypto,1,2,1,4
cryptocurrency,0,0,2,2
cryptonite,0,0,2,2
crypts,0,0,3,3
cryrees,6,0,0,6
cryrese,12,0,0,12
crys,2,3,0,5
crysis,0,10,8,18
crysleep,0,0,1,1
crysler,0,0,1,1
crysral,0,8,0,8
crystal,30,98,104,232
crystalline,0,0,13,13
crystallised,0,0,1,1
crystallize,0,0,1,1
crystally,0,0,2,2
crystals,12,3,21,36
cryvichhi,0,0,3,3
cryyy,1,0,0,1
cryyyyingggggggg,0,2,0,2
cryyyyy,0,1,0,1
cryyyyyyy,1,0,0,1
cryyyyyyyyyyiiinnggggg,0,1,0,1
crz,0,2,0,2
cs,8,16,32,56
csa,1,1,0,2
csacerecard,0,0,1,1
csalt,0,4,0,4
csb,0,0,1,1
cseries,0,4,0,4
csg,0,1,2,3
csgo,1,18,10,29
csgs,1,0,0,1
csi,0,1,4,5
csin,0,1,0,1
csipem,0,1,0,1
csm,0,8,5,13
csn,0,6,0,6
csnt,1,0,0,1
csod,0,3,0,3
csr,0,1,7,8
csrs,0,0,20,20
css,0,0,1,1
csupan,0,1,0,1
csuse,0,0,1,1
ct,4,22,38,64
cte,4,2,2,8
cter,0,0,3,3
ctf,0,0,1,1
ctfu,2,1,1,4
ctfuuu,0,0,2,2
ctfxc,1,0,2,3
ctg,0,0,5,5
ctha,0,0,1,1
cthagod,0,1,1,2
cthegod,0,0,2,2
cthg,0,0,3,3
cthulhu,0,4,0,4
cticamente,0,8,0,8
ctid,6,0,4,10
ctimas,0,4,0,4
ctl,0,0,2,2
ctlst,0,1,0,1
ctm,0,20,0,20
ctmmmmmm,0,1,0,1
ctmn,0,0,2,2
ctmre,0,1,0,1
ctrl,0,3,6,9
ctting,0,0,1,1
ctual,1,0,0,1
ctz,0,2,0,2
cu,3,47,3,53
cua,0,1,0,1
cuaate,0,1,0,1
cuadrada,0,2,0,2
cual,0,30,0,30
cuales,0,0,2,2
cualkier,0,1,0,1
cualquier,0,20,12,32
cualquiera,0,12,4,16
cualsaiw,0,1,0,1
cuandi,0,1,0,1
cuando,11,237,26,274
cuanta,0,4,4,8
cuantas,0,12,0,12
cuanto,0,21,0,21
cuantos,0,0,3,3
cuaron,0,0,4,4
cuarto,0,12,0,12
cuartos,6,0,0,6
cuase,3,1,3,7
cuases,0,1,0,1
cuatro,8,9,0,17
cub,1,0,3,4
cuba,19,11,36,66
cuban,13,6,15,34
cubana,0,5,0,5
cubano,0,2,0,2
cubans,4,0,4,8
cubbie,0,0,3,3
cubby,0,1,4,5
cubbyhd,0,0,1,1
cubcakeplease,0,1,0,1
cube,13,49,42,104
cubed,0,3,0,3
cuber,0,1,2,3
cubes,14,3,18,35
cubeskills,0,2,0,2
cubfan,0,0,1,1
cubgbtbycfgyn,0,0,4,4
cubic,0,18,21,39
cubical,1,0,0,1
cubicals,0,1,0,1
cubicle,1,1,4,6
cubicles,5,2,5,12
cubing,0,1,2,3
cubis,2,0,0,2
cubism,0,0,4,4
cubist,0,1,0,1
cubo,0,1,0,1
cuboid,0,0,1,1
cuboodle,0,1,0,1
cubs,0,0,4,4
cubudal,0,0,1,1
cuccioli,0,6,0,6
cuce,0,1,0,1
cucgocnkbgp,0,1,0,1
cuchara,0,1,0,1
cuck,41,62,30,133
cuckabee,1,0,0,1
cuckbert,0,2,0,2
cucked,4,8,5,17
cuckhold,2,4,0,6
cucking,0,0,1,1
cuckish,1,0,0,1
cuckle,0,0,1,1
cuckold,5,2,3,10
cuckolded,1,0,0,1
cuckolds,0,0,3,3
cuckoo,0,1,6,7
cucks,21,5,8,34
cucktarians,0,0,1,1
cucktestant,6,0,0,6
cucky,0,0,4,4
cuco,0,1,0,1
cuconut,0,1,0,1
cuctus,0,1,0,1
cucui,0,1,0,1
cucumber,7,26,27,60
cucumberpatch,0,8,8,16
cucumbers,3,8,9,20
cucumbersssss,0,1,0,1
cucumberwong,0,0,2,2
cucumbrhatch,0,6,0,6
cucunot,0,2,0,2
cucurbita,0,0,1,1
cucuy,0,12,17,29
cud,1,7,12,20
cuda,0,2,0,2
cuddi,0,1,0,1
cuddle,4,9,55,68
cuddled,0,1,9,10
cuddler,0,0,2,2
cuddles,4,8,33,45
cuddling,0,0,18,18
cuddly,0,3,41,44
cuddy,0,0,1,1
cudi,1,16,9,26
cudis,0,1,0,1
cudjo,1,0,0,1
cudna,0,3,0,3
cudo,0,3,0,3
cudos,0,0,5,5
cudowna,0,2,0,2
cudowny,0,4,0,4
cue,22,9,21,52
cuenta,1,25,8,34
cuentan,0,6,0,6
cuentas,0,4,0,4
cuenten,0,1,0,1
cuento,0,9,1,10
cuerdos,0,1,0,1
cuernos,0,2,0,2
cuerpaso,0,2,0,2
cuerpo,0,3,6,9
cuervo,0,3,0,3
cues,0,0,16,16
cuesta,0,6,5,11
cuestionando,2,0,0,2
cueva,0,0,3,3
cuevas,0,1,0,1
cuff,7,5,10,22
cuffed,4,2,8,14
cuffia,1,0,0,1
cuffin,0,1,0,1
cuffing,0,2,0,2
cufflinks,0,0,4,4
cuffs,2,10,3,15
cugino,0,1,0,1
cuh,0,1,1,2
cui,0,3,0,3
cuidado,0,15,0,15
cuidar,0,3,0,3
cuidarle,0,4,0,4
cuidate,0,1,0,1
cuide,1,6,0,7
cuiden,0,3,0,3
cuise,0,0,1,1
cuisinart,0,0,5,5
cuisine,5,17,14,36
cuisines,0,0,2,2
cuite,0,1,0,1
cujo,0,2,5,7
cuk,0,0,1,1
cuka,0,0,1,1
cuke,0,2,1,3
cukuy,0,5,0,5
cul,0,5,2,7
cula,1,21,2,24
culad,0,1,0,1
culas,0,3,0,3
culater,0,2,0,2
culator,0,1,6,7
culazo,0,1,0,1
cule,0,4,0,4
culerdos,0,7,0,7
culero,0,1,0,1
cules,0,13,1,14
culia,0,1,0,1
culiado,0,4,0,4
culiao,0,10,0,10
culiaooss,0,5,0,5
culiaos,0,5,0,5
culinary,7,5,14,26
culito,0,3,0,3
culkin,0,1,0,1
cull,0,0,1,1
culled,0,0,1,1
cullen,0,1,1,2
culling,0,0,1,1
cully,0,2,0,2
culminated,0,0,2,2
culminating,0,0,4,4
culmination,1,5,6,12
culo,0,29,5,34
culobello,0,7,0,7
culombia,0,3,0,3
culooo,0,1,0,1
culos,0,8,0,8
culote,0,1,0,1
culpa,5,42,0,47
culpability,5,0,0,5
culpable,0,4,2,6
culprit,12,1,4,17
culprits,2,0,3,5
cult,57,38,77,172
cultish,1,0,1,2
cultist,0,12,0,12
cultivate,0,0,5,5
cultivating,1,0,5,6
cultivation,0,0,1,1
cultores,0,0,2,2
cultrue,0,0,2,2
cults,0,0,2,2
cultu,0,1,0,1
cultura,0,5,2,7
cultural,21,0,100,121
culturally,3,0,13,16
culturalmarxism,0,0,3,3
culturas,0,1,0,1
culture,217,93,563,873
cultured,3,0,3,6
cultureless,1,0,0,1
culturely,0,0,1,1
cultures,13,3,81,97
culver,1,0,0,1
cum,31,46,28,105
cumartesi,0,3,0,3
cumber,0,0,3,3
cumberbatch,18,32,19,69
cumberbath,3,0,0,3
cumberbund,0,4,0,4
cumberland,0,0,2,2
cumbersnatch,0,1,0,1
cumberstrange,0,2,0,2
cumbia,1,1,0,2
cumbias,0,1,0,1
cumhole,5,0,0,5
cumhuriyetini,0,1,0,1
cumin,3,0,8,11
cuming,0,4,0,4
cumload,1,0,0,1
cumm,0,0,4,4
cummberbund,2,0,0,2
cummed,1,1,0,2
cummerbund,0,1,8,9
cumming,7,16,1,24
cummings,0,0,1,1
cummins,0,0,1,1
cummmmmm,0,0,1,1
cumpare,0,0,1,1
cumped,0,2,0,2
cumple,0,3,3,6
cumplea,0,9,0,9
cumplen,0,1,0,1
cumpli,0,4,0,4
cumpliendo,0,4,0,4
cumplieron,0,3,0,3
cumplir,0,8,0,8
cumprindo,0,4,0,4
cumpriu,0,3,0,3
cumquat,1,0,0,1
cums,0,0,2,2
cumshot,0,0,1,1
cumshots,0,1,0,1
cumskins,0,0,1,1
cumslut,0,1,0,1
cumulative,0,0,3,3
cumulatively,0,0,1,1
cuna,0,7,0,7
cuncle,0,0,1,1
cundle,0,1,5,6
cundlestuccckkkk,0,0,2,2
cunnilingus,0,1,0,1
cunning,0,3,4,7
cunningham,0,1,0,1
cunt,293,122,155,570
cuntchian,0,0,3,3
cunter,0,1,0,1
cuntery,0,0,1,1
cuntessa,0,2,0,2
cunting,0,0,7,7
cuntish,4,0,0,4
cunton,0,2,0,2
cuntry,5,0,0,5
cuntryyy,0,1,0,1
cunts,137,34,80,251
cuntservatives,0,1,0,1
cuntshits,5,0,0,5
cunty,4,1,1,6
cuoimhe,0,0,1,1
cuori,0,3,0,3
cup,119,231,407,757
cupboard,0,3,18,21
cupcake,35,135,197,367
cupcakejemma,0,0,7,7
cupcakes,18,127,173,318
cupcaking,0,1,0,1
cupcke,0,2,0,2
cuphead,28,65,28,121
cupheads,0,0,1,1
cupid,1,1,5,7
cupidon,0,1,0,1
cupos,0,4,0,4
cupp,0,0,3,3
cuppa,0,2,12,14
cupped,0,0,1,1
cupper,0,0,1,1
cupping,5,0,2,7
cupquake,0,1,0,1
cups,50,21,81,152
cupshe,0,1,6,7
cur,0,1,0,1
curacao,0,0,2,2
curage,0,0,2,2
curate,0,0,5,5
curated,2,0,2,4
curators,1,0,0,1
curb,20,23,9,52
curbow,0,2,0,2
curbs,0,0,1,1
curcumin,0,0,1,1
curd,0,0,5,5
curdel,0,0,1,1
curdled,0,0,1,1
curdling,1,0,0,1
cure,48,65,116,229
cured,7,11,48,66
curent,0,0,3,3
cures,0,0,4,4
curfew,1,0,0,1
curing,2,4,9,15
curinggg,0,1,0,1
curiocity,0,0,2,2
curios,0,0,8,8
curiose,1,0,0,1
curiosity,36,26,82,144
curious,292,10,423,725
curl,32,17,67,116
curled,6,0,16,22
curler,12,10,2,24
curlers,0,6,7,13
curlier,0,1,0,1
curling,11,13,12,36
curls,14,8,51,73
curlssssss,0,0,2,2
curly,12,9,130,151
curology,0,4,1,5
currado,0,0,1,1
currant,0,0,2,2
currencies,0,0,3,3
currency,13,5,40,58
current,126,67,415,608
currentandcompany,0,0,3,3
currently,131,75,543,749
currentmood,0,1,0,1
currents,0,9,3,12
currey,0,0,1,1
curriculum,1,9,1,11
curriculums,1,1,0,2
currie,1,3,1,5
currier,0,0,2,2
currington,0,0,6,6
currnt,0,1,0,1
curruption,0,2,0,2
curry,26,91,146,263
currys,1,0,10,11
curse,27,52,64,143
cursed,34,9,27,70
curses,12,2,21,35
curseyehameha,0,0,1,1
cursing,18,4,21,43
cursive,0,0,2,2
cursor,0,4,0,4
curt,0,3,0,3
curtail,0,0,3,3
curtailed,0,0,1,1
curtain,12,13,20,45
curtains,12,6,15,33
curte,0,2,0,2
curtem,0,1,0,1
curti,0,2,5,7
curtinho,0,1,0,1
curtis,5,10,4,19
curtois,0,0,1,1
curtsey,0,2,0,2
curtsutherland,0,1,0,1
curuiz,0,1,0,1
curupt,1,0,0,1
curvaceous,0,0,4,4
curvature,2,0,7,9
curve,24,24,83,131
curveballs,0,0,3,3
curved,10,5,29,44
curves,14,2,34,50
curvier,0,0,3,3
curviest,1,0,0,1
curving,3,0,6,9
curvous,2,0,0,2
curvy,3,6,22,31
cus,29,8,47,84
cusack,0,2,1,3
cuse,1,4,6,11
cushin,0,6,0,6
cushion,20,41,85,146
cushioned,0,0,4,4
cushioning,0,0,4,4
cushions,0,5,8,13
cushty,0,0,1,1
cushy,0,0,4,4
cusin,0,2,0,2
cusphopefully,0,0,3,3
cuss,7,16,21,44
cussed,3,4,7,14
cusses,0,0,6,6
cussin,0,2,0,2
cussing,22,13,23,58
custard,0,24,24,48
custiest,0,1,0,1
custis,1,1,2,4
custodial,0,2,0,2
custody,11,4,32,47
custom,12,15,55,82
custome,0,4,0,4
customer,19,18,96,133
customers,41,21,119,181
customisability,0,0,3,3
customisable,0,0,2,2
customise,0,0,5,5
customised,3,5,0,8
customizable,0,0,2,2
customization,0,1,22,23
customizations,0,0,3,3
customize,6,0,15,21
customized,0,1,1,2
customs,8,7,6,21
cut,502,523,953,1978
cutaway,0,1,2,3
cutaways,0,0,26,26
cutback,0,0,1,1
cutco,0,1,0,1
cutcoooooooo,0,1,0,1
cute,165,56,6653,6874
cutecute,0,0,2,2
cuted,0,0,2,2
cutee,1,11,14,26
cuteee,10,21,13,44
cuteeee,1,30,24,55
cuteeeee,3,18,2,23
cuteeeeee,0,34,3,37
cuteeeeeee,0,3,9,12
cuteeeeeeee,0,6,0,6
cuteeeeeeeee,0,6,0,6
cuteeeeeeeeee,1,0,2,3
cuteeeeeew,0,0,1,1
cuteeeeeim,0,0,4,4
cuteeeest,0,2,0,2
cuteesttt,0,0,1,1
cutely,0,0,8,8
cuteness,10,32,38,80
cutenesss,0,2,0,2
cutennes,0,0,1,1
cutepie,0,0,2,2
cuter,4,58,52,114
cutes,0,1,1,2
cutess,0,1,0,1
cutest,61,350,295,706
cutesttt,0,6,0,6
cutesy,5,4,6,15
cutesyyy,0,1,0,1
cutetest,0,3,0,3
cutey,0,1,0,1
cutglu,3,0,0,3
cuthberts,2,0,0,2
cuti,0,1,0,1
cutical,0,1,0,1
cuticle,0,0,1,1
cuticles,2,0,5,7
cutie,19,100,112,231
cutiebrunch,0,8,0,8
cutiee,0,0,2,2
cutieee,0,1,0,1
cutieeee,0,1,1,2
cutiemark,0,0,1,1
cuties,5,36,11,52
cutiessss,0,0,2,2
cutiff,1,0,0,1
cutiiieeee,0,0,3,3
cutiiiieeee,0,1,0,1
cutlass,0,0,1,1
cutler,0,0,3,3
cutlery,1,1,0,2
cutlets,0,0,6,6
cutly,0,5,0,5
cutness,0,1,0,1
cutout,5,9,2,16
cutouts,0,2,0,2
cuts,62,48,171,281
cutscene,5,1,3,9
cutscenes,1,4,2,7
cutt,0,2,0,2
cutted,2,0,0,2
cuttee,0,1,7,8
cutteee,0,3,0,3
cutteeeeeee,0,0,3,3
cutter,15,25,30,70
cutters,2,3,9,14
cuttest,0,4,0,4
cutthroat,6,2,0,8
cutties,0,0,1,1
cuttin,3,0,1,4
cutting,323,0,146,469
cuttings,9,0,0,9
cuttlefish,0,1,1,2
cuttteeee,2,0,0,2
cuttteeeee,0,2,0,2
cutttttteeeeeeeeeee,0,1,0,1
cutus,0,5,0,5
cuty,0,0,1,1
cuute,0,0,1,1
cuuteee,0,2,0,2
cuuteeee,0,1,7,8
cuuteeeeee,0,1,0,1
cuutiiieee,0,0,1,1
cuuttee,0,1,0,1
cuutteeee,0,1,0,1
cuutteeeee,0,1,0,1
cuuu,0,1,0,1
cuuurtisss,0,1,0,1
cuuute,1,8,6,15
cuuuteeee,0,1,3,4
cuuutteee,0,1,0,1
cuuuttteee,0,1,0,1
cuuuunt,3,0,0,3
cuuuute,1,7,6,14
cuuuutte,0,0,4,4
cuuuuttteeee,3,0,0,3
cuuuutttteee,0,1,0,1
cuuuutttteeee,0,2,0,2
cuuuuute,0,2,4,6
cuuuuutteeeeee,0,1,0,1
cuuuuuu,0,1,0,1
cuuuuuute,0,0,2,2
cuuuuuutttteeee,0,1,0,1
cuuuuuuute,0,8,0,8
cuuuuuuuteeeeee,0,2,0,2
cuuuuuuutieee,0,1,0,1
cuuuuuuuute,0,1,0,1
cuuuuuuuuute,0,1,0,1
cuuuuuuuuuute,0,1,0,1
cuuuuuuuuuuuuuuu,0,1,0,1
cuuuuuuuuuuuuuuuuuuute,0,3,0,3
cuyas,0,0,1,1
cuye,0,1,0,1
cuz,262,216,628,1106
cuzy,0,0,4,4
cuzz,1,0,1,2
cuzzis,0,1,0,1
cuzzo,0,0,2,2
cv,1,2,12,15
cvbz,0,6,2,8
cver,1,0,0,1
cvijanovic,0,0,1,1
cvik,0,0,1,1
cvs,0,1,5,6
cvv,0,0,1,1
cvyvfbfbb,0,0,2,2
cw,2,6,8,16
cwall,0,2,0,2
cwc,0,3,8,11
cwcki,2,1,3,6
cwistan,0,1,0,1
cwisten,0,4,0,4
cwnt,0,1,0,1
cwrstem,0,2,0,2
cwstan,0,1,0,1
cwuh,0,0,1,1
cx,0,17,11,28
cxb,0,2,0,2
cxvpher,0,0,1,1
cxxx,0,0,6,6
cy,0,6,2,8
cya,18,20,28,66
cyaaa,0,1,0,1
cyaaaa,0,0,1,1
cyaaaaa,1,0,0,1
cyaaaaaa,0,2,2,4
cyan,3,0,1,4
cyanide,0,2,3,5
cyat,0,2,0,2
cyber,4,13,16,33
cyberbully,1,0,0,1
cybernet,0,0,2,2
cybernetic,0,6,0,6
cyberpunk,2,0,48,50
cybersex,0,2,0,2
cybertron,1,0,0,1
cyberwar,0,0,1,1
cybex,0,0,2,2
cyborg,8,8,20,36
cyborgs,0,1,1,2
cyc,0,0,6,6
cych,0,2,0,2
cycle,39,20,109,168
cycles,4,11,19,34
cyclic,0,0,3,3
cyclical,2,2,2,6
cyclically,3,0,0,3
cycling,4,5,24,33
cyclist,0,0,3,3
cyclists,0,1,4,5
cycloids,3,0,0,3
cyclone,0,1,0,1
cyclones,1,0,0,1
cyclop,0,5,0,5
cyclopamine,11,11,7,29
cyclopes,0,1,0,1
cyclophosphamnide,0,6,0,6
cyclopian,0,0,2,2
cyclops,4,34,15,53
cyclothymia,0,0,2,2
cye,8,0,0,8
cyfers,0,1,0,1
cygnus,0,1,0,1
cyhmybq,0,0,1,1
cyka,6,25,0,31
cylinder,1,0,4,5
cylinders,0,6,7,13
cylindrical,0,0,1,1
cylon,0,1,0,1
cym,0,0,3,3
cymatics,1,2,14,17
cymbal,0,0,9,9
cymbals,3,0,15,18
cymone,0,1,0,1
cyna,0,0,1,1
cyncism,0,0,1,1
cyndi,0,2,1,3
cynic,2,0,0,2
cynical,18,1,13,32
cynically,2,0,0,2
cynicism,2,0,1,3
cynics,5,0,0,5
cynthia,3,0,0,3
cyoa,0,1,0,1
cyob,0,6,0,6
cyormfi,0,1,0,1
cyote,0,1,5,6
cypher,4,5,9,18
cyphers,0,0,3,3
cyporgs,0,3,0,3
cypress,1,0,2,3
cypriot,0,0,2,2
cyprus,0,10,11,21
cyr,0,3,1,4
cyran,0,2,0,2
cyrano,0,5,5,10
cyrillc,0,1,0,1
cyrosleep,0,0,1,1
cyrus,30,84,62,176
cyrusss,0,1,0,1
cyrussss,0,0,1,1
cyrusuah,0,1,0,1
cyruz,0,0,1,1
cyst,15,0,4,19
cystic,16,6,40,62
cystisis,0,0,1,1
cysts,23,3,11,37
cytiy,0,0,5,5
cytus,0,6,4,10
cyutie,0,2,0,2
cyyyaa,3,0,0,3
cz,9,20,18,47
czad,0,1,0,1
czapki,3,0,0,3
czar,0,2,1,3
czarina,0,0,1,1
czarny,0,1,0,1
czas,0,5,1,6
czasami,0,2,1,3
czasem,0,6,0,6
czasie,0,2,0,2
czasu,0,8,0,8
czasy,0,1,0,1
czech,7,6,19,32
czechia,0,2,7,9
czechoslovakia,0,0,2,2
czego,0,6,0,6
czeka,0,3,0,3
czekam,0,3,0,3
czekolad,0,2,0,2
czekoladowego,0,2,0,2
czemu,0,1,0,1
czeniu,0,0,2,2
czerski,0,4,0,4
czerwone,0,4,1,5
czna,0,2,0,2
czo,0,2,0,2
czole,0,2,0,2
czu,0,6,0,6
czuj,0,4,0,4
czuje,0,6,0,6
czujemy,0,2,0,2
czy,0,36,8,44
czyli,0,5,0,5
czym,0,3,0,3
czyni,0,1,0,1
czyst,0,2,0,2
czysta,0,2,0,2
czzmnx,0,1,0,1
da,109,545,304,958
daaa,1,0,0,1
daaaa,0,0,1,1
daaaaaa,0,1,0,1
daaaaaaaaaaaaaaaaaaaaaaaaaaaaaaaaaaaaaaaaaaaaaaaamn,0,0,2,2
daaaaaaaaaaaaaaaaaaaaaaaaaaaaaaaaaaaaamn,4,0,0,4
daaaaaaaaaaaaaaaaaaaaaaaaaaamn,0,1,0,1
daaaaaaaaaaaaaaaaaaaaaat,0,2,0,2
daaaaaaaaaaaaaaaaaammmmmmmmmmmmmmmmmmmmm,0,1,0,1
daaaaaaaaaaaaaaaaaamn,0,1,0,1
daaaaaaaaaaaaaaam,0,1,0,1
daaaaaaaaaaaaaamn,0,3,0,3
daaaaaaaaaaaaamn,0,2,0,2
daaaaaaaaaaamn,0,1,1,2
daaaaaaaaaammnnnnnnn,0,2,0,2
daaaaaaaaamn,0,3,0,3
daaaaaaaamn,0,1,1,2
daaaaaaad,0,0,1,1
daaaaaaamn,1,0,5,6
daaaaaad,0,1,0,1
daaaaaamn,0,0,1,1
daaaaadd,0,1,0,1
daaaaam,0,7,0,7
daaaaammnn,0,2,0,2
daaaaamn,1,1,9,11
daaaaang,0,0,2,2
daaaaaqmmmmmmmmmmmmmmmmmm,0,1,0,1
daaaad,0,5,0,5
daaaadddyyyy,0,1,0,1
daaaahhhhliinnggg,0,3,0,3
daaaammm,0,0,2,2
daaaammmmn,0,1,0,1
daaaammn,0,0,2,2
daaaammnn,0,0,1,1
daaaammnnn,0,2,0,2
daaaamn,1,2,4,7
daaaamnnn,0,0,1,1
daaaang,0,0,8,8
daaaanng,0,1,0,1
daaaays,0,0,2,2
daaadddddyyy,0,1,0,1
daaam,0,1,0,1
daaamamamamnns,0,1,0,1
daaammmn,2,0,0,2
daaammmnnnn,0,1,0,1
daaammmnnnnnnn,0,0,1,1
daaamn,2,15,6,23
daaamnn,0,0,1,1
daaang,0,0,1,1
daaannggg,0,1,0,1
daaannng,0,0,1,1
daaare,0,1,0,1
daaarrling,0,0,2,2
daaas,0,0,2,2
daaaym,0,1,3,4
daaayum,2,0,0,2
daaayuuuummmm,0,1,0,1
daaayyuuuuummmmnnnn,0,0,1,1
daaayyyum,0,0,1,1
daaayyyym,0,0,3,3
daadddyyy,0,1,0,1
daae,0,0,1,1
daah,0,2,0,2
daahh,0,1,0,1
daam,2,4,0,6
daammmm,0,2,0,2
daammmnnn,0,1,0,1
daammnn,0,1,0,1
daammnnnn,0,1,0,1
daamn,1,7,0,8
daanng,0,1,0,1
daanreina,0,1,0,1
daar,0,5,2,7
daarmee,0,1,0,1
daarom,0,9,0,9
daarvan,0,1,0,1
daawwg,2,0,0,2
daayum,0,1,0,1
daayyyuuuuuummmm,0,1,0,1
dab,42,116,62,220
daba,0,3,0,3
dabba,0,0,1,1
dabbb,0,1,0,1
dabbbbb,0,1,0,1
dabbed,5,8,6,19
dabber,0,1,0,1
dabbers,0,0,3,3
dabbie,0,1,0,1
dabbin,0,2,0,2
dabbing,14,39,18,71
dabble,4,0,1,5
dabbled,0,0,4,4
dabbles,0,0,2,2
dabbling,0,2,0,2
dabby,0,4,1,5
dabei,0,1,0,1
dabest,0,1,1,2
dabestt,0,1,0,1
dabestxd,0,1,0,1
dabillionaire,0,0,2,2
dabing,0,1,0,1
dabmn,0,1,0,1
dabney,1,0,0,1
daboom,0,0,2,2
daboompidagidada,0,0,2,2
dabrrr,0,0,2,2
dabs,12,11,5,28
dabulous,0,1,0,1
dac,0,1,21,22
daca,29,9,24,62
dace,0,3,0,3
dachshund,0,1,3,4
dacht,0,1,0,1
dachund,0,0,1,1
dacia,0,0,1,1
dacie,0,3,0,3
dacing,0,1,0,1
dack,2,0,0,2
dackton,0,1,0,1
dacnee,1,0,0,1
dacning,0,0,2,2
dacono,0,4,0,4
dacri,0,4,0,4
dact,0,0,1,1
dactions,0,2,0,2
dad,337,548,1168,2053
dada,0,0,2,2
dadada,0,5,0,5
dadadannny,0,0,2,2
dadario,0,0,1,1
dadbag,0,1,3,4
dadbod,0,4,0,4
dadcam,0,6,0,6
dadd,0,1,1,2
daddario,1,3,0,4
dadddddyyyy,0,1,0,1
daddddyyyyyyyyyy,0,1,0,1
dadddyyyyyy,0,3,0,3
daddeh,0,5,0,5
daddie,0,0,4,4
daddies,2,4,5,11
daddy,82,366,224,672
daddyish,0,1,0,1
daddys,9,0,1,10
daddywise,0,0,1,1
daddyyankee,0,1,0,1
daddyyyyyy,0,1,0,1
dade,0,1,0,1
dadgoals,0,0,1,1
dadi,0,1,0,1
dadjulian,0,1,0,1
dado,2,13,7,22
dadoes,0,0,2,2
dadrock,0,0,1,1
dads,14,27,74,115
dadszs,0,2,0,2
dady,0,8,0,8
dadydyddydy,0,1,0,1
dae,3,2,0,5
daebaaaaak,0,0,1,1
daebak,2,19,8,29
daebakkkk,0,0,1,1
daebakkkkk,1,0,0,1
daeeebakkk,0,1,0,1
daehwadeullo,0,0,1,1
daejun,0,0,1,1
daemon,1,0,1,2
daenerys,13,2,14,29
daeron,0,0,1,1
daesang,0,1,1,2
daesangs,0,1,2,3
daew,0,1,0,1
daez,0,0,1,1
dafaq,0,9,0,9
dafaqq,0,1,0,1
dafeo,0,1,0,1
daffy,0,0,1,1
dafne,0,0,1,1
dafoe,0,4,5,9
daft,4,16,25,45
daftpunk,0,0,1,1
dafuk,1,0,1,2
dafuq,15,37,8,60
dafuqq,0,1,0,1
dag,1,4,4,9
dagedagibidipipopopop,0,1,0,1
dagen,0,1,0,1
dagger,7,3,6,16
daggers,5,4,5,14
dagggg,0,1,0,1
dagnabbit,0,1,2,3
dagnabit,0,1,0,1
dago,5,0,0,5
dagogo,0,3,0,3
dagticak,0,0,1,1
dah,3,12,5,20
daha,0,8,3,11
daheck,0,0,2,2
dahell,0,0,5,5
daher,0,4,4,8
dahh,0,1,0,1
dahhhling,0,0,6,6
dahhling,0,0,2,2
dahl,0,7,3,10
dahlia,1,0,1,2
dahling,0,0,2,2
dahmer,1,1,1,3
dahmeresque,0,0,2,2
dahora,0,2,0,2
dahy,1,0,0,1
dahyun,4,22,14,40
dahyunie,0,2,0,2
dahyunieee,0,1,0,1
dahyunnn,0,2,0,2
dahyunnnnnnnnnn,0,1,0,1
dahyuuuuun,0,1,0,1
dai,0,5,1,6
daian,0,1,0,1
daigo,1,0,0,1
daigonropa,0,1,0,1
dail,0,2,0,2
dailey,0,1,0,1
daili,3,0,0,3
daily,92,184,532,808
dailybumps,2,0,0,2
dailygrace,0,0,8,8
dailymail,0,0,4,4
daima,0,1,0,1
daimond,0,1,0,1
daina,0,3,0,3
dainelle,0,1,0,1
dainish,0,0,1,1
dainty,0,0,8,8
dairies,3,0,0,3
dairy,54,79,192,325
dais,0,2,1,3
daisey,0,2,0,2
daisie,0,1,0,1
daisies,0,3,0,3
daiso,2,3,10,15
daisuki,0,1,1,2
daisy,20,109,187,316
daisydays,0,0,1,1
daisymae,0,1,0,1
daisys,0,1,1,2
daisyyyy,0,0,3,3
daisyyyyy,0,1,0,1
daith,0,0,3,3
daithi,1,0,0,1
daiya,0,0,13,13
daize,0,0,1,1
daizuniku,0,0,3,3
daj,0,3,3,6
dajana,0,0,1,1
dajavu,0,2,0,2
dajjal,0,3,0,3
dak,0,1,0,1
dakdominos,0,0,1,1
dakika,0,3,0,3
dakita,0,2,0,2
dakota,3,6,10,19
dakotas,0,2,0,2
dakotazz,0,2,0,2
dal,5,40,24,69
dalai,0,0,1,1
dalam,0,0,1,1
dalaran,0,0,2,2
dalas,0,3,0,3
dalasito,0,1,0,1
dalawa,0,0,1,1
dalbicce,0,0,3,3
dale,1,16,12,29
dalej,0,6,0,6
daleka,0,0,1,1
daleko,0,3,0,3
daleks,0,0,1,1
daley,0,22,27,49
dalghren,1,0,0,1
dalgren,6,0,0,6
dalien,1,0,0,1
daliiii,0,1,0,1
dall,0,0,8,8
dalla,1,3,1,5
dallas,21,47,65,133
dallask,0,0,1,1
dallasss,0,1,0,1
dalle,0,1,0,1
dallyeossji,0,1,0,1
dalmatians,0,0,3,3
dalmatins,0,0,1,1
dals,1,0,0,1
dalszej,0,0,2,2
dalt,0,3,0,3
dalton,1,2,2,5
daly,0,3,1,4
dam,73,88,139,300
dama,0,2,0,2
damage,97,69,206,372
damageand,1,0,0,1
damaged,28,3,44,75
damageler,0,3,0,3
damages,6,3,18,27
damaging,7,7,34,48
damarcus,1,0,0,1
damascus,0,3,0,3
damb,0,0,5,5
dame,42,104,203,349
damehood,6,0,0,6
dameron,2,1,0,3
dames,1,0,2,3
damga,0,3,0,3
damge,0,0,6,6
dami,0,2,2,4
damian,5,2,2,9
damiana,0,0,1,1
daming,0,1,0,1
damit,0,2,1,3
damm,17,34,36,87
damma,5,0,0,5
dammage,2,0,1,3
damme,0,11,0,11
dammed,10,0,2,12
dammegard,7,0,0,7
dammit,36,83,62,181
dammitttttttttt,0,1,0,1
dammm,3,10,5,18
dammmm,0,2,1,3
dammmmm,0,0,5,5
dammmmmm,0,6,0,6
dammmmmmmm,0,0,6,6
dammmmmmmmm,0,0,2,2
dammmmmmmmn,0,2,0,2
dammmmmn,0,3,0,3
dammmmmnnn,1,0,0,1
dammmmmnnnn,1,0,0,1
dammmmn,0,3,0,3
dammmmnnn,0,1,0,1
dammmmnnnn,0,0,6,6
dammmnn,0,1,0,1
dammmnnn,0,0,1,1
dammmnnnn,0,1,0,1
dammmnnnnn,2,1,0,3
dammn,4,3,2,9
dammnn,0,3,0,3
dammnnn,0,0,1,1
dammnnnn,0,0,1,1
damn,1039,1590,2777,5406
damnatio,0,0,1,1
damnation,4,0,10,14
damndamndamn,0,2,0,2
damndef,0,1,0,1
damndest,0,0,1,1
damned,16,10,26,52
damnedest,0,0,2,2
damngoodzie,0,2,0,2
damnificados,0,2,0,2
damning,5,0,3,8
damnit,9,41,22,72
damnitt,0,1,0,1
damnmnmnmn,0,1,0,1
damnn,2,10,5,17
damnnit,7,0,0,7
damnnn,17,18,23,58
damnnnn,0,19,1,20
damnnnnn,0,7,3,10
damnnnnnmmnnnnmmmnn,0,1,0,1
damnnnnnn,0,3,2,5
damnnnnnnn,0,2,0,2
damnnnnnnnnn,0,0,1,1
damnnnnnnnnnn,0,1,0,1
damnt,0,1,0,1
damnz,0,0,1,1
damoane,4,0,0,4
damocles,0,1,0,1
damon,11,30,18,59
damons,0,2,0,2
damp,5,1,13,19
dampen,0,0,3,3
dampened,0,0,1,1
damper,1,0,7,8
dams,0,0,1,1
damsel,1,0,1,2
dan,267,612,833,1712
dana,25,37,60,122
danadphil,0,1,0,1
danandphilcrafts,0,0,2,2
danandphilgames,0,2,0,2
danandphilvlogs,0,1,0,1
danaus,1,0,0,1
dancall,0,0,4,4
dance,253,353,1015,1621
danced,16,11,65,92
dancedancedance,0,0,1,1
danceeeeee,0,1,0,1
dancefestopia,3,0,0,3
dancefloor,0,0,8,8
dancehal,0,1,0,1
dancehall,0,7,0,7
danceia,0,1,0,1
danceing,0,0,2,2
dancer,44,10,169,223
dancers,6,21,133,160
dances,29,14,60,103
dancing,153,216,544,913
dancinhas,0,1,0,1
danddy,0,2,0,2
dandelions,0,1,1,2
dandi,0,0,1,1
dandies,1,0,0,1
dando,1,15,1,17
dandruff,0,7,0,7
dandy,1,0,7,8
dane,2,6,16,24
daneil,0,2,0,2
danella,0,1,0,1
danes,2,1,0,3
danessa,0,0,1,1
dang,87,131,200,418
danganrompa,0,0,3,3
danganronpa,0,2,0,2
dangelo,1,1,0,2
dangenrompa,0,2,0,2
dangeorus,0,0,2,2
danger,70,41,120,231
dangerfield,0,1,2,3
dangerous,342,8,180,530
dangerousalert,0,0,1,1
dangerouse,0,0,1,1
dangerously,12,0,4,16
dangerousness,0,1,0,1
dangeroussss,0,1,0,1
dangers,3,1,25,29
dangerus,0,0,1,1
dangg,1,0,0,1
danggg,0,3,0,3
dangggg,0,1,1,2
danggggg,0,3,0,3
danggggggggggg,0,1,0,1
danggggggggggggg,0,1,0,1
dangi,0,0,1,1
dangit,4,7,0,11
dangitt,0,4,0,4
dangle,0,2,4,6
dangler,0,1,0,1
dangles,0,0,6,6
dangling,1,8,2,11
dangnabbit,0,0,1,1
dango,0,0,1,1
danh,0,2,0,2
dani,4,13,7,24
danial,0,1,5,6
danica,0,1,0,1
daniel,47,161,266,474
daniela,1,5,0,6
danielcaesar,0,1,0,1
danieldan,0,0,1,1
daniele,0,1,0,1
daniella,0,1,1,2
danielle,9,32,33,74
danielll,0,1,0,1
daniellll,0,0,1,1
daniels,22,31,34,87
danielya,0,4,0,4
danil,0,0,1,1
danilo,0,5,2,7
danish,9,24,33,66
danishandoneill,0,1,0,1
danisnotpregnant,0,1,0,1
dank,8,36,17,61
danka,0,0,4,4
danke,3,4,2,9
dankest,0,0,1,1
dankey,0,0,1,1
dankjewel,0,1,0,1
dankula,1,0,0,1
dankzel,0,0,4,4
danla,0,3,0,3
danlos,1,0,5,6
danm,6,2,12,20
danmmit,1,0,0,1
dann,1,7,3,11
dannah,0,6,0,6
dannampaikid,0,1,0,1
dannebrog,0,0,1,1
dannggg,1,0,0,1
danni,1,0,0,1
dannii,0,0,1,1
dannis,6,0,0,6
dannnnggggggg,0,3,0,3
dannnnnnnnnn,0,1,0,1
danny,82,138,220,440
dannyboy,0,1,0,1
dannys,3,0,5,8
dannywise,0,5,0,5
dannyy,1,0,0,1
dannyyy,0,1,0,1
dano,0,1,0,1
dans,15,52,49,116
danse,0,1,1,2
dansker,0,7,0,7
danskere,0,4,0,4
dant,0,1,0,1
dantdm,1,9,3,13
dante,1,4,10,15
danton,1,0,0,1
danube,0,0,1,1
danvers,3,0,0,3
dany,8,7,18,33
danyellow,0,6,0,6
danyul,0,1,0,1
danza,0,1,0,1
danzel,0,0,2,2
danzig,0,9,0,9
dao,0,2,2,4
daodejing,2,0,0,2
daoko,1,0,0,1
daorginalsouljafiedent,0,1,0,1
daoud,0,0,4,4
dap,0,1,5,6
dapa,2,0,0,2
dapaah,0,3,0,3
dapah,0,0,5,5
dapbougpoppop,0,0,1,1
dapet,0,0,3,3
dapgo,0,1,0,1
daphne,4,3,3,10
daphuc,0,1,0,1
dapitty,0,6,0,6
dapp,0,0,10,10
dapper,0,7,13,20
daps,0,0,3,3
daptone,0,5,15,20
daptones,0,0,5,5
dapuranmu,0,1,0,1
daqui,0,1,0,1
dar,1,61,2,64
dara,4,0,0,4
daran,1,0,0,1
darbe,0,1,0,1
darbuka,0,1,0,1
darby,0,0,2,2
darc,0,0,4,4
darcey,0,10,8,18
darceys,1,0,0,1
darci,7,17,99,123
darcie,0,0,4,4
darco,0,0,1,1
darcy,25,25,229,279
darcys,0,4,7,11
dare,92,227,142,461
dareck,0,1,0,1
dared,0,7,2,9
darede,0,1,0,1
daredevil,12,9,39,60
darem,0,0,6,6
dares,13,6,13,32
daresay,0,0,1,1
dareul,0,1,0,1
darf,0,4,0,4
dari,0,3,2,5
daria,0,3,18,21
darian,0,3,4,7
daric,0,4,0,4
darien,0,0,8,8
darienne,0,2,2,4
darin,0,3,0,3
daring,1,0,17,18
dario,0,1,1,2
darius,4,5,1,10
darjeeling,0,0,1,1
dark,818,3,1110,1931
darkchild,1,0,0,1
darken,1,1,4,6
darkened,6,0,19,25
darkeners,0,0,1,1
darkening,1,2,1,4
darkens,0,0,5,5
darker,36,43,275,354
darkest,10,5,91,106
darkie,1,1,0,2
darkies,6,0,0,6
darkiplier,0,1,0,1
darkis,0,1,0,1
darkish,0,0,1,1
darkkk,0,0,2,2
darklonely,0,1,0,1
darklurker,2,0,0,2
darkly,0,0,2,2
darkmater,0,2,0,2
darkmoon,2,0,0,2
darkness,67,31,105,203
darko,20,12,37,69
darkrai,0,0,1,1
darks,0,0,2,2
darkseid,7,3,4,14
darkside,2,4,3,9
darkskin,0,2,3,5
darkskins,0,4,0,4
darksouls,1,3,2,6
darkstalkers,1,0,0,1
darkwave,0,1,1,2
darkwing,0,0,1,1
darkwood,0,1,0,1
darkwraith,0,0,2,2
darl,3,6,1,10
darla,0,3,0,3
darle,0,13,0,13
darlin,0,0,4,4
darling,24,21,149,194
darlingggg,0,0,1,1
darlings,0,0,2,2
darlink,1,0,0,1
darmian,0,0,1,1
darmok,0,0,3,3
darn,26,33,108,167
darned,0,0,8,8
darnit,0,3,5,8
darnley,0,0,2,2
darnn,0,0,5,5
daron,1,0,0,1
darreeee,0,0,1,1
darrell,5,0,0,5
darren,7,9,25,41
darrian,0,3,0,3
darrom,0,1,0,1
darron,3,0,0,3
darrrk,1,0,0,1
darrrrrrling,0,0,3,3
darsaimpex,0,5,0,5
darse,0,8,0,8
darstellende,0,0,1,1
dart,0,6,10,16
darte,0,0,1,1
dartford,0,0,1,1
darth,19,23,22,64
darting,0,0,12,12
darts,2,1,0,3
darude,0,1,0,1
darwin,1,6,29,36
darwinian,0,0,1,1
darwinism,5,0,0,5
dary,1,3,0,4
darya,0,2,0,2
daryl,3,4,2,9
daryyyyyyy,0,1,0,1
das,7,176,36,219
dasani,0,4,0,4
dasar,0,6,0,6
dasavage,0,3,1,4
dasefx,0,0,3,3
dasendents,0,1,0,1
dash,22,34,70,126
dashboard,1,1,3,5
dashcam,0,0,3,3
dashed,6,0,5,11
dashi,0,3,0,3
dashie,0,2,0,2
dashiell,0,0,1,1
dashika,0,1,0,1
dashing,0,6,12,18
dashner,0,1,0,1
dasie,0,1,0,1
daso,0,0,1,1
dasofam,0,2,7,9
dasovich,2,6,6,14
dass,1,5,2,8
dassak,0,1,0,1
dassit,0,0,1,1
dasupreme,0,2,0,2
dasz,0,2,0,2
dat,78,280,172,530
data,41,38,214,293
database,4,4,22,30
databases,1,0,0,1
datacenter,0,0,5,5
datagrams,0,0,8,8
datang,0,1,0,1
date,165,253,484,902
dated,27,15,33,75
datedness,0,0,1,1
dater,0,4,0,4
dates,45,11,66,122
datevi,0,1,0,1
dather,0,1,0,1
dathunkdatshit,0,3,0,3
dating,57,89,234,380
dation,0,0,2,2
dato,0,0,2,2
daton,0,0,1,1
datpiff,1,2,0,3
dats,11,9,15,35
datt,0,1,0,1
dattie,0,1,0,1
dattt,0,1,0,1
datungputi,0,1,0,1
daturday,0,0,2,2
datway,0,1,0,1
datz,0,1,0,1
dau,1,0,0,1
daughter,139,184,757,1080
daughters,31,33,60,124
daughtet,0,0,1,1
daughtry,0,2,0,2
daugther,0,0,2,2
daugthers,0,0,1,1
daum,3,0,1,4
daumen,0,4,0,4
daumn,2,0,0,2
daunting,0,0,3,3
dauntless,0,1,1,2
dav,0,1,0,1
dava,0,1,0,1
davajonas,0,2,0,2
davanti,0,1,0,1
dave,125,232,481,838
daved,1,0,0,1
daveed,0,1,0,1
davehax,2,24,22,48
daves,0,5,3,8
davey,0,5,0,5
davici,0,0,3,3
david,169,501,509,1179
davide,0,0,1,1
davidlettermanisking,0,1,0,1
davidoff,0,0,1,1
davidpardoy,4,0,0,4
davidparody,0,7,0,7
davids,1,2,12,15
davidson,1,0,0,1
davidsons,0,0,5,5
davies,5,0,6,11
davina,0,0,12,12
davinci,0,0,9,9
davirari,0,0,1,1
davis,5,18,34,57
davito,0,0,1,1
davood,0,1,4,5
davos,6,0,0,6
davvero,0,3,0,3
daw,2,8,2,12
dawarf,0,0,1,1
dawes,6,0,0,6
dawg,10,8,24,42
dawgg,0,1,0,1
dawgs,0,0,2,2
dawgsssss,0,1,0,1
dawid,0,1,0,1
dawka,0,2,0,2
dawkins,5,1,10,16
dawling,0,0,1,1
dawn,24,69,164,257
dawned,0,1,1,2
dawning,0,0,8,8
dawnit,0,0,1,1
dawns,1,0,0,1
dawnsheartfeltcornerlike,0,0,1,1
dawood,0,6,4,10
dawsin,2,4,0,6
dawson,11,46,36,93
dawsons,0,1,0,1
dawsonthey,0,0,1,1
dawud,1,3,0,4
dawwwg,0,5,0,5
dax,0,1,1,2
daxid,0,0,3,3
day,1972,1947,7490,11409
daya,0,2,1,3
dayanamadim,0,1,0,1
daybreak,0,1,0,1
daycare,5,0,7,12
daydream,5,7,4,16
daydreamed,0,0,4,4
daydreaming,1,0,9,10
dayein,0,0,1,1
daylight,12,3,17,32
daylights,0,3,2,5
daym,1,3,4,8
daymmmm,0,0,3,3
daymn,0,0,2,2
daymon,0,0,2,2
dayoooo,0,4,0,4
days,963,612,2505,4080
daysei,0,0,1,1
dayshaun,0,0,3,3
daysi,0,0,1,1
daysituation,0,0,1,1
daysof,2,0,0,2
daysoffoundation,0,0,1,1
dayss,0,1,0,1
daysss,0,2,2,4
dayssss,0,1,0,1
daysssss,0,3,1,4
daytime,10,0,33,43
daytona,0,0,8,8
dayum,18,16,23,57
dayumm,0,1,2,3
dayummm,0,1,4,5
dayummmm,5,0,2,7
dayummmmm,0,10,1,11
dayumn,0,2,3,5
dayumnnn,0,1,0,1
dayuuum,1,0,0,1
dayvision,0,1,0,1
dayymmmnnn,0,0,1,1
dayyss,0,1,0,1
dayyum,0,1,0,1
dayyy,0,0,1,1
dayyyum,1,0,0,1
dayyyuummm,0,6,0,6
dayyyuuuuum,0,2,0,2
dayyyy,0,0,2,2
dayyyyumm,0,1,0,1
dayyyyy,0,1,0,1
dayyyyyy,0,2,7,9
dayyyzzz,0,0,1,1
dayz,0,2,2,4
dayzzzz,0,0,1,1
daz,0,0,3,3
daze,0,0,3,3
dazed,7,0,0,7
dazeem,0,1,0,1
dazs,0,0,2,2
dazu,0,6,1,7
dazyshield,0,3,0,3
dazzle,1,0,8,9
dazzling,0,0,11,11
db,0,7,35,42
dba,0,2,0,2
dbag,1,0,0,1
dbags,1,0,0,1
dbalam,0,2,0,2
dbania,0,2,0,2
dbbag,0,4,0,4
dbfighterz,1,0,0,1
dbfz,8,0,0,8
dbl,3,0,0,3
dblocks,0,2,0,2
dbp,0,4,0,4
dbrand,3,2,2,7
dbs,2,2,7,11
dbsk,0,2,1,3
dbz,14,6,4,24
dc,60,58,150,268
dcau,0,0,4,4
dceu,2,3,8,13
dcfc,0,0,1,1
dchlagt,0,1,0,1
dci,0,0,1,1
dcmg,0,1,0,1
dcsy,0,0,1,1
dcu,1,0,0,1
dcx,0,0,2,2
dd,10,56,52,118
ddam,0,1,0,1
dday,0,0,1,1
ddd,2,17,10,29
dddaaaaaabbbbbsssss,0,1,0,1
dddd,0,3,8,11
dddddd,1,0,0,1
ddddddamn,0,0,1,1
ddddddd,0,0,1,1
dddddddd,0,0,3,3
ddddddddddddd,0,0,1,1
dddddddddddddddddddddddddddddddddd,0,2,0,2
dddddddddddddddddddddddddddddddddddddddddddd,0,143,0,143
ddddddddddddddddddddddddddddddddddddddddddddddddddddddddddddddddddddddddddddddddddddddddddddddddddddddddddddjjjjjjjjjjjjjjjjjjjjjjjjjjjjjj,0,1,0,1
ddddrrraaaaggggg,0,3,0,3
dddoopppeuaa,0,0,1,1
dddx,0,2,0,2
dddyou,0,1,0,1
dddyyyyyyyiiiinnngggggggggggg,0,1,0,1
ddf,0,1,0,1
ddg,1,4,0,5
ddl,0,1,0,1
ddlg,0,0,3,3
ddn,0,0,5,5
ddna,0,1,0,1
ddnt,2,0,1,3
ddoesstyle,0,2,0,2
ddoing,0,0,1,1
ddont,0,1,0,1
ddos,0,1,1,2
ddp,0,0,2,2
ddr,0,2,15,17
ddreeeaaammmm,0,0,5,5
de,432,4129,1091,5652
dea,1,1,0,2
deaaaaaaaad,0,1,0,1
deaaaaad,2,0,0,2
deaaaaam,1,0,0,1
deaaaaddd,0,1,0,1
deaaaamn,0,0,2,2
deaaaddd,0,2,0,2
deaad,1,0,1,2
deabak,0,1,0,1
deacon,2,6,0,8
deactivate,1,0,0,1
dead,1836,40,1100,2976
deadanimalshaverights,1,0,0,1
deadass,4,28,31,63
deadbeat,5,2,2,9
deadd,0,4,2,6
deadddd,4,2,3,9
deadddddd,2,1,0,3
deaddddddd,0,3,0,3
deaddddddddddd,0,1,0,1
deaded,1,0,0,1
deadend,1,0,0,1
deadening,1,0,0,1
deadest,0,2,0,2
deadfromlaughter,0,1,0,1
deadhorse,0,1,0,1
deadite,0,0,1,1
deadites,4,0,4,8
deadlier,0,0,2,2
deadliest,2,3,8,13
deadlights,0,0,1,1
deadline,3,1,24,28
deadlines,0,1,4,5
deadlock,0,1,0,1
deadly,48,4,51,103
deadman,0,1,1,2
deadmau,1,38,11,50
deadmen,1,0,0,1
deadpan,1,0,7,8
deadpanned,0,0,1,1
deadpool,62,23,57,142
deadpools,1,0,0,1
deadrising,0,4,0,4
deads,2,7,1,10
deadset,0,1,7,8
deadsss,0,2,0,2
deadwood,4,0,0,4
deaf,51,33,150,234
deafening,0,1,3,4
deafing,1,0,0,1
deafness,7,0,3,10
deagan,1,0,0,1
deakin,0,0,2,2
deakins,0,3,11,14
deal,345,177,810,1332
dealbreaker,0,0,3,3
dealer,29,22,19,70
dealers,4,7,16,27
dealership,1,0,2,3
dealing,82,20,166,268
dealings,9,0,0,9
deals,31,4,55,90
dealt,25,2,37,64
dealth,0,0,1,1
deam,0,1,2,3
deamed,0,1,0,1
dean,31,269,247,547
deandre,0,0,1,1
deaney,3,0,0,3
deanna,0,0,1,1
deano,0,0,5,5
deap,0,0,1,1
dear,173,402,540,1115
deardorff,3,0,0,3
dearest,0,0,12,12
dearevenhanson,0,1,0,1
dearh,0,6,0,6
dearie,4,0,0,4
dearly,4,6,46,56
dearra,0,2,0,2
dearryan,0,1,0,1
dearth,0,0,1,1
deary,0,4,3,7
deash,0,0,1,1
deasise,0,1,0,1
deatailed,0,0,5,5
death,390,334,973,1697
deathadder,1,3,3,7
deathbattle,3,0,1,4
deathbed,1,0,3,4
deathcure,0,2,0,2
deathly,7,2,12,21
deathmatch,0,1,1,2
deathnell,1,0,0,1
deathnote,1,10,11,22
deathrow,0,2,2,4
deaths,133,25,110,268
deathstalker,0,0,1,1
deathstar,0,1,0,1
deathstroke,0,1,3,4
deathtrap,0,0,1,1
deathwinf,0,4,0,4
deathwing,8,10,20,38
deathz,0,0,1,1
deatlhy,0,0,1,1
deau,1,0,0,1
deaugmann,1,0,0,1
deb,0,2,4,6
debacle,2,1,4,7
debajo,0,1,0,1
debases,0,0,1,1
debasing,2,0,0,2
debatable,5,3,6,14
debate,45,24,98,167
debated,5,1,7,13
debater,0,4,0,4
debaters,5,0,0,5
debates,0,0,1,1
debating,7,2,39,48
debauchee,1,0,0,1
debauchery,0,0,1,1
debbie,11,10,24,45
debe,0,9,1,10
debemos,0,1,0,1
deben,6,2,2,10
debenhams,1,0,0,1
deber,0,44,6,50
deberia,1,1,0,2
deberian,0,15,0,15
debes,0,2,1,3
debhanams,0,0,1,1
debia,0,1,0,1
debieron,0,3,0,3
debilami,0,2,0,2
debile,0,1,0,1
debilitating,5,5,24,34
debilitatingly,0,0,1,1
debily,0,2,0,2
debio,0,2,0,2
debit,4,7,5,16
debita,0,2,0,2
debo,0,8,3,11
deborah,1,0,6,7
debra,0,7,0,7
debravka,0,0,1,1
debrief,0,0,9,9
debriefed,1,0,0,1
debriefing,0,0,1,1
debris,3,2,6,11
debroigle,0,0,1,1
debs,0,0,4,4
debt,53,50,113,216
debtor,0,1,0,1
debtors,0,2,3,5
debts,6,5,31,42
debuchy,4,7,23,34
debug,7,1,0,8
debunk,5,4,136,145
debunked,1,5,15,21
debunking,2,0,2,4
debunks,0,1,3,4
debut,9,23,50,82
debutar,0,4,0,4
debuted,15,0,38,53
debutee,0,1,0,1
debuting,0,0,2,2
debuts,0,2,9,11
debuut,0,1,0,1
dec,10,27,30,67
decade,33,14,128,175
decadence,2,0,1,3
decadent,0,1,17,18
decadente,0,1,0,1
decades,55,35,145,235
decaf,5,0,14,19
decafe,0,0,4,4
decaffeinated,4,0,10,14
decal,0,2,9,11
decals,1,5,1,7
decandents,0,1,0,1
decapatied,0,2,0,2
decapitate,0,1,0,1
decapitated,2,2,5,9
decapitating,0,0,1,1
decapitatio,0,0,1,1
decaprio,1,0,0,1
decathlon,0,0,6,6
decay,5,8,37,50
decayed,1,0,3,4
decaying,0,1,1,2
decays,2,0,5,7
dece,0,0,1,1
deceased,3,8,28,39
deceases,0,0,1,1
decedents,0,0,4,4
deceit,10,9,1,20
deceitful,1,0,1,2
deceive,13,4,10,27
deceived,19,3,8,30
deceiver,0,2,0,2
deceivin,6,0,1,7
deceiving,2,2,2,6
decelerate,0,0,1,1
decelerates,1,0,0,1
deceleration,0,0,3,3
december,41,47,106,194
decencia,0,2,0,2
decency,13,10,12,35
decendants,0,1,0,1
decendent,1,0,0,1
decendents,0,3,0,3
decent,105,7,493,605
decente,1,0,0,1
decently,0,0,13,13
decentralized,1,0,0,1
decepcion,0,1,0,1
decepcionada,1,0,0,1
decepcionado,0,1,0,1
decepcionam,0,1,0,1
decepcionante,0,0,1,1
decepciono,0,1,0,1
decepticons,0,0,1,1
deception,8,4,5,17
deceptions,5,0,0,5
deceptive,1,0,4,5
deceptively,0,0,1,1
decerebrado,0,4,0,4
decia,0,4,0,4
decian,0,5,0,5
decibels,2,0,0,2
decide,79,41,283,403
decided,156,65,363,584
decidedly,4,0,4,8
decidere,0,3,0,3
decides,31,9,71,111
decidi,0,3,0,3
decidiendo,0,1,0,1
deciding,9,4,54,67
decidme,0,0,1,1
deciem,0,0,5,5
deciency,0,0,2,2
decierto,0,1,0,1
decifer,0,1,0,1
decilitre,0,0,1,1
decimal,1,6,1,8
decimals,0,0,1,1
decimate,1,0,0,1
decimated,1,0,4,5
decimeter,0,0,1,1
decimeters,0,0,1,1
decimos,0,8,0,8
deciousness,0,1,0,1
decipher,1,0,13,14
decir,8,55,11,74
deciria,0,3,0,3
decirle,0,5,0,5
decirlo,0,1,3,4
decirme,0,1,0,1
decision,94,36,272,402
decisiones,0,2,0,2
decisions,53,2,176,231
decisive,0,0,5,5
decisively,0,0,10,10
decison,0,6,0,6
decission,0,0,1,1
decist,0,1,0,1
deck,9,22,20,51
deckard,8,20,65,93
deckards,1,0,0,1
deckardsl,0,0,2,2
deckart,1,0,0,1
decked,1,1,1,3
decker,0,18,2,20
deckert,0,0,1,1
decking,0,4,0,4
decks,0,0,6,6
declaran,0,2,0,2
declaration,1,1,4,6
declare,6,2,7,15
declared,12,7,12,31
declaring,4,0,9,13
declassified,0,0,1,1
decline,10,24,31,65
declined,0,14,8,22
declines,0,0,1,1
declining,2,1,14,17
declutter,0,4,9,13
decluttering,0,0,4,4
deco,0,2,10,12
decode,3,0,2,5
decoded,0,1,0,1
decoder,0,0,2,2
decoherence,0,0,2,2
decomissioned,0,0,1,1
decompose,5,0,5,10
decomposed,0,0,3,3
decomposers,0,1,0,1
decomposing,0,0,2,2
decomposition,1,0,0,1
decompress,0,0,1,1
decompressing,0,0,2,2
decompression,2,0,5,7
deconnes,2,0,0,2
deconstruct,1,0,1,2
deconstructed,7,0,0,7
deconstruction,0,0,1,1
deconstructs,0,0,1,1
decontaminated,2,0,0,2
decor,13,9,80,102
decorasjon,0,1,0,1
decorate,14,11,47,72
decorated,0,0,16,16
decorates,0,0,2,2
decorating,0,1,62,63
decoration,1,5,29,35
decorations,4,17,31,52
decorative,0,2,1,3
decorator,2,6,2,10
decorators,0,0,6,6
decoy,8,0,0,8
decoys,0,0,3,3
decpacito,0,0,4,4
decpasito,0,0,1,1
decrab,0,0,2,2
decrabbed,0,0,1,1
decrac,0,1,0,1
decrease,20,11,14,45
decreased,5,0,9,14
decreases,0,0,7,7
decreasing,1,11,8,20
decree,13,0,0,13
decrepid,4,0,1,5
decrepit,0,0,1,1
decrepitude,4,0,1,5
decrescendos,0,0,1,1
decried,0,0,4,4
decries,4,0,0,4
decriminalized,0,0,1,1
dectication,0,2,0,2
decur,0,1,0,1
decyzja,0,2,0,2
ded,4,46,4,54
dedd,0,1,0,1
deddddddddddddd,0,1,0,1
dede,0,1,0,1
dedek,0,1,0,1
dedicada,0,3,2,5
dedicado,0,3,0,3
dedicalo,0,0,1,1
dedican,0,1,0,1
dedicar,0,1,0,1
dedicate,0,2,27,29
dedicated,30,26,103,159
dedicates,1,1,7,9
dedicating,0,0,2,2
dedication,6,1,77,84
dedicted,0,0,1,1
dedique,0,1,0,1
dediquese,0,1,0,1
dedo,0,2,0,2
deduce,0,3,0,3
deduced,0,0,2,2
deduces,1,0,0,1
deducing,0,0,5,5
deduct,0,4,2,6
deducted,0,6,1,7
deductible,2,0,3,5
deductibles,1,0,9,10
deducting,1,0,0,1
deduction,2,7,3,12
deductions,0,2,16,18
deductive,0,0,1,1
deducts,0,0,1,1
dee,4,12,24,40
deed,0,0,17,17
deeds,10,1,14,25
deee,0,1,0,1
deeead,0,1,0,1
deeeeaad,0,1,0,1
deeeeeeeepllkgy,0,1,0,1
deeeeeep,1,0,1,2
deeeeenyyy,0,1,0,1
deeeeeus,0,1,0,1
deeeelicious,2,0,0,2
deeeeneeeey,0,5,0,5
deeeep,0,0,3,3
deeelicious,0,0,1,1
deees,0,1,0,1
deeespaaasito,0,0,1,1
deeeyyyymmmm,0,1,0,1
deeh,1,0,0,1
deeing,0,1,0,1
deejays,0,0,5,5
deekle,0,1,0,1
deeks,0,0,3,3
deeli,0,5,0,5
deely,0,0,11,11
deem,3,5,8,16
deemed,8,0,24,32
deemey,0,0,1,1
deeming,0,0,5,5
deemo,0,14,0,14
deemonitized,0,1,0,1
deems,2,0,0,2
deemusiconline,0,0,2,2
deen,0,6,10,16
deena,0,5,1,6
deeney,39,72,121,232
deenie,0,0,1,1
deennncchhhh,0,7,0,7
deeno,0,1,0,1
deeny,6,3,1,10
deep,291,274,773,1338
deepak,0,1,0,1
deepening,0,0,6,6
deeper,57,10,148,215
deepest,23,25,21,69
deeply,44,23,125,192
deeppepe,0,2,0,2
deepply,0,0,1,1
deepraj,0,0,1,1
deepthroat,0,1,0,1
deepthroating,0,0,1,1
deer,6,19,68,93
deere,4,0,2,6
deers,3,2,1,6
deets,3,0,5,8
deetz,0,1,0,1
deew,0,0,2,2
deez,1,18,8,27
deezer,0,1,2,3
deezy,0,2,1,3
def,25,74,224,323
defa,0,2,0,2
defacing,0,0,1,1
defacto,0,3,2,5
defamation,1,0,2,3
defanged,7,0,0,7
defans,0,1,0,1
defarkanto,0,1,0,1
default,14,10,26,50
defcon,0,1,2,3
defeat,20,16,77,113
defeated,6,16,38,60
defeating,2,3,11,16
defeats,4,3,8,15
defecate,0,0,2,2
defecating,0,0,4,4
defecation,1,0,0,1
defect,2,4,0,6
defected,0,1,0,1
defective,5,3,8,16
defects,2,0,4,6
defeinitely,0,0,2,2
defence,94,48,165,307
defenceless,1,0,0,1
defenceoption,3,0,0,3
defences,0,0,5,5
defend,111,34,175,320
defendant,3,1,6,10
defended,10,1,16,27
defender,28,13,191,232
defenderofawesome,0,0,1,1
defenders,57,24,73,154
defenderse,1,6,0,7
defendi,0,3,0,3
defending,79,22,108,209
defends,14,9,15,38
defenitely,0,1,4,5
defenitive,0,1,0,1
defensa,0,33,7,40
defensas,0,7,0,7
defense,119,57,199,375
defenseless,3,0,1,4
defenses,2,0,11,13
defensible,1,0,0,1
defensiva,0,7,0,7
defensive,62,9,120,191
defensively,17,0,29,46
defensiveness,0,4,0,4
defensives,0,0,4,4
defensor,0,20,0,20
defensores,0,5,0,5
defer,0,0,2,2
deference,1,0,0,1
deferences,0,0,1,1
deferent,0,0,2,2
deferments,1,1,0,2
deferred,0,0,2,2
deff,8,2,5,15
defferent,0,0,2,2
defff,0,0,2,2
deffffffinitely,0,0,1,1
deffiently,0,2,0,2
deffinatley,0,2,0,2
deffinatly,0,0,1,1
deffinetly,0,1,2,3
deffinitely,0,2,0,2
deffinitly,0,0,1,1
deffirence,0,1,0,1
deffo,10,29,33,72
deffos,0,0,3,3
deffs,0,3,0,3
defiance,1,0,1,2
defiant,8,0,4,12
defiantly,13,21,41,75
defibrillator,0,5,1,6
defices,0,0,2,2
deficiencies,1,0,6,7
deficiency,4,2,13,19
deficient,4,0,16,20
deficit,0,1,4,5
defidentally,0,0,1,1
defied,1,3,0,4
defiency,0,0,1,1
defienda,0,7,0,7
defiently,0,0,2,2
defies,0,2,2,4
defiled,0,0,1,1
definantly,0,0,1,1
definate,0,3,0,3
definately,13,9,35,57
definatly,1,2,0,3
define,20,11,78,109
defineatey,2,0,0,2
defined,18,5,57,80
definely,0,0,3,3
definently,0,1,1,2
definer,1,0,0,1
defines,9,2,18,29
definetelly,0,0,3,3
definetely,1,6,11,18
definetly,5,9,24,38
defini,0,6,0,6
definici,0,5,0,5
definietly,0,0,1,1
defining,3,11,12,26
definir,0,5,0,5
definitaley,0,0,2,2
definitally,0,0,1,1
definite,5,9,31,45
definitelly,5,0,0,5
definitely,501,584,2529,3614
definitelyyyyyy,0,1,0,1
definitey,0,1,0,1
definition,69,52,193,314
definitions,5,0,6,11
definitiv,1,0,0,1
definitivamente,0,3,1,4
definitive,4,4,9,17
definitively,0,1,5,6
definitley,0,0,2,2
definitly,5,0,10,15
definitrly,0,2,0,2
definitywnie,0,2,0,2
definling,1,0,0,1
defintely,0,0,1,1
defitnely,0,0,5,5
defjam,0,3,0,3
deflate,0,2,1,3
deflated,5,1,2,8
deflates,0,0,6,6
deflating,2,1,0,3
deflect,4,2,9,15
deflected,0,5,8,13
deflecting,1,0,3,4
deflection,0,4,5,9
deflective,0,0,1,1
deflector,1,0,0,1
deflects,0,0,3,3
defly,0,1,0,1
defo,10,17,65,92
defooo,0,1,0,1
deforce,4,0,13,17
deforestation,8,0,2,10
deformed,3,7,9,19
deforming,2,0,0,2
deformity,0,7,1,8
defranco,0,25,24,49
defrancoshowforstreamys,0,18,0,18
defraudador,0,3,0,3
defraudadores,12,0,0,12
defraudas,0,1,0,1
defrosted,1,0,0,1
defrosting,0,0,1,1
defs,0,0,12,12
defsoul,0,0,1,1
deftly,0,0,22,22
deftones,0,1,0,1
defukk,1,0,0,1
defund,0,0,1,1
defunded,0,0,5,5
defunding,0,0,4,4
defunkt,0,0,1,1
defuqe,0,1,0,1
defuse,2,0,2,4
defusing,0,0,4,4
defy,0,0,8,8
defying,4,6,9,19
defys,4,0,0,4
deg,1,1,6,8
degaard,0,0,1,1
degenarate,0,1,0,1
degene,0,1,1,2
degenearte,1,0,0,1
degeneracy,3,6,6,15
degenerate,21,15,27,63
degenerated,1,0,0,1
degenerates,9,1,5,15
degeneration,1,3,2,6
degenerative,7,10,2,19
degeneres,0,4,2,6
degeneress,0,0,1,1
degenerous,0,0,1,1
degenrationx,0,3,0,3
degil,0,3,0,3
degilmi,0,2,0,2
degilmis,0,2,0,2
degilsin,0,4,0,4
deglaze,0,6,0,6
deglazing,1,0,2,3
degloving,0,0,1,1
degradation,3,0,13,16
degrade,11,0,13,24
degraded,4,5,8,17
degrades,0,0,5,5
degrading,10,0,12,22
degrass,0,4,1,5
degrasse,6,7,12,25
degrassi,0,2,0,2
degree,61,28,213,302
degrees,52,48,151,251
deh,2,24,4,30
dehaan,0,2,5,7
dehaka,0,0,4,4
dehesa,0,4,0,4
dehh,2,1,0,3
dehumanisation,1,0,1,2
dehumanising,0,0,1,1
dehumanization,0,0,5,5
dehumanize,0,1,9,10
dehumanizing,0,0,4,4
dehumidifiers,5,0,0,5
dehydrated,4,1,28,33
dehydrating,0,0,1,1
dehydration,6,6,6,18
dei,0,2,2,4
deid,3,0,0,3
deigo,0,4,0,4
deiirmination,0,0,2,2
dein,0,3,0,3
deiner,0,3,0,3
deining,3,0,0,3
deinorus,1,0,0,1
deio,0,1,0,1
deion,0,0,3,3
deisel,2,0,0,2
deism,0,0,5,5
deists,1,0,0,1
deith,0,7,0,7
deities,0,1,0,1
deity,0,1,5,6
deixa,0,11,0,11
deixar,0,1,1,2
deixou,0,0,1,1
dej,0,12,2,14
deja,4,33,11,48
dejaah,0,0,2,2
dejado,0,10,5,15
dejan,2,11,5,18
dejando,1,4,0,5
dejar,0,39,6,45
dejara,0,7,0,7
dejaran,0,1,0,1
dejare,0,3,0,3
dejarlas,0,1,0,1
dejarles,0,2,0,2
dejarlo,0,3,0,3
dejarlos,0,6,0,6
dejarnos,0,6,0,6
dejarse,0,5,0,5
dejarselo,0,0,1,1
dejas,2,10,1,13
dejaste,0,1,0,1
dejavu,0,1,0,1
dejavue,0,0,6,6
deje,0,6,3,9
dejected,0,0,2,2
dejemos,0,0,1,1
dejen,1,27,0,28
dejense,0,1,0,1
dejes,0,4,0,4
deji,7,14,0,21
dejo,0,22,0,22
dejply,0,1,0,1
deka,0,2,0,2
dekard,3,0,0,3
dekat,0,1,0,1
deker,1,0,0,1
deket,0,1,0,1
dekota,0,0,1,1
deku,0,1,2,3
del,59,733,145,937
dela,1,10,2,13
delaaghetto,0,1,0,1
delafou,2,0,0,2
delagezzy,0,2,0,2
delaghetto,1,1,0,2
delahoya,2,0,1,3
delamar,0,0,6,6
delamere,0,1,0,1
delancy,1,0,0,1
delaney,0,2,0,2
delanie,2,0,0,2
delante,0,4,0,4
delantero,0,12,0,12
delanteros,0,12,0,12
delavigne,0,1,1,2
delaware,0,0,2,2
delay,7,13,37,57
delayed,5,10,50,65
delaying,4,0,8,12
delays,6,0,17,23
delcome,0,0,1,1
dele,7,16,19,42
deleete,1,0,0,1
delefou,1,0,0,1
delegaciones,0,1,0,1
delegated,0,0,1,1
delegatto,0,4,0,4
deleite,0,4,0,4
delen,0,2,0,2
delena,0,3,1,4
deles,0,4,0,4
delet,0,7,0,7
delete,23,63,58,144
deleted,32,56,44,132
deletes,4,0,1,5
deleting,2,19,7,28
deletion,0,1,0,1
delevigne,0,7,1,8
delevinge,0,1,1,2
delevingne,1,18,10,29
delevry,0,0,2,2
delfigilo,0,1,0,1
delfines,0,1,0,1
delfino,0,5,0,5
delgado,0,0,4,4
delhi,0,0,3,3
deli,7,3,8,18
delian,0,0,3,3
deliberate,5,5,15,25
deliberately,25,8,39,72
deliberation,0,0,4,4
delicacies,0,0,2,2
delicacy,4,0,9,13
delicata,0,6,15,21
delicate,18,0,28,46
delicately,0,0,2,2
delicatessen,0,1,0,1
delicatta,0,0,6,6
delicia,0,5,0,5
delicinha,0,3,0,3
delicios,0,3,0,3
deliciosa,0,1,0,1
delicioso,0,2,0,2
delicious,3,0,589,592
deliciouse,0,1,0,1
deliciousestttttt,0,7,0,7
deliciously,0,0,7,7
deliciousness,6,6,5,17
delicioussssssssssssss,0,0,1,1
delicius,0,0,1,1
delight,4,17,51,72
delighted,2,0,46,48
delightful,4,0,102,106
delightfully,0,0,8,8
delights,0,4,3,7
delilah,2,4,11,17
delimitare,0,1,0,1
delincuentes,6,0,0,6
delineation,0,0,1,1
delinquent,1,0,0,1
delinquents,0,1,1,2
delious,0,0,1,1
deliousonal,1,0,0,1
deliquent,0,1,0,1
delirio,6,0,0,6
delirious,4,1,6,11
delirium,0,0,1,1
delish,0,6,23,29
deliver,12,20,145,177
deliverance,0,0,1,1
delivered,18,15,80,113
deliveries,0,1,6,7
delivering,9,4,15,28
delivers,0,7,37,44
delivery,29,24,119,172
delivigne,0,2,2,4
dell,3,12,20,35
della,12,7,2,21
dellagueto,0,1,0,1
delle,0,1,0,1
delly,6,0,1,7
delocalize,0,0,1,1
delofeu,0,0,1,1
delondra,1,0,0,1
delonge,0,2,0,2
delorean,6,25,8,39
delores,2,0,0,2
delorian,0,7,0,7
deloufae,6,0,0,6
delph,3,0,4,7
dels,0,1,0,1
delt,0,0,9,9
delta,12,4,4,20
deltaco,0,4,0,4
delude,0,0,1,1
deluded,24,13,43,80
deludedly,0,5,0,5
deluding,1,0,2,3
deluge,3,0,1,4
delusion,12,6,31,49
delusional,27,12,53,92
delusions,0,5,11,16
deluted,1,0,0,1
deluxe,7,0,48,55
delve,14,4,8,26
delved,0,0,1,1
delving,4,0,1,5
delyth,0,1,0,1
dem,31,86,74,191
dema,0,12,0,12
demaaais,0,4,0,4
demaciado,0,3,0,3
demagorgan,2,0,0,2
demagorgon,2,0,0,2
demais,0,45,5,50
demaiss,0,1,0,1
demaisss,0,4,5,9
demaissssssss,0,1,0,1
demand,27,28,119,174
demanda,0,4,0,4
demandais,0,1,0,1
demanded,10,0,3,13
demander,0,1,0,1
demandez,6,0,0,6
demanding,6,7,24,37
demands,13,2,19,34
demarcation,1,0,0,1
demarco,0,5,2,7
demarcus,1,0,0,1
demas,0,7,0,7
demasia,0,1,0,1
demasiada,0,3,0,3
demasiado,5,28,2,35
demasiadoooooo,0,4,0,4
demasiados,0,1,0,1
demb,0,27,0,27
dembe,0,4,0,4
dembel,0,15,4,19
dembele,17,111,46,174
dembelismo,0,4,0,4
dembouz,0,4,0,4
dembow,0,2,1,3
demean,0,0,6,6
demeaned,0,1,0,1
demeaning,4,1,14,19
demeanor,23,1,11,35
demeanour,0,0,8,8
demekki,0,4,0,4
demente,0,1,0,1
demented,6,2,11,19
dementia,10,10,27,47
dementor,0,4,5,9
dementors,0,0,4,4
demeo,0,0,1,1
demerara,0,1,0,1
demesi,0,0,1,1
demetri,0,1,4,5
demetrious,0,0,4,4
demexico,0,1,0,1
demi,48,173,616,837
demie,0,1,0,1
demiforlife,0,0,2,2
demigod,3,5,2,10
demigorgan,0,1,0,1
demii,1,0,0,1
demiii,0,0,1,1
demiiii,0,1,4,5
demiiiii,0,2,1,3
demiiiiii,0,0,1,1
demiiiiiiiiiiiii,0,0,1,1
demiiiiiiiiiiiiii,0,1,0,1
demilitarize,0,0,4,4
demilovato,0,0,1,1
deming,0,3,0,3
demir,0,1,0,1
demis,0,0,3,3
demise,10,6,18,34
demisexual,0,9,8,17
demistifying,0,0,7,7
demitria,0,0,1,1
demitrious,0,2,0,2
demiurge,0,2,0,2
demj,1,0,0,1
demma,3,1,0,4
demmet,0,1,0,1
demmi,0,0,1,1
demmmmmmmmmmmmi,0,1,0,1
demo,21,65,118,204
democarts,0,0,1,1
democeracy,0,1,0,1
democracies,1,0,1,2
democractic,3,0,0,3
democracy,15,14,77,106
democrat,47,17,38,102
democratic,41,12,36,89
democratically,4,0,5,9
democratics,3,0,0,3
democratizes,0,1,0,1
democrats,53,33,82,168
demod,0,0,5,5
demogorgan,0,1,0,1
demogorgon,8,3,4,15
demogorgons,1,0,0,1
demographic,7,2,40,49
demographics,7,0,3,10
demography,0,0,2,2
demoing,0,0,2,2
demokratische,0,0,1,1
demoliscing,1,0,0,1
demolish,0,1,1,2
demolished,1,1,0,2
demolishes,0,2,0,2
demolition,5,0,1,6
demon,33,77,64,174
demonatized,4,0,0,4
demoncrat,1,0,0,1
demoncrats,6,0,0,6
demonetisation,0,1,0,1
demonetise,0,3,0,3
demonetised,2,6,1,9
demonetization,0,0,5,5
demonetize,3,3,2,8
demonetized,18,16,3,37
demonetizes,0,0,1,1
demonetizing,3,0,0,3
demoniac,0,0,1,1
demonic,14,13,19,46
demonio,0,5,0,5
demonise,0,0,1,1
demonitise,0,0,2,2
demonitised,3,0,0,3
demonitization,1,0,0,1
demonitized,3,5,7,15
demonitizing,0,1,0,1
demonize,0,8,8,16
demonized,1,0,0,1
demonizing,1,4,2,7
demonotised,1,0,0,1
demonotizing,0,1,0,1
demonrat,7,0,0,7
demons,31,31,110,172
demonstrably,0,0,1,1
demonstrate,3,3,49,55
demonstrated,1,7,53,61
demonstrates,1,0,9,10
demonstrating,6,1,8,15
demonstration,3,0,10,13
demonstrations,0,0,6,6
demonstrative,0,0,2,2
demonstrators,0,0,1,1
demont,0,2,0,2
demopapa,0,0,4,4
demor,0,1,0,1
demoraaas,0,1,0,1
demoralization,0,0,2,2
demoralizing,2,0,0,2
demoras,0,8,0,8
demos,6,9,10,25
demostrably,0,0,3,3
demostrado,0,1,1,2
demostrando,0,6,0,6
demostration,6,0,0,6
demostro,0,2,0,2
demotards,2,0,0,2
demotion,1,0,2,3
demotivated,0,1,0,1
demotivating,1,0,4,5
dempel,0,4,0,4
demps,0,0,4,4
dempsey,0,1,0,1
dems,16,0,7,23
demuestra,0,7,0,7
demuestran,0,6,0,6
demy,0,3,0,3
demyelination,0,1,0,1
demylee,0,4,0,4
demythification,0,0,1,1
den,10,89,23,122
dena,0,0,1,1
denaka,0,2,0,2
denbrough,0,1,0,1
dench,28,37,54,119
dendi,0,3,0,3
dendritic,0,0,2,2
dendy,4,5,4,13
denem,0,1,0,1
denessa,0,0,3,3
dengan,0,6,2,8
dengerin,0,1,1,2
deni,0,1,1,2
deniability,0,0,1,1
deniable,2,0,3,5
denial,19,15,35,69
denice,1,0,0,1
denied,18,4,15,37
denier,4,1,5,10
deniers,12,0,0,12
denies,1,0,4,5
denigrante,0,9,0,9
denigrating,0,0,3,3
denim,18,57,74,149
denimhands,0,1,0,1
denims,0,1,0,1
deniro,0,1,1,2
denis,11,42,78,131
denisa,0,1,0,1
denise,0,0,6,6
denium,1,0,0,1
deniz,0,0,1,1
denk,1,8,2,11
denkbeeldige,0,1,0,1
denken,0,1,0,1
denle,0,1,0,1
denmark,19,27,100,146
denn,0,6,0,6
denna,0,1,0,1
dennett,0,1,0,1
dennis,13,12,40,65
dennisesque,1,0,0,1
denny,1,4,2,7
dennys,1,1,0,2
denomination,0,0,24,24
denominator,0,0,3,3
denona,4,21,34,59
denono,0,3,0,3
denote,0,0,2,2
denoted,2,0,0,2
denotes,5,0,1,6
denouced,3,0,0,3
denounce,2,0,11,13
denounced,0,0,1,1
denounces,1,0,0,1
denouncing,1,0,1,2
denro,1,0,0,1
dens,5,0,1,6
dense,7,3,18,28
denser,1,0,5,6
densetsu,0,2,0,2
densi,0,0,1,1
densities,0,0,1,1
density,3,2,12,17
dent,2,5,12,19
dental,6,3,6,15
dente,3,0,0,3
dented,3,0,1,4
dentist,10,8,9,27
dentistry,0,0,2,2
dentists,3,0,0,3
dentro,0,10,8,18
dents,0,2,1,3
denture,0,0,4,4
dentures,1,3,3,7
denuevo,1,0,0,1
denum,0,2,0,2
denunciar,0,1,0,1
denunciation,0,0,1,1
denunciations,1,0,0,1
denuvo,8,0,0,8
denver,1,3,20,24
deny,60,31,86,177
denyed,0,0,1,1
denying,25,1,35,61
denzel,12,31,2,45
deo,7,115,55,177
deoclip,0,0,2,2
deodarent,0,0,1,1
deoderant,0,0,1,1
deodorant,8,20,92,120
deodorants,0,2,8,10
deodrant,1,0,0,1
deoends,0,2,0,2
deol,0,4,0,4
deon,0,1,0,1
deontay,0,0,2,2
deops,0,0,1,1
deore,0,0,2,2
deorent,0,1,0,1
deoreuryeo,0,1,0,1
deos,0,40,6,46
deosn,0,0,1,1
deoterant,0,1,0,1
deoxidise,0,0,1,1
deoxys,0,0,2,2
deoz,0,1,0,1
dep,0,8,0,8
depart,33,0,31,64
departed,2,2,5,9
departing,0,3,0,3
department,26,17,61,104
departments,0,0,3,3
departs,0,0,4,4
departue,0,0,2,2
departure,12,1,3,16
depay,0,0,1,1
depeche,3,38,92,133
depechemode,0,1,0,1
depeleting,0,0,1,1
depence,0,0,1,1
depend,15,2,53,70
dependable,5,0,8,13
dependance,3,0,0,3
dependant,0,0,7,7
depended,0,0,17,17
dependen,0,0,1,1
dependence,0,0,8,8
dependency,0,0,17,17
dependendo,0,0,1,1
dependent,17,5,23,45
dependents,0,0,2,2
dependiendo,0,0,1,1
dependiente,1,0,0,1
depending,22,17,77,116
depends,38,7,113,158
depent,0,0,1,1
depersonalisation,8,7,32,47
depersonalization,16,0,17,33
depesai,0,1,0,1
depiboo,0,0,5,5
depicition,1,0,0,1
depict,2,0,12,14
depicted,6,4,16,26
depicting,2,0,4,6
depiction,4,0,20,24
depictions,1,0,7,8
depicts,2,1,11,14
depie,0,0,2,2
depleted,8,0,12,20
depleting,0,3,1,4
depletion,3,0,4,7
deplorable,21,0,4,25
deplorables,1,0,4,5
deploy,1,0,4,5
deployable,3,0,0,3
deployed,8,0,10,18
deploying,0,0,2,2
deployment,1,0,12,13
deployments,0,0,1,1
depo,6,0,5,11
depois,0,4,4,8
depolarization,1,0,0,1
depolarized,1,0,0,1
depop,0,5,15,20
depopulate,2,0,0,2
depopulated,0,0,1,1
depopulation,3,6,7,16
depopulisation,0,1,0,1
deport,10,12,8,30
deportation,5,0,2,7
deporte,12,6,0,18
deported,0,20,9,29
deporthurricanesnotpeople,0,1,0,1
deporting,1,0,5,6
deportivo,0,1,0,1
deposit,2,0,16,18
deposita,0,0,6,6
deposited,0,2,0,2
depositing,1,0,0,1
deposits,1,0,8,9
depot,1,12,20,33
depp,11,22,25,58
deppp,0,1,0,1
deppresion,4,1,0,5
deppressed,0,1,0,1
deppression,1,1,0,2
depraved,3,2,4,9
depravee,0,3,0,3
depravities,3,0,0,3
depravity,6,0,7,13
depre,0,1,0,1
deprecating,2,1,16,19
depreciate,1,0,0,1
depreciating,1,0,0,1
depresing,0,0,1,1
depresivo,0,3,0,3
depresj,0,2,0,2
depresje,0,2,0,2
depress,4,0,8,12
depressant,9,0,6,15
depressants,10,0,13,23
depressed,144,54,235,433
depresses,3,1,11,15
depressing,184,8,58,250
depressingly,0,0,3,3
depression,284,89,574,947
depressionand,0,1,0,1
depressionlouise,0,0,1,1
depressions,0,0,7,7
depressive,5,3,26,34
depressurization,1,0,0,1
deprest,0,0,1,1
deprestion,0,1,0,1
deprimida,2,0,0,2
deprivation,4,7,5,16
deprive,9,0,1,10
deprived,2,8,16,26
depriving,0,0,2,2
depsite,2,0,7,9
dept,4,5,8,17
depth,56,40,208,304
depths,4,3,36,43
depuis,0,10,6,16
deputy,1,1,0,2
der,9,108,49,166
derailed,0,0,10,10
derailings,0,2,0,2
deranged,23,8,17,48
derangement,0,0,4,4
derbi,0,6,0,6
derbies,1,0,6,7
derbis,0,0,4,4
derby,2,3,22,27
derbys,0,0,1,1
derdi,0,3,0,3
dere,4,1,5,10
derealisation,18,5,37,60
derealization,21,11,25,57
derec,0,1,0,1
derecha,0,4,0,4
derecho,0,1,1,2
derechos,0,3,0,3
dereck,0,6,0,6
derection,0,1,0,1
derej,0,2,0,2
derek,6,76,64,146
derekkkk,0,2,0,2
derekkkkkkk,0,1,0,1
derekkkkkkkkkkkk,0,3,0,3
dereks,0,1,0,1
derelict,1,0,0,1
deres,0,6,0,6
derick,1,5,3,9
derided,0,0,3,3
derik,0,4,1,5
deriks,0,1,0,1
derireo,0,1,0,1
derisive,0,4,0,4
derivar,0,1,0,1
derivation,2,0,0,2
derivative,2,0,9,11
derive,0,1,5,6
derived,0,1,26,27
derk,1,5,1,7
derm,0,4,1,5
derma,0,0,14,14
dermablend,0,4,1,5
dermacol,0,7,15,22
dermacolissofuckinggood,0,0,1,1
dermalogica,5,0,15,20
dermatitis,0,0,6,6
dermatolog,0,4,0,4
dermatologa,0,2,0,2
dermatologist,10,5,31,46
dermatologists,0,0,5,5
dermatologue,0,0,2,2
dermatophagia,0,0,1,1
dermologica,0,1,3,4
dermotilomania,0,0,1,1
dermstore,0,1,0,1
dern,4,0,0,4
derni,0,0,2,2
dernier,0,5,0,5
derniere,0,1,0,1
dero,0,1,0,1
derogatory,6,0,2,8
derp,0,6,13,19
derpy,4,2,2,8
derretir,0,1,0,1
derri,0,2,0,2
derrick,0,4,24,28
derricks,1,1,0,2
derrico,0,0,3,3
derriere,0,0,2,2
derrite,0,3,0,3
derrito,0,1,0,1
derro,2,0,0,2
derrota,0,5,0,5
derrrrekkkkkkkkkk,0,1,0,1
derry,5,0,10,15
derserve,6,0,1,7
derstiny,0,1,0,1
dert,0,1,0,1
derulo,0,1,0,1
derwin,1,0,0,1
deryeoga,0,6,0,6
des,25,108,71,204
desabafar,0,1,0,1
desafina,0,2,0,2
desame,0,1,0,1
desang,0,0,1,1
desaparecer,0,0,5,5
desaparecida,0,7,0,7
desaparecidos,0,4,0,4
desaparecio,0,0,4,4
desapoint,0,0,2,2
desaprovechastes,0,5,0,5
desarrollo,0,0,1,1
desasters,0,0,2,2
desastre,0,5,0,5
desastres,0,1,0,1
desaturation,0,0,1,1
desbloqueados,0,4,0,4
desbloquear,0,4,0,4
desborde,0,1,0,1
desc,11,3,0,14
descalzos,0,1,1,2
descansa,0,9,0,9
descapito,1,0,0,1
descarada,0,6,0,6
descarado,0,5,0,5
descarga,0,5,0,5
descargando,0,4,0,4
descargar,0,11,0,11
descartes,2,2,4,8
desce,0,4,0,4
descend,1,1,0,2
descendant,0,3,3,6
descendants,2,27,11,40
descended,0,2,1,3
descendent,0,1,1,2
descendents,5,1,0,6
descender,0,2,0,2
descendido,0,0,5,5
descending,1,1,5,7
descent,2,6,25,33
descents,0,0,3,3
desceu,0,1,0,1
deschanel,0,1,0,1
deschiiiii,2,0,0,2
descibe,0,0,1,1
descobrir,0,5,0,5
descomplique,0,3,0,3
descomponga,0,1,0,1
descomunal,0,2,0,2
desconcertado,0,1,0,1
desconfias,0,3,0,3
desconozco,0,1,0,1
descontrola,1,1,0,2
descover,0,0,6,6
descovering,0,0,1,1
descrace,0,1,0,1
descrbied,0,0,4,4
describable,0,0,1,1
describe,36,37,245,318
described,36,20,125,181
describes,19,22,50,91
describing,20,11,68,99
describir,1,0,0,1
describled,0,1,0,1
descripci,0,1,1,2
description,73,136,291,500
descriptionboxsquad,0,1,0,1
descriptions,2,2,17,21
descriptive,1,0,6,7
descrive,0,0,7,7
descubre,0,4,0,4
descubrir,0,0,1,1
desculpa,1,0,0,1
desculpe,0,1,0,1
descusting,2,1,0,3
desde,12,238,31,281
desdobla,0,1,0,1
desdramatizan,0,2,0,2
dese,0,0,2,2
deseaded,0,0,1,1
deseando,0,5,0,5
desearia,0,2,0,2
deseas,0,1,0,1
desecrate,0,0,8,8
desecrated,0,1,0,1
desecration,6,0,0,6
desedence,0,1,0,1
desedends,0,1,0,1
deseen,0,0,1,1
desegregation,0,0,2,2
desejo,0,1,0,1
desemasiado,0,1,0,1
desember,0,2,0,2
desempleo,0,3,0,3
desempregados,0,1,0,1
desendes,0,1,0,1
desenio,0,3,0,3
desensitise,0,0,1,1
desensitization,0,0,1,1
desensitize,5,4,0,9
desensitized,1,0,1,2
deseo,0,2,5,7
desepcionado,0,1,0,1
deser,0,1,0,1
desert,46,35,63,144
desertdusk,6,6,4,16
deserted,1,4,1,6
deserting,0,1,4,5
deserts,3,8,10,21
deserve,229,259,1005,1493
deserved,71,112,235,418
deserver,0,0,1,1
deserves,101,154,483,738
deserving,3,0,45,48
desescalating,0,0,1,1
desesperante,0,1,0,1
desespero,0,1,0,1
deseves,0,0,2,2
desgra,0,5,0,5
desgraciadamente,0,5,0,5
desgraciado,0,2,0,2
desh,0,2,0,2
deshe,0,0,2,2
deshi,0,1,0,1
deshpacito,0,1,0,1
deshpashitoo,0,1,0,1
deshtimka,0,1,0,1
desi,18,31,53,102
desia,0,4,0,4
desiccated,1,0,0,1
desided,0,0,1,1
desighned,1,0,0,1
design,117,68,435,620
designa,0,0,1,1
designated,2,4,19,25
designator,0,0,1,1
designdepartment,0,0,1,1
designed,49,29,172,250
designer,26,24,140,190
designers,11,11,30,52
designing,2,10,10,22
designs,23,6,114,143
designtorget,0,0,1,1
desiigner,3,22,1,26
desiiiigneeeeeeeeeers,0,2,0,2
desimeter,0,1,0,1
desimportante,0,1,0,1
desinformadas,0,1,0,1
desing,3,0,8,11
desirable,8,0,7,15
desirae,0,0,5,5
desire,22,14,99,135
desired,15,5,16,36
desiree,1,0,0,1
desires,24,0,46,70
desist,1,0,3,4
desitiny,0,0,3,3
desixkaty,0,5,2,7
desiyah,0,5,0,5
desk,29,38,63,130
deska,0,0,2,2
desks,0,0,14,14
desktop,12,30,52,94
deslike,0,2,1,3
deslikers,0,0,1,1
deslikes,1,0,0,1
deslubrar,0,4,0,4
desmarquen,0,3,0,3
desmerecendo,0,1,0,1
desmond,0,1,1,2
desn,0,1,0,1
desna,0,1,0,1
desnecessario,0,1,0,1
desnudas,0,0,1,1
desnusdos,0,1,0,1
desofemono,0,0,1,1
desogestrel,1,0,10,11
desolate,0,0,16,16
desolder,0,0,3,3
desorbitado,0,4,0,4
desoto,0,4,0,4
desp,0,4,0,4
despacho,0,1,0,1
despachos,0,1,0,1
despacibeatbox,0,1,0,1
despacio,0,1,0,1
despacito,14,78,75,167
despair,13,3,23,39
despalixo,0,1,0,1
desparate,3,0,0,3
despascito,0,0,1,1
despashito,0,0,2,2
despasito,1,3,0,4
despedida,0,4,0,4
despegar,0,4,0,4
despejado,0,5,0,5
desperado,0,1,0,1
desperate,122,0,63,185
desperatecheeto,1,0,0,1
desperately,101,0,40,141
desperation,6,2,24,32
desperatly,0,0,1,1
despercebido,0,4,0,4
desperdiciar,0,0,1,1
desperdiciaron,0,1,0,1
despereaux,0,1,0,1
despertar,0,3,0,3
despertara,0,3,0,3
despicable,19,18,24,61
despicables,0,0,2,2
despiertes,0,2,0,2
despise,18,5,24,47
despised,3,0,5,8
despises,1,0,3,4
despite,63,21,316,400
desplomaron,0,1,0,1
despoil,0,1,0,1
despondency,0,0,4,4
despotic,1,0,0,1
despreocupado,0,2,0,2
despretensiosamente,0,1,0,1
despriate,0,0,5,5
desprite,1,0,0,1
despu,0,47,11,58
despues,6,31,4,41
despuki,0,1,0,1
desquitarse,0,2,0,2
desribe,0,0,1,1
desrired,5,0,0,5
desrve,0,1,0,1
desrved,0,4,0,4
dessa,0,9,17,26
dessas,0,0,1,1
desse,0,8,1,9
dessert,2,23,95,120
desserts,7,11,39,57
desses,0,3,0,3
dessin,1,0,0,1
dessinent,0,0,2,2
dessus,0,1,1,2
destabilise,1,0,0,1
destabilization,5,0,0,5
destabilize,0,0,5,5
destabilized,5,0,0,5
destabilizing,2,0,0,2
destacar,0,4,0,4
deste,0,9,0,9
destek,0,2,0,2
desteklemeli,0,1,0,1
destekleyenler,0,1,0,1
destes,0,2,0,2
destigmatize,0,0,1,1
destin,0,6,10,16
destinado,0,1,0,1
destination,6,29,47,82
destinations,0,0,11,11
destine,0,0,2,2
destined,5,1,15,21
destines,0,0,2,2
destino,1,0,0,1
destiny,28,55,87,170
destinyish,0,1,0,1
destinys,0,3,1,4
destitute,0,0,1,1
destoning,6,0,0,6
destraction,0,0,6,6
destress,0,0,4,4
destressing,0,0,4,4
destroy,262,5,231,498
destroyed,124,76,189,389
destroyer,1,14,28,43
destroyers,0,0,1,1
destroying,107,3,99,209
destroys,27,12,23,62
destroyyed,0,1,0,1
destruct,0,0,1,1
destructing,0,0,3,3
destruction,58,17,87,162
destructive,27,1,42,70
destructively,1,0,0,1
destructs,1,0,0,1
destruidas,1,0,0,1
destruidora,0,1,0,1
destruir,0,2,0,2
destrukce,0,1,0,1
destruy,0,3,0,3
destyy,0,0,1,1
desu,0,4,1,5
desurv,1,0,0,1
desus,0,1,1,2
desviado,0,4,0,4
deswegen,0,4,0,4
desy,0,4,0,4
desync,0,2,0,2
desyroy,0,7,0,7
det,8,3,2,13
detach,0,0,4,4
detachable,0,1,5,6
detached,4,0,14,18
detaching,0,0,1,1
detachment,2,0,9,11
detail,36,17,170,223
detailed,3,0,94,97
detailer,0,3,0,3
detailing,1,0,5,6
detailled,0,0,2,2
details,48,23,297,368
detain,1,0,2,3
detained,1,0,0,1
detainees,0,0,4,4
detaining,1,0,0,1
detalhe,0,5,0,5
detalle,1,5,0,6
detalles,0,2,1,3
detect,2,5,32,39
detectable,5,0,3,8
detected,8,11,16,35
detecting,0,1,0,1
detection,0,1,7,8
detective,7,11,26,44
detectives,3,1,3,7
detector,7,18,8,33
detectors,1,0,13,14
detects,0,0,3,3
detener,0,1,0,1
detenerte,0,2,0,2
detention,5,1,12,18
deter,1,5,0,6
detergent,0,0,3,3
deteriorate,3,1,0,4
deteriorated,0,0,7,7
deteriorates,0,0,4,4
deteriorating,0,0,2,2
deterioration,3,0,5,8
determinable,0,1,0,1
determinada,0,4,0,4
determinal,0,0,3,3
determinan,2,0,0,2
determinants,0,0,6,6
determinasse,0,5,0,5
determinate,1,0,1,2
determination,6,0,16,22
determinaton,0,1,0,1
determine,16,7,64,87
determined,6,4,52,62
determinedly,0,0,2,2
determines,6,2,15,23
determining,3,2,6,11
determinism,2,0,2,4
deterministic,2,0,2,4
deterred,2,0,5,7
deterrent,1,1,4,6
deterrents,0,0,3,3
detest,11,0,2,13
detestable,0,0,1,1
detested,0,0,4,4
detesto,0,0,1,1
detggb,0,1,0,1
deth,0,0,1,1
dethrone,1,0,1,2
dethroned,0,1,3,4
dethroning,0,0,1,1
deticated,0,0,1,1
detiene,0,0,2,2
detik,0,36,0,36
detonate,7,1,7,15
detonated,5,0,0,5
detonating,0,0,7,7
detonation,1,7,1,9
detour,2,0,9,11
detours,0,0,1,1
detox,10,6,15,31
detoxicating,0,0,1,1
detoxification,2,0,2,4
detoxified,0,0,3,3
detoxifies,2,0,0,2
detr,0,5,4,9
detract,1,0,10,11
detracted,1,0,0,1
detracting,1,0,0,1
detractor,2,0,1,3
detractors,0,0,1,1
detracts,0,0,11,11
detras,0,0,6,6
detre,0,0,1,1
detriment,4,1,0,5
detrimental,2,1,11,14
detriot,1,0,1,2
detroit,22,6,27,55
detroitborg,0,0,1,1
detruit,0,1,0,1
detrump,0,0,2,2
dettagli,0,2,0,2
detto,0,1,0,1
detuned,0,3,0,3
deu,0,2,1,3
deuce,0,6,10,16
deuces,1,0,0,1
deuda,0,4,0,4
deudas,0,0,5,5
deul,0,0,2,2
deulleo,0,1,0,1
deuloefu,0,0,1,1
deulofeu,0,8,11,19
deunk,2,0,0,2
deureo,0,1,0,1
deus,10,36,9,55
deusaaaa,0,1,0,1
deusche,0,1,0,1
deusnake,0,1,0,1
deut,0,0,4,4
deutchland,1,0,0,1
deuteromy,0,0,3,3
deuteronomy,28,0,28,56
deutig,0,5,0,5
deutronomy,0,2,0,2
deutsch,1,3,5,9
deutsche,0,6,2,8
deutschen,1,5,0,6
deutscher,0,3,0,3
deutschland,0,9,3,12
deux,5,4,6,15
deuxi,0,1,0,1
dev,32,8,27,67
deva,2,0,0,2
devais,0,2,0,2
devalue,0,0,1,1
devalueing,0,0,2,2
devalues,2,0,0,2
devaluing,0,0,2,2
devam,0,3,0,3
devant,0,5,2,7
devastados,1,0,0,1
devastate,1,0,0,1
devastated,20,2,33,55
devastating,41,1,12,54
devastatingly,0,0,1,1
devastation,14,1,17,32
devasting,2,0,0,2
deve,1,12,0,13
develepers,1,0,0,1
develop,29,11,127,167
developed,31,1,178,210
developement,0,0,1,1
developer,15,11,36,62
developers,34,14,43,91
developing,18,6,63,87
development,53,33,127,213
developmental,0,0,1,1
developments,2,0,12,14
developped,0,0,3,3
develops,0,0,21,21
deven,0,0,1,1
devenant,0,2,0,2
devenir,0,6,0,6
deventer,0,1,0,1
dever,0,1,0,1
deveras,0,1,0,1
deveria,0,8,0,8
deveriam,0,0,1,1
deverse,1,0,0,1
devia,0,1,0,1
deviance,0,0,3,3
deviancy,0,0,6,6
deviant,6,3,11,20
deviants,5,2,7,14
deviate,1,2,3,6
deviated,0,6,0,6
deviates,0,0,1,1
deviating,0,0,5,5
deviation,0,0,1,1
device,59,40,182,281
devices,41,17,118,176
devid,1,0,0,1
devide,0,0,1,1
devided,0,1,0,1
devido,0,0,9,9
deviens,0,4,0,4
devient,0,6,0,6
devil,104,103,212,419
devilbomer,0,2,0,2
devilboner,2,1,1,4
devilish,4,4,2,10
deville,4,0,0,4
devilman,0,1,0,1
devils,5,11,17,33
devin,1,8,18,27
devine,1,3,11,15
devious,1,0,12,13
devir,0,4,0,4
devirdik,0,0,1,1
devise,0,1,3,4
devised,1,1,4,6
devises,0,2,0,2
devistateing,1,0,0,1
devistating,0,0,2,2
devito,0,0,1,1
devkit,0,0,2,2
devlin,2,0,0,2
devo,0,7,1,8
devocion,0,4,0,4
devoe,1,2,1,4
devoid,6,0,9,15
devoirs,0,2,0,2
devolve,0,0,6,6
devolved,0,1,1,2
devolves,1,0,0,1
devolving,2,0,0,2
devon,1,0,2,3
devono,0,1,0,1
devonping,0,0,4,4
devooooo,0,4,0,4
devorar,0,2,0,2
devorse,1,0,0,1
devorued,4,0,0,4
devose,0,0,1,1
devote,8,1,11,20
devoted,7,1,27,35
devotee,0,0,2,2
devotes,0,1,0,1
devoting,0,0,2,2
devotion,0,2,10,12
devoto,0,1,0,1
devotte,1,0,0,1
devour,1,8,5,14
devoured,3,9,1,13
devourer,2,0,0,2
devouring,0,0,2,2
devours,0,5,0,5
devout,0,0,7,7
devoz,0,1,0,1
devrais,3,9,0,12
devrait,0,0,3,3
devriez,0,0,5,5
devs,24,6,42,72
devvv,1,0,0,1
dew,7,11,4,22
dewalt,0,0,3,3
dewayne,0,0,1,1
dewed,0,0,1,1
dewey,1,6,4,11
dewg,0,3,0,3
dewiness,0,0,1,1
dewitt,1,4,0,5
deworming,1,0,0,1
dewy,0,1,67,68
dex,0,1,9,10
dexamethasone,0,14,1,15
dexi,0,1,0,1
dexta,0,0,1,1
dexter,1,5,7,13
dexterity,0,0,1,1
dexterously,0,0,2,2
dexters,0,0,1,1
dextro,0,0,1,1
dey,5,5,8,18
deyes,0,14,13,27
deyew,0,2,0,2
deyil,0,4,0,4
deykasi,0,0,3,3
deym,4,5,1,10
deymeseydi,0,7,0,7
deymn,0,0,1,1
deyp,0,0,1,1
deyyyyyym,0,2,0,2
dez,2,1,0,3
deza,0,2,0,2
deze,1,41,22,64
dezliiii,0,0,1,1
df,5,7,3,15
dfc,0,1,0,1
dfefegghahhshahahha,0,1,0,1
dff,0,1,0,1
dfijfvqheqejrqevdf,0,0,1,1
dfp,0,0,6,6
dftba,4,1,23,28
dfu,0,1,0,1
dfukcing,0,3,0,3
dfx,0,9,0,9
dfyuikj,0,1,0,1
dg,0,4,3,7
dgaf,0,3,9,12
dge,0,0,3,3
dgtd,0,4,0,4
dgtudo,0,0,1,1
dgvoodoo,0,1,0,1
dh,8,5,28,41
dhabi,0,7,0,7
dhaka,0,1,0,1
dhakjdkng,0,0,1,1
dhalia,0,0,1,1
dhalsim,0,10,0,10
dharma,0,3,0,3
dhat,2,0,0,2
dhdhsgsgbb,0,0,5,5
dhe,0,1,0,1
dhera,0,1,0,1
dhern,0,1,0,1
dhgate,0,1,6,7
dhhdhehdhmfehjsugfkhuersgfuykersgyuco,0,0,1,1
dhikr,0,1,0,1
dhinchak,0,1,0,1
dhjvdw,0,1,0,1
dhmis,0,2,0,2
dhoner,0,1,0,1
dhoni,0,3,0,3
dhs,1,2,5,8
dhsjjrxjrxjsr,0,0,1,1
dhu,0,0,1,1
dhv,0,1,0,1
di,18,159,50,227
dia,9,62,14,85
diaba,0,1,0,1
diabet,0,1,0,1
diabete,4,0,0,4
diabetes,41,69,102,212
diabetic,28,8,37,73
diabetics,0,1,6,7
diabeticshots,1,0,0,1
diabeties,0,2,1,3
diabetis,0,1,0,1
diabites,0,0,1,1
diabitis,0,2,0,2
diablo,8,15,16,39
diablos,0,2,0,2
diabolical,0,3,10,13
diabolico,0,0,1,1
diabolik,0,0,1,1
diabolo,0,0,1,1
diabolos,0,1,0,1
diabulima,1,0,0,1
diabulimia,14,3,21,38
diaby,0,4,0,4
diacomical,0,1,0,1
diadem,0,1,0,1
diagnose,5,1,9,15
diagnosed,61,20,179,260
diagnoses,0,0,2,2
diagnosing,0,0,1,1
diagnosis,8,5,23,36
diagnostic,4,3,1,8
diagon,0,0,1,1
diagonal,0,3,7,10
diagonally,0,0,2,2
diagonalsplitaoomissionputback,0,1,0,1
diagonised,0,0,4,4
diagram,6,9,7,22
diagrams,0,2,0,2
diagree,0,1,0,1
diagreed,0,3,0,3
diaherra,0,1,0,1
diahrrea,0,1,14,15
dial,8,6,18,32
dialect,8,0,10,18
dialectic,3,0,0,3
dialects,0,0,5,5
dialed,0,0,2,2
dialer,0,0,4,4
dialing,0,0,3,3
diall,0,0,1,1
diallo,0,0,1,1
dialog,7,2,11,20
dialogue,44,5,74,123
dialogues,0,0,6,6
dialouge,0,0,6,6
dials,4,0,2,6
dialu,0,0,1,1
dialysis,4,0,4,8
diamandis,0,1,0,1
diamante,2,1,0,3
diameter,7,2,13,22
diamonback,0,0,1,1
diamond,38,81,59,178
diamondback,0,0,2,2
diamonds,3,21,35,59
diamong,0,1,0,1
diana,6,12,47,65
diane,2,6,10,18
dianette,0,0,10,10
dianna,0,0,4,4
dianne,0,1,5,6
diaper,10,16,48,74
diapers,7,3,26,36
diaphragm,0,0,3,3
diarea,0,1,0,1
diarhhea,0,0,4,4
diaries,2,9,25,36
diarios,0,1,0,1
diaroma,0,0,1,1
diarrhea,23,13,21,57
diarrhoea,1,1,2,4
diary,14,9,86,109
diaryin,0,0,1,1
dias,0,10,4,14
diaso,0,0,1,1
diaspora,0,0,1,1
diastatic,0,2,0,2
diaster,0,0,1,1
diatribe,5,0,2,7
diatribes,0,0,1,1
diawara,0,5,0,5
diay,0,4,0,4
diaya,0,0,6,6
diaz,24,14,14,52
diazepam,0,1,2,3
dibble,0,1,0,1
dibbs,0,3,0,3
dibeatiesconfirmed,0,1,0,1
dibi,0,1,0,1
dibilang,0,1,0,1
dibits,0,1,0,1
dible,1,0,0,1
dibs,0,0,6,6
dibujo,0,3,0,3
dic,1,6,0,7
dican,0,1,0,1
dicaprio,1,22,5,28
dicaprioooo,0,1,0,1
dicatatorship,1,0,0,1
dicc,1,0,5,6
dice,30,62,54,146
diced,1,0,0,1
diceman,0,0,2,2
dicen,0,40,4,44
dices,3,1,0,4
dicevano,0,1,0,1
dich,0,9,1,10
dicha,0,2,0,2
dichiararsi,0,5,0,5
dicho,0,14,0,14
dichotomies,0,0,2,2
dichotomy,2,0,1,3
dichtstbij,0,1,0,1
dicide,0,5,0,5
diciembre,0,1,0,1
diciendo,0,28,0,28
diciendole,0,4,0,4
dick,291,343,328,962
dicka,6,5,0,11
dickbag,4,3,1,8
dicked,2,0,3,5
dickens,0,1,6,7
dicker,0,2,0,2
dickhead,34,45,16,95
dickheads,20,6,12,38
dickie,0,1,0,1
dickin,0,0,2,2
dickinson,1,0,2,3
dickish,0,5,1,6
dickishness,0,0,1,1
dickkk,0,2,0,2
dickkkk,0,0,1,1
dickkkkk,0,0,3,3
dickness,1,0,0,1
dickon,6,0,0,6
dickriders,0,2,1,3
dickriding,1,0,0,1
dicks,41,43,34,118
dickshot,0,1,0,1
dickson,0,0,1,1
dicksoutforhef,0,2,0,2
dicksuckers,1,0,4,5
dicktato,1,2,0,3
dickwad,1,0,0,1
dicky,1,14,3,18
dicl,0,2,0,2
dico,0,14,0,14
dicono,0,1,0,1
dicos,0,0,2,2
dicta,0,0,1,1
dictate,3,1,10,14
dictated,4,0,8,12
dictates,8,0,7,15
dictating,4,0,1,5
dictator,14,3,17,34
dictators,5,1,2,8
dictatorship,5,6,21,32
dictatorships,0,0,1,1
diction,0,0,1,1
dictionaries,0,0,1,1
dictionary,4,16,25,45
did,5737,6872,13790,26399
didactually,0,1,0,1
didanyones,0,0,1,1
diddddd,0,0,1,1
diddle,1,0,0,1
diddled,0,1,0,1
diddly,0,3,1,4
diddnt,1,0,0,1
diddums,0,0,2,2
diddy,11,18,9,38
dident,0,4,4,8
didet,0,2,0,2
didge,0,0,2,2
didgeridoo,0,3,6,9
didi,0,5,0,5
didier,4,11,7,22
didin,1,0,0,1
didint,0,3,2,5
didion,0,0,6,6
didiont,0,1,0,1
didit,0,0,1,1
didley,0,0,1,1
didliked,1,0,0,1
didmt,0,0,3,3
didn,239,196,464,899
didni,0,1,0,1
didnt,371,359,644,1374
dido,0,1,4,5
didt,0,0,2,2
didyou,0,0,1,1
die,679,888,1233,2800
dieabietes,0,1,0,1
diead,0,0,1,1
diease,5,0,0,5
dieases,0,0,2,2
died,493,608,892,1993
dieddd,0,0,2,2
dieddddd,0,0,1,1
diedddddd,0,1,0,1
dieded,0,2,0,2
diedr,1,0,0,1
diee,0,2,1,3
dieee,0,7,0,7
dieeed,0,0,4,4
dieeeddd,0,1,0,1
dieeee,0,2,7,9
dieeeee,5,2,0,7
dieeeeeeee,1,0,0,1
dieeeeeeer,0,3,0,3
diegetic,0,0,2,2
diego,22,61,45,128
diegoooo,0,0,1,1
diegos,0,1,0,1
diehard,0,0,13,13
diehardfan,0,1,0,1
dieing,8,12,14,34
dielethimine,0,1,0,1
diem,0,1,0,1
dieng,1,2,0,3
dientes,0,8,0,8
dienton,0,1,0,1
dientontin,0,1,0,1
dier,24,38,19,81
diera,0,1,0,1
dierdorf,0,2,0,2
dieron,0,13,1,14
dierrrrr,0,0,20,20
dies,95,124,124,343
diese,0,3,0,3
diesease,0,0,1,1
diesel,7,11,23,41
diesels,0,0,1,1
diesem,0,1,0,1
diesen,0,0,4,4
dieser,0,15,0,15
dieses,0,8,0,8
diet,106,101,300,507
dietary,0,0,4,4
dieter,3,7,4,14
dietician,0,0,1,1
dieting,0,2,8,10
dietitian,0,0,4,4
dietrich,0,0,2,2
dietro,0,6,0,6
diets,6,7,23,36
dietschy,0,0,2,2
diety,0,2,0,2
dieu,12,0,2,14
dieux,0,7,0,7
dieying,1,5,0,6
diez,6,1,0,7
diezszsz,0,1,0,1
dif,3,12,4,19
difeerent,0,0,1,1
difende,0,1,0,1
difensive,7,0,0,7
diference,5,8,13,26
diferences,0,0,3,3
diferencia,0,3,0,3
diferenciate,0,0,4,4
diferente,0,6,0,6
diferentes,0,1,0,1
diferently,0,0,3,3
diferrence,0,0,1,1
difesa,0,2,0,2
diff,7,4,26,37
diffculty,0,1,0,1
differ,11,3,18,32
differant,0,6,0,6
differce,0,1,0,1
differed,0,0,4,4
differen,3,0,6,9
difference,167,198,864,1229
differences,35,4,129,168
differencies,0,0,6,6
differenlty,0,0,1,1
different,754,709,3473,4936
differentials,0,0,1,1
differentiate,4,0,8,12
differentiates,0,0,1,1
differentiating,0,0,2,2
differentiation,0,0,7,7
differently,47,18,125,190
differents,6,0,9,15
differenza,0,1,0,1
differin,0,0,2,2
differing,1,0,0,1
differnece,0,0,1,1
differnt,1,0,6,7
differrent,0,0,3,3
differs,1,1,4,6
differwent,0,1,0,1
diffet,0,2,0,2
difffferent,0,1,0,1
difficiles,0,1,0,1
difficukt,0,0,4,4
difficult,261,27,444,732
difficulties,4,0,20,24
difficulty,17,12,41,70
diffrence,0,1,1,2
diffrend,0,0,1,1
diffrent,4,5,8,17
diffuse,1,0,13,14
diffuser,0,0,5,5
diffusers,0,0,5,5
diffusion,0,0,1,1
diffyculty,0,0,1,1
dificil,0,8,0,8
difiency,0,0,1,1
difisil,0,5,0,5
difrance,0,2,0,2
difrence,0,2,3,5
difrend,1,0,0,1
difrent,0,1,0,1
difthongos,0,0,7,7
difundir,0,1,0,1
dig,41,76,171,288
diga,0,14,5,19
digam,0,1,0,1
digamos,0,4,0,4
digan,1,11,0,12
diganme,0,4,0,4
diged,0,0,1,1
digest,0,7,16,23
digested,0,0,3,3
digestible,0,0,2,2
digesting,3,0,8,11
digestion,2,4,18,24
digestive,8,6,36,50
diget,0,1,0,1
digette,1,0,0,1
digg,0,1,3,4
digga,0,1,0,1
digged,4,0,3,7
digger,3,6,5,14
diggers,5,6,6,17
diggger,0,1,0,1
diggin,8,2,13,23
digging,22,16,86,124
diggity,0,0,5,5
diggs,0,3,0,3
diggy,0,1,0,1
digi,0,0,3,3
digiero,0,1,0,1
digiloom,0,2,0,2
digimon,1,14,5,20
digit,12,1,6,19
digita,3,0,0,3
digital,36,28,135,199
digitales,0,0,1,1
digitalised,1,0,0,1
digitally,3,0,8,11
digitisation,0,0,1,1
digitised,1,0,3,4
digitizer,0,0,2,2
digits,5,1,10,16
digne,0,0,4,4
dignified,0,0,2,2
dignitaries,1,0,0,1
dignity,13,4,50,67
digno,0,3,0,3
digo,1,14,0,15
digos,1,0,0,1
digress,2,0,5,7
digressions,0,0,6,6
digs,1,3,13,17
digusting,9,2,6,17
digweed,0,0,1,1
diiferent,0,1,0,1
diiick,0,1,0,1
diiie,0,0,1,1
diiiedd,1,0,0,1
diiieee,1,0,0,1
diiig,0,3,0,3
diiiiccckkkk,0,4,0,4
diiiick,1,0,0,1
diiiiiieeeeeee,0,0,2,2
diiiiiiinaaaaa,0,0,1,1
diiiiiink,0,0,1,1
diiiiissssssss,0,0,3,3
diinnnerr,0,0,5,5
diip,0,1,0,1
diisin,0,0,1,1
diisini,0,1,0,1
diitlooklikeiwasleftoffthepenthousefloorvideo,0,1,0,1
dije,0,3,0,3
dijera,0,5,0,5
dijeron,0,4,1,5
dijiereon,0,1,0,1
dijieron,0,4,0,4
dijjal,2,0,0,2
dijk,0,20,40,60
dijkstal,0,0,1,1
dijmii,0,0,6,6
dijo,0,30,4,34
dik,0,2,0,2
dikasih,0,2,0,2
dike,0,0,7,7
dikes,3,0,3,6
dikit,0,0,1,1
dikita,0,2,0,2
dikk,0,1,0,1
dikkat,0,1,0,1
dikke,0,3,0,3
dikt,0,0,1,1
dikta,1,0,1,2
diktat,0,0,1,1
diky,0,3,0,3
dil,3,8,0,11
dilan,0,1,0,1
dilapidated,0,0,2,2
dilat,2,0,0,2
dilata,0,0,8,8
dilate,0,0,1,1
dilated,0,0,3,3
dilation,0,0,8,8
dilbert,0,0,7,7
dildier,1,0,0,1
dildo,24,34,11,69
dildooo,0,2,0,2
dildos,0,7,3,10
dile,0,0,2,2
dilemma,7,0,28,35
dilemmas,0,0,1,1
diler,0,0,6,6
dileriz,0,1,0,1
dilettante,0,0,4,4
dilf,0,7,2,9
dilfsofdisneyland,0,0,1,1
diligence,0,0,1,1
diligent,1,1,1,3
diligently,0,0,1,1
dilion,3,0,0,3
dill,0,2,3,5
dillan,0,0,2,2
dillard,0,0,2,2
dillashaw,1,8,1,10
dillei,0,1,0,1
dillema,0,0,1,1
dillenger,6,0,0,6
dillian,0,8,0,8
dillion,0,15,13,28
dillisional,0,0,1,1
dillon,16,53,56,125
dillonf,0,0,2,2
dillonfrancis,0,0,2,2
dilly,3,1,1,5
dilmer,0,0,1,1
dilon,0,0,1,1
dilute,1,1,7,9
diluted,3,1,2,6
diluting,0,0,11,11
dim,17,0,37,54
dimaggio,0,0,6,6
dimainin,0,0,1,1
dimamo,0,0,1,1
dimanche,0,0,3,3
dime,17,24,38,79
dimebag,5,0,0,5
dimelo,0,1,0,1
dimencion,0,0,1,1
dimenden,1,0,0,1
dimension,25,25,41,91
dimensional,26,13,31,70
dimensions,20,2,14,36
dimenssion,0,0,1,1
dimenticavo,0,1,0,1
dimes,0,0,2,2
dimi,0,0,3,3
diming,0,0,1,1
diminicano,0,1,0,1
diminish,6,0,4,10
diminished,9,4,13,26
diminishes,5,1,6,12
diminishing,2,0,14,16
diminu,0,2,0,2
diminush,1,0,0,1
diminutive,0,0,1,1
dimitri,0,2,0,2
dimitris,0,0,1,1
dimly,2,0,0,2
dimmadome,0,6,0,6
dimmed,1,0,1,2
dimmentional,0,0,5,5
dimmer,0,0,8,8
dimmesdale,0,1,0,1
dimmi,0,1,0,1
dimming,0,0,3,3
dimmish,0,0,1,1
dimmy,0,2,1,3
dimond,2,2,1,5
dimostrando,0,1,0,1
dimple,0,4,2,6
dimpled,0,0,1,1
dimples,5,3,5,13
dimsdale,0,2,0,2
dimsum,0,2,0,2
dimwits,6,0,0,6
dimwitted,0,0,2,2
din,9,7,5,21
dina,58,148,390,596
dinaa,0,0,5,5
dinaaa,0,4,1,5
dinaaaaaa,0,0,2,2
dinaaaaaaaaa,0,0,3,3
dinaaaaaaaaaaaaaah,0,1,0,1
dinaaaaah,0,1,0,1
dinah,6,66,64,136
dinahhhhh,0,1,0,1
dinahs,0,1,0,1
dinal,0,0,1,1
dinamico,0,1,0,1
dinamics,0,1,0,1
dinas,0,5,0,5
dinasaurs,0,1,0,1
dinasss,0,5,0,5
dindu,7,7,5,19
dindus,0,2,3,5
dine,0,0,18,18
dineo,0,2,0,2
diner,2,1,19,22
dineral,6,0,0,6
dinero,5,22,14,41
diners,0,1,1,2
dinesh,2,0,1,3
ding,9,29,20,58
dinga,0,4,0,4
dingbat,0,2,0,2
dingdingdingdingding,0,1,0,1
dingen,0,2,0,2
dinger,0,3,0,3
dingle,2,1,0,3
dingleberries,1,0,0,1
dingleberry,1,0,3,4
dingly,0,0,6,6
dingos,1,0,0,1
dings,0,2,0,2
dingue,0,1,0,1
dingus,0,1,0,1
dingy,0,0,2,2
dinh,5,2,0,7
dinheio,0,3,0,3
dinheiro,0,2,1,3
diniguan,1,0,0,1
dining,12,7,55,74
diningroom,0,5,0,5
diniro,0,0,1,1
diniwigs,0,0,4,4
dink,12,11,13,36
dinkfam,0,1,0,1
dinklage,0,2,6,8
dinks,0,9,3,12
dinkum,0,0,4,4
dinky,0,0,2,2
dinlenebilecek,0,4,0,4
dinlenen,0,0,1,1
dinleyin,0,3,0,3
dinliyorsan,0,2,0,2
dinner,70,87,233,390
dinners,5,2,5,12
dinnerware,3,0,0,3
dino,15,45,24,84
dinojacjforeheadsours,1,0,0,1
dinona,0,2,0,2
dinoooo,0,1,0,1
dinooooooooooo,0,1,0,1
dinos,0,1,4,5
dinosaur,12,24,29,65
dinosaures,0,0,1,1
dinosaurio,0,5,0,5
dinosaurs,8,16,29,53
dinosour,0,1,0,1
dinosuers,0,1,0,1
dinotopia,1,0,0,1
dinsdag,0,1,0,1
dint,3,6,3,12
dinugoan,0,0,2,2
dinuguan,1,5,11,17
dinugwan,0,0,3,3
dio,5,48,9,62
diobolic,7,0,0,7
diocese,6,0,0,6
diode,0,1,1,2
diodes,0,0,2,2
diogo,0,0,14,14
dioman,0,1,0,1
diomand,0,1,0,1
diomans,0,1,0,1
dion,0,2,25,27
dionyorkie,0,6,0,6
dioooooooo,0,1,0,1
dioooooooooooss,0,7,0,7
dioooos,0,2,0,2
dior,6,20,84,110
diorskin,0,0,2,2
dios,7,94,30,131
diosa,0,13,0,13
diosaaaa,0,1,0,1
dioses,0,7,0,7
diosito,0,3,0,3
dioslosbendigaatodos,0,1,0,1
diosmio,0,1,0,1
diosos,0,1,0,1
dioss,0,5,0,5
diossss,0,3,0,3
diosssss,0,1,0,1
diotima,1,0,0,1
dioxide,4,2,15,21
dip,35,28,64,127
dipbrow,1,0,0,1
diperlukan,0,0,1,1
dipers,1,0,0,1
dipheads,1,0,0,1
dipilih,0,1,0,1
diplo,0,8,3,11
diploma,0,0,1,1
diplomacy,0,0,6,6
diplomas,0,0,8,8
diplomat,1,0,0,1
diplomatic,0,2,9,11
diplomatically,1,0,0,1
diplomats,4,0,4,8
dipp,0,12,2,14
dipped,23,7,17,47
dipper,0,6,0,6
dippers,0,8,0,8
dippin,0,3,0,3
dipping,4,3,17,24
dipple,0,1,0,1
dipples,0,1,0,1
dippy,0,0,5,5
dips,2,6,8,16
dipset,0,0,1,1
dipshit,11,6,8,25
dipshits,11,1,6,18
dipstick,0,0,2,2
dipsy,0,1,0,1
diptique,0,0,5,5
diptyque,0,1,7,8
diqqa,1,0,0,1
dir,0,24,7,31
dirac,0,0,1,1
dirai,0,1,0,1
dirait,0,1,0,1
dirby,1,0,0,1
dird,0,1,0,1
dire,3,34,30,67
direc,1,0,0,1
direcci,0,18,0,18
direct,50,0,245,295
directed,62,44,61,167
directer,0,4,0,4
directinerforever,0,1,0,1
directing,19,6,52,77
directiom,0,2,0,2
direction,92,72,291,455
directional,1,0,0,1
directioner,1,2,14,17
directionerisapromise,0,0,1,1
directionerproblems,1,0,0,1
directioners,1,5,10,16
directionersalways,0,0,6,6
directiones,0,1,0,1
directions,12,2,39,53
directive,1,0,0,1
directivos,0,0,5,5
directly,60,0,213,273
directness,0,0,4,4
directo,0,5,1,6
director,55,73,244,372
directores,0,2,0,2
directorial,0,0,1,1
directors,8,6,60,74
directory,0,0,3,3
directos,0,2,0,2
directs,0,0,11,11
directv,1,0,4,5
direkt,0,2,1,3
direktoru,0,1,0,1
direpects,0,0,1,1
diretor,0,1,0,1
direwolf,6,0,5,11
direwolfs,2,0,0,2
direwolves,1,0,7,8
direye,0,7,0,7
dirge,0,0,1,1
diri,0,4,0,4
diria,0,5,0,5
dirigidas,0,0,1,1
dirigiu,0,1,0,1
dirk,0,3,6,9
dirkey,0,1,0,1
dirly,1,0,0,1
dirsi,5,0,0,5
dirt,62,52,163,277
dirtbag,5,4,0,9
dirtbags,0,2,8,10
dirtbikes,0,1,0,1
dirtier,1,0,0,1
dirtiest,3,3,5,11
dirtiness,0,0,1,1
dirty,457,4,123,584
dirtyyyy,1,0,0,1
dirvi,0,1,0,1
dis,97,158,129,384
disabeld,1,0,0,1
disabeled,0,0,1,1
disabilities,1,1,11,13
disability,15,0,33,48
disabilitys,0,0,1,1
disable,15,8,14,37
disabled,64,0,52,116
disables,0,4,0,4
disabling,1,6,2,9
disablity,0,0,1,1
disabo,0,1,0,1
disadvantage,0,1,13,14
disadvantaged,0,2,2,4
disadvantages,3,0,9,12
disagerous,0,0,1,1
disagree,93,37,206,336
disagreeable,1,0,0,1
disagreed,14,1,11,26
disagreeing,4,0,13,17
disagreement,8,1,8,17
disagrees,6,0,18,24
disallowing,0,0,4,4
disambiguation,0,4,0,4
disana,0,1,0,1
disapear,1,0,1,2
disapearance,1,0,0,1
disapeared,0,0,3,3
disapered,0,2,0,2
disapoint,0,0,1,1
disapointed,4,2,13,19
disapointment,0,1,0,1
disapoints,0,1,0,1
disappear,12,23,67,102
disappearance,1,0,0,1
disappeared,10,24,47,81
disappearing,3,1,13,17
disappears,3,4,22,29
disappoint,23,42,122,187
disappointed,530,0,282,812
disappointedapplefanboy,1,0,0,1
disappointedly,5,0,0,5
disappointes,0,0,2,2
disappointing,157,3,72,232
disappointingly,0,0,1,1
disappointment,94,0,45,139
disappointments,2,1,0,3
disappoints,5,35,42,82
disapponting,0,1,0,1
disapproval,0,1,5,6
disapprove,0,2,16,18
disapproved,0,1,0,1
disapproves,1,1,1,3
disarm,21,3,10,34
disarmament,0,0,1,1
disarmed,12,1,13,26
disarming,0,0,10,10
disarray,0,0,1,1
disassemble,0,0,2,2
disassociated,0,0,1,1
disassociation,3,0,1,4
disassociative,1,0,2,3
disaster,83,31,173,287
disasterpeace,0,0,2,2
disasters,29,6,63,98
disastrous,9,0,12,21
disater,3,0,0,3
disavow,2,0,0,2
disavowed,0,1,0,1
disband,0,5,0,5
disbanded,0,4,7,11
disbanding,0,0,1,1
disbeleave,1,0,0,1
disbelief,5,0,13,18
disbelieve,0,0,1,1
disbelieving,0,0,1,1
disc,4,11,23,38
discard,3,8,9,20
discarded,3,0,4,7
discern,3,0,3,6
discernible,0,0,2,2
discerning,4,1,0,5
discernment,4,0,0,4
discharge,6,5,4,15
discharged,8,0,10,18
discharges,0,0,1,1
discharging,1,0,3,4
disciple,6,7,2,15
disciples,0,4,11,15
disciplinas,6,0,0,6
discipline,10,10,29,49
disciplined,6,4,12,22
disciplines,6,0,1,7
disciplining,0,0,6,6
disclaimer,17,16,21,54
disclaimers,0,0,4,4
disclose,5,3,20,28
disclosing,5,0,2,7
disclosure,13,9,16,38
disco,28,48,38,114
discography,0,0,12,12
discolor,0,0,1,1
discoloration,0,1,3,4
discolorations,0,3,0,3
discolored,0,0,1,1
discombobulating,0,5,0,5
discomfiting,0,1,0,1
discomfort,6,2,28,36
disconcert,0,0,1,1
disconcerting,14,1,2,17
disconect,1,0,0,1
discongruency,0,0,4,4
disconnect,1,2,12,15
disconnected,28,1,33,62
disconnectedness,0,0,3,3
disconnecting,1,0,0,1
disconnection,0,0,4,4
disconnects,0,0,3,3
discontent,4,0,2,6
discontinue,0,0,4,4
discontinued,0,5,44,49
discontinuing,0,4,0,4
discopants,0,6,0,6
discord,15,6,19,40
discos,0,0,2,2
discoteca,0,0,1,1
discotech,1,0,0,1
discotheque,0,0,7,7
discount,6,87,71,164
discounted,0,0,8,8
discounts,0,0,8,8
discourage,1,1,6,8
discouraged,5,0,12,17
discourages,1,0,7,8
discouraging,2,1,3,6
discourse,2,1,6,9
discover,16,6,75,97
discoverd,0,0,4,4
discoverde,1,0,0,1
discovered,52,62,272,386
discoverer,0,0,1,1
discoveries,2,1,6,9
discovering,0,1,33,34
discovers,6,0,9,15
discovery,13,20,67,100
discrace,1,0,1,2
discredit,11,1,18,30
discredited,0,0,2,2
discrediting,0,0,1,1
discredits,0,0,5,5
discreet,0,3,3,6
discreetly,0,1,5,6
discrepancies,0,1,1,2
discrepancy,1,0,0,1
discresce,1,0,0,1
discrete,0,0,12,12
discretion,3,0,4,7
discretions,0,0,4,4
discribe,0,1,1,2
discribed,0,1,0,1
discrimina,0,0,1,1
discriminasche,0,1,0,1
discriminate,1,5,18,24
discriminated,2,1,8,11
discriminates,0,2,0,2
discriminating,8,2,3,13
discrimination,21,5,25,51
discriminatory,2,0,1,3
discription,0,5,4,9
discs,4,0,1,5
disctinction,0,0,5,5
disculpae,0,3,0,3
disculpame,0,2,0,2
disculpas,0,4,0,4
disculpen,0,3,0,3
discus,0,1,2,3
discuss,28,11,118,157
discussed,9,3,38,50
discusses,0,0,2,2
discussing,21,11,45,77
discussion,49,25,169,243
discussions,5,0,35,40
discusting,2,2,4,8
discworld,0,0,4,4
disdain,3,0,1,4
dise,1,9,0,10
disease,215,64,216,495
diseased,12,0,9,21
diseases,28,3,65,96
disect,0,0,2,2
disemone,0,1,0,1
disenfranchised,0,0,2,2
disengage,0,9,0,9
disengaja,0,1,0,1
disent,0,2,0,2
diseny,0,1,0,1
disepointed,5,0,0,5
diserves,0,0,2,2
disfavorable,2,0,0,2
disfiguring,1,0,0,1
disfraz,0,2,0,2
disfrazado,0,0,2,2
disfrazaron,0,2,0,2
disfrut,0,0,1,1
disfruta,0,2,0,2
disfrutado,0,3,0,3
disfrutar,0,8,0,8
disfrutaron,0,4,0,4
disfrutemoslos,0,1,0,1
disfrutenlo,1,0,0,1
disgaea,0,1,0,1
disgimusting,1,0,0,1
disgosting,0,1,0,1
disgrace,58,32,55,145
disgraced,3,6,0,9
disgraceful,29,2,20,51
disgruntled,1,0,0,1
disguise,14,28,38,80
disguised,17,2,17,36
disguising,0,0,1,1
disguisted,0,1,0,1
disgust,15,9,32,56
disgusted,61,0,19,80
disgustin,0,2,0,2
disgusting,793,7,85,885
disgustingi,0,6,0,6
disgustingly,13,0,6,19
disgusto,0,4,0,4
disgusts,9,3,5,17
disguting,2,0,0,2
dish,33,22,112,167
dishearted,0,0,1,1
disheartened,0,0,6,6
disheartening,1,4,28,33
dished,1,0,0,1
dishes,10,10,79,99
disheveled,0,0,7,7
dishevelled,3,0,0,3
dishh,0,0,1,1
dishing,2,0,0,2
dishonest,33,0,7,40
dishonesty,4,0,2,6
dishonor,1,0,2,3
dishonored,5,1,0,6
dishsoap,1,0,0,1
dishwasher,1,2,12,15
disick,4,11,4,19
disiehan,0,1,0,1
disillusion,0,1,0,1
disillusioned,8,0,0,8
disillusionment,0,0,2,2
disimboied,1,0,0,1
disimone,0,5,0,5
disimulaci,1,0,0,1
disinegnuine,1,0,0,1
disinfect,0,1,0,1
disinfectant,0,1,0,1
disinfected,0,0,2,2
disinformation,0,2,0,2
disingenuous,4,7,15,26
disingenuously,1,0,0,1
disini,0,1,0,1
disintegrated,2,1,4,7
disintegrating,0,6,0,6
disinterested,0,1,2,3
disinu,0,0,1,1
disisgonnabegood,0,1,0,1
disjointed,6,4,8,18
disk,8,9,21,38
diskette,0,0,1,1
diskettes,0,0,1,1
diskliked,0,0,1,1
disks,1,0,0,1
disktrack,0,1,0,1
dislaike,0,1,0,1
dislek,0,6,0,6
dislexic,0,1,0,1
dislicked,1,0,0,1
dislike,205,364,374,943
disliked,287,7,71,365
disliker,0,3,1,4
dislikers,2,6,11,19
dislikes,143,244,218,605
dislikesss,0,1,0,1
dislikin,3,0,0,3
disliking,22,15,26,63
dislocate,0,0,4,4
dislocated,2,0,3,5
dislocates,0,0,1,1
dislocation,0,0,1,1
dislodge,2,0,0,2
disloyal,2,0,2,4
dismal,0,0,8,8
dismally,1,0,0,1
dismantal,0,0,4,4
dismantle,0,3,5,8
dismantled,0,0,6,6
dismantling,1,0,0,1
dismay,0,6,4,10
dismembered,0,0,2,2
dismisive,3,0,0,3
dismiss,10,0,13,23
dismissal,1,0,3,4
dismissed,8,0,13,21
dismisses,0,0,3,3
dismissing,2,0,10,12
dismissive,2,0,7,9
dismorphia,0,0,1,1
disnep,0,0,1,1
disney,126,238,378,742
disneybaby,0,1,0,1
disneyfeels,0,1,0,1
disneyfication,0,0,2,2
disneyland,13,38,38,89
disneys,0,1,0,1
disneyworld,1,0,0,1
disneyyy,0,3,0,3
disnt,0,0,2,2
disnydra,1,0,0,1
disobedience,2,0,9,11
disobedient,0,1,4,5
disobey,2,3,3,8
disobeyed,1,0,0,1
disobeying,2,2,0,4
disobeys,1,0,0,1
disolved,0,0,3,3
disorder,93,36,148,277
disorderly,5,0,2,7
disorders,20,8,74,102
disorganisation,0,0,3,3
disorganised,3,7,0,10
disorganized,4,0,0,4
disorientation,0,4,0,4
disorienting,0,1,0,1
disown,19,0,3,22
disownment,4,0,0,4
disowns,1,0,0,1
dispara,0,1,1,2
disparage,2,0,5,7
disparaged,3,0,0,3
disparaging,12,2,0,14
disparando,2,0,0,2
dispareja,0,4,0,4
disparen,0,1,0,1
disparities,1,0,0,1
disparity,0,3,7,10
disparu,3,1,0,4
dispatch,0,0,1,1
dispatchable,0,0,1,1
dispatched,3,4,5,12
dispatcher,0,0,8,8
dispel,1,0,1,2
dispelled,1,0,0,1
dispelling,0,0,6,6
dispensary,0,0,4,4
dispense,4,3,3,10
dispenser,1,7,9,17
dispensers,0,0,3,3
dispersal,0,1,0,1
disperse,0,0,2,2
dispersed,0,0,2,2
disphits,0,0,1,1
disphoria,1,0,0,1
dispiace,0,5,0,5
dispicable,1,2,4,7
dispicible,0,0,1,1
displace,1,0,0,1
displaced,0,1,2,3
displacement,1,0,3,4
displacements,0,0,3,3
displacing,0,0,1,1
displacment,0,0,2,2
display,62,55,211,328
displayed,7,0,30,37
displaying,4,8,12,24
displaymate,0,0,9,9
displayport,1,0,0,1
displays,5,0,33,38
displease,1,0,1,2
displeased,1,0,1,2
displeasing,0,1,0,1
displeasure,2,0,3,5
disponible,0,5,0,5
disposable,4,2,12,18
disposal,2,1,8,11
dispose,2,7,2,11
disposed,4,0,1,5
disposer,0,0,2,2
disposes,0,0,3,3
disposici,0,3,0,3
disposition,0,0,9,9
dispositionnnnnn,0,1,0,1
dispositivo,0,1,0,1
dispositon,0,1,0,1
dispray,0,1,4,5
disproportion,0,0,2,2
disproportionally,0,0,2,2
disproportionate,3,1,4,8
disproportionately,2,0,3,5
dispropotionately,0,0,4,4
disprovable,1,0,0,1
disprove,0,1,7,8
disproved,1,2,1,4
disproven,2,1,3,6
disproves,2,0,7,9
disputa,0,5,0,5
dispute,9,4,3,16
disputed,6,0,2,8
disputes,5,0,4,9
disputing,0,0,2,2
disqualification,0,2,0,2
disqualified,4,1,5,10
disqualifies,4,0,2,6
disqualify,0,0,2,2
disque,0,5,0,5
disquera,0,4,0,4
disregard,8,4,19,31
disregarded,0,0,5,5
disregarding,4,0,3,7
disregardong,2,0,0,2
disregards,0,0,5,5
disrepcting,3,0,0,3
disrepect,6,0,0,6
disrepecting,0,0,2,2
disrespect,65,35,158,258
disrespected,23,7,24,54
disrespectful,94,38,127,259
disrespectfull,1,0,0,1
disrespectfulness,0,0,1,1
disrespectin,0,4,0,4
disrespecting,33,30,62,125
disrespectng,0,0,1,1
disrespects,12,9,6,27
disrespectul,6,0,0,6
disripcting,0,0,5,5
disrove,0,0,1,1
disrupt,2,4,1,7
disrupted,7,4,0,11
disrupting,1,2,2,5
disruption,0,0,4,4
disruptive,0,4,2,6
disrupts,0,0,7,7
diss,62,89,69,220
dissagree,0,1,0,1
dissapear,0,1,2,3
dissapeared,0,3,0,3
dissapears,3,0,0,3
dissapired,0,0,1,1
dissapoint,5,11,10,26
dissapointed,21,12,31,64
dissapointing,3,4,11,18
dissapointment,0,0,3,3
dissapoints,0,0,3,3
dissapoonted,0,1,0,1
dissappionted,0,1,5,6
dissappointed,0,3,3,6
dissappointing,0,0,4,4
dissatisfaction,4,0,7,11
dissatisfied,0,0,19,19
disscounts,1,0,0,1
dissect,1,0,11,12
dissected,1,0,2,3
dissecting,0,1,5,6
dissection,0,4,1,5
dissed,7,12,6,25
dissembowl,1,0,0,1
dissension,0,0,2,2
dissent,0,2,6,8
dissenting,0,0,1,1
dissertation,1,63,15,79
disservice,6,3,5,14
disses,4,0,2,6
dissident,4,2,1,7
dissimilar,0,0,4,4
dissin,0,3,2,5
dissing,19,9,19,47
dissipate,7,0,1,8
dissipated,0,3,1,4
dissipating,0,0,1,1
dissipointed,0,0,1,1
disslike,0,0,2,2
dissliken,0,1,0,1
disslikes,0,1,0,1
disso,0,1,5,6
dissociate,0,0,2,2
dissociated,0,0,3,3
dissociating,3,0,1,4
dissociation,13,3,12,28
dissociative,0,2,3,5
dissolute,1,0,0,1
dissolve,6,1,16,23
dissolved,1,0,7,8
dissolves,0,0,8,8
dissonance,8,0,14,22
dissonant,0,1,1,2
dissos,0,0,5,5
dissproving,0,1,0,1
dissssssss,0,2,0,2
disstacks,0,0,2,2
disstrac,0,6,0,6
disstrack,2,18,7,27
disstrackception,0,1,0,1
disstracks,1,2,1,4
dissuade,1,0,0,1
dissuaded,0,0,3,3
dist,0,0,4,4
distain,2,0,7,9
distance,54,29,137,220
distanced,0,0,2,2
distances,6,0,24,30
distancia,0,4,0,4
distancias,0,1,0,1
distancing,0,0,1,1
distant,17,4,56,77
distaste,0,0,7,7
distasteful,4,0,1,5
distaster,0,0,3,3
diste,0,4,0,4
distended,0,3,0,3
distillation,0,0,1,1
distilled,2,0,1,3
distillery,0,3,0,3
distinct,2,0,32,34
distinction,2,1,19,22
distinctive,0,0,8,8
distinctly,1,0,7,8
distinguir,0,3,0,3
distinguish,9,1,12,22
distinguishable,0,0,6,6
distinguished,2,1,2,5
distinguishing,0,0,7,7
distinguising,0,0,1,1
distinto,0,1,0,1
distintos,2,1,1,4
distopia,0,0,3,3
distorsion,0,0,2,2
distort,0,0,11,11
distorted,3,1,34,38
distorting,1,0,5,6
distortion,11,5,15,31
distorts,5,7,2,14
distrac,0,5,0,5
distrack,0,4,2,6
distracks,0,0,4,4
distract,35,30,55,120
distracted,46,33,96,175
distracting,57,30,74,161
distraction,28,15,117,160
distractions,9,5,17,31
distracts,3,1,8,12
distraer,0,1,0,1
distrait,0,0,1,1
distraught,9,0,0,9
distress,8,0,6,14
distressed,7,7,17,31
distressfull,0,0,1,1
distressing,0,0,2,2
distri,0,1,0,1
distribute,5,3,22,30
distributed,0,3,10,13
distributing,1,0,10,11
distribution,3,5,35,43
distributions,0,0,1,1
distributor,1,5,2,8
distributuon,0,0,1,1
distribuye,0,1,0,1
distric,0,1,0,1
district,10,9,27,46
districts,0,0,2,2
distro,0,9,0,9
distros,0,1,1,2
distroy,0,0,1,1
distroyed,0,0,1,1
distroying,0,1,0,1
distrub,0,0,1,1
distruction,2,0,0,2
distrust,2,0,7,9
distrusting,0,0,3,3
disturb,2,6,18,26
disturbance,0,0,7,7
disturbances,7,0,4,11
disturbed,16,4,34,54
disturbia,0,1,1,2
disturbing,125,8,60,193
disturbingly,0,0,2,2
disturbs,0,1,10,11
disturding,0,1,0,1
disused,0,0,2,2
dit,5,21,10,36
dita,0,0,1,1
ditachable,0,0,1,1
ditalian,0,0,1,1
ditch,26,19,15,60
ditched,6,4,17,27
ditches,2,0,1,3
ditching,4,0,3,7
dite,0,1,0,1
ditemi,0,1,0,1
diterima,0,0,1,1
dites,0,3,0,3
dithering,3,0,5,8
ditint,0,2,0,2
dition,0,0,4,4
ditka,88,46,63,197
ditker,0,3,0,3
ditkkka,0,2,0,2
dito,0,13,2,15
ditos,0,6,2,8
ditto,0,4,6,10
ditty,1,0,1,2
ditz,2,0,2,4
ditzy,0,0,3,3
diu,3,1,0,4
diva,18,65,48,131
divaaa,0,2,0,2
divaaaa,0,4,0,4
divaaaaaa,0,1,0,1
divaaaaaaaa,0,1,0,1
divari,0,2,0,2
divas,2,8,4,14
divass,0,1,0,1
dive,17,43,97,157
dived,12,4,15,31
divenaldo,7,0,0,7
diventa,0,1,0,1
diver,7,3,27,37
diverge,0,0,1,1
divergence,0,0,1,1
divergent,1,5,1,7
diverging,1,0,0,1
divers,3,1,5,9
diversas,0,1,0,1
diverse,5,4,74,83
diversely,0,0,4,4
diversidade,0,3,0,3
diversified,0,0,6,6
diversify,0,0,1,1
diversion,0,1,5,6
diversity,19,26,109,154
diversly,0,0,5,5
diverso,0,5,0,5
diversos,0,0,1,1
divert,2,1,3,6
divertido,0,2,0,2
divertidos,0,2,0,2
dives,1,3,6,10
divicive,0,0,1,1
divide,63,30,76,169
divided,31,23,68,122
dividend,2,4,0,6
divider,0,1,0,1
dividers,4,0,0,4
divides,17,2,3,22
dividing,23,2,22,47
diviertan,0,2,0,2
divierte,0,1,0,1
divil,0,3,0,3
divina,0,8,0,8
divination,0,0,1,1
divinci,0,0,1,1
divine,3,35,64,102
divinely,0,0,2,2
diviners,0,1,0,1
diving,20,18,31,69
divinity,0,0,2,2
divino,0,1,0,1
divinorum,0,1,0,1
divinos,0,1,0,1
divirti,0,8,0,8
divisi,0,3,10,13
division,49,38,87,174
divisions,0,1,2,3
divisive,13,0,24,37
divisiveness,5,9,11,25
divison,0,0,10,10
divixde,4,0,0,4
divona,0,1,0,1
divorce,13,18,49,80
divorced,17,14,27,58
divorces,0,0,3,3
divosaaaaaaa,0,1,0,1
divulga,0,1,0,1
divulge,0,0,2,2
divulging,0,0,1,1
divvy,0,2,0,2
divvyed,0,4,0,4
diwali,0,1,2,3
diwarnai,0,1,0,1
diwn,0,5,0,5
dixie,0,1,9,10
dixon,0,6,9,15
dixy,1,0,0,1
diy,41,188,198,427
diyaar,0,0,1,1
diyan,0,1,0,1
diyand,0,0,1,1
diye,0,8,0,8
diyemiyom,0,1,0,1
diyen,0,4,0,4
diyene,0,1,0,1
diyenler,0,2,0,2
diyil,0,1,0,1
diying,0,1,2,3
diyng,0,0,1,1
diyor,0,1,0,1
diyorum,0,2,0,2
diyosunuzda,0,1,0,1
diyqueen,0,2,3,5
diys,2,12,51,65
diytrying,0,0,1,1
diz,1,0,1,2
diza,0,3,0,3
dizaster,0,1,0,1
dizendo,0,1,0,1
dizer,0,2,2,4
dizia,0,5,0,5
dizlajk,0,0,3,3
dizlike,0,0,1,1
dizz,12,0,0,12
dizzee,2,0,0,2
dizziness,2,0,2,4
dizzle,0,5,9,14
dizzy,6,27,26,59
dizzying,1,0,0,1
dizzyness,1,0,0,1
dj,62,196,298,556
dja,0,0,1,1
djafar,2,0,0,2
djafars,1,0,0,1
django,0,3,1,4
djawadi,2,0,3,5
djdjddj,0,0,1,1
djdjjdjfd,0,3,0,3
djdjshsvdkssbvd,0,0,2,2
dje,0,1,0,1
djeie,0,2,0,2
djen,0,2,0,2
djent,0,2,0,2
djented,0,2,0,2
djfhkd,1,0,0,1
djfvdsjbhfkjdsldjhsdbk,0,1,0,1
dji,0,1,0,1
djin,1,0,0,1
djing,3,2,16,21
djinn,0,1,0,1
djinni,0,0,1,1
djinns,0,1,0,1
djjxjsxjfi,0,1,0,1
djmariio,0,1,1,2
djmario,0,7,0,7
djmarioo,0,1,0,1
djndjfbd,0,1,0,1
djo,0,0,4,4
djorou,0,5,0,5
djpon,0,0,2,2
djs,5,3,23,31
djsfbsadjsfldsdskav,0,1,0,1
djsijsisn,0,1,0,1
djsjd,0,2,0,2
djsjs,0,2,0,2
djsnake,0,4,2,6
djt,0,2,1,3
djtj,5,0,1,6
djts,5,0,0,5
djw,0,1,0,1
dk,6,20,27,53
dkddkejej,0,2,0,2
dkdnekbdowdboecowbe,0,1,0,1
dkirk,0,6,0,6
dkirkdesigns,0,0,1,1
dkm,0,1,2,3
dkmg,0,0,1,1
dkny,0,4,0,4
dks,0,0,3,3
dksnfkwkciamxjwkdjwj,0,1,0,1
dku,0,2,0,2
dkv,0,0,3,3
dkx,0,1,0,1
dl,17,27,40,84
dla,0,20,0,20
dlaczego,0,12,0,12
dlatego,0,7,1,8
dlb,0,1,0,1
dlc,123,50,163,336
dlcde,0,0,1,1
dlcs,2,9,23,34
dlega,0,1,0,1
dlflslssllskfjea,0,0,2,2
dlift,0,3,0,3
dll,0,2,0,2
dlls,1,0,1,2
dlqtuvlxfly,0,0,2,2
dlr,4,1,4,9
dlt,0,0,4,4
dltrvpg,0,0,1,1
dlyan,0,1,0,1
dm,23,55,228,306
dmais,0,1,0,1
dman,0,0,1,1
dmb,0,0,1,1
dmc,0,1,2,3
dmca,9,1,19,29
dmf,0,0,10,10
dmg,0,2,0,2
dmitri,0,0,1,1
dmn,0,0,3,3
dmosdnvibnsfjs,0,1,0,1
dmqeb,1,0,0,1
dms,0,8,10,18
dmt,1,25,8,34
dmv,1,0,1,2
dmx,2,4,3,9
dmym,0,2,0,2
dn,0,4,4,8
dna,98,290,229,617
dnaa,0,1,0,1
dnaaa,0,1,0,1
dnaaaa,1,0,0,1
dnaaaaaa,0,2,0,2
dnaaaaaaaaaa,0,1,0,1
dnaaaaaaaaaaa,0,1,0,1
dnaaaaaaaaaaaaaa,0,1,0,1
dnabhdn,0,0,1,1
dnaces,0,0,1,1
dnajfjekcjgkes,0,0,1,1
dnalanawnogylop,0,1,0,1
dnb,0,0,3,3
dnbdbddb,0,2,0,2
dnc,21,7,40,68
dncstoleit,1,0,0,1
dnd,6,0,9,15
dng,0,2,0,2
dngreix,1,0,0,1
dnia,0,2,0,2
dno,0,0,1,1
dnp,4,2,2,8
dns,0,0,4,4
dnsjfsfnsdkjwdfsanfbdsjaxaxdfgisahfjsnfbsaakldjsjfdvbkjsbvhjncjsndkdhf,1,0,0,1
dnt,10,11,27,48
dnvypv,0,0,2,2
dnyk,0,2,0,2
do,13710,18140,39573,71423
doa,1,1,7,9
doable,0,0,16,16
doank,0,0,1,1
doanx,0,1,0,1
doap,0,2,0,2
doar,0,2,0,2
doarf,0,1,0,1
dob,1,0,1,2
dobaben,0,1,0,1
dobbel,1,0,0,1
dobbs,0,0,2,2
dobby,3,11,10,24
dobbys,1,0,0,1
doberman,0,1,0,1
doblada,0,5,0,5
doble,0,7,18,25
dobledoo,0,0,4,4
dobles,0,2,0,2
dobos,0,1,0,1
dobr,0,3,1,4
dobra,0,1,1,2
dobre,1,14,0,15
dobrev,0,5,4,9
dobrick,0,1,3,4
dobricks,0,1,0,1
dobrik,6,22,7,35
dobrimire,1,0,0,1
dobro,0,2,0,2
dobry,0,4,0,4
dobrze,0,5,3,8
dobsky,0,5,0,5
doby,0,1,0,1
doc,13,35,64,112
doca,0,0,9,9
doce,3,0,0,3
doch,0,14,0,14
dochakhamyeon,0,1,0,1
dochter,0,1,0,1
dociekanie,0,2,0,2
docile,2,0,7,9
dock,0,4,22,26
docked,0,1,1,2
dockers,0,0,2,2
docking,0,1,2,3
docks,7,1,1,9
docmentary,0,0,1,1
docs,6,10,23,39
docter,0,2,2,4
doctooorrrrrrrrrrrrrrrrr,0,1,0,1
doctor,196,109,306,611
doctora,0,1,0,1
doctorates,1,0,0,1
doctored,0,0,2,2
doctors,104,33,200,337
doctrinaire,0,0,1,1
doctrine,13,0,15,28
doctrines,0,0,4,4
docu,1,0,4,5
document,7,12,43,62
documental,0,0,1,1
documentaries,18,10,57,85
documentary,46,43,207,296
documentation,6,0,6,12
documented,0,2,7,9
documenteries,0,0,1,1
documenting,10,7,14,31
documents,12,0,18,30
documetary,0,0,1,1
docummentary,0,0,5,5
dod,3,2,4,9
doda,0,6,3,9
dodam,0,2,0,2
dodatek,0,6,0,6
doddamnit,3,0,0,3
doddie,0,1,4,5
doddles,0,0,2,2
doddy,0,0,3,3
dodecahedron,0,0,2,2
dodge,11,19,45,75
dodgeball,0,1,0,1
dodged,4,0,12,16
dodgeing,0,3,0,3
dodger,4,0,15,19
dodgers,2,1,5,8
dodges,1,2,7,10
dodgey,2,4,0,6
dodging,8,6,10,24
dodgy,9,5,25,39
dodi,0,0,1,1
dodie,24,71,242,337
dodieeeeeeeee,2,0,0,2
dodies,0,4,3,7
dodo,6,11,12,29
dododo,0,4,1,5
dodododo,0,1,0,1
dodoododoodododo,1,0,0,1
dodos,0,0,3,3
dods,0,0,4,4
dodsnt,0,1,0,1
dodson,0,0,1,1
doe,13,58,72,143
doeble,1,0,0,1
doed,6,0,0,6
doeeeeee,1,0,0,1
doei,0,1,0,1
doel,0,1,0,1
doen,0,14,4,18
doenji,0,1,0,1
doens,0,0,4,4
doenst,1,0,2,3
doent,6,0,0,6
doers,2,0,0,2
does,4008,4009,8513,16530
doesen,0,2,0,2
doesenr,0,0,1,1
doesent,1,1,1,3
doeshoareinthestreamtheyallgoodialsoplayclashofclansimalsobilderhall,0,2,0,2
doesin,0,0,4,4
doesn,173,86,397,656
doesnt,195,154,416,765
doest,0,4,0,4
doestroyed,1,0,0,1
doet,0,2,1,3
doeth,0,0,5,5
doey,0,0,2,2
dof,0,0,23,23
dofin,0,1,0,1
dog,612,612,1109,2333
dogcat,0,3,0,3
doge,0,2,1,3
dogecoin,0,0,2,2
dogfight,0,0,1,1
dogfo,0,0,1,1
dogg,15,12,32,59
dogged,1,0,0,1
doggett,0,0,4,4
doggie,3,3,15,21
doggies,7,7,19,33
dogging,0,0,1,1
doggo,6,15,27,48
doggone,0,0,1,1
doggonit,0,2,0,2
doggos,0,4,0,4
doggs,0,0,1,1
doggshitt,6,0,0,6
doggy,9,11,27,47
doghtor,0,1,0,1
dogma,4,0,2,6
dogman,4,14,81,99
dogmannn,0,1,0,1
dogmans,0,0,1,1
dogmatic,0,0,1,1
dogness,0,0,1,1
dogo,2,0,0,2
dogooo,0,1,0,1
dogru,0,2,0,2
dogs,172,265,668,1105
dogscape,0,1,0,1
dogshit,16,11,10,37
dogshite,0,0,3,3
dogstyle,0,2,0,2
dogtag,0,1,0,1
dogtags,0,0,2,2
dogtooth,0,0,14,14
dogtors,0,0,1,1
dogville,1,0,0,1
dogy,2,3,0,5
dogyy,0,1,0,1
dogzilla,0,1,0,1
doh,1,11,5,17
dohhhhhhh,0,1,0,1
dohmah,0,6,0,6
dohner,0,1,0,1
dohrnii,4,0,0,4
doi,0,1,0,1
doida,0,1,0,1
doign,0,1,0,1
doiles,0,0,4,4
doilies,0,11,9,20
doily,0,1,1,2
doin,29,39,61,129
doing,1416,1072,5046,7534
doings,2,7,19,28
doinh,0,0,1,1
doining,0,0,1,1
doink,0,3,4,7
doinks,0,1,0,1
doinnnn,0,1,0,1
dois,0,9,4,13
doit,0,6,1,7
doitlooklikeigotleftoffigetthebag,0,1,0,1
doitlooklikeimleftoffbadandboujee,0,4,0,4
doitlooklikeiwasleftofbadandbouje,0,4,0,4
doitwith,0,1,0,1
doivent,0,1,0,1
doj,2,2,3,7
dojebiesz,0,2,0,2
dojnt,2,0,0,2
dojrzewania,0,4,0,4
dok,0,2,1,3
doke,3,0,0,3
dokes,0,0,1,1
doki,0,2,0,2
dokie,0,0,6,6
doknczyc,0,3,0,3
doko,0,6,0,6
dokola,0,3,0,3
dokonane,0,3,0,3
dokuczali,0,2,0,2
dokumentalny,0,3,0,3
dokumentem,0,3,0,3
dokumentu,0,1,0,1
dokyeom,0,2,4,6
dokyeomieeeeeeee,0,1,0,1
dol,0,1,1,2
dola,0,1,1,2
dolan,12,126,54,192
dolans,2,6,2,10
dolantwin,0,0,1,1
dolanwannabe,0,1,0,1
dolar,0,2,0,2
dolars,2,0,3,5
dolby,2,4,0,6
dolce,1,9,6,16
dole,0,0,5,5
doled,1,0,2,3
dolezal,0,2,1,3
doli,0,1,0,1
dolightning,0,1,0,1
dolittle,0,2,0,2
doll,50,74,156,280
dolla,20,34,48,102
dollado,0,1,0,1
dollar,70,100,183,353
dollarama,0,4,0,4
dollaramazongiftcardswhatupitsyoboyanimeminecraft,0,1,0,1
dollars,223,139,342,704
dollarssssss,0,0,1,1
dollas,0,1,0,1
dollaz,0,1,0,1
dolle,0,1,0,1
dolled,0,2,4,6
doller,0,1,1,2
dollface,1,0,0,1
dollhause,0,0,1,1
dollhouse,0,0,3,3
dollies,0,0,4,4
dolling,0,0,2,2
dolllllerzzz,0,1,0,1
dolllllssss,0,1,0,1
dollop,2,3,2,7
dollros,0,1,0,1
dolls,10,4,34,48
dollskill,0,8,3,11
dolly,2,9,4,15
dollywood,1,1,0,2
dolmadan,0,1,0,1
dolmal,0,3,0,3
dolmayan,0,0,1,1
dolmu,0,2,0,2
dolo,1,14,0,15
dolor,0,13,0,13
dolores,0,4,6,10
dolorosas,0,4,0,4
dolos,0,9,0,9
dolph,37,49,76,162
dolphhh,0,2,0,2
dolphhhhh,0,1,0,1
dolphin,1,6,16,23
dolphins,3,5,7,15
dolphland,0,1,0,1
dolpphhhh,0,1,0,1
dolpphhhhhh,0,1,0,1
dolpppph,0,2,0,2
dolpppphhhh,0,1,0,1
dolrs,0,2,0,2
dolt,1,0,0,1
dolts,1,0,0,1
dom,25,26,62,113
domador,0,0,2,2
domain,9,6,25,40
domaine,2,0,0,2
domains,0,0,1,1
domanda,0,1,0,1
dombeldor,3,0,0,3
dome,6,11,13,30
domed,0,0,4,4
domestic,25,17,88,130
domesticate,0,1,0,1
domesticated,13,8,11,32
domesticating,0,1,1,2
domesticity,0,0,5,5
domhall,0,0,2,2
domhnall,1,1,16,18
domi,0,6,0,6
domics,1,4,0,5
domin,0,0,2,2
dominaban,0,1,0,1
dominadas,0,1,0,1
dominamos,0,1,0,1
dominance,5,3,14,22
dominando,0,9,0,9
dominant,15,13,26,54
dominar,0,2,3,5
dominate,18,10,24,52
dominated,13,1,23,37
dominates,5,0,2,7
dominating,2,2,13,17
domination,7,7,3,17
dominator,0,0,1,1
dominators,0,0,2,2
dominatrix,0,0,1,1
domingo,4,4,6,14
dominic,0,9,39,48
dominica,3,4,2,9
dominican,13,3,11,27
dominicana,0,17,2,19
dominicanas,0,2,0,2
dominicano,0,4,0,4
dominicanos,0,2,0,2
dominicans,2,3,0,5
dominicansarethebest,0,0,1,1
dominik,0,0,2,2
dominion,1,5,4,10
dominique,0,8,11,19
domino,1,3,0,4
dominoes,0,1,0,1
dominos,1,4,2,7
dominou,0,1,0,1
dominow,0,0,2,2
dominque,0,1,0,1
dommage,0,8,2,10
dommo,9,1,0,10
dommy,0,0,2,2
domnhall,0,1,0,1
domo,92,58,153,303
domonant,0,2,0,2
domonic,0,16,32,48
domonics,0,0,8,8
domos,0,0,8,8
domt,2,0,0,2
domu,0,12,0,12
domuz,0,6,0,6
don,693,623,1780,3096
dona,0,10,3,13
donachie,0,0,4,4
donal,1,0,0,1
donald,175,190,256,621
donalds,0,2,0,2
donaldtrumpisgreat,0,1,0,1
donaldu,0,0,1,1
donanciones,0,1,0,1
donar,0,0,3,3
donaron,8,2,0,10
donat,0,0,5,5
donate,91,126,206,423
donated,28,41,77,146
donatella,3,1,0,4
donates,7,0,16,23
donating,17,11,37,65
donation,6,11,60,77
donations,13,14,57,84
donativos,0,0,4,4
donator,0,1,2,3
donbass,0,3,0,3
donc,6,4,8,18
doncaster,0,1,1,2
doncha,0,3,0,3
dond,0,1,0,1
donde,12,81,8,101
dondt,0,0,1,1
done,1274,1343,3913,6530
doneclaim,0,1,0,1
donee,0,1,1,2
doneeee,0,1,0,1
doneeeee,0,1,0,1
donell,0,1,0,1
donen,0,0,1,1
doner,0,3,0,3
doners,0,0,1,1
dones,0,0,1,1
donevin,0,0,3,3
donezo,1,2,0,3
dong,5,16,15,36
dongas,0,0,1,1
donget,5,0,0,5
donghae,0,1,0,1
dongho,0,0,1,1
donghwa,0,0,1,1
dongle,7,5,20,32
dongles,0,3,5,8
dongs,0,1,1,2
dongwonie,1,0,0,1
dongwoo,0,1,0,1
dongwoon,0,1,2,3
donia,0,3,0,3
donih,0,1,0,1
donk,0,2,1,3
donkey,15,28,24,67
donkeykaku,0,0,7,7
donkeys,0,0,5,5
donky,0,0,2,2
donlode,0,0,4,4
donn,0,0,1,1
donna,46,41,23,110
donne,1,5,2,8
donned,0,0,1,1
donnegan,0,0,2,2
donnel,1,0,0,1
donnell,0,6,6,12
donner,3,9,12,24
donnie,26,17,39,82
donnies,0,0,1,1
donno,0,1,0,1
donny,16,6,4,26
dono,1,0,0,1
donor,21,22,56,99
donors,2,1,14,17
donot,4,0,1,5
donotpurchase,0,0,1,1
donovan,3,2,15,20
donovin,0,1,0,1
dons,0,5,5,10
dont,1106,1180,2421,4707
dontae,0,0,1,1
dontai,0,1,0,1
dontb,1,0,0,1
dontbelievethehype,0,6,0,6
dontcha,1,0,0,1
dontcopyeachother,0,0,8,8
donthatespam,0,1,0,1
donthaveanycomment,0,1,0,1
dontlookdown,1,0,0,1
dontn,0,2,0,2
donts,1,0,0,1
donu,0,1,0,1
donut,26,33,44,103
donuts,14,23,53,90
dony,0,5,0,5
doo,5,27,75,107
doob,0,0,1,1
doobi,0,0,10,10
doobleedoo,0,4,0,4
dooblidoo,0,4,0,4
dood,3,5,3,11
doodads,1,0,0,1
doode,5,0,0,5
doodgegaan,0,1,0,1
doodie,1,0,1,2
doodiieieiieiejdisksjdjfkdkjs,0,0,1,1
doodle,9,7,23,39
doodlechaos,0,0,3,3
doodlechasos,0,0,1,1
doodles,0,2,12,14
doodly,0,3,0,3
doodoo,0,7,0,7
doods,0,1,4,5
doody,0,1,2,3
doodz,0,0,2,2
doof,1,0,0,1
doofus,2,0,4,6
doofy,0,1,0,1
doogie,0,2,6,8
dooh,0,1,0,1
doojoon,0,2,5,7
dookey,2,0,0,2
dooku,4,1,0,5
dookye,0,1,0,1
dool,0,2,0,2
doolee,0,0,1,1
dooley,0,0,4,4
doom,43,66,76,185
doomed,7,18,32,57
doomfist,0,7,0,7
doomguy,0,1,0,1
doomkitty,0,1,2,3
doompety,0,1,0,1
doomsday,6,0,9,15
doomslayer,0,1,0,1
doona,0,0,8,8
dooo,0,2,0,2
doooddddiiiiiieeeeeeeeeee,0,1,0,1
dooomed,0,2,0,2
doooo,0,6,5,11
dooooggg,1,0,0,1
doooone,0,1,0,1
doooonnnnnnnnnnnnneeeeeeeddddddddooooooonnnnneeee,0,2,0,2
dooooo,0,1,0,1
doooooe,0,0,2,2
dooooog,0,1,0,1
doooooo,0,1,0,1
dooooooo,0,1,3,4
dooooooooo,0,0,1,1
dooooooooooooommmmed,0,2,0,2
dooooooooope,0,0,1,1
doooooooottt,0,1,0,1
doooooorrrrrrrrrrrr,0,2,0,2
dooooope,0,0,1,1
dooooorrrr,0,1,0,1
dooooown,1,0,0,1
doooope,0,2,0,2
doooown,0,1,0,1
dooopaaahhh,0,0,1,1
dooope,0,1,0,1
dooopeeeee,0,1,0,1
doooppee,0,2,0,2
dooor,0,6,0,6
dooorr,3,0,0,3
dooouche,0,1,0,1
dooown,0,3,0,3
dooper,0,0,7,7
doopleydoo,0,0,4,4
door,225,227,407,859
doorags,1,0,0,1
doorbell,1,11,7,19
doorframe,0,0,1,1
doorknob,5,0,0,5
doorknocked,0,1,0,1
doorman,4,0,0,4
doors,43,24,113,180
doorsman,0,2,0,2
doorstep,0,0,5,5
doorsy,0,1,0,1
doorway,7,0,12,19
doorways,2,0,0,2
doorzetter,0,1,0,1
doosh,0,1,0,1
doot,0,6,2,8
dootdootdoot,1,0,0,1
dootyism,0,1,0,1
doowwwe,0,1,0,1
doowwwnnnnn,0,1,0,1
dooyoung,0,0,1,1
doozy,0,1,0,1
dop,0,1,0,1
dopaaa,0,1,1,2
dopaaaa,0,1,1,2
dopaaaaaaa,0,1,0,1
dopaaah,0,1,0,1
dopadl,0,2,0,2
dopamine,1,4,9,14
dope,125,543,386,1054
dopea,0,1,1,2
dopeaaaaaaaaa,0,0,1,1
dopeaaaaaaaaaa,0,0,1,1
dopeass,0,1,0,1
dopeboys,1,0,0,1
doped,0,0,1,1
dopee,0,7,1,8
dopeee,0,6,0,6
dopeeea,0,1,0,1
dopeeee,0,2,0,2
dopeeeee,0,5,1,6
dopeeeeee,1,1,0,2
dopehead,0,0,1,1
dopeness,0,2,0,2
doper,0,1,0,1
dopeshit,0,1,0,1
dopest,2,6,1,9
dopey,7,3,13,23
dopez,1,0,0,1
dopiero,0,2,0,2
dopimeine,0,2,0,2
dopinder,0,0,1,1
doping,0,4,6,10
doppeeaaaa,0,0,1,1
doppeeeeeee,0,0,1,1
doppelg,2,0,1,3
doppelgangaz,0,0,1,1
doppelganger,0,1,13,14
doppelgangers,0,1,0,1
dopplar,0,3,0,3
doppleganger,0,0,2,2
dopplegangers,0,0,1,1
doppler,0,1,16,17
doppppaa,0,0,1,1
doprowadzi,0,2,0,2
dopsie,0,1,0,1
dor,0,11,7,18
dora,1,12,7,20
dorable,0,0,1,1
dorada,0,3,0,3
dorado,3,21,4,28
doradoworldtour,0,1,0,1
doraemon,1,1,1,3
doran,0,0,1,1
dorci,0,0,1,1
doreamon,0,1,0,1
doremon,0,1,0,1
doretos,0,2,0,2
dori,0,2,0,2
dorian,9,2,0,11
dorifto,0,1,0,1
doris,1,0,1,2
doritios,0,0,1,1
dorito,1,6,3,10
doritos,4,7,20,31
dork,5,6,15,26
dorkies,0,0,1,1
dorkiest,3,0,0,3
dorkiness,0,0,1,1
dorkman,0,0,4,4
dorks,0,2,16,18
dorky,1,2,8,11
dorm,9,15,21,45
dorma,0,2,0,2
dormant,3,1,2,6
dormat,0,0,3,3
dormidooo,0,0,4,4
dorms,1,0,10,11
dornan,2,1,2,5
dorne,14,0,1,15
dornish,7,1,5,13
dorodango,0,1,1,2
doron,0,1,0,1
dororon,0,1,0,1
dorothea,0,0,1,1
dorothy,3,1,7,11
dorrell,0,1,0,1
dorriftooooooooooooo,0,1,0,1
dorritos,0,0,3,3
dors,0,2,0,2
dorsal,0,6,0,6
dort,1,2,1,4
dortmund,0,20,27,47
dory,4,14,17,35
doryuu,0,1,0,1
dorzuci,0,3,0,3
dos,8,134,34,176
dosage,0,1,3,4
dosages,0,0,2,2
dosc,0,2,0,2
dose,56,72,85,213
dosed,0,1,2,3
dosen,9,5,4,18
dosent,6,9,23,38
doses,5,2,15,22
doshfkehfnegfdkjfejdi,0,0,1,1
doshitwiththehoonigans,1,0,0,1
dosing,0,0,2,2
dosn,0,1,1,2
dosnt,3,3,16,22
dospe,0,0,1,1
dossapointment,0,1,0,1
dossi,0,1,6,7
dossier,1,0,2,3
dost,2,0,0,2
dostoevsky,0,0,2,2
dostoyevsky,1,0,4,5
dostum,0,3,0,3
dosy,0,2,0,2
dot,33,60,128,221
dota,11,40,17,68
dotard,7,1,13,21
dotards,1,1,0,2
dotcom,0,0,5,5
doth,6,0,4,10
dothebellthing,0,1,0,1
dothetsonggomoves,0,1,0,1
dothraki,0,6,2,8
doting,0,0,4,4
dotkn,0,2,0,2
dotn,1,0,0,1
doto,2,0,0,2
doton,0,1,0,1
dotrwa,0,2,0,2
dots,9,25,55,89
dotted,0,2,8,10
dottie,0,0,3,3
dotting,0,0,1,1
dotty,3,0,0,3
dotykasz,0,2,0,2
doubble,0,1,0,1
doubht,0,0,3,3
doubl,0,0,1,1
double,140,150,331,621
doubled,5,7,25,37
doubledown,0,0,4,4
doublelift,0,9,9,18
doubles,3,10,19,32
doublestandard,1,0,2,3
doublestandards,0,1,2,3
doublet,0,0,1,1
doubling,0,1,0,1
doubly,5,0,0,5
doubt,151,71,639,861
doubted,6,4,13,23
doubtfire,0,6,1,7
doubtful,16,0,7,23
doubtfull,0,0,1,1
doubtfully,1,0,0,1
doubting,8,1,17,26
doubtless,0,0,1,1
doubts,7,2,27,36
douce,3,2,0,5
douch,0,0,1,1
douchbag,1,0,5,6
douchbaggery,1,0,0,1
douchbags,0,0,5,5
douche,35,90,56,181
douchebag,24,9,40,73
douchebaggary,0,0,2,2
douchebaggery,0,0,1,1
douchebags,7,4,3,14
douchebro,0,0,1,1
douchenozzle,0,0,2,2
douchers,0,1,0,1
douches,3,0,0,3
douchetards,3,0,0,3
douchey,6,0,2,8
douda,0,1,0,1
doug,18,31,69,118
dougal,6,5,1,12
dougalstw,0,0,1,1
douggy,0,1,0,1
dough,10,57,60,127
doughey,0,1,0,1
doughhhhh,0,4,0,4
doughnt,0,1,0,1
doughnut,0,4,16,20
doughnuts,4,8,31,43
dought,0,0,1,1
doughter,0,0,2,2
doughtnut,0,0,6,6
doughty,0,2,10,12
doughub,0,0,2,2
doughver,0,1,0,1
doughy,0,3,3,6
douglas,1,5,25,31
douglass,1,5,0,6
doula,2,9,4,15
doulbe,0,0,2,2
doulph,0,1,0,1
dound,0,0,1,1
dount,0,3,0,3
dounut,0,1,0,1
doupes,0,0,2,2
doupt,0,0,2,2
dour,0,0,1,1
douroudouroudourou,0,1,0,1
douse,0,1,1,2
doused,0,0,1,1
douses,0,0,2,2
doutzen,0,0,4,4
douyoung,0,0,1,1
dovak,0,2,0,2
dove,1,14,20,35
dover,0,1,0,1
doveva,0,2,1,3
dovevi,0,2,0,2
dovey,0,0,7,7
dovito,0,1,0,1
dovrebbe,0,1,0,1
dovuto,0,3,0,3
dow,2,0,5,7
dowd,0,0,1,1
dowel,0,0,3,3
dowelling,0,0,1,1
dowels,0,0,1,1
dowhill,1,0,0,1
dowiedziec,0,0,1,1
dowith,0,1,0,1
dowland,0,1,0,1
dowlings,0,4,0,4
down,3597,0,4596,8193
downdraft,0,1,1,2
downeaster,0,0,1,1
downed,1,2,7,10
downer,10,5,7,22
downers,0,1,0,1
downey,0,3,0,3
downfall,1,6,17,24
downfalls,0,0,1,1
downforce,2,0,0,2
downgrade,18,6,26,50
downgraded,1,0,19,20
downgrades,4,0,0,4
downgrading,0,1,0,1
downhill,27,66,66,159
downhilllll,0,4,0,4
downie,0,2,0,2
downing,7,5,2,14
downl,0,0,3,3
downlaod,0,3,0,3
downlaoding,0,0,1,1
download,60,154,282,496
downloadable,1,0,3,4
downloaded,12,11,43,66
downloader,0,0,4,4
downloadind,1,0,0,1
downloading,1,11,38,50
downloads,3,1,10,14
downloded,1,0,0,1
downlow,0,3,0,3
downnn,0,1,1,2
downnnn,0,0,1,1
downnnnn,1,0,0,1
downnnnnn,0,0,2,2
downnntowwnnn,0,1,0,1
downpayment,0,0,5,5
downplay,1,2,9,12
downplayed,2,0,1,3
downplaying,1,0,0,1
downrate,0,0,2,2
downrezzed,0,0,1,1
downright,3,4,18,25
downs,13,7,54,74
downscale,0,0,4,4
downscaled,1,0,0,1
downscripting,0,2,0,2
downside,3,0,24,27
downsides,6,0,5,11
downsize,3,7,14,24
downsized,9,7,5,21
downsizes,0,0,2,2
downsizing,1,6,25,32
downspout,0,4,0,4
downstairs,5,4,19,28
downswing,0,0,3,3
downswings,0,0,3,3
downsysdrom,0,0,1,1
downtempo,0,0,2,2
downtime,0,0,3,3
downtoearth,0,2,0,2
downton,0,6,0,6
downtown,11,3,35,49
downtowns,0,0,4,4
downtrodded,0,0,3,3
downtrodden,0,0,2,2
downturned,0,0,1,1
downvote,2,14,6,22
downvoted,7,2,6,15
downvoters,0,0,1,1
downvotes,4,4,3,11
downvoting,1,2,2,5
downward,3,6,17,26
downwards,0,0,4,4
downwithpolyester,0,0,1,1
downy,4,1,2,7
dowsnt,1,0,0,1
dowson,0,2,1,3
dox,0,0,1,1
doxed,0,0,5,5
doxing,0,0,1,1
doxxing,1,0,0,1
doxycicline,0,1,0,1
doy,0,1,0,1
doyle,3,0,2,5
doyoen,0,0,1,1
doyoung,2,15,21,38
doyoungs,0,1,2,3
doyourjob,0,0,4,4
dozaster,0,0,1,1
doze,0,5,1,6
dozed,0,0,3,3
dozen,17,10,86,113
dozening,0,0,2,2
dozens,21,3,30,54
dozinnnn,0,2,0,2
dp,1,11,36,48
dpdr,0,0,1,1
dphagia,0,0,1,1
dpop,0,2,0,2
dpreview,0,1,0,1
dprk,3,1,6,10
dps,0,0,3,3
dq,0,4,1,5
dqd,0,0,4,4
dr,64,140,278,482
dra,0,0,4,4
draagt,0,1,0,1
draai,1,0,0,1
draaien,0,1,0,1
drab,1,0,1,2
draco,5,4,1,10
draconian,2,0,0,2
dracul,0,1,0,1
dracula,0,3,6,9
dracys,0,0,1,1
draenei,0,4,0,4
draft,14,13,49,76
drafted,3,0,3,6
drafting,0,0,5,5
draftking,0,2,0,2
draftkings,2,0,4,6
draftkingspizzachallenge,0,0,1,1
drafts,1,0,1,2
drag,147,0,120,267
dragcon,0,0,1,1
dragged,40,21,57,118
draggers,2,0,0,2
draggg,0,1,0,1
dragggg,0,0,2,2
draggin,2,0,0,2
dragging,10,4,30,44
draggy,1,0,0,1
dragish,0,2,0,2
dragline,0,2,0,2
dragnet,0,0,1,1
drago,0,3,0,3
dragon,91,135,146,372
dragonball,2,0,2,4
dragonballz,0,1,0,1
dragonfly,0,5,25,30
dragonforce,0,2,0,2
dragongate,0,2,0,2
dragons,51,71,119,241
dragonstone,6,2,5,13
dragovic,0,0,6,6
dragqueen,0,0,5,5
dragqueens,0,0,1,1
drags,6,0,8,14
dragster,0,0,5,5
dragsters,0,0,5,5
dragula,0,2,0,2
dragun,0,0,3,3
draguns,0,5,0,5
drain,23,27,55,105
drainage,1,0,17,18
drained,25,13,26,64
draining,4,0,10,14
drains,0,3,3,6
draintheswamp,0,7,0,7
drake,39,111,47,197
drakengard,0,11,0,11
drakes,0,1,0,1
drakula,0,1,0,1
dram,0,7,0,7
drama,99,73,195,367
dramaactor,1,0,0,1
dramaalert,1,0,0,1
dramalert,0,1,0,1
dramas,10,1,19,30
dramatic,115,0,101,216
dramatical,0,0,1,1
dramatically,11,0,20,31
dramatics,0,0,10,10
dramatis,0,1,0,1
dramatisation,0,0,1,1
dramatization,0,3,0,3
dramatize,1,0,0,1
dramedy,0,0,4,4
dramke,0,3,0,3
drank,68,36,109,213
dranking,1,0,0,1
dranks,0,0,4,4
drape,0,0,7,7
draped,0,0,3,3
draper,0,6,0,6
draps,0,1,0,1
drastic,4,3,10,17
drastically,7,6,35,48
dratch,0,1,0,1
drauf,0,9,0,9
draught,0,0,1,1
draven,4,8,37,49
draw,138,129,401,668
drawback,0,0,3,3
drawbacks,0,0,5,5
drawchesterunited,0,4,0,4
drawdowns,0,0,1,1
drawdrid,0,4,0,4
drawer,1,33,27,61
drawers,14,7,25,46
drawin,1,1,0,2
drawing,32,33,93,158
drawings,9,18,38,65
drawl,2,0,1,3
drawn,30,15,96,141
drawr,0,0,7,7
draws,12,8,60,80
drawsssssss,0,1,0,1
draxler,2,32,0,34
drayman,0,0,5,5
drc,0,0,2,2
drck,0,0,3,3
drdisrespect,0,0,1,1
dre,3,9,15,27
dreaaaaaming,0,2,0,2
dreaaammmm,0,0,5,5
dreaaamy,0,0,4,4
dread,13,2,22,37
dreaded,0,0,5,5
dreadful,34,0,12,46
dreadfully,3,0,1,4
dreading,0,0,30,30
dreadlocks,2,3,4,9
dreadnought,0,0,1,1
dreads,9,7,13,29
dreadz,0,0,2,2
dream,244,324,898,1466
dreamboats,0,0,1,1
dreamcast,1,0,0,1
dreamcatcher,0,0,1,1
dreamcatchers,0,5,0,5
dreamdoll,0,1,0,1
dreamed,4,8,31,43
dreamer,1,4,15,20
dreamers,30,22,32,84
dreamest,0,3,0,3
dreamgirls,0,0,6,6
dreamgood,0,0,2,2
dreamif,0,0,1,1
dreamin,0,1,1,2
dreaming,29,24,91,144
dreaminig,0,0,1,1
dreamland,0,1,0,1
dreamlike,0,0,1,1
dreamliner,3,4,1,8
dreammm,2,0,0,2
dreammmm,0,1,0,1
dreamordie,0,1,0,1
dreams,67,65,370,502
dreamsand,0,0,2,2
dreamscant,0,0,2,2
dreamscape,3,0,0,3
dreamsheep,0,0,4,4
dreamt,12,4,17,33
dreamteam,0,1,2,3
dreamville,5,0,0,5
dreamworks,1,0,1,2
dreamy,12,18,34,64
dreamyyyy,0,0,6,6
dreary,4,6,11,21
dreck,1,6,0,7
dred,0,0,1,1
dredd,1,1,7,9
dredded,0,0,3,3
dredding,0,0,3,3
dredds,1,0,0,1
dredged,1,0,0,1
dredges,0,0,2,2
dreezy,0,1,0,1
drefquila,0,1,0,1
dregs,0,0,6,6
drench,0,0,1,1
drenched,1,5,5,11
dres,1,0,0,1
dresden,0,0,7,7
dress,232,341,1112,1685
dressbarn,0,0,1,1
dressed,45,67,164,276
dressee,0,0,1,1
dresser,9,5,23,37
dressers,1,0,4,5
dresses,25,33,196,254
dressillyme,0,0,1,1
dressin,2,0,6,8
dressing,39,37,104,180
dressings,0,0,1,1
dresslily,1,6,0,7
dresss,1,1,1,3
dresstells,0,1,0,1
drew,41,37,80,158
drewlivery,0,1,0,1
drews,1,3,3,7
drewwwww,0,1,0,1
drey,2,0,0,2
dreyfus,0,2,0,2
dreyfuss,1,0,0,1
drfa,1,0,0,1
drgonball,0,1,0,1
dri,2,6,11,19
dribbing,0,0,1,1
dribble,6,1,56,63
dribbled,0,2,7,9
dribbler,0,0,4,4
dribblers,0,0,6,6
dribbles,0,0,6,6
dribbling,12,7,17,36
dribl,0,2,0,2
dribling,0,0,4,4
drichy,0,2,0,2
drick,0,1,0,1
driclor,0,0,4,4
dricol,0,0,1,1
dricolor,0,0,3,3
dried,25,0,34,59
drier,0,1,11,12
dries,2,1,20,23
driest,0,0,5,5
drift,24,50,62,136
driftbike,1,0,0,1
drifted,0,3,11,14
drifter,0,2,0,2
drifters,0,0,2,2
driftin,0,1,0,1
drifting,2,9,23,34
drifts,0,4,2,6
driftstang,0,5,0,5
drifty,0,2,0,2
drill,9,16,72,97
drillbit,0,0,4,4
drilled,2,1,10,13
drillin,0,0,1,1
drilling,0,5,8,13
drills,3,0,10,13
driniing,1,0,0,1
drink,563,358,1153,2074
drinkable,0,5,3,8
drinked,0,2,0,2
drinken,0,0,1,1
drinker,4,0,16,20
drinkers,4,0,4,8
drinkin,3,3,0,6
drinking,381,87,819,1287
drinkity,0,2,0,2
drinko,4,0,0,4
drinks,79,40,211,330
drinkwater,3,3,23,29
drinkwine,0,1,0,1
drip,5,9,14,28
dripped,0,1,0,1
drippin,0,2,0,2
dripping,9,1,4,14
drippings,6,0,0,6
drippy,0,5,6,11
drips,5,4,0,9
drive,178,161,442,781
driveby,0,1,1,2
drived,0,0,1,1
drivel,3,5,7,15
driven,24,5,75,104
driver,149,145,230,524
driverless,0,4,0,4
driverrr,0,1,0,1
driverrrr,0,1,0,1
drivers,125,67,229,421
drives,37,19,47,103
driveshaft,1,0,0,1
driveway,0,1,9,10
drivin,2,0,2,4
driving,105,173,245,523
drizol,3,0,0,3
drizzle,6,16,14,36
drizzled,0,0,5,5
drizzlee,0,1,0,1
drizzles,1,0,0,1
drizzly,0,7,0,7
drizzy,1,0,0,1
drm,0,3,0,3
drmorsend,0,0,3,3
dro,0,0,5,5
drob,0,0,1,1
drobna,0,3,0,3
drobwll,0,1,0,1
droga,0,4,0,4
drogadicto,0,4,0,4
drogado,0,1,0,1
drogas,1,0,0,1
drogba,8,24,46,78
drogbaaaaaaa,0,2,0,2
drogbalegend,0,0,1,1
drogbas,0,0,2,2
drogheda,3,0,0,3
drogo,0,12,3,15
drogs,0,0,1,1
droid,1,4,10,15
droidekas,1,3,0,4
droids,2,1,3,6
droit,0,4,3,7
droite,0,0,4,4
droiving,0,1,0,1
drokoruwahodalospellcaster,0,0,3,3
drole,0,1,0,1
drom,0,1,0,1
dromed,0,1,0,1
dromen,1,3,0,4
drone,15,31,115,161
droned,0,1,0,1
drones,13,2,25,40
dronin,0,1,0,1
droning,0,1,1,2
droog,0,0,1,1
drool,10,16,10,36
drooled,0,0,1,1
droolin,0,3,0,3
drooling,9,16,38,63
drools,0,6,0,6
droom,0,15,5,20
drooooool,0,4,0,4
droooooooling,0,0,4,4
droooooooooogbbaaaaaaaaaaaa,0,2,0,2
drooping,0,6,2,8
droopingly,0,0,1,1
droopy,7,0,0,7
drop,294,442,685,1421
dropdead,0,2,0,2
dropdown,0,0,2,2
droped,1,0,0,1
dropkicks,2,0,0,2
droplet,0,0,1,1
dropout,6,2,9,17
dropouts,0,0,3,3
dropp,0,0,1,1
droppe,0,0,1,1
dropped,91,97,228,416
droppedddd,1,0,0,1
dropper,0,5,3,8
droppin,1,4,1,6
dropping,72,74,139,285
droppings,2,0,0,2
droppn,0,0,1,1
droppp,0,0,1,1
droppppp,0,3,0,3
drops,56,74,128,258
dropship,0,0,1,1
dropships,0,0,2,2
dropshits,0,0,2,2
dror,0,1,0,1
drose,1,5,9,15
dross,1,0,0,1
droste,0,4,0,4
drought,4,0,7,11
droughts,1,0,0,1
drove,32,24,112,168
droves,6,4,3,13
drowe,0,0,1,1
drowing,0,1,8,9
drown,13,30,28,71
drownd,0,0,1,1
drowned,26,0,10,36
drownin,18,0,0,18
drowning,26,31,130,187
drownings,5,0,1,6
drowns,4,2,0,6
drowsy,0,0,1,1
drr,0,1,0,1
drrr,0,4,0,4
drrrnrrr,0,1,0,1
drrrp,0,3,0,3
drrrrrrrrrrrr,0,0,3,3
drs,4,0,18,22
drubbing,5,0,4,9
druckmann,0,0,1,1
drudge,0,0,1,1
drug,118,91,210,419
druga,0,2,0,2
drugged,18,5,22,45
druggie,0,4,3,7
druggies,3,0,1,4
drugging,1,0,4,5
druggy,0,0,4,4
drugiej,0,2,0,2
drugim,0,3,0,3
drugs,183,268,270,721
drugsaddict,4,0,0,4
drugstore,25,30,143,198
drugstores,0,0,6,6
drugtore,0,0,4,4
drugz,0,1,4,5
drugzz,0,0,2,2
druids,0,1,0,1
drulling,0,2,0,2
drum,39,33,61,133
drumbreak,0,1,0,1
drumer,0,0,3,3
drumhead,0,0,3,3
drumlines,0,1,0,1
drumloop,0,0,2,2
drumma,0,1,6,7
drummer,6,20,43,69
drummers,2,1,6,9
drumming,0,0,3,3
drump,6,0,1,7
drumpf,4,9,8,21
drumpffanzee,0,0,1,1
drumpfstein,0,2,0,2
drumpftard,0,0,1,1
drumpfukateers,0,0,1,1
drumph,7,0,0,7
drumpkins,0,0,7,7
drumroll,0,0,4,4
drums,21,24,92,137
drumstick,1,2,0,3
drunk,599,19,342,960
drunkard,1,0,0,1
drunkards,14,3,0,17
drunked,0,1,0,1
drunken,8,7,11,26
drunkenly,0,0,2,2
drunkenness,1,0,0,1
drunkin,0,1,0,1
drunkness,0,1,0,1
drunks,0,2,10,12
drvie,0,0,1,1
dry,377,0,805,1182
drybar,0,0,6,6
drycleaned,5,0,0,5
drycleaning,0,0,5,5
dryed,0,1,0,1
dryer,7,13,20,40
dryers,0,0,1,1
dryest,0,0,1,1
drying,26,8,59,93
dryness,4,5,11,20
drysol,6,5,5,16
drywall,0,0,3,3
dryyyy,0,0,1,1
ds,51,86,155,292
dscendast,0,1,0,1
dscraft,0,0,1,1
dsd,2,0,0,2
dsfdd,0,0,3,3
dsfgsdfd,0,1,0,1
dshadshmidshadsh,0,1,0,1
dshilaschnish,0,1,0,1
dsi,0,0,4,4
dsinn,0,4,0,4
dsk,0,1,0,1
dsl,2,1,5,8
dslr,4,4,10,18
dslrs,1,0,6,7
dsmax,0,3,0,3
dsn,0,0,1,1
dsngerous,2,0,0,2
dsp,2,0,0,2
dssofstsyswaresysforssvresys,0,5,0,5
dsv,0,5,0,5
dsw,4,0,2,6
dsylm,1,0,0,1
dt,111,103,179,393
dtai,0,6,0,6
dtd,0,2,0,2
dtf,4,3,0,7
dtj,1,0,1,2
dto,0,0,1,1
dtol,0,0,2,2
dtr,0,1,0,1
dtrix,0,3,2,5
dtrump,0,0,1,1
dts,0,0,4,4
dtube,0,1,0,1
dtuff,0,1,0,1
dtv,0,0,4,4
dty,0,1,0,1
du,11,215,76,302
dua,11,140,100,251
dual,22,23,67,112
dualar,0,1,0,1
dualipa,0,1,0,1
dualism,2,0,0,2
duality,4,1,9,14
dually,1,0,0,1
dualshock,0,1,0,1
duane,1,0,0,1
duarez,0,0,1,1
duarte,0,0,4,4
duartin,0,10,9,19
duas,0,10,0,10
dub,27,71,88,186
dubabdibupap,0,1,0,1
dubai,4,7,20,31
dubaiiiii,0,1,0,1
dubay,0,4,3,7
dubb,0,1,1,2
dubba,0,1,0,1
dubbayaa,0,0,4,4
dubbed,4,2,10,16
dubbing,0,2,0,2
dubbingowany,0,3,0,3
dubbio,0,0,1,1
dubbz,0,2,0,2
dubel,0,3,0,3
dubh,0,0,3,3
dubia,0,0,3,3
dubin,0,0,1,1
dubious,1,6,8,15
dubito,0,5,0,5
dubl,1,0,0,1
duble,0,0,1,1
dublin,4,31,63,98
dubois,4,9,0,13
dubrovnik,0,0,7,7
dubs,0,2,4,6
dubsmash,0,0,1,1
dubstep,0,7,13,20
dubu,0,3,2,5
dubus,0,0,1,1
dubut,0,0,1,1
dubya,0,2,0,2
ducac,0,0,1,1
ducati,7,7,4,18
ducation,0,1,0,1
ducc,0,1,0,1
ducha,0,1,0,1
duche,3,1,1,5
duchebag,1,0,0,1
duchess,1,7,3,11
duchovny,0,0,3,3
duck,26,63,40,129
duckduckgo,0,2,0,2
ducked,2,1,2,5
ducker,5,0,0,5
duckers,0,1,0,1
duckest,0,0,1,1
duckface,0,0,1,1
duckie,0,2,0,2
ducking,17,3,3,23
duckling,2,1,0,3
ducknails,0,1,0,1
ducknailsmare,0,0,1,1
ducks,5,6,11,22
ducktales,0,1,1,2
ducktape,0,0,1,1
ducky,2,2,4,8
duclos,0,0,2,2
duct,26,11,15,52
ductaped,0,2,1,3
ducts,0,0,4,4
dud,4,16,5,25
duda,0,36,7,43
dudas,0,12,0,12
dudat,1,0,0,1
duddddddd,0,1,0,1
dudddddeeee,0,0,1,1
dudddeeee,1,0,0,1
duddeeeee,0,0,1,1
duddy,0,0,4,4
dude,807,896,1686,3389
dudebro,0,0,1,1
dudee,0,7,0,7
dudeee,0,0,1,1
dudeeeeeeee,0,0,4,4
duden,0,1,0,1
dudeperfect,1,0,0,1
dudepurfect,0,0,1,1
dudes,92,107,163,362
dudesons,0,5,3,8
dudette,0,0,5,5
dudettes,0,0,7,7
dudez,0,1,0,1
dudgdhdhdhd,0,3,0,3
dudh,1,0,0,1
dudley,0,1,0,1
duds,0,1,0,1
dudududududududu,0,84,0,84
dudududududuudud,0,84,0,84
dudududuududuudud,0,84,0,84
dududuudud,0,77,0,77
dududuududu,0,7,0,7
dududuududud,0,84,0,84
due,401,0,641,1042
dued,1,0,1,2
duedue,0,3,0,3
dueee,0,0,4,4
duel,2,16,20,38
duela,0,3,0,3
duele,0,11,1,12
dueled,0,3,0,3
dueling,0,0,2,2
duelle,0,0,7,7
duelling,0,0,1,1
duelo,0,0,2,2
duels,3,7,9,19
duermo,0,1,0,1
dues,2,0,2,4
duesh,0,1,0,1
duet,3,23,57,83
dueto,0,1,0,1
duetogreed,0,0,4,4
duetonarcissism,0,0,4,4
duetoracism,0,0,4,4
duets,0,0,9,9
duff,0,6,12,18
duffel,0,1,5,6
duffer,0,0,6,6
duffus,0,0,1,1
duffy,0,5,0,5
dufrense,0,5,0,5
dufuq,0,1,0,1
dufus,2,0,0,2
dug,4,4,14,22
dugatkin,0,0,2,2
duggan,0,0,18,18
duggard,0,0,1,1
duggy,0,1,0,1
dugs,0,1,0,1
dugz,3,5,2,10
duh,122,0,35,157
duhamel,0,2,0,2
duhh,1,15,1,17
duhhh,5,0,3,8
duhhhh,6,0,7,13
duhhhhh,0,2,0,2
dui,5,6,3,14
duiden,1,0,0,1
duimpje,0,1,0,1
duing,0,1,2,3
dujun,0,0,1,1
duk,0,1,0,1
duke,12,40,162,214
duked,0,1,0,1
dukem,0,1,0,1
dukes,0,2,3,5
duki,0,2,0,2
dukie,0,0,3,3
duktiga,0,1,0,1
dul,0,0,4,4
dulce,0,5,5,10
dule,1,1,0,2
dull,57,0,67,124
dullahan,0,5,0,5
dulled,2,0,0,2
dulleodaemyeon,0,2,0,2
duller,7,0,0,7
dullied,0,4,0,4
dullness,1,0,2,3
dulls,0,0,1,1
dulu,0,1,0,1
duly,5,0,3,8
dum,1,27,12,40
dumassess,3,0,0,3
dumb,936,2,359,1297
dumba,0,1,0,1
dumbacraps,0,0,1,1
dumbass,76,56,69,201
dumbasses,11,14,25,50
dumbazz,0,1,0,1
dumbbells,0,2,1,3
dumbcunt,2,0,0,2
dumbed,19,0,19,38
dumbel,0,0,2,2
dumbeldor,0,2,0,2
dumbells,0,0,4,4
dumber,15,9,23,47
dumbest,34,39,35,108
dumbf,0,0,1,1
dumbfella,0,0,1,1
dumbfounded,2,1,0,3
dumbfounding,1,0,0,1
dumbfuck,1,0,3,4
dumbfuckery,0,0,1,1
dumbfucks,2,5,1,8
dumbies,0,1,0,1
dumbing,5,0,4,9
dumblecunt,0,1,0,1
dumbledor,0,1,12,13
dumbledore,17,24,61,102
dumbness,0,0,1,1
dumbo,9,9,14,32
dumbphone,0,3,3,6
dumbs,1,1,5,7
dumbshit,0,0,1,1
dumbshits,1,0,3,4
dumbshitt,2,0,0,2
dumbster,0,1,0,1
dumby,0,0,1,1
dumfries,0,2,0,2
dumlodor,0,0,1,1
dumm,0,3,0,3
dummer,0,0,1,1
dummest,4,0,0,4
dummie,0,1,0,1
dummies,1,5,20,26
dummmmmb,0,1,0,1
dummy,17,9,22,48
dumont,1,0,0,1
dump,64,31,78,173
dumped,14,5,42,61
dumpert,0,1,0,1
dumping,3,4,8,15
dumpling,0,25,3,28
dumplings,0,4,7,11
dumplins,1,0,0,1
dumps,1,1,3,5
dumpster,8,18,28,54
dumpsters,2,1,0,3
dumptrump,1,0,0,1
dumpty,0,3,2,5
dumpy,0,0,1,1
dumsharaz,0,1,0,1
dumst,0,0,1,1
dun,36,62,32,130
duna,0,4,0,4
dunb,0,4,0,4
dunbar,8,0,0,8
dunborough,1,0,0,1
duncan,0,6,5,11
dunce,0,1,1,2
dunces,0,0,5,5
dundee,0,4,6,10
dunder,0,3,0,3
dunderheads,0,0,1,1
dundun,0,2,0,2
dune,13,4,22,39
dunfermline,0,1,0,1
dung,1,1,10,12
dungaree,0,0,5,5
dungarees,6,17,27,50
dungeon,1,4,4,9
dungeons,1,0,1,2
dungerees,0,0,1,1
dungheaps,0,0,1,1
dungrees,0,0,2,2
dungs,3,0,0,3
dunhaaam,0,1,0,1
dunham,0,7,5,12
dunia,0,3,0,3
dunitt,0,0,1,1
dunk,0,19,8,27
dunked,0,2,5,7
dunkey,2,4,1,7
dunking,0,1,0,1
dunkirk,5,21,24,50
dunkmaster,4,0,0,4
dunknow,0,0,2,2
dunlop,0,0,2,2
dunn,0,0,12,12
dunne,0,1,0,1
dunnies,1,0,0,1
dunnnnn,2,1,0,3
dunno,43,55,111,209
dunny,0,11,0,11
duno,0,1,0,1
dunphy,0,1,0,1
dunst,0,0,1,1
dunstable,0,5,0,5
dunt,1,9,2,12
dunya,0,1,10,11
duo,10,42,125,177
duoarchy,0,0,3,3
duodenal,0,0,3,3
duodenum,0,0,1,1
duolinguo,1,0,0,1
duolipa,0,1,0,1
duos,16,8,4,28
dup,0,3,3,6
dupe,13,12,72,97
duped,4,0,10,14
duper,3,0,38,41
dupes,1,4,27,32
duping,0,0,1,1
dupla,0,2,0,2
duplicate,0,0,4,4
duplicated,1,0,17,18
duplicates,1,0,3,4
duplicating,0,3,0,3
duplication,0,0,4,4
duplicitous,0,0,1,1
duplicity,0,0,5,5
dupont,1,0,2,3
duquesa,0,4,0,4
dur,0,6,2,8
dura,0,5,0,5
duraban,0,2,0,2
durability,2,10,5,17
durable,2,3,32,37
durablitly,0,0,1,1
duracell,0,0,1,1
duraforce,0,0,3,3
durag,1,8,9,18
durags,0,1,0,1
duran,0,0,17,17
durand,0,0,5,5
durandand,0,0,1,1
durant,10,6,33,49
durante,2,0,4,6
durar,0,6,0,6
duration,4,0,12,16
durban,1,0,2,3
durch,0,0,1,1
durchdie,0,5,0,5
durden,0,2,0,2
durdular,0,0,1,1
durdurun,0,2,0,2
dures,0,1,0,1
durham,0,0,12,12
durian,1,0,0,1
duriing,1,0,0,1
during,516,311,1189,2016
durisima,0,1,0,1
durk,4,9,6,19
durkey,0,2,1,3
durkio,0,1,0,1
durkioooooo,0,1,0,1
durmstrang,0,0,2,2
duro,3,22,2,27
duron,1,0,0,1
durooo,0,1,0,1
durooooi,0,1,0,1
duroooooo,0,1,0,1
duros,0,1,0,1
durpy,0,1,0,1
durr,2,4,0,6
durrandon,4,0,1,5
durrant,0,0,3,3
durring,0,0,2,2
durrrr,0,0,1,1
durrrrr,6,1,0,7
durrrrrr,0,0,3,3
durs,0,0,1,1
durst,8,0,6,14
durum,0,0,1,1
durv,0,1,0,1
durwood,1,0,0,1
dus,2,11,7,20
duscovered,0,1,0,1
dush,0,0,1,1
dushi,0,0,1,1
dusins,0,0,2,2
dusk,8,43,158,209
dusseldorf,0,3,2,5
dust,37,32,85,154
dusted,1,4,9,14
duster,7,0,7,14
dustier,0,1,0,1
dustin,8,3,2,13
dusting,0,0,2,2
dusty,18,0,0,18
dut,0,1,0,1
dutch,23,50,59,132
dutchess,4,2,2,8
dutchie,0,2,0,2
dutchman,0,0,2,2
duties,7,1,18,26
dutifully,0,0,2,2
duty,42,44,80,166
duude,0,1,0,1
duududeeee,0,1,0,1
duur,0,0,1,1
duurrrrr,0,0,8,8
duuuddeesss,0,0,1,1
duuude,2,1,2,5
duuuh,1,0,0,1
duuuude,0,0,2,2
duuuumb,0,1,0,1
duuuust,0,2,0,2
duuuuu,0,2,0,2
duuuuub,0,2,0,2
duuuuudddeeee,0,0,1,1
duuuuude,0,1,1,2
duuuuumb,1,0,0,1
duuuuun,0,0,3,3
duuuuuude,0,1,0,1
duuuuuummmmmbbbbbb,0,2,0,2
duuuuuuude,0,1,0,1
duuuuuuudee,0,0,5,5
duuuuuuul,0,0,3,3
duuuuuuun,0,3,0,3
duuuuuuuuude,0,2,0,2
duuuuuuuuuke,0,3,0,3
duuuuuuuuuuuub,0,3,0,3
duuuuuuuuuuuude,0,1,0,1
duval,0,0,1,1
duvall,0,1,0,1
duvet,0,3,12,15
duvidas,0,2,0,2
duydum,0,1,0,1
duygular,0,2,0,2
duyhegedit,0,1,0,1
duymama,0,0,1,1
duys,0,2,0,2
duyung,0,1,0,1
duyuyoruz,0,1,0,1
dv,0,1,0,1
dva,0,10,20,30
dvd,18,34,90,142
dvds,0,0,17,17
dvdtechnology,0,0,1,1
dvf,0,0,8,8
dvierte,0,1,0,1
dvr,4,0,0,4
dvsn,0,16,21,37
dw,0,11,20,31
dwade,1,3,9,13
dwae,0,3,0,3
dwane,0,1,0,1
dwarf,9,24,22,55
dwarfed,1,0,0,1
dwarffamily,0,2,0,2
dwarfinators,0,2,0,2
dwarfism,0,0,2,2
dwarfmamba,0,0,1,1
dwarfs,1,2,4,7
dwarfsquad,0,1,1,2
dwarves,0,7,0,7
dwatf,0,1,0,1
dwayn,0,0,1,1
dwayne,51,24,32,107
dwc,1,0,0,1
dwed,0,0,1,1
dweeb,0,2,15,17
dweebs,2,0,0,2
dwell,1,4,27,32
dweller,1,0,6,7
dwellers,4,0,3,7
dwelling,7,0,1,8
dwells,0,0,2,2
dwi,0,0,5,5
dwight,3,7,11,21
dwill,0,1,0,1
dwindled,0,0,3,3
dwindles,1,0,1,2
dwindling,4,0,3,7
dwippy,0,1,0,1
dwl,4,1,1,6
dwnload,0,1,0,1
dwnloadd,0,0,4,4
dwope,0,3,0,3
dwts,2,0,9,11
dwukrotnie,0,2,0,2
dwyane,7,0,0,7
dwyer,0,4,1,5
dx,7,3,5,15
dxd,0,0,1,1
dxhdtnryc,0,0,6,6
dxo,6,14,25,45
dxomark,8,15,28,51
dxresesb,0,6,0,6
dxx,0,0,3,3
dy,2,31,1,34
dyan,0,1,1,2
dyarmy,0,1,0,1
dybala,0,14,7,21
dyche,7,0,6,13
dyde,0,1,0,1
dye,25,73,115,213
dyed,10,35,26,71
dyeing,0,0,2,2
dyer,2,0,16,18
dyes,1,5,3,9
dygresja,0,3,0,3
dyi,1,4,0,5
dyiiiing,0,0,4,4
dyiiing,0,2,0,2
dyiinnggggg,0,1,0,1
dyin,3,0,2,5
dying,217,289,558,1064
dyinggggg,0,2,0,2
dyingggggggggggggggg,0,0,3,3
dyinnggg,0,0,1,1
dyk,1,0,0,1
dyke,7,7,12,26
dykes,4,15,2,21
dylan,13,17,46,76
dyland,1,0,0,1
dylanified,4,0,0,4
dyler,0,2,0,2
dylon,0,0,8,8
dymaic,0,0,1,1
dynafit,0,1,0,1
dynamic,18,13,74,105
dynamically,0,0,8,8
dynamics,9,2,19,30
dynamight,0,2,0,2
dynamite,1,4,11,16
dynasties,0,1,0,1
dynasty,0,2,17,19
dynp,8,0,0,8
dyrdek,0,2,0,2
dyrectory,0,0,3,3
dys,0,2,0,2
dysautonomia,2,0,2,4
dysembodied,0,2,0,2
dysfunction,2,0,6,8
dysfunctional,8,3,6,17
dyskomfort,0,2,0,2
dyskusyjn,0,3,0,3
dyskusyjne,0,3,0,3
dyslexia,1,2,3,6
dyslexic,1,0,0,1
dysmenorrhea,0,0,2,2
dysmorphia,7,0,6,13
dysmorphic,0,0,1,1
dyso,0,3,0,3
dyson,3,0,7,10
dysphoria,3,0,0,3
dysphoric,7,0,0,7
dysthemia,0,0,1,1
dystopia,0,0,2,2
dystopian,12,0,23,35
dystopias,2,0,4,6
dytto,0,1,0,1
dyyyiinnnggg,0,0,1,1
dz,0,10,0,10
dzdvd,0,1,0,1
dzi,3,25,0,28
dzia,0,8,0,8
dziala,0,3,0,3
dzie,0,7,0,7
dzieciakiem,0,2,0,2
dziecko,0,2,0,2
dziennego,0,3,0,3
dziennym,0,2,0,2
dziesi,0,2,0,2
dziewczyna,0,2,0,2
dziewczyny,0,2,0,2
dzik,0,30,2,32
dzikiem,0,8,2,10
dziku,0,12,3,15
dzisiaj,0,5,0,5
dziwny,0,3,0,3
ea,238,64,140,442
eaaaaaaaaaaaaat,0,0,2,2
eaaaat,0,0,2,2
eab,0,0,1,1
eabucks,0,0,1,1
eace,0,1,0,1
each,1002,173,2052,3227
eachother,54,26,56,136
eachothers,0,5,0,5
eact,0,0,1,1
eaf,0,0,1,1
eager,2,6,28,36
eagerly,2,0,23,25
eagle,10,5,27,42
eaglerock,0,1,0,1
eagles,6,5,27,38
eai,0,1,0,1
eaijlfdsihkcdsaoj,0,1,0,1
eaiting,0,0,1,1
ealing,1,0,0,1
ealry,0,1,0,1
ealy,0,1,0,1
eamodec,0,0,1,1
eap,4,1,0,5
ear,87,112,287,486
earape,0,1,0,1
earbud,2,1,6,9
earbuds,17,22,18,57
earch,0,1,0,1
earcups,0,0,1,1
eardrum,0,0,2,2
eardrums,2,1,4,7
eared,0,4,1,5
eargasm,1,13,11,25
eargasmic,0,1,3,4
eargasms,0,6,0,6
eargasum,0,1,0,1
earing,0,1,5,6
earings,0,20,18,38
earl,7,11,7,25
earlier,65,65,250,380
earliest,4,20,37,61
earll,0,1,0,1
earlobe,2,0,1,3
earlobes,4,0,4,8
earlt,0,1,1,2
early,196,2,1350,1548
earlygang,0,1,0,1
earlyoclock,5,0,0,5
earlysquad,0,4,0,4
earlyy,0,6,0,6
earlyyy,0,6,0,6
earlyyyy,0,7,0,7
earlyyyyy,0,7,0,7
earlyyyyyy,0,2,0,2
earlyyyyyyy,0,7,0,7
earmuffs,0,2,0,2
earn,48,37,260,345
earned,60,36,129,225
earner,0,0,1,1
earnest,15,3,5,23
earnhardt,0,0,6,6
earning,17,3,46,66
earningextraincome,0,2,0,2
earnings,10,0,52,62
earns,5,5,23,33
earp,0,4,4,8
earphone,6,7,6,19
earphones,17,11,27,55
earpiece,0,1,2,3
earplugs,0,0,3,3
earpod,0,2,0,2
earpuds,0,0,3,3
earrape,4,5,0,9
earrate,0,1,0,1
earring,2,13,35,50
earrings,7,103,251,361
earringssss,0,5,0,5
ears,124,169,309,602
earshot,0,0,3,3
earss,0,0,1,1
earsss,0,1,0,1
earssss,0,1,0,1
earth,470,349,1278,2097
earthbend,0,1,0,1
earthbound,0,4,0,4
earther,3,0,2,5
earthers,36,0,6,42
earthfare,0,1,0,1
earthgohard,0,3,0,3
earthlandnavigator,0,0,1,1
earthling,0,0,1,1
earthlings,0,2,1,3
earthly,1,27,6,34
earthonce,0,1,0,1
earthqauke,0,1,0,1
earthquake,58,47,60,165
earthquakes,9,10,20,39
earths,5,2,6,13
earthship,0,0,1,1
earthships,0,2,0,2
earthworm,0,1,1,2
earthy,1,3,3,7
eartquake,0,4,3,7
earvin,1,0,0,1
earwax,1,1,1,3
earworm,1,1,4,6
earz,1,0,0,1
eas,0,1,11,12
eascape,0,0,1,1
ease,15,13,66,94
eased,0,0,3,3
easely,0,0,2,2
easer,1,0,1,2
eases,0,1,6,7
easier,159,97,496,752
easiest,20,23,54,97
easily,104,2,747,853
easiness,0,0,4,4
easing,0,0,1,1
easington,0,0,6,6
easiy,0,0,2,2
easly,1,1,1,3
easons,0,0,5,5
east,60,42,159,261
easta,0,0,1,1
eastbourne,1,0,0,1
eastenders,1,13,11,25
easter,20,30,64,114
eastereggs,1,1,0,2
eastern,26,33,80,139
easterners,0,0,4,4
easterns,0,0,4,4
eastgates,0,2,0,2
eastmidlandstrains,0,4,0,4
easton,0,0,3,3
eastpak,0,0,2,2
eastside,0,1,1,2
eastwood,1,9,0,10
easy,184,0,1982,2166
easyer,0,2,1,3
easygoing,0,0,1,1
easyly,6,0,0,6
easyyyy,0,1,0,1
eat,722,918,1904,3544
eata,1,0,0,1
eatean,0,1,0,1
eated,0,1,0,1
eaten,64,55,119,238
eatened,0,0,1,1
eater,25,25,151,201
eateries,0,0,2,2
eaters,14,8,7,29
eatery,3,0,0,3
eather,0,6,1,7
eathy,0,0,4,4
eatin,4,5,10,19
eating,395,450,984,1829
eatings,0,0,1,1
eatinh,0,1,0,1
eatn,1,0,0,1
eaton,1,0,0,1
eats,62,106,146,314
eatsa,0,1,0,1
eattherich,0,0,1,1
eatthis,1,0,0,1
eatting,0,0,6,6
eatung,1,0,0,1
eau,7,7,11,25
eaux,2,0,0,2
eavesdropping,0,0,1,1
eavrn,0,0,1,1
eawh,0,0,2,2
eay,0,0,1,1
eays,0,1,0,1
eazy,0,7,9,16
eazycash,0,16,0,16
eb,2,0,0,2
eback,1,0,0,1
ebay,34,79,100,213
ebb,1,1,1,3
ebba,1,0,0,1
ebbing,1,0,0,1
ebc,0,0,2,2
ebe,0,2,3,5
ebert,0,0,6,6
ebi,0,0,7,7
ebike,3,2,3,8
ebing,0,4,0,4
ebisu,0,0,5,5
ebk,0,0,3,3
ebo,0,0,2,2
ebola,10,3,3,16
ebonics,6,0,1,7
ebony,0,2,2,4
ebook,0,0,7,7
ebooks,0,0,3,3
eborian,0,0,7,7
eboro,0,0,2,2
ebout,0,1,0,1
ebpven,1,0,0,1
ebrake,0,0,3,3
ebro,59,27,47,133
ebros,0,1,0,1
ebs,0,0,1,1
ebt,2,0,1,3
ebu,0,0,3,3
eby,0,24,0,24
ec,0,3,6,9
eca,0,1,0,1
ecape,0,0,1,1
ecas,0,5,0,5
ecc,0,1,1,2
eccentric,2,1,7,10
eccentricity,0,0,8,8
ecclesall,0,0,3,3
ecclestonrelease,1,0,0,1
ecco,0,6,1,7
eccuse,0,1,0,1
ece,0,3,0,3
ecerything,0,0,2,2
ecf,2,0,1,3
ech,6,6,1,13
echa,0,1,0,1
echaba,0,2,0,2
echando,0,4,0,4
echange,0,0,1,1
echar,0,4,0,4
echarle,0,6,0,6
echaron,0,5,0,5
echas,0,5,0,5
echelon,0,0,5,5
eches,1,0,0,1
echit,0,0,4,4
echo,37,55,90,182
echoed,0,0,11,11
echoes,2,1,3,6
echoing,2,0,7,9
echolocation,0,0,4,4
echooooo,0,3,0,3
echooooooooo,0,0,1,1
echos,0,8,0,8
echosmith,0,4,0,4
echostar,0,0,14,14
echother,0,1,0,1
echt,1,60,32,93
echte,0,8,2,10
echtvies,0,5,0,5
ecie,0,3,0,3
ecj,0,0,12,12
eck,0,14,0,14
eckart,0,0,1,1
ecke,0,13,0,13
eckelstone,0,1,0,1
eckhart,5,1,2,8
ecks,0,0,2,2
ecksdeee,0,1,0,1
eclairs,0,6,0,6
eclectic,0,0,20,20
eclerc,0,5,0,5
eclipse,13,13,11,37
eclipsed,2,1,0,3
eclipses,0,0,1,1
eclipsing,0,0,3,3
ecm,0,2,0,2
ecndea,0,0,1,1
eco,4,1,32,37
ecological,0,0,3,3
ecology,0,0,5,5
econ,0,1,0,1
econom,0,1,0,1
economic,18,0,47,65
economical,5,0,12,17
economically,8,0,15,23
economicly,0,0,3,3
economics,7,0,13,20
economies,0,0,1,1
economist,4,0,0,4
economy,15,9,86,110
ecossistem,0,0,4,4
ecostyler,0,0,1,1
ecosystem,8,0,17,25
ecosystems,4,2,12,18
ecotools,0,0,1,1
ecoute,4,0,0,4
ecrement,3,0,0,3
ecsited,0,1,0,1
ecssy,0,0,1,1
ecstasy,1,1,10,12
ecstatic,1,0,14,15
ect,21,20,42,83
ectasy,0,1,0,1
ectoplasm,0,4,4,8
ectoplasmic,0,0,2,2
ecu,1,5,4,10
ecuador,8,165,15,188
ecuadorian,0,0,2,2
ecuadorpresente,0,1,0,1
ecuaterianos,0,5,0,5
ecuatoria,0,5,0,5
ecuatoriana,0,2,0,2
ecuatorianas,0,5,0,5
ecuatoriano,0,26,0,26
ecuatorianos,0,15,0,15
ecw,3,23,4,30
ecxited,0,0,1,1
ecze,0,6,0,6
eczema,1,5,20,26
ed,65,153,317,535
eda,0,2,0,2
edad,0,9,0,9
edbassmaster,5,0,0,5
edc,0,3,3,6
edd,0,30,8,38
edda,0,0,3,3
eddie,68,76,168,312
eddies,2,1,4,7
eddit,0,1,0,1
edditing,0,1,0,1
edditth,0,4,0,4
eddl,0,1,0,1
eddsworld,0,10,4,14
eddy,4,4,12,20
ede,0,4,0,4
edecez,0,7,0,7
edelweiss,0,0,1,1
edema,0,0,2,2
edemiyor,0,1,0,1
eden,39,76,159,274
edenlere,0,1,0,1
edens,0,1,3,4
edenself,0,0,6,6
edenvemprobrasil,0,1,0,1
ederler,0,1,0,1
ederseniz,0,1,0,1
edersiniz,0,1,0,1
ederson,6,19,4,29
edersongetwellsoon,0,0,1,1
edeter,0,1,0,1
edf,0,4,1,5
edg,6,6,6,18
edgar,4,25,28,57
edgars,0,0,1,1
edge,75,68,178,321
edged,4,1,4,9
edgelord,1,0,2,3
edgelords,1,0,1,2
edgerton,4,6,0,10
edges,13,26,68,107
edgewise,2,0,0,2
edgey,0,0,4,4
edgie,0,1,0,1
edgier,2,0,0,2
edgiest,0,0,1,1
edginess,1,0,0,1
edging,1,0,0,1
edgy,118,2,68,188
edh,0,0,3,3
edible,11,22,29,62
edibles,1,1,0,2
edicational,0,1,0,1
edici,4,13,0,17
edict,1,0,2,3
edie,0,0,4,4
edieeeeeeee,0,1,0,1
edificios,0,1,0,1
edifying,0,3,1,4
ediii,0,0,3,3
edilemezzz,0,3,0,3
edilible,0,1,0,1
edimbruh,0,1,0,1
edin,0,1,0,1
edinbugh,0,0,1,1
edinburgh,8,20,97,125
edision,0,0,1,1
edison,16,23,43,82
edit,83,135,201,419
editable,0,1,0,1
edited,44,57,142,243
editer,0,1,0,1
edith,0,0,5,5
editie,0,1,0,1
editing,67,120,449,636
edition,88,120,182,390
editions,0,0,9,9
editline,0,0,6,6
editng,0,0,1,1
edito,1,0,0,1
editon,0,1,0,1
editoooor,0,5,0,5
editor,19,32,43,94
editorial,0,13,17,30
editorials,0,0,2,2
editors,9,0,14,23
edits,11,5,57,73
editt,2,0,0,2
editted,0,1,2,3
editting,0,1,0,1
edittion,0,4,0,4
ediyom,0,1,0,1
ediyor,0,1,0,1
ediyordum,0,3,0,3
ediyorum,0,4,0,4
edjey,0,0,6,6
edjucation,0,0,1,1
edm,15,26,70,111
edmonds,0,1,1,2
edmonton,0,0,4,4
edmund,0,0,1,1
edmundsen,0,0,6,6
edna,0,0,1,1
ednita,0,1,6,7
ednitanazario,0,0,1,1
edom,0,0,3,3
edomite,0,0,4,4
edoobz,0,0,1,1
edotensei,0,1,0,1
edouardo,0,0,6,6
edourdo,7,0,0,7
edqist,1,0,0,1
eds,6,5,19,30
edson,0,1,0,1
edt,0,0,4,4
edtion,4,0,0,4
edu,4,0,0,4
eduarados,0,0,4,4
eduard,0,0,2,2
eduardo,60,103,496,659
eduardos,8,9,1,18
eduaro,0,0,2,2
edubs,0,5,0,5
educaci,0,3,0,3
educado,0,1,0,1
educate,32,9,40,81
educated,29,4,67,100
educateme,1,0,0,1
educates,0,0,3,3
educating,0,3,35,38
education,35,23,179,237
educational,7,0,106,113
educationally,0,0,3,3
educator,2,0,7,9
educators,1,0,0,1
edulis,0,0,4,4
edumian,0,0,3,3
edups,1,2,0,3
edutaining,0,1,0,1
eduxated,2,0,0,2
edvard,1,10,9,20
edward,2,36,31,69
edwarddenimhands,0,1,0,1
edwardo,8,9,14,31
edwardooooo,0,0,2,2
edwards,14,8,9,31
edwin,3,13,16,32
edwina,1,0,0,1
edwins,0,1,0,1
edy,0,0,1,1
edycj,0,1,0,1
ee,7,9,18,34
eeahahaha,0,1,0,1
eearly,2,0,0,2
eed,0,0,2,2
eee,4,4,2,10
eeee,0,2,12,14
eeeeeddddddddddddddddddddddddddddddd,0,1,0,1
eeeeee,0,1,1,2
eeeeeee,0,3,13,16
eeeeeeeee,0,0,1,1
eeeeeeeeee,0,0,1,1
eeeeeeeeeee,0,0,5,5
eeeeeeeeeeeeee,0,1,0,1
eeeeeeeeeeeeeeeee,0,2,0,2
eeeeeeeeeeeeeeeeeeeee,0,1,0,1
eeeeeeeeeeeeeeeeeeeeeeeeeeeeeeee,0,1,0,1
eeeeeeeeeeeeeeeeeeeeeeeeeeeeeeeeeeee,0,1,0,1
eeeeeeeeeeeeeeeeeeeeeeeeeeeeeeeeeeeeeeddddddddd,0,2,0,2
eeeeeeeeeeeeeeeeeeeew,0,1,0,1
eeeeeeeeeeeeeeekkkkkkkkkkkk,0,0,2,2
eeeeeeeeeeeek,0,0,7,7
eeeeeeeeeew,1,0,0,1
eeeeeeeeewwwwwwww,1,0,0,1
eeeeeeeeey,0,5,0,5
eeeeeeeeven,0,0,1,1
eeeeeeeevvvvvveeeeeeerrrr,0,1,0,1
eeeeeeeh,0,1,0,1
eeeeeeek,0,0,3,3
eeeeeeevvvvveeeeeerrr,1,0,0,1
eeeeeehhhh,0,0,1,1
eeeeeekkkk,0,0,4,4
eeeeeeverything,0,0,1,1
eeeeeeyo,0,1,0,1
eeeeek,0,0,7,7
eeeeeverything,0,3,0,3
eeeeexcellent,0,0,2,2
eeeehhh,1,0,0,1
eeeehhhhh,0,0,6,6
eeeek,0,0,11,11
eeeem,0,1,0,1
eeeend,0,1,0,1
eeeendsss,0,0,1,1
eeeep,0,2,0,2
eeeeppppp,0,1,0,1
eeeererreeeeer,0,1,0,1
eeeerrrr,0,1,0,1
eeeeso,0,3,0,3
eeeet,0,0,5,5
eeeetaaa,0,2,0,2
eeeevreeee,0,0,1,1
eeeewwwww,0,2,0,2
eeeh,1,4,1,6
eeehhhh,0,1,0,1
eeek,4,0,5,9
eeekk,0,1,0,1
eeekkk,0,5,2,7
eeem,0,1,0,1
eeenndss,0,0,7,7
eeentoxicaytedddd,3,0,0,3
eeep,0,0,1,1
eeesshh,3,0,0,3
eeevery,0,0,4,4
eeevvveeerrryyyttthhhiiinnnggg,0,0,1,1
eeew,1,1,1,3
eeeww,1,0,0,1
eeeyyyy,0,4,0,4
eeh,0,2,2,4
eejit,0,0,5,5
eek,0,0,3,3
eel,2,10,2,14
eellllllllyou,1,0,0,1
eels,0,0,2,2
een,9,129,48,186
eennglazen,0,1,0,1
eennnggg,0,2,0,2
eens,0,4,1,5
eeow,0,1,0,1
eerie,15,2,7,24
eerily,4,1,11,16
eerrrgghh,1,0,0,1
eerst,0,0,2,2
eerste,0,2,2,4
eery,0,0,8,8
ees,2,0,0,2
eesh,4,0,0,4
eestbound,0,0,1,1
eet,0,1,0,1
eeva,0,3,0,3
eevee,0,1,8,9
eeveelution,0,0,4,4
eeveelutions,0,0,4,4
eew,0,0,2,2
eeww,0,1,0,1
eewww,1,0,0,1
eey,0,0,1,1
eeyore,0,3,1,4
eeyy,0,1,0,1
eezy,0,1,0,1
ef,0,1,2,3
efc,0,0,1,1
efectivo,0,4,0,4
efecto,0,1,0,1
efectos,0,1,1,2
efects,0,1,1,2
eff,9,8,17,34
effaclar,0,0,3,3
effcets,0,0,3,3
effect,147,118,446,711
effected,18,1,35,54
effecting,8,0,18,26
effective,17,2,145,164
effectively,8,0,63,71
effectivement,0,0,1,1
effectiveness,0,6,11,17
effects,119,44,433,596
effed,0,5,2,7
effemenette,2,0,0,2
effeminate,13,3,9,25
effervescent,0,0,3,3
effet,0,1,0,1
efffff,0,1,0,1
efficace,0,5,4,9
efficaces,0,2,0,2
efficiency,5,7,33,45
efficient,17,3,128,148
efficiently,4,1,21,26
effiel,1,2,1,4
effile,0,0,1,1
effin,2,4,14,20
effing,13,9,19,41
efford,0,0,2,2
efforless,0,0,1,1
effort,102,35,491,628
effortless,6,13,60,79
effortlessly,1,3,43,47
efforts,37,3,82,122
effron,0,3,0,3
effy,0,1,0,1
eficient,0,0,1,1
efin,0,1,0,1
efis,0,0,2,2
efklw,0,0,4,4
efl,0,0,21,21
efron,3,13,17,33
efrons,0,0,2,2
efsane,0,1,0,1
efsanesin,0,0,1,1
efso,0,1,0,1
eft,0,1,0,1
efuck,0,1,0,1
efuru,0,0,2,2
eg,12,6,26,44
egad,0,2,0,2
egde,2,0,0,2
egert,0,0,3,3
egerton,0,3,9,12
egest,1,0,0,1
egested,1,0,0,1
egesz,0,1,0,1
eget,6,8,27,41
egg,43,118,182,343
eggavatar,0,0,3,3
eggcellent,0,0,1,1
eggcellet,0,0,2,2
eggebrecht,0,0,6,6
eggen,3,0,0,3
eggers,2,0,0,2
egghead,1,0,2,3
eggie,1,2,4,7
eggies,0,0,1,1
egging,4,5,0,9
eggington,0,4,0,4
eggless,0,8,8,16
eggman,0,1,0,1
eggo,0,4,0,4
eggos,0,0,1,1
eggplant,8,1,2,11
eggplantemoji,0,1,0,1
eggplants,1,0,0,1
eggs,81,89,112,282
eggscelent,1,0,0,1
eggscellent,1,1,0,2
eggshell,1,0,0,1
eggshells,8,0,5,13
eggstones,0,0,1,1
eggsy,2,3,35,40
egguin,7,0,0,7
eggy,8,0,5,13
egipt,0,1,0,1
egipto,0,1,4,5
eglaf,0,3,0,3
ego,81,30,83,194
egocentric,5,0,1,6
egocentrisno,0,1,0,1
egoera,0,0,6,6
egoic,0,0,2,2
egoism,3,0,0,3
egoista,0,5,0,5
egoistic,1,0,1,2
egolatra,0,3,0,3
egomaniac,5,5,7,17
egomaniacs,0,0,1,1
egonethot,0,0,4,4
egooooos,0,0,1,1
egoraptor,0,1,0,1
egos,7,2,15,24
egotism,1,0,1,2
egotist,1,0,0,1
egotistical,5,6,13,24
egotrip,0,1,0,1
egr,1,0,0,1
egregiously,0,0,1,1
egress,0,0,6,6
egret,1,14,7,22
egt,0,1,1,2
egy,0,1,0,1
egypt,15,12,65,92
egyptian,3,25,43,71
egyptians,4,4,14,22
egyptiins,0,0,1,1
egyption,0,2,2,4
egytian,0,1,0,1
eh,71,160,165,396
ehagsjdbdb,0,1,0,1
ehat,0,1,3,4
ehats,0,4,0,4
ehdn,0,0,1,1
ehe,12,0,0,12
eheh,0,0,2,2
eheheh,0,1,0,1
ehehehehe,0,2,0,2
ehehehehehehe,0,0,8,8
eheheo,1,0,0,1
ehen,1,1,1,3
ehh,19,364,17,400
ehhh,1,10,13,24
ehhhh,0,3,1,4
ehhhhh,0,8,0,8
ehhhhhhhhhh,0,5,0,5
ehhhmmmm,0,2,0,2
ehirini,0,1,0,1
ehlers,1,0,1,2
ehli,0,1,0,1
ehm,2,1,5,8
ehmm,0,0,1,1
ehoar,0,1,0,1
ehole,1,0,0,1
ehre,0,0,1,1
ehrm,0,0,1,1
ehroar,1,0,0,1
ehsh,1,0,0,1
ehvehdhsa,0,1,0,1
ehwww,0,1,0,1
ehy,1,0,4,5
ei,0,6,5,11
eiaiso,0,1,0,1
eibar,0,0,1,1
eichner,0,0,1,1
eidetic,0,0,1,1
eier,0,5,0,5
eierziyry,0,0,4,4
eif,2,0,0,2
eifel,2,1,3,6
eifell,1,1,2,4
eiffel,30,83,47,160
eiffeltower,0,0,1,1
eiffle,1,0,0,1
eigen,0,1,0,1
eigenharp,0,4,0,4
eigenlijk,0,2,0,2
eigentlich,0,11,0,11
eigh,0,1,0,1
eight,17,30,89,136
eighteen,2,0,11,13
eighter,0,2,0,2
eighth,1,0,5,6
eighths,0,4,0,4
eighties,1,3,5,9
eights,0,6,0,6
eighty,0,2,3,5
eightys,1,0,0,1
eihd,0,1,0,1
eiht,0,0,1,1
eihter,1,0,0,1
eiii,0,5,0,5
eiji,0,0,1,1
eijreya,0,0,3,3
eikeben,0,2,0,2
eileanan,0,0,6,6
eileen,0,1,0,1
eilish,0,1,0,1
eill,0,0,3,3
ein,6,63,8,77
einai,0,1,0,1
einaudi,0,0,2,2
eind,0,1,0,1
eindelijk,0,5,0,5
eindruck,1,0,0,1
eine,0,13,0,13
einem,0,11,6,17
einen,4,5,0,9
einer,1,1,0,2
eines,0,6,0,6
einfach,0,6,0,6
eingefleischter,0,4,0,4
einmal,1,1,0,2
einstein,8,22,32,62
einsteins,6,0,0,6
einstien,0,1,0,1
einzigartig,0,5,4,9
einzige,0,1,0,1
einzigste,0,6,0,6
eirinn,0,1,0,1
eis,0,0,1,1
eisenberg,0,1,2,3
eisenburg,0,1,0,1
eisenhower,1,0,4,5
eisley,0,0,2,2
eiso,0,0,4,4
eisode,0,0,2,2
eita,0,3,0,3
eithe,0,0,6,6
eithen,0,0,1,1
either,632,225,1235,2092
eitherway,0,0,2,2
eitn,0,2,0,2
eizo,0,2,0,2
ej,0,4,3,7
ejaculate,0,3,0,3
ejaculated,1,0,0,1
ejaculates,0,0,3,3
ejebateni,0,1,0,1
eject,1,0,3,4
ejected,9,0,0,9
ejecting,0,1,0,1
ejejsjsjdhkds,0,1,0,1
ejemplo,0,5,0,5
ejercicio,0,1,0,1
eji,0,1,0,1
ejm,0,0,2,2
ejsisebwiakadjshwqohdosnssgsijavwisidbskaiwjadyzoapakducchnx,0,5,0,5
ek,2,19,2,23
eka,0,1,0,1
ekans,0,2,0,2
ekart,0,0,2,2
ekber,0,2,0,2
ekcem,0,1,0,1
ekdksoz,0,1,0,1
ekdncp,0,0,1,1
ekeeps,3,0,0,3
eken,0,0,1,1
ekenzee,0,1,0,1
ekerinin,0,2,0,2
ekhart,0,1,0,1
ekim,0,3,0,3
ekinge,0,3,0,3
ekino,1,0,0,1
ekirge,0,1,0,1
ekis,0,1,0,1
ekiyo,0,1,0,1
ekk,0,4,1,5
ekke,0,1,0,1
ekkes,0,1,0,1
ekkk,2,1,1,4
ekle,0,2,0,2
eklediyse,0,0,1,1
ekler,0,2,0,2
ekme,0,7,0,7
ekranoplan,0,0,2,2
ekronaplan,0,0,2,2
eks,0,4,0,4
eksayted,0,1,0,1
eksik,0,1,0,1
ekspearmint,0,1,0,1
ekspresje,0,2,0,2
ekstrem,0,1,0,1
ekten,0,0,3,3
ekting,0,1,0,1
ekv,0,1,0,1
el,163,2598,374,3135
ela,1,19,8,28
elaboraci,0,2,0,2
elaboraciones,0,2,0,2
elaborate,5,0,44,49
elaborated,0,0,4,4
elaborately,0,0,1,1
elaborating,0,0,5,5
elaboration,0,0,1,1
elabortate,0,0,1,1
elahandro,0,2,0,2
elaine,2,2,9,13
elana,2,0,0,2
elanda,0,0,1,1
elapse,0,0,1,1
elaquent,0,0,4,4
elas,0,2,0,2
elastic,0,0,19,19
elasticity,0,0,4,4
elation,0,0,1,1
elavator,0,0,2,2
elavora,0,0,2,2
elba,8,31,37,76
elbert,0,0,4,4
elbissi,0,1,0,1
elblw,1,0,0,1
elbow,8,32,23,63
elbowing,0,0,1,1
elbows,5,9,9,23
elbum,0,0,1,1
elcon,2,0,0,2
elction,1,0,0,1
eldarado,0,0,1,1
elder,22,7,33,62
elderly,24,5,29,58
elders,14,126,39,179
eldest,1,4,17,22
eldo,0,4,0,4
eldon,2,0,1,3
eldridge,0,0,10,10
eldrigdge,0,0,7,7
eldritch,0,4,0,4
eldw,0,0,3,3
eldwn,0,0,4,4
eldwood,1,0,0,1
ele,0,41,10,51
eleanor,1,5,9,15
elecciones,0,1,0,1
elect,0,0,23,23
elected,50,9,43,102
electic,0,0,1,1
electicidad,4,0,0,4
electing,0,1,4,5
election,66,28,95,189
elections,19,1,31,51
electives,0,0,2,2
electoral,2,3,6,11
electorate,0,0,10,10
electr,0,0,1,1
electra,0,1,0,1
electret,0,0,1,1
electric,100,143,204,447
electrical,17,17,32,66
electrically,0,2,1,3
electriceel,0,0,1,1
electrician,0,1,7,8
electricity,40,20,55,115
electrics,0,0,7,7
electrictiran,0,2,0,2
electrification,2,0,1,3
electrified,0,3,1,4
electrifying,0,3,5,8
electro,2,6,27,35
electrochemical,0,0,3,3
electrocute,0,0,2,2
electrocuted,3,6,2,11
electrocution,0,1,1,2
electrode,2,2,0,4
electrodes,1,3,3,7
electrodynamics,0,1,0,1
electrolysis,0,0,2,2
electrolyte,0,0,6,6
electrolytes,0,3,0,3
electromagnetic,2,3,12,17
electromagnetically,1,0,0,1
electromagnetism,6,0,0,6
electromotive,0,0,1,1
electron,5,13,15,33
electroneum,0,0,1,1
electronic,12,16,120,148
electronica,0,4,1,5
electronical,2,0,0,2
electronically,4,0,0,4
electronics,11,2,15,28
electrons,7,8,18,33
electropop,4,0,0,4
electroshock,0,0,3,3
electrostatic,2,0,0,2
electrotherapy,0,0,1,1
elefante,0,1,0,1
elegan,0,0,1,1
elegance,0,4,4,8
elegancia,0,3,0,3
elegant,0,0,129,129
elegante,0,1,0,1
elegantes,0,1,0,1
elegantly,1,0,1,2
eleganz,0,0,1,1
elegated,0,2,0,2
elegent,4,0,2,6
elegiste,1,0,0,1
eleglely,2,0,0,2
elektra,0,0,3,3
elektrik,0,1,0,1
eleman,0,1,0,1
elememnts,0,0,5,5
element,18,16,81,115
elemental,1,0,9,10
elementals,0,0,1,1
elementary,8,0,57,65
elementery,0,0,6,6
elementos,0,0,4,4
elements,16,8,104,128
elemetry,0,1,0,1
eleminating,0,1,0,1
elemtry,0,6,0,6
elen,0,1,4,5
elena,1,1,6,8
eleniyoruz,0,1,0,1
elenora,0,1,0,1
elephant,60,48,69,177
elephants,15,8,8,31
elephone,0,1,3,4
elephones,0,0,1,1
elepidea,1,0,0,1
elerlctric,1,0,0,1
elert,0,1,0,1
eles,0,19,9,28
elesss,0,2,0,2
eletric,0,4,0,4
eletro,0,1,6,7
eletronic,0,0,1,1
eleumineti,0,1,0,1
elev,0,1,0,1
elevado,0,2,0,2
elevando,0,0,1,1
elevate,0,1,11,12
elevated,0,3,18,21
elevates,0,0,6,6
elevating,4,0,6,10
elevation,0,0,15,15
elevator,16,50,64,130
elevators,0,4,4,8
eleven,28,54,52,134
elevens,0,0,1,1
elevit,0,0,1,1
eley,1,0,0,1
elf,5,24,49,78
elfa,0,3,0,3
elfman,0,5,0,5
elhage,0,0,1,1
elhamdililah,0,0,3,3
elhos,0,0,4,4
eli,1,12,7,20
elia,0,0,3,3
eliana,0,1,0,1
elicit,0,0,4,4
eliciting,0,0,2,2
elicits,0,0,3,3
elictrisity,0,0,1,1
elie,0,2,2,4
elige,0,0,2,2
eligible,2,1,3,6
elijah,1,10,16,27
elijen,0,1,0,1
elik,0,3,0,3
elim,0,3,0,3
elimacs,0,1,0,1
elimate,0,1,0,1
elimina,0,5,0,5
eliminado,0,5,0,5
eliminados,0,4,0,4
eliminando,0,5,0,5
eliminar,0,2,0,2
eliminate,14,9,28,51
eliminated,10,3,11,24
eliminates,4,0,1,5
eliminating,3,0,5,8
elimination,1,2,11,14
eliminatoria,0,10,0,10
eliminatorias,0,15,5,20
elinden,0,3,0,3
eline,0,1,0,1
elinize,0,1,0,1
elios,0,1,0,1
eliot,0,1,6,7
eliote,4,0,0,4
elisabeth,0,0,1,1
elisabette,0,1,0,1
elisangela,0,0,6,6
elise,3,0,1,4
elisha,2,0,4,6
elishama,0,0,2,2
elite,58,43,120,221
elitekiss,0,0,2,2
eliteor,0,0,1,1
elites,26,2,38,66
elitge,4,0,0,4
elitism,0,0,5,5
elitist,13,3,7,23
elitists,3,1,1,5
elixer,0,0,1,1
elixir,10,3,2,15
eliyim,0,1,0,1
eliza,6,4,2,12
elizaaaa,0,1,0,1
elizabeth,4,16,106,126
elizabethan,1,3,0,4
elizebeth,0,1,0,1
elizondo,0,0,2,2
eljaar,0,1,0,1
elk,0,1,0,1
elkaar,0,1,0,1
elke,0,3,1,4
elkhader,0,1,1,2
elkhorn,0,0,1,1
elkin,0,2,0,2
elks,0,0,1,1
ell,6,3,2,11
ella,4,70,51,125
ellaaa,0,5,0,5
ellabella,0,0,2,2
elland,3,0,0,3
ellas,0,6,1,7
ellawasserfuhr,0,0,4,4
elle,3,53,22,78
ellehammer,0,0,1,1
ellement,0,0,1,1
ellen,35,115,223,373
ellena,0,0,4,4
ellens,0,0,3,3
ellenshow,0,0,3,3
ellentube,0,2,4,6
eller,0,1,0,1
elleri,0,3,0,3
elles,0,1,1,2
elli,0,2,0,2
elliana,0,1,0,1
ellie,26,38,29,93
ellies,0,0,2,2
elliot,24,18,38,80
elliott,0,3,4,7
elliptical,0,0,1,1
elliptically,0,0,1,1
ellis,0,3,25,28
ellison,0,0,1,1
ello,0,6,5,11
ellos,0,48,6,54
ells,0,2,0,2
ellsworth,0,4,0,4
elm,5,8,10,23
elmabdlaotnntoy,0,3,0,3
elmer,2,1,0,3
elmers,0,1,1,2
elmo,4,17,5,26
elneny,3,22,28,53
elnough,0,0,2,2
elo,0,1,0,1
elodia,0,2,0,2
eloise,1,0,1,2
elon,33,47,95,175
elongate,0,0,2,2
elongated,2,0,3,5
elons,0,1,5,6
elop,3,0,0,3
eloquence,2,0,0,2
eloquent,3,2,25,30
eloquently,6,0,19,25
eloqution,0,5,0,5
elora,0,0,3,3
elphaba,0,0,7,7
elphent,1,0,0,1
elphie,0,0,2,2
elqraxx,0,1,0,1
elroy,0,0,2,2
elrubius,0,1,1,2
els,2,8,6,16
elsa,20,55,70,145
elsas,0,0,6,6
else,1181,1890,2899,5970
elses,14,5,23,42
elsewhere,14,3,34,51
elseworth,2,0,0,2
elsie,0,0,1,1
elsinore,0,2,0,2
elsmosh,0,3,0,3
elss,1,0,0,1
elsword,0,2,0,2
elta,0,0,3,3
elton,3,2,24,29
eltonjohn,0,0,1,1
elude,4,0,1,5
eluded,1,0,0,1
elusive,0,1,3,4
elvarasaimnak,0,1,0,1
elven,2,1,1,4
elves,0,2,1,3
elvin,0,0,4,4
elvira,0,5,0,5
elvis,0,10,39,49
elvive,0,0,1,1
elvoae,0,1,0,1
elyan,0,1,0,1
elysium,1,6,0,7
em,215,414,604,1233
emaciated,1,0,0,1
email,15,38,212,265
emailed,0,11,14,25
emailing,0,0,4,4
emails,6,8,33,47
emailsbut,1,0,0,1
emanates,0,0,1,1
emanating,0,0,2,2
emang,0,1,1,2
emanuar,1,0,1,2
emanuel,0,1,0,1
emarosa,0,0,1,1
emas,0,0,7,7
emasculated,13,0,0,13
emasculation,3,0,5,8
emaskelantan,0,0,1,1
emaskelantanmurah,0,0,1,1
emaslelong,0,0,2,2
emaslelongr,0,0,1,1
emasmurah,0,0,1,1
emasmurahanakdanibu,0,0,1,1
emasmurahbangi,0,0,1,1
emasmurahdarikilang,0,0,1,1
emasmurahdipasaran,0,0,1,1
emasmurahdrpasaran,0,0,1,1
emasmurahonline,0,0,2,2
emasmurahsangat,0,0,1,1
emasmurahshahalam,0,0,1,1
emazing,0,0,1,1
embacy,0,7,0,7
embajador,0,1,0,1
embararor,0,1,0,1
embarased,0,0,1,1
embarass,1,0,0,1
embarassed,2,0,0,2
embarassing,9,0,9,18
embarassment,1,1,4,6
embarazos,0,1,0,1
embaressing,2,0,0,2
embargo,2,1,0,3
embargos,0,1,0,1
embaris,0,0,1,1
embark,0,1,3,4
embarked,0,0,1,1
embarks,0,0,1,1
embarraising,0,0,1,1
embarrased,0,0,3,3
embarrasing,2,0,10,12
embarrasinggg,0,1,0,1
embarrasingly,0,0,1,1
embarrasment,1,0,0,1
embarrass,4,5,11,20
embarrasse,0,1,0,1
embarrassed,49,25,84,158
embarrassing,100,44,162,306
embarrassingly,4,0,3,7
embarrassment,39,23,34,96
embarrassments,1,0,0,1
embarrasssed,6,0,0,6
embarresed,0,0,5,5
embarressed,0,0,3,3
embarressing,0,3,0,3
embarressingly,0,1,0,1
embarrising,0,1,0,1
embarssed,1,0,0,1
embassy,5,0,5,10
embed,0,5,0,5
embedded,0,1,4,5
embedding,4,0,0,4
embeded,0,0,1,1
embejece,0,1,0,1
embellie,0,1,0,1
embellished,0,0,9,9
embellishment,2,0,0,2
ember,0,3,0,3
emberryssing,0,0,6,6
embezzled,0,0,1,1
embezzler,0,0,1,1
embidia,0,1,0,1
embiste,0,2,0,2
emblazoned,0,0,8,8
emblem,5,7,9,21
emblematic,1,3,0,4
emblems,0,0,1,1
embodied,0,0,2,2
embodies,0,0,11,11
embodiment,5,7,21,33
embody,0,4,0,4
embodyment,1,0,0,1
embolas,6,0,0,6
emboldened,0,0,1,1
embolism,2,0,0,2
emborracharse,0,1,0,1
embossed,0,0,1,1
embotelle,0,1,0,1
embrace,33,15,141,189
embraced,5,2,11,18
embraces,0,0,5,5
embracing,1,6,34,41
embraer,0,1,2,3
embrase,0,0,1,1
embrasse,0,0,3,3
embrazar,0,1,0,1
embriagados,0,1,0,1
embroider,0,0,1,1
embroidered,0,0,9,9
embroidery,0,0,2,2
embroiled,1,0,0,1
embryo,2,0,2,4
embryos,0,0,3,3
emcee,1,0,5,6
emcees,0,0,2,2
emcrapaneim,1,0,0,1
emdr,5,0,5,10
eme,1,6,4,11
emeinem,0,0,4,4
emekli,0,1,0,1
emeli,3,0,16,19
emelia,7,2,11,20
emembrass,1,0,0,1
ememn,0,1,0,1
emenem,0,0,1,1
emeniem,2,0,0,2
emenim,0,1,2,3
emenin,0,1,0,1
emensly,0,0,2,2
emerald,5,5,3,13
emerates,5,0,0,5
emerge,1,1,5,7
emerged,4,6,6,16
emergence,0,0,3,3
emergencies,3,0,4,7
emergency,7,27,80,114
emergent,0,0,3,3
emerges,6,0,10,16
emerging,0,3,4,7
emerick,0,2,0,2
emerita,0,1,0,1
emersion,0,1,0,1
emerson,1,1,5,7
emertion,4,0,0,4
emery,0,2,0,2
emetionel,0,1,0,1
emetophobia,2,0,2,4
emexpay,0,0,5,5
emf,0,0,5,5
emgland,3,0,0,3
emi,0,2,0,2
emienem,0,0,1,1
emila,0,0,1,1
emile,0,5,2,7
emilia,41,70,363,474
emilias,0,4,9,13
emilie,2,0,1,3
emillia,2,0,6,8
emily,60,58,171,289
emimi,0,3,0,3
emin,0,2,0,2
eminame,0,0,2,2
eminem,218,282,418,918
eminemfornextpresident,0,1,0,1
emineminem,0,0,1,1
eminemish,0,1,0,1
eminemns,0,0,1,1
eminems,4,3,12,19
eminen,0,3,1,4
eminence,0,0,1,1
eminenm,0,5,0,5
eminens,0,0,5,5
eminent,1,1,6,8
eminently,0,0,1,1
eminiem,0,1,0,1
eminim,0,2,0,2
emirate,1,0,0,1
emirates,7,9,21,37
emirati,0,0,1,1
emires,0,0,2,2
emisora,0,3,0,3
emission,1,0,3,4
emissions,0,3,12,15
emit,3,2,4,9
emits,1,0,2,3
emitt,1,0,0,1
emitted,0,0,2,2
emitter,0,0,1,1
emitting,0,0,4,4
emiyor,0,0,1,1
emjoi,0,1,0,1
emjoinal,0,0,1,1
emm,7,3,3,13
emma,74,119,305,498
emmaaaa,6,0,0,6
emmahavok,0,1,0,1
emmalina,0,1,0,1
emmaline,1,0,0,1
emmalyn,0,1,1,2
emmanuel,0,0,1,1
emmener,0,2,0,2
emmett,4,10,5,19
emmeunelg,0,0,2,2
emmi,0,1,0,1
emmie,1,0,0,1
emmilynn,1,0,0,1
emmit,2,0,2,4
emmm,7,2,0,9
emmmm,0,1,0,1
emmmmm,0,2,1,3
emmmmmm,0,3,0,3
emmmmmmm,0,1,0,1
emmmmmmmmmm,0,2,0,2
emmmmmmmmmmmm,0,0,1,1
emmy,19,28,40,87
emmybutton,0,0,1,1
emmymade,0,3,0,3
emmymadeinjapan,0,1,0,1
emmys,6,1,16,23
emn,0,1,0,1
emniem,0,1,0,1
emo,21,119,55,195
emoci,0,3,1,4
emocion,0,3,0,3
emociona,0,8,1,9
emocionada,0,3,0,3
emocionado,0,4,0,4
emocional,0,0,1,1
emocionante,0,8,0,8
emocionantes,0,0,1,1
emocione,0,1,0,1
emocionen,0,1,0,1
emogis,0,0,1,1
emoji,49,229,157,435
emojie,0,0,1,1
emojii,2,0,0,2
emojis,18,34,32,84
emoluments,0,1,0,1
emoo,0,1,0,1
emos,0,3,1,4
emosh,0,5,0,5
emote,0,1,1,2
emotes,1,0,3,4
emotial,0,0,1,1
emoticons,1,2,0,3
emoting,1,0,0,1
emotion,84,15,173,272
emotional,124,116,532,772
emotionalinspiration,0,0,1,1
emotionalism,0,1,0,1
emotionality,0,0,1,1
emotionally,35,23,136,194
emotionalyl,0,0,2,2
emotionl,0,0,6,6
emotionless,8,4,0,12
emotionnal,0,0,1,1
emotions,100,49,268,417
emotive,3,0,5,8
emough,0,2,0,2
emp,10,9,6,25
empanada,1,1,0,2
empanadas,5,2,2,9
emparaguaron,0,0,4,4
empatan,0,4,0,4
empatar,0,5,0,5
empataron,6,4,0,10
empate,0,12,0,12
empaten,0,8,0,8
empath,5,0,1,6
empathetic,3,0,15,18
empathic,5,0,10,15
empathie,0,0,1,1
empathise,3,0,9,12
empathising,0,0,3,3
empathize,1,0,10,11
empathizing,6,0,1,7
empathy,32,10,46,88
empaty,0,0,1,1
empenho,0,0,1,1
emperor,8,19,31,58
emperorisback,0,0,1,1
emperors,0,1,9,10
emperra,0,1,0,1
emperror,1,0,0,1
empeso,0,3,0,3
empez,2,2,0,4
empezado,0,1,0,1
empezamos,0,0,1,1
empezando,0,6,0,6
empezar,0,14,0,14
empezaste,0,2,0,2
empezo,0,5,0,5
empfehlen,0,0,3,3
emphases,0,0,4,4
emphasis,14,14,40,68
emphasise,0,0,6,6
emphasised,2,0,4,6
emphasises,0,0,4,4
emphasising,0,0,4,4
emphasize,4,6,21,31
emphasized,0,0,4,4
emphasizes,2,0,4,6
emphazise,0,0,1,1
empiece,0,1,0,1
empieza,0,8,0,8
empiezan,0,0,2,2
empire,27,36,110,173
empires,5,4,8,17
empirical,2,0,1,3
empirically,0,0,1,1
emplore,0,0,5,5
employ,7,0,8,15
employable,0,0,4,4
employed,13,4,32,49
employee,8,5,38,51
employees,26,33,77,136
employer,9,8,17,34
employers,5,3,11,19
employes,1,0,0,1
employing,1,0,2,3
employment,1,8,19,28
employments,0,0,2,2
employs,8,1,8,17
empolion,1,0,0,1
emporer,0,0,1,1
emporium,0,0,2,2
emportent,0,0,1,1
empower,0,0,16,16
empowered,2,0,48,50
empoweredwomenempowerothers,0,0,1,1
empowering,7,0,47,54
empowerment,2,3,18,23
empowers,1,1,3,5
empreintes,0,0,1,1
empresa,0,3,0,3
empress,3,10,8,21
empror,0,1,0,1
emps,0,1,0,1
empt,0,2,0,2
emptied,2,3,0,5
empties,0,0,3,3
emptiness,6,0,11,17
emptively,0,0,1,1
empty,171,2,216,389
emptying,0,0,6,6
empuja,0,4,0,4
empujabalonaldo,0,2,0,2
empujarbitros,0,4,0,4
empujo,0,5,0,5
emre,9,56,36,101
ems,0,3,8,11
emsley,0,0,2,2
emt,1,1,1,3
emts,6,0,7,13
emu,0,5,4,9
emulador,0,2,0,2
emuladores,0,2,0,2
emulate,2,5,26,33
emulated,6,0,0,6
emulates,0,0,3,3
emulating,0,0,3,3
emulation,1,0,1,2
emulator,2,7,15,24
emulators,0,1,0,1
emulatory,0,3,0,3
emulsify,0,4,0,4
emy,0,3,4,7
en,138,2053,393,2584
enable,7,2,10,19
enabled,7,4,17,28
enabler,0,2,13,15
enablers,1,4,5,10
enables,1,3,12,16
enabling,4,0,8,12
enact,0,0,7,7
enacted,0,2,6,8
enacting,0,0,1,1
enactment,0,1,6,7
enagee,0,5,0,5
enak,0,5,0,5
enamel,2,0,0,2
enamor,0,4,1,5
enamora,0,7,0,7
enamorada,4,4,0,8
enamorado,0,7,0,7
enamorados,0,1,0,1
enamorar,0,4,0,4
enamoraron,0,1,0,1
enamorarse,0,1,0,1
enamore,0,9,0,9
enamored,3,0,0,3
enamores,0,0,1,1
enamoro,0,1,0,1
enamoured,1,0,2,3
enano,0,2,1,3
enb,0,0,1,1
encadernado,0,4,0,4
encajar,1,0,0,1
encale,0,0,1,1
encampments,0,2,0,2
encant,1,28,0,29
encanta,2,231,17,250
encantaa,0,1,1,2
encantaaa,0,4,0,4
encantaaaa,0,2,0,2
encantaaaaa,0,3,1,4
encantaaaaaa,0,1,0,1
encantaaaaaaaaa,0,2,0,2
encantaaaaaaaaaaaa,0,3,0,3
encantaaaaaaaaaaaaaa,0,1,0,1
encantaaaaaaaaaaaaaaaaaaaa,0,1,0,1
encantaaaaaaaaaaaaaaaaaaaaaaaa,0,1,0,1
encantaaaaaaaaaaaaaaaaaaaaaaaaa,0,1,0,1
encantaaaaaaaaaaaaaaaaaaaaaaaaaaaaaaaaaaaaaaaaaaaaaaaaaaaaaaaaaaaaaaaaaa,0,1,0,1
encantaaaaaan,0,1,0,1
encantaba,0,1,1,2
encantada,0,0,1,1
encantado,0,6,0,6
encantador,0,2,0,2
encantadora,0,1,0,1
encantai,0,1,0,1
encantan,0,19,2,21
encantar,0,6,0,6
encantara,1,0,0,1
encantaria,0,5,0,5
encantaron,0,8,0,8
encantas,0,11,0,11
encantasss,0,1,0,1
encantassssss,0,1,0,1
encanto,2,82,5,89
encantoo,0,1,1,2
encantooo,0,3,0,3
encantoooo,0,0,1,1
encantooooo,0,3,0,3
encapsulated,0,0,3,3
encapsulates,0,0,2,2
encapsulation,0,0,4,4
encarcela,0,2,0,2
encarga,0,3,0,3
encata,0,4,0,4
encataaa,0,1,0,1
encenderlo,0,4,0,4
encephalomyelitis,0,0,1,1
encephalopath,0,1,0,1
enchant,0,4,6,10
enchante,0,0,1,1
enchanted,1,4,6,11
enchanter,0,0,1,1
enchanting,2,2,5,9
enchantment,0,1,5,6
enchantress,0,0,1,1
enchiladas,4,1,0,5
enchufada,0,1,0,1
enchufetv,0,1,0,1
encierra,0,0,2,2
encima,6,32,8,46
encino,0,0,2,2
enclave,0,0,2,2
enclosed,11,0,12,23
enclosure,3,0,0,3
encode,0,0,13,13
encoded,1,0,3,4
encoder,0,0,2,2
encodes,0,0,1,1
encoding,1,6,22,29
encomendamos,0,5,0,5
encompass,5,0,2,7
encompasses,0,0,2,2
encontr,0,3,0,3
encontra,0,5,0,5
encontrado,0,1,0,1
encontrar,0,2,0,2
encontrarla,0,1,0,1
encontre,0,1,0,1
encontro,0,2,0,2
encopresis,2,0,0,2
encora,0,1,0,1
encore,20,48,18,86
encounter,9,6,20,35
encountered,5,1,12,18
encountering,2,1,1,4
encounters,7,1,10,18
encountred,0,0,2,2
encourage,26,10,90,126
encouraged,16,1,15,32
encourageing,0,0,3,3
encouragement,0,0,19,19
encourages,3,3,18,24
encouraging,29,3,79,111
encroach,0,0,1,1
encrusted,1,0,0,1
encrypt,0,0,5,5
encrypted,0,1,4,5
encryption,4,0,5,9
encuanto,0,0,1,1
encuentra,0,0,1,1
encuentran,0,1,1,2
encuentren,0,1,0,1
encuentres,0,4,0,4
encuentro,0,9,0,9
encuratris,0,1,0,1
encyclopedias,0,0,1,1
end,1355,1371,3868,6594
endanger,0,0,2,2
endangered,1,5,5,11
endangering,5,0,0,5
endangers,0,0,1,1
enddd,1,1,1,3
ende,0,7,0,7
endearing,0,0,19,19
endeavor,3,0,5,8
endeavors,2,0,25,27
endeavour,0,0,13,13
endeavours,0,0,1,1
ended,214,94,340,648
endemoniandose,0,1,0,1
ender,2,2,2,6
enderdragon,0,1,0,1
enders,1,0,1,2
endgame,0,2,3,5
endgeil,0,1,0,1
endgoal,0,0,1,1
endian,0,0,8,8
endiiiiing,0,0,1,1
endim,0,4,0,4
ending,165,219,518,902
endings,4,1,33,38
endless,30,0,69,99
endlessly,17,0,22,39
endlich,0,1,0,1
endnof,0,0,1,1
endo,0,0,3,3
endocrinologist,0,0,1,1
endocrinologists,1,0,0,1
endometriosis,6,1,30,37
endometrosis,0,0,6,6
endor,0,0,1,1
endorphin,0,0,1,1
endorphins,0,0,6,6
endorse,1,0,7,8
endorsed,1,1,15,17
endorsement,2,0,6,8
endorsements,4,8,0,12
endorses,3,1,0,4
endorsing,2,1,8,11
endoscope,1,0,0,1
endosement,0,0,1,1
endowed,0,0,3,3
endowment,0,0,2,2
endowments,0,0,2,2
endows,1,0,0,1
endpoint,5,0,0,5
ends,88,87,233,408
endssssss,0,0,8,8
endtimesanointing,0,1,0,1
endura,0,2,6,8
endurance,0,3,13,16
endure,21,6,31,58
endured,1,1,13,15
endures,0,3,0,3
endureth,0,0,4,4
enduring,10,0,3,13
enduro,0,10,54,64
endyoutubered,0,0,1,1
endz,0,0,1,1
endzone,6,0,0,6
ene,1,2,0,3
eneceksiniz,0,2,0,2
enema,1,2,2,5
enemey,0,0,2,2
enemies,44,17,30,91
enemy,63,39,116,218
eneng,0,1,0,1
energ,0,3,0,3
energetic,3,0,58,61
energic,0,2,0,2
energie,0,0,3,3
energies,0,0,12,12
energise,0,3,0,3
energised,0,0,3,3
energiser,0,0,5,5
energize,0,8,3,11
energized,1,2,1,4
energizes,0,0,6,6
energy,159,109,739,1007
energygoals,0,0,2,2
energythelastnal,0,1,0,1
enero,0,1,0,1
enery,0,1,0,1
enes,0,10,1,11
enevitable,1,0,0,1
enf,4,0,0,4
enfada,0,4,0,4
enfadado,0,7,0,7
enfants,0,1,0,1
enfelmo,0,1,0,1
enferma,1,0,0,1
enfermeeeeeerrasssss,0,4,0,4
enfermeras,0,8,0,8
enferno,0,0,5,5
enfim,0,1,0,1
enfin,1,6,1,8
enflamm,0,5,0,5
enfoquense,0,2,0,2
enforce,4,1,23,28
enforced,2,2,17,21
enforcement,27,1,27,55
enforcer,1,6,0,7
enforces,0,0,4,4
enforcing,2,0,13,15
enforcment,0,1,0,1
enfp,0,5,2,7
enfrentar,0,5,0,5
enfu,0,1,0,1
eng,2,3,7,12
enga,0,13,0,13
engadget,5,20,3,28
engage,13,12,36,61
engaged,23,23,86,132
engagement,9,7,13,29
engages,1,0,4,5
engagibg,0,0,1,1
engaging,1,0,71,72
engagingly,0,0,8,8
engament,0,0,1,1
enganchado,0,1,0,1
engels,0,1,0,1
engendered,0,0,4,4
engendros,0,1,0,1
engergize,0,9,0,9
engery,0,0,2,2
engga,0,1,0,1
engin,0,0,2,2
engine,60,60,122,242
engineer,26,8,74,108
engineered,2,3,28,33
engineering,20,25,78,123
engineers,15,16,69,100
engines,15,14,38,67
enginieer,0,3,0,3
enginners,0,0,1,1
engl,0,1,0,1
england,160,172,440,772
englander,0,2,0,2
englandistan,0,0,1,1
englands,0,5,0,5
engles,1,0,0,1
englis,1,1,2,4
englisch,0,0,2,2
englische,0,1,0,1
english,297,436,1061,1794
englishly,5,0,0,5
englishman,5,11,33,49
englishmen,0,0,1,1
englisy,0,0,1,1
engorgement,0,0,7,7
engra,0,2,0,2
engraved,0,0,4,4
engraving,0,2,0,2
engreido,0,1,0,1
engrish,1,1,0,2
engrossed,2,0,5,7
engrossing,1,0,1,2
engrossment,0,0,2,2
engry,0,1,0,1
engsub,0,4,0,4
engting,0,5,0,5
engulfed,1,1,0,2
engulfing,1,0,0,1
enhance,7,8,35,50
enhanced,17,2,23,42
enhancement,0,0,17,17
enhancer,0,0,3,3
enhancers,0,1,0,1
enhances,0,0,14,14
enhancing,0,1,8,9
eni,6,0,5,11
enia,0,2,0,2
enie,0,2,0,2
eniem,0,3,0,3
enige,0,1,0,1
enigma,1,5,2,8
enigmatic,1,0,3,4
enigste,0,1,0,1
enik,0,3,0,3
eniko,1,0,6,7
enin,0,3,1,4
enix,0,0,1,1
enjo,0,1,0,1
enjoar,0,2,0,2
enjoined,0,0,3,3
enjoing,0,0,2,2
enjoy,210,22,2284,2516
enjoyability,0,0,1,1
enjoyable,8,0,266,274
enjoyed,35,4,1435,1474
enjoyer,0,0,1,1
enjoyin,0,0,1,1
enjoying,30,6,439,475
enjoyment,23,0,43,66
enjoyphenix,0,3,0,3
enjoyphoenix,0,8,0,8
enjoys,9,7,45,61
enjoyyy,0,0,1,1
enjuiciar,0,3,0,3
enka,0,0,6,6
enkel,0,0,8,8
enl,0,0,1,1
enlace,0,0,1,1
enlala,0,1,0,1
enlarge,1,1,3,5
enlarged,3,0,2,5
enlargement,1,0,8,9
enlarges,5,0,0,5
enlever,0,4,1,5
enlighten,4,0,9,13
enlightened,21,11,27,59
enlightening,0,0,15,15
enlightenment,1,3,9,13
enlish,0,0,1,1
enlist,2,0,1,3
enlisted,0,1,2,3
enlistment,1,0,2,3
enlivening,0,0,1,1
enloque,0,2,0,2
enloquecer,0,9,0,9
enma,0,0,3,3
enmascarado,0,1,0,1
enmedim,0,1,0,1
enmeyen,0,1,0,1
enmity,0,2,0,2
ennemies,0,0,2,2
enner,0,4,0,4
ennergetique,0,0,2,2
ennio,2,0,0,2
ennis,1,0,2,3
ennkw,0,2,0,2
ennnnnnnd,0,0,7,7
ennuyeuse,1,0,0,1
ennywise,0,1,0,1
eno,0,6,1,7
enobakare,0,0,3,3
enof,0,0,6,6
enogh,0,0,2,2
enoigh,1,0,0,1
enojaro,0,1,0,1
enojes,0,2,0,2
enorg,0,0,1,1
enorm,0,0,2,2
enorme,0,12,3,15
enormourmous,0,1,0,1
enormous,4,53,180,237
enormously,4,0,13,17
enoufe,0,0,1,1
enoufh,0,0,1,1
enough,834,409,2452,3695
enought,1,0,16,17
enougth,0,1,0,1
enouncement,0,0,1,1
enoyed,0,0,5,5
enozo,0,1,0,1
enpitsu,1,0,1,2
enployed,0,1,0,1
enq,0,1,0,1
enquanto,0,1,0,1
enquiry,0,1,0,1
enraged,1,0,1,2
enrages,0,1,5,6
enrich,1,0,1,2
enriched,0,0,4,4
enriching,0,1,1,2
enright,0,0,2,2
enrique,1,13,5,19
enrol,0,0,4,4
enroll,0,0,28,28
enrolled,0,0,4,4
enrollees,0,0,4,4
enrolling,0,0,4,4
enrollment,0,1,3,4
enrolment,0,0,1,1
ens,2,0,0,2
ense,0,17,0,17
enseguida,0,1,0,1
ensemble,0,9,1,10
ensenadas,0,0,2,2
enserio,0,8,0,8
ensigns,0,0,1,1
ensin,0,2,0,2
enslave,0,1,7,8
enslaved,13,3,11,27
enslavement,9,0,1,10
enslaves,2,0,1,3
enslaving,1,0,7,8
enslayed,0,0,3,3
enso,0,0,1,1
enspire,0,0,2,2
enspired,0,3,0,3
enstablished,0,0,3,3
ensuciar,0,0,5,5
ensued,5,0,2,7
ensues,1,0,1,2
ensuite,0,1,0,1
ensure,5,10,29,44
ensured,0,0,1,1
ensures,2,0,13,15
ensuring,1,0,11,12
ent,12,13,1,26
entacle,0,1,0,1
entail,1,0,2,3
entailed,0,0,3,3
entails,0,0,9,9
entangle,0,0,2,2
entangled,7,4,39,50
entanglement,8,1,22,31
entanglements,0,0,1,1
entangler,0,0,1,1
entangling,1,0,0,1
entao,0,1,0,1
entdeckt,0,5,0,5
entemded,0,1,0,1
entend,0,12,4,16
entendendo,0,2,0,2
entender,0,23,0,23
entenderemos,0,1,0,1
entenderlo,0,4,0,4
entendes,0,1,0,1
entendi,0,13,0,13
entendir,0,1,0,1
entendiste,0,1,0,1
entendo,2,5,0,7
entendre,0,1,0,1
entendres,0,1,0,1
entendu,0,2,0,2
enter,69,81,133,283
entera,0,5,2,7
enterable,0,1,0,1
enteraing,0,0,1,1
enteras,0,4,0,4
enterder,0,3,0,3
entere,0,5,0,5
entered,14,23,71,108
entergetic,1,0,0,1
entering,7,23,48,78
enternal,0,0,1,1
entero,3,11,5,19
enterouge,0,1,0,1
enterprise,11,16,29,56
enterprises,0,0,4,4
enterr,0,1,0,1
enters,6,5,10,21
enterta,0,5,0,5
entertaiment,1,1,0,2
entertain,23,16,34,73
entertained,14,4,40,58
entertainer,4,3,39,46
entertainers,3,1,32,36
entertaing,0,0,1,1
entertaining,33,9,634,676
entertainingly,0,0,1,1
entertainment,117,44,223,384
entertainments,0,2,0,2
entertains,2,0,9,11
entertaint,2,0,0,2
entertating,0,0,1,1
enthisiasists,0,1,0,1
enthralled,6,0,8,14
enthroned,0,0,1,1
enthused,4,0,6,10
enthusiasm,22,12,85,119
enthusiast,4,5,15,24
enthusiastic,1,0,45,46
enthusiastically,2,0,3,5
enthusiasts,8,1,1,10
enthusiasum,0,1,0,1
enthusiatic,0,0,1,1
entia,1,0,0,1
entice,6,0,3,9
enticed,0,2,2,4
enticing,0,0,2,2
enticingly,1,0,0,1
entienda,0,7,0,7
entiendan,0,8,0,8
entiende,1,7,0,8
entienden,0,2,0,2
entiendes,0,4,0,4
entiendi,0,1,0,1
entiendo,2,29,0,31
ention,0,0,1,1
entire,338,266,998,1602
entirely,78,19,148,245
entirety,8,9,18,35
entities,4,4,6,14
entitle,0,0,1,1
entitled,30,6,47,83
entitlement,10,4,24,38
entitlements,5,0,2,7
entitles,0,1,2,3
entity,11,1,28,40
entoces,0,0,1,1
entomologist,1,0,0,1
entonces,0,12,1,13
entourage,4,1,2,7
entra,0,7,0,7
entraba,0,7,0,7
entrada,0,1,0,1
entraineur,2,0,0,2
entrainment,6,0,3,9
entrambe,0,1,0,1
entrance,8,7,23,38
entranced,0,0,3,3
entrances,0,8,16,24
entrando,0,6,0,6
entrapped,0,2,0,2
entrar,0,3,0,3
entrara,0,2,0,2
entre,4,44,2,50
entreg,0,5,0,5
entregarte,0,0,1,1
entrenador,0,9,1,10
entrenan,0,2,0,2
entrenar,0,3,0,3
entrenched,0,0,6,6
entrepreneur,0,4,16,20
entrepreneurial,0,0,2,2
entrepreneurs,1,1,15,17
entrepreneurship,2,0,0,2
entretener,0,1,0,1
entretenez,0,0,1,1
entrevista,0,1,0,1
entrevistas,0,0,1,1
entries,0,0,7,7
entristece,0,4,0,4
entro,0,6,0,6
entropy,4,3,10,17
entrou,0,5,0,5
entrusted,0,0,1,1
entrusting,0,0,1,1
entry,8,4,44,56
ents,0,6,0,6
entthusiacted,0,0,5,5
entwined,0,0,6,6
entwistle,0,0,6,6
enuf,0,2,0,2
enuff,3,0,11,14
enugh,0,0,4,4
enunciate,6,2,0,8
enunciation,1,0,0,1
env,0,1,2,3
envases,0,1,0,1
envejece,0,1,0,1
envejecer,0,1,0,1
envelop,1,0,0,1
envelope,0,0,13,13
enveloped,0,3,0,3
envelopes,1,4,0,5
envez,0,3,0,3
enviable,0,0,6,6
enviando,0,0,2,2
enviar,0,2,0,2
enviaron,0,2,0,2
envidia,0,10,3,13
envidiarle,0,0,4,4
envidioso,0,2,0,2
envie,0,2,7,9
envied,0,0,3,3
envies,0,1,1,2
envio,0,2,0,2
envionment,0,0,5,5
envious,2,6,27,35
envirement,1,0,0,1
enviroment,0,0,8,8
environ,1,2,0,3
environment,45,24,209,278
environmental,15,0,59,74
environmentalism,3,0,5,8
environmentally,2,0,12,14
environments,5,0,11,16
envirovement,0,0,1,1
envisage,0,0,8,8
envision,0,1,7,8
envisioned,0,5,0,5
envolved,0,1,0,1
envolvment,0,2,0,2
envoy,6,0,0,6
envy,36,37,119,192
envyfreestyle,0,0,1,1
envyus,0,1,3,4
envyyy,0,3,0,3
eny,0,1,1,2
enya,1,2,0,3
enyone,0,1,0,1
enything,0,3,0,3
enz,2,0,0,2
enza,0,51,1,52
enzo,107,134,137,378
enzoo,0,1,0,1
enzoooo,0,1,0,1
enzos,0,0,2,2
enzoy,0,0,1,1
enzyme,24,0,8,32
enzymes,6,0,11,17
eodinga,0,1,0,1
eoe,0,1,0,1
eof,0,2,0,2
eoixkw,3,0,0,3
eokkaee,0,2,0,2
eol,0,0,3,3
eomma,0,1,1,2
eoneusaenga,0,1,0,1
eonjenga,0,1,0,1
eons,0,0,1,1
eopneun,0,2,0,2
eopseo,0,2,0,2
eopseoseo,0,1,0,1
eopseulkka,0,1,0,1
eopshi,0,1,0,1
eopsi,0,2,0,2
eoqkr,0,0,1,1
eoreuni,0,1,0,1
eoryeowo,0,1,0,1
eos,0,0,4,4
eotech,0,0,5,5
eotj,0,1,0,1
eotteokke,0,1,0,1
ep,24,40,76,140
epa,0,6,1,7
epaminondas,0,0,3,3
epcot,0,1,0,1
epensive,0,2,0,2
ephemeral,0,0,1,1
ephesians,0,3,11,14
ephor,1,3,0,4
ephores,0,0,2,2
ephors,0,4,0,4
ephraimite,0,0,3,3
epi,1,3,3,7
epic,87,6,639,732
epically,0,0,6,6
epicccc,0,1,0,1
epiccomeback,0,1,0,1
epice,0,1,0,1
epicenter,0,0,5,5
epicgasmically,0,0,2,2
epick,1,0,0,1
epiclly,0,0,1,1
epicly,0,0,1,1
epicmatch,0,0,5,5
epicness,0,3,4,7
epico,1,5,0,6
epidemic,12,11,10,33
epidemicsound,0,1,1,2
epidermal,0,0,1,1
epiduo,0,1,0,1
epidural,1,0,0,1
epigenetics,0,0,1,1
epik,0,2,0,2
epil,0,0,1,1
epilate,3,0,0,3
epilepsia,0,1,0,1
epilepsy,24,7,19,50
epileptic,1,4,3,8
epilogue,0,0,1,1
epinephrine,2,0,0,2
epipen,6,0,0,6
epiphany,3,0,1,4
epiphenomenal,1,0,0,1
epiphone,0,0,1,1
epis,0,1,0,1
episdoe,0,0,1,1
episiotomy,2,1,1,4
episod,0,0,1,1
episode,456,618,1446,2520
episodeeee,0,3,0,3
episodes,146,58,447,651
episodic,1,0,4,5
episodio,0,1,0,1
epistemologist,0,0,4,4
epistemology,0,0,2,2
epitaph,4,0,0,4
epithets,4,0,1,5
epitome,18,9,35,62
epitomes,0,0,5,5
epitomize,0,0,2,2
epke,2,2,5,9
epl,0,13,33,46
eple,0,2,0,2
epmd,0,0,1,1
eponine,0,0,7,7
epos,0,0,3,3
epoxy,0,0,8,8
eppic,0,1,0,1
epq,0,0,5,5
eps,7,3,10,20
epsi,0,1,0,1
epsiode,1,1,2,4
epsiodes,0,0,2,2
epsom,0,0,10,10
epstein,6,3,5,14
epug,0,1,0,1
epyc,0,1,0,1
eq,0,0,5,5
eqalize,0,1,0,1
eqg,0,0,3,3
equal,83,55,175,313
equaliser,0,2,0,2
equality,26,15,78,119
equalityforall,3,0,0,3
equalize,0,0,1,1
equalizer,1,0,4,5
equalizers,0,0,2,2
equalizing,0,0,1,1
equally,40,5,103,148
equalriblum,0,0,1,1
equals,7,7,8,22
equaly,0,0,6,6
equate,4,2,9,15
equated,0,0,1,1
equates,1,0,1,2
equating,0,0,2,2
equation,7,5,18,30
equations,6,2,10,18
equator,2,0,4,6
equestria,1,0,2,3
equestrian,1,1,2,4
equifax,4,10,5,19
equil,0,0,1,1
equilateral,0,0,1,1
equilibrium,1,0,7,8
equiment,0,0,1,1
equine,0,0,1,1
equinox,0,0,4,4
equip,0,1,9,10
equipe,0,0,5,5
equiped,0,0,1,1
equipment,17,22,92,131
equipments,1,1,3,5
equipo,3,56,11,70
equipon,0,5,0,5
equipos,0,20,5,25
equipped,3,2,24,29
equipping,0,0,1,1
equipt,2,0,0,2
equis,0,0,7,7
equity,2,1,0,3
equivalence,2,0,2,4
equivalency,2,0,0,2
equivalent,31,27,91,149
equivilant,0,0,1,1
equivocado,0,1,0,1
equivocal,0,0,6,6
equivocating,0,0,2,2
equivoco,0,2,0,2
equivoque,0,2,0,2
equlz,0,0,2,2
er,36,119,71,226
era,66,177,305,548
eraa,1,1,0,2
eraaaa,0,1,1,2
eraaaaa,0,0,1,1
eraan,0,0,1,1
eradicate,3,1,12,16
eradicated,2,1,5,8
eragon,0,1,0,1
erah,0,2,0,2
eraistrefi,0,0,1,1
eralleee,2,0,0,2
erally,0,0,1,1
eram,0,1,0,1
eramos,0,0,1,1
eran,0,8,1,9
erania,0,2,0,2
erano,0,5,0,5
eras,2,8,7,17
erase,17,12,8,37
erased,2,0,7,9
eraser,2,8,2,12
erasers,0,0,1,1
erasing,1,1,4,6
erasmus,1,0,3,4
erassssss,0,0,1,1
erasure,0,4,2,6
eratate,0,0,1,1
erath,0,1,0,1
eraxasap,0,2,0,2
eraze,0,0,4,4
erazo,0,5,0,5
erb,0,1,1,2
erbodys,0,1,0,1
erborian,0,0,6,6
erbs,0,1,0,1
erchin,0,0,2,2
erda,0,0,20,20
erdem,0,0,3,3
erdo,0,12,0,12
erdogan,2,1,2,5
ere,2,5,1,8
erect,2,6,4,12
erection,3,9,9,21
erections,6,0,6,12
erectydingdongs,1,1,0,2
erefi,0,1,0,1
erefsiz,0,4,0,4
erelan,0,4,0,4
eren,1,2,0,3
eres,5,152,7,164
ereslo,0,2,0,2
eretria,0,0,1,1
erfahrender,0,6,0,6
erfolg,0,4,0,4
erfucker,0,1,0,1
erfunden,0,5,0,5
erfurcht,0,1,0,1
erg,1,17,11,29
erga,0,0,1,1
erge,0,1,0,1
ergens,0,1,0,1
erger,0,1,0,1
ergh,4,0,0,4
ergo,1,2,6,9
ergonomic,1,0,2,3
ergonomics,4,0,2,6
ergot,0,1,0,1
erhmehgehrd,0,0,1,1
eri,0,4,0,4
eribady,0,3,0,3
eric,49,91,257,397
erica,1,2,10,13
ericchurch,0,1,2,3
erich,0,3,7,10
erick,1,15,4,20
ericsson,0,0,1,1
eridim,0,3,0,3
erie,0,0,1,1
eriiiiiiiickkkkkkkkkkkk,0,1,0,1
erik,1,11,10,22
erika,1,7,13,21
erikler,0,6,0,6
erikli,0,1,0,1
erikruether,0,0,1,1
eriksayaspony,0,1,0,1
eriksen,10,7,2,19
erimcanlove,0,1,0,1
erin,5,3,24,32
erinnert,0,0,1,1
eriously,0,1,0,1
erirawaa,0,0,1,1
erita,1,0,0,1
eriz,0,1,0,1
eriza,0,2,0,2
erking,0,0,2,2
erks,0,0,1,1
erlenecek,0,3,0,3
erlenir,0,12,3,15
erlerine,0,1,0,1
erlier,3,0,0,3
erm,22,13,33,68
ermagerd,0,0,1,1
ermahgerd,0,0,1,1
ermee,0,1,1,2
ermegerd,0,0,4,4
ermergerd,0,1,0,1
ermetica,0,1,0,1
ermm,0,1,0,1
ermmm,0,2,1,3
ermosa,0,2,0,2
ermosaa,0,3,0,3
ernest,5,0,0,5
ernie,0,4,3,7
ernst,0,0,1,1
ero,0,4,0,4
erode,0,2,0,2
erodogan,1,0,0,1
erop,0,1,0,1
erosion,6,0,0,6
erotic,0,0,23,23
erotica,3,0,8,11
eroticism,0,0,1,1
err,10,2,15,27
errado,0,4,1,5
errand,2,0,9,11
errands,7,0,8,15
errar,0,2,0,2
errasing,0,0,1,1
erratic,3,1,11,15
errbody,0,5,3,8
errday,6,1,0,7
erre,0,0,4,4
erreebuddy,0,1,0,1
erreur,0,4,1,5
errm,6,0,2,8
errmmm,0,1,0,1
erro,0,4,0,4
errol,1,0,0,1
erroneous,1,0,7,8
erroneously,1,0,2,3
error,40,49,73,162
errore,0,2,0,2
errores,2,11,2,15
errori,0,1,0,1
errors,23,5,48,76
errr,1,5,1,7
errrbody,3,1,0,4
errrm,0,0,2,2
errrr,0,2,13,15
errrrm,0,5,0,5
errrrr,2,7,0,9
errrrrythang,0,1,0,1
errthang,0,1,0,1
errtime,0,1,0,1
errybody,1,2,0,3
ers,3,0,9,12
erso,1,0,0,1
erst,0,1,0,1
erstaunlich,0,1,0,1
ersten,1,0,1,2
erstenmal,0,6,0,6
erster,0,3,0,3
erstmal,0,5,0,5
erstwhile,0,0,3,3
ertbuy,0,2,0,2
ertha,0,2,0,2
eru,0,0,2,2
erudite,0,0,2,2
erupt,0,0,1,1
erupted,4,0,8,12
erupting,0,2,1,3
eruption,2,1,6,9
eruptions,0,0,2,2
erupts,3,0,0,3
erveryone,1,0,0,1
ervin,1,0,0,1
erw,0,5,0,5
erwan,0,0,1,1
erwh,0,0,3,3
erwin,0,3,1,4
ery,0,1,0,1
erybodie,0,4,0,4
eryday,0,0,1,1
eryka,0,0,2,2
erykah,3,7,0,10
eryyone,0,0,1,1
es,77,1481,191,1749
esa,9,139,15,163
esas,3,10,1,14
esau,0,1,4,5
esaurita,0,1,0,1
esay,2,0,1,3
esb,1,0,3,4
esc,4,0,0,4
escabar,0,1,0,1
escabor,0,0,3,3
escadaria,0,1,0,1
escala,0,1,0,1
escalada,0,2,0,2
escalade,0,1,0,1
escalate,2,6,4,12
escalated,1,0,36,37
escalating,0,0,2,2
escalation,0,1,1,2
escalations,0,0,1,1
escalator,3,0,0,3
escalators,0,9,4,13
escalofrios,0,4,0,4
escapade,0,1,0,1
escapan,0,1,0,1
escapar,0,4,1,5
escape,124,46,182,352
escaped,12,1,9,22
escapeeeee,0,0,3,3
escapes,1,0,12,13
escaping,4,4,10,18
escapism,0,0,6,6
escargots,0,0,2,2
escatimar,0,1,0,1
esce,0,1,0,1
escellent,0,0,2,2
escena,0,1,2,3
escenario,1,9,0,10
escenarios,0,4,0,4
escence,0,0,6,6
escenico,0,5,0,5
escense,0,0,1,1
escher,0,1,1,2
eschew,1,0,0,1
eschewing,0,0,2,2
eschuchas,0,1,0,1
esclavizar,0,4,0,4
esco,0,0,5,5
escobar,3,1,2,6
escobars,0,1,0,1
escober,0,0,1,1
escoge,0,1,0,1
escolaridad,0,3,3,6
escolher,0,1,0,1
escombros,0,2,0,2
esconderlo,0,0,2,2
escondida,0,3,0,3
escondite,0,4,0,4
escoria,0,4,1,5
escorpi,0,2,0,2
escort,0,6,1,7
escorted,0,0,2,2
escpae,0,0,1,1
escriba,0,3,0,3
escribe,0,9,0,9
escribi,3,0,0,3
escribiendo,1,2,0,3
escribio,0,0,2,2
escribir,0,2,0,2
escribo,0,1,0,1
escrid,0,1,0,1
escrito,0,2,0,2
escu,0,1,0,1
escuch,0,6,0,6
escucha,0,9,4,13
escuchaba,0,1,1,2
escuchadas,0,1,0,1
escuchado,0,11,1,12
escuchamos,0,1,1,2
escuchan,0,1,0,1
escuchando,0,13,1,14
escuchar,0,36,4,40
escuchara,0,0,1,1
escucharan,0,1,0,1
escucharas,0,4,0,4
escucharla,0,12,5,17
escucharlaaaa,0,1,0,1
escucharles,0,1,0,1
escucharlo,0,6,0,6
escucharlos,0,7,0,7
escucharon,0,3,0,3
escucharte,0,3,0,3
escuchas,0,6,0,6
escuchaste,0,1,0,1
escuche,0,11,0,11
escuchen,0,4,1,5
escuches,0,1,0,1
escucho,0,10,0,10
escudo,0,11,0,11
escuece,0,2,0,2
escuela,0,15,1,16
esculated,0,0,2,2
escuro,0,1,0,1
escutado,0,0,1,1
escutando,0,3,0,3
escutar,0,2,0,2
escutei,0,1,0,1
escuto,0,2,0,2
esd,0,1,0,1
esdras,0,0,21,21
ese,26,214,17,257
esenario,0,1,0,1
esencia,1,17,0,18
esfuerza,0,1,0,1
esfuerzo,0,0,3,3
esh,0,1,0,1
eshakti,0,0,1,1
eshay,0,1,0,1
eshketit,0,1,0,1
eshop,0,12,0,12
esi,0,1,0,1
esian,1,0,0,1
esibizione,0,2,0,2
esimo,1,0,0,1
esiste,0,5,0,5
esk,1,2,1,4
eskeddit,0,1,0,1
eskeeti,0,1,0,1
eskeetit,0,1,0,1
esketit,0,2,1,3
eskettit,0,1,0,1
esl,1,0,1,2
eslaballenaazul,0,1,0,1
esmay,0,1,0,1
esme,0,8,0,8
esmee,1,0,0,1
esmeralda,0,2,0,2
esmond,1,0,0,1
eso,9,202,13,224
esof,0,1,0,1
esoo,0,1,0,1
esophageal,2,0,0,2
esophagus,1,2,2,5
esos,32,55,0,87
esoteric,2,0,2,4
esotheric,1,0,0,1
esp,13,26,79,118
espa,7,330,39,376
espaccialy,1,0,0,1
espaces,1,0,0,1
espacio,0,7,0,7
espada,0,0,1,1
espadrille,0,1,0,1
espagnol,0,1,0,1
espagnole,0,0,1,1
espalda,0,12,0,12
espana,0,1,0,1
espanhol,0,1,1,2
espanhola,0,4,0,4
espaniol,0,1,0,1
espanish,0,1,0,1
espanol,1,2,0,3
espanoles,0,3,0,3
espantosa,0,3,0,3
espanyol,6,23,0,29
espartanos,0,2,0,2
esparza,1,0,0,1
espb,0,4,0,4
espec,0,4,0,4
especailly,0,0,6,6
especial,1,40,3,44
especiallly,0,0,3,3
especially,508,158,2015,2681
especialmente,0,7,0,7
especialy,0,0,16,16
espect,0,3,4,7
espectacula,0,2,0,2
espectacular,0,21,0,21
espectaculares,0,2,1,3
espectacularmente,0,1,0,1
espectrum,0,0,4,4
espejo,0,3,1,4
espelha,0,1,0,1
espelho,0,6,0,6
espensive,0,1,0,1
espeon,0,0,2,2
esper,0,9,0,9
espera,0,29,9,38
esperab,0,1,0,1
esperaba,0,16,1,17
esperaban,0,2,0,2
esperabas,0,1,0,1
esperado,0,4,1,5
esperamos,0,4,1,5
esperan,0,5,0,5
esperando,2,31,6,39
esperanto,0,2,1,3
esperanza,0,6,0,6
esperar,2,17,0,19
esperare,0,1,0,1
esperarlo,0,1,0,1
esperas,0,3,0,3
esperava,0,4,0,4
espere,0,2,0,2
esperemos,0,1,0,1
esperen,0,1,0,1
esperes,2,0,0,2
espero,1,84,6,91
espesh,0,5,0,5
espeshally,1,0,0,1
espetacular,0,5,0,5
espically,0,0,1,1
espicially,0,2,3,5
espina,0,4,0,4
espionage,0,2,8,10
espirition,0,0,1,1
espiritual,0,0,1,1
espitomiamy,0,0,1,1
espl,0,0,1,1
esplendidos,0,3,0,3
espn,90,62,79,231
espns,0,0,1,1
espoir,0,0,1,1
esponja,0,3,0,3
esports,0,3,0,3
esposas,0,3,0,3
esposito,0,1,0,1
esposo,0,1,1,2
espoused,1,0,1,2
espousing,0,0,4,4
espresso,0,5,12,17
espressos,0,1,0,1
espt,0,0,4,4
espuma,0,3,0,3
esq,0,6,1,7
esque,17,3,40,60
esquecer,0,5,0,5
esqueci,0,3,0,3
esqueletitooooo,0,2,0,2
esquina,0,0,3,3
esquive,0,1,0,1
esquives,0,2,0,2
esquq,0,3,0,3
esrb,4,0,2,6
esrd,4,0,0,4
ess,4,8,4,16
essa,1,112,18,131
essai,1,0,0,1
essaie,1,0,0,1
essaient,0,4,0,4
essanova,0,1,0,1
essas,0,9,1,10
essay,9,71,92,172
essayais,0,2,0,2
essayer,0,10,0,10
essays,2,6,49,57
esscense,0,0,2,2
esse,0,91,10,101
essena,0,2,0,2
essence,10,24,94,128
essential,12,10,138,160
essentially,24,12,135,171
essentials,16,4,82,102
essentric,0,1,0,1
essere,0,16,0,16
esserlo,0,5,0,5
esses,2,14,3,19
essex,3,6,19,28
essi,0,0,8,8
essie,0,0,10,10
essiebutton,0,0,4,4
essien,0,1,0,1
essiential,0,0,1,1
essketit,0,1,0,1
esso,0,5,0,5
essos,0,0,6,6
essrig,0,0,1,1
esss,0,8,0,8
esssketitt,0,1,0,1
esssskeetittt,0,1,0,1
esssss,1,0,0,1
est,98,640,348,1086
esta,19,500,52,571
estaaa,0,1,0,1
estaba,4,42,17,63
estabamos,0,4,0,4
estaban,0,6,1,7
estabas,0,2,0,2
estabilizador,0,4,0,4
establish,1,4,20,25
established,16,5,57,78
establishes,0,0,2,2
establishing,3,0,12,15
establishment,14,11,24,49
establishments,0,0,1,1
estadi,0,5,0,5
estadio,5,18,11,34
estadios,0,4,0,4
estadishticash,0,2,0,2
estadistica,0,1,0,1
estadisticas,0,1,0,1
estado,4,13,5,22
estados,0,9,1,10
estafado,0,0,1,1
estais,0,4,0,4
estaladas,0,5,0,5
estalo,0,0,2,2
estamis,0,5,0,5
estamos,5,32,1,38
estan,0,48,0,48
estanc,0,1,0,1
estancado,0,1,0,1
estando,0,4,0,4
estar,1,55,6,62
estaria,0,2,0,2
estariamos,0,5,0,5
estarian,0,1,0,1
estart,0,1,0,1
estas,1,49,15,65
estate,3,8,30,41
estates,1,0,2,3
estava,0,7,0,7
este,6,386,67,459
esteban,0,0,1,1
estee,32,57,363,452
esteeeee,0,0,2,2
esteem,25,9,48,82
esteemed,2,0,0,2
estefan,0,6,6,12
estela,0,1,0,1
estelia,0,4,0,4
estella,0,0,1,1
estelle,1,0,5,6
estemo,0,1,0,1
estemos,0,0,3,3
esten,0,2,0,2
ester,6,6,4,16
estereograma,0,4,0,4
estereogramas,0,16,0,16
estes,0,1,0,1
estetyk,0,2,0,2
esteve,0,1,0,1
esthar,0,6,0,6
esther,0,0,3,3
esthetic,0,3,2,5
esthetically,0,3,0,3
esthetician,0,1,1,2
esthetics,4,0,0,4
esti,0,1,0,1
estilo,0,18,6,24
estilos,0,0,2,2
estim,0,0,2,2
estimate,6,0,7,13
estimated,11,1,11,23
estimates,1,0,15,16
estimation,0,0,3,3
estime,0,0,2,2
estine,0,1,0,1
estirarte,0,1,0,1
estirpe,0,0,2,2
estlan,0,2,0,2
esto,6,233,6,245
estoc,0,3,0,3
estoi,0,3,0,3
estompe,0,2,0,2
eston,0,0,1,1
estonia,3,2,5,10
estonian,0,0,5,5
estonoesnovedoso,0,1,0,1
estoo,0,1,0,1
estos,13,110,5,128
estou,2,10,0,12
estoy,9,73,14,96
estrabao,0,1,0,1
estradiol,2,0,0,2
estrago,0,1,0,1
estranged,0,1,0,1
estrategia,0,9,1,10
estrela,0,6,0,6
estrella,0,5,0,5
estrellas,0,4,1,5
estremo,0,4,0,4
estren,0,2,0,2
estrena,2,1,1,4
estrenado,0,0,1,1
estrenar,0,5,0,5
estreno,1,1,0,2
estres,0,1,0,1
estresante,0,1,0,1
estribillo,0,1,0,1
estro,4,0,0,4
estrofa,0,1,0,1
estrogen,12,2,9,23
estrogenic,0,0,1,1
estructuras,0,1,0,1
estubo,0,4,0,4
estudien,0,1,0,1
estudio,0,7,1,8
estudios,2,5,0,7
estupida,0,6,0,6
estupidez,0,3,0,3
estupido,0,6,0,6
estupidos,0,3,0,3
estus,3,1,0,4
estuve,0,4,0,4
estuviera,0,1,0,1
estuvieron,0,9,4,13
estuvimos,0,0,5,5
estuvo,1,21,1,23
esty,0,0,2,2
esurance,0,0,3,3
esv,0,0,2,2
esy,1,0,0,1
esyer,2,0,0,2
esylo,0,0,1,1
eszxx,0,6,0,6
et,72,294,262,628
eta,0,12,8,20
etaaa,0,1,0,1
etaaaa,0,2,0,2
etabs,1,0,0,1
etah,0,1,0,1
etait,0,0,1,1
etaney,1,0,0,1
etaoin,0,2,0,2
etapa,0,5,0,5
etapie,0,2,0,2
etazos,0,2,0,2
etc,360,203,1551,2114
etcetera,0,0,5,5
etch,1,0,5,6
etching,0,1,0,1
etchings,0,0,1,1
etcs,0,1,0,1
etdiler,0,1,0,1
eten,0,1,0,1
eterna,0,1,0,1
eternal,81,76,218,375
eternally,1,4,3,8
eternaly,6,0,0,6
eternamente,0,12,0,12
eternas,0,3,0,3
eternity,11,15,51,77
eterno,0,7,0,7
eternos,0,3,0,3
etf,0,0,1,1
eth,0,1,0,1
ethan,5,28,17,50
ethanali,0,0,3,3
ethans,0,0,1,1
ethel,1,0,1,2
ethelbert,1,0,0,1
ether,6,9,12,27
etherblade,1,0,0,1
etherdelta,0,0,3,3
ethereal,0,5,13,18
etherial,0,2,0,2
etherington,0,5,0,5
ethernet,3,2,15,20
ethic,3,2,23,28
ethical,9,0,41,50
ethically,1,0,3,4
ethics,6,0,23,29
ethier,0,1,1,2
ethilic,0,1,0,1
ethinylestradiol,0,0,6,6
ethiopia,0,5,0,5
ethiopian,0,1,1,2
ethiopians,0,0,1,1
ethnic,7,2,21,30
ethnically,2,1,3,6
ethnicities,2,0,5,7
ethnicity,16,1,4,21
ethnics,0,0,3,3
ethno,0,0,3,3
ethnocentric,1,0,0,1
ethnonationalists,2,0,0,2
ethology,0,0,4,4
ethot,0,0,4,4
etienne,1,0,0,1
etihad,0,4,4,8
etika,1,5,1,7
etikaworldnetwork,1,0,0,1
eting,0,1,1,2
etiquette,0,1,14,15
etkiledi,0,1,0,1
etme,0,1,0,1
etmeden,0,4,0,4
etmiiyo,0,0,1,1
etn,0,1,0,1
eto,0,0,1,1
eton,3,0,0,3
etonian,0,0,1,1
etoo,0,4,0,4
etre,4,0,0,4
ets,0,2,1,3
etsem,0,1,0,1
etsin,0,1,0,1
etsinde,0,3,0,3
etsswdqvr,1,0,0,1
etsy,0,5,9,14
ett,0,1,0,1
etta,0,2,1,3
etti,0,0,1,1
ettim,0,6,0,6
ettirmemeye,0,2,0,2
etu,0,2,0,2
etude,2,0,2,4
etuk,0,0,3,3
etwa,2,5,0,7
etwas,0,8,0,8
etymology,0,0,3,3
etype,0,0,1,1
etzio,0,1,0,1
eu,82,252,137,471
euan,0,0,2,2
eucerin,1,0,0,1
euch,2,8,0,10
eucharist,3,0,1,4
euclid,6,6,0,12
euclidea,0,0,5,5
euclidean,2,2,12,16
euclidian,0,0,1,1
eueghh,1,0,0,1
eueiiu,0,2,0,2
eueueueueueueuueueegheuegeheuegejueheieheu,0,2,0,2
eufalona,1,0,0,1
eugene,2,11,8,21
eugenia,3,0,3,6
eugenics,2,2,1,5
eugh,0,2,1,3
euh,0,0,1,1
euhga,0,4,0,4
eulatorem,0,3,0,3
euler,3,0,6,9
eulers,1,0,0,1
eulgra,1,0,0,1
eulogy,0,0,7,7
eumorphic,1,0,0,1
eunha,0,4,5,9
eunhaaa,0,1,0,1
eunhaaaa,0,2,0,2
eunhaaaaa,0,1,0,1
eunhyuk,0,1,0,1
eunna,0,1,0,1
eunuch,0,0,2,2
euphoric,0,5,5,10
eur,0,0,4,4
eureka,0,0,5,5
eurem,1,0,0,1
eurgh,0,0,6,6
eurie,0,2,0,2
eurika,0,2,0,2
euripides,0,0,2,2
eurkea,0,0,3,3
euro,18,17,28,63
eurobeat,0,6,0,6
eurocopa,0,1,0,1
eurocrat,0,0,2,2
eurocratic,0,5,0,5
euron,1,2,2,5
europa,6,40,67,113
europe,105,160,361,626
europea,0,3,0,3
european,63,56,189,308
europeans,21,12,35,68
europeeeeeee,0,0,1,1
europeene,0,0,4,4
europeforever,0,0,1,1
europes,0,2,1,3
europian,0,0,1,1
europica,0,2,0,2
euros,17,14,21,52
eurostar,0,0,3,3
eurovision,0,4,7,11
eurythmics,0,0,1,1
eussr,1,0,0,1
eustace,0,1,0,1
euston,0,0,4,4
euthanasia,9,0,24,33
euthanasias,0,0,2,2
euthanize,0,0,4,4
euthanized,1,0,13,14
euthanol,0,0,2,2
euthenization,0,0,3,3
euuah,1,0,0,1
euuhh,0,0,1,1
euuurghhh,4,0,0,4
ev,0,3,9,12
eva,44,120,143,307
evaa,0,2,0,2
evaaa,0,2,2,4
evaaaa,0,2,0,2
evaaaaaa,0,0,1,1
evaaaaaaa,0,0,1,1
evaaaaaaaaaaaaaa,0,0,1,1
evaah,0,0,2,2
evac,3,0,0,3
evacuate,12,9,22,43
evacuated,6,9,6,21
evacuating,0,0,4,4
evacuation,0,0,4,4
evaculation,0,3,0,3
evade,0,1,2,3
evaders,3,0,0,3
evading,0,0,1,1
evagrius,0,0,1,1
evah,4,0,2,6
evahhhh,0,1,0,1
evahs,0,0,1,1
evals,1,0,0,1
evaluate,5,2,12,19
evaluated,0,0,1,1
evaluating,1,0,1,2
evaluation,1,0,9,10
evaluations,5,0,1,6
evan,40,171,134,345
evanayors,0,2,0,2
evandreemuur,0,0,1,1
evanescence,0,2,3,5
evangelical,0,0,1,1
evangelicals,0,0,1,1
evangelion,5,7,6,18
evangelions,0,1,0,1
evangelist,0,0,1,1
evangelista,0,0,3,3
evangelists,1,0,0,1
evania,0,1,0,1
evans,46,102,196,344
evaporate,5,0,1,6
evaporated,3,3,1,7
evaporates,0,0,2,2
evaporator,6,4,9,19
evar,1,0,0,1
evas,2,5,0,7
evasabsisnsbzkasnx,1,0,0,1
evasion,0,0,1,1
evdokimov,1,0,0,1
eve,11,16,68,95
eveal,0,7,0,7
eveb,0,1,0,1
eveeeeeeeeeeeeeeeeeeeeeeeeeeeeeer,0,0,1,1
eveeeeeeeer,0,0,1,1
eveeeeer,0,0,5,5
eveeeer,4,0,4,8
eveeer,0,1,0,1
eveh,0,0,1,1
eveil,0,1,0,1
evelyn,0,11,12,23
evelynn,0,0,1,1
evem,0,0,2,2
even,3927,1972,10297,16196
evene,1,0,0,1
evened,5,1,0,6
evengelion,0,0,1,1
evening,25,33,181,239
evenings,4,0,29,33
evenly,5,7,13,25
evenmore,1,0,0,1
evens,5,1,7,13
evenscareerisbeing,0,0,1,1
event,159,85,287,531
eventho,2,0,1,3
eventhough,3,1,4,8
evento,0,30,0,30
eventos,0,8,0,8
events,71,25,241,337
eventual,0,0,9,9
eventualities,0,0,1,1
eventually,123,36,284,443
eventueel,0,0,1,1
ever,1850,1763,7577,11190
everbody,5,4,0,9
everchanging,0,2,0,2
everclear,0,0,1,1
evercolor,0,0,2,2
everday,0,6,11,17
everdeen,0,2,0,2
evere,0,0,2,2
everest,7,4,17,28
everething,0,1,0,1
everfree,3,0,1,4
everglades,0,0,3,3
evergrande,0,1,0,1
evergreen,0,5,1,6
everhart,1,0,0,1
everheart,0,2,0,2
everithing,0,0,1,1
everithng,0,1,0,1
everlane,0,4,4,8
everlast,10,0,3,13
everlastinf,0,0,1,1
everlasting,50,5,34,89
everlastingly,0,0,13,13
everlearning,0,0,8,8
everlife,0,2,0,2
everly,0,5,6,11
everman,2,1,0,3
evermore,6,0,5,11
evernote,2,0,0,2
everone,4,3,6,13
everr,1,1,0,2
everrr,0,2,17,19
everrrr,1,14,13,28
everrrree,0,0,2,2
everrrrr,1,1,2,4
everrrrrr,0,0,5,5
everrrrrrr,0,0,2,2
everrrrrrrrr,0,1,0,1
everrrrrrrrrr,0,0,4,4
everrrrrrrrrrrr,3,0,0,3
everrrrrrrrrrrrrrrrr,0,0,1,1
everrrtrr,0,0,1,1
eversince,0,0,2,2
everst,0,0,1,1
evert,0,0,5,5
everthing,6,8,6,20
evertim,1,1,0,2
evertime,0,0,4,4
everton,1,13,20,34
everttime,0,0,6,6
everuthing,0,0,1,1
everuwhere,0,1,0,1
everxd,0,0,1,1
every,2227,1527,6118,9872
everybdy,0,1,0,1
everyboby,3,0,0,3
everybody,280,197,514,991
everybodyfights,0,0,5,5
everybodyhatestrump,0,0,1,1
everybodys,0,2,0,2
everybodyy,0,1,0,1
everyboyd,0,0,1,1
everybuddies,0,1,0,1
everyday,549,5,654,1208
everygthing,0,0,2,2
everyguy,0,0,1,1
everyhing,0,0,4,4
everyman,7,0,5,12
everynight,2,1,2,5
everynow,0,0,2,2
everyon,1,0,0,1
everyonce,0,0,1,1
everyone,1508,1045,3764,6317
everyonee,0,1,0,1
everyoneee,0,0,1,1
everyonei,0,1,0,1
everyones,21,7,29,57
everyonewhos,1,0,0,1
everyonre,0,2,0,2
everyrhing,0,0,1,1
everyrime,0,1,0,1
everyshade,0,0,1,1
everysingle,0,1,2,3
everythang,0,0,1,1
everythig,0,1,0,1
everythiiiiiiiiiiiiiiiiiinggg,0,2,0,2
everythime,0,2,0,2
everythin,1,0,0,1
everything,1525,1080,4420,7025
everythingapplepro,3,7,5,15
everythingfivepond,0,0,6,6
everythingfivepound,0,0,6,6
everythingg,0,1,3,4
everythingggg,0,3,0,3
everythinggggg,0,2,4,6
everythingggggg,0,1,2,3
everythingin,0,0,3,3
everythingness,0,0,1,1
everythingpotatos,0,2,0,2
everythings,3,2,2,7
everythingsamsungpro,0,1,0,1
everythink,1,0,1,2
everythinkapplepro,0,1,0,1
everythng,0,1,0,1
everythuling,0,0,1,1
everytim,0,1,1,2
everytime,114,165,241,520
everytimes,0,1,0,1
everytin,0,6,0,6
everyting,1,0,2,3
everyway,0,0,11,11
everyweek,3,0,2,5
everywere,0,1,0,1
everywhere,214,167,361,742
everywheres,0,0,3,3
everywherrrrre,0,1,0,1
everywon,0,0,4,4
everywone,0,1,0,1
everyyywere,4,0,0,4
evet,0,4,0,4
evete,0,1,0,1
evey,1,0,4,5
eveybody,0,1,0,1
eveyday,1,0,0,1
eveyeone,0,0,3,3
eveyone,0,2,1,3
eveyrone,1,0,0,1
eveything,0,3,3,6
eveythingapplepro,0,1,0,1
eveythingggggg,0,1,0,1
eveytime,1,0,0,1
evic,0,0,1,1
evick,0,2,2,4
evict,5,0,0,5
evicted,1,4,10,15
evidemment,0,1,0,1
evidence,132,26,256,414
evidences,0,0,1,1
evidenceunseen,0,0,5,5
evidene,2,0,0,2
evident,6,0,21,27
evidente,2,1,0,3
evidently,0,0,18,18
evie,3,3,8,14
evik,0,5,0,5
evike,1,3,1,5
evikk,0,0,1,1
evil,964,17,137,1118
evilly,10,0,6,16
evilness,1,0,0,1
evils,7,0,4,11
evin,0,5,0,5
evindeki,0,1,0,1
evine,0,1,4,5
eviri,0,3,0,3
evirilmi,0,3,0,3
eviriye,0,1,0,1
evirmen,0,1,0,1
evita,0,1,0,1
evitar,0,9,0,9
evlad,0,1,0,1
evlat,0,1,0,1
evn,1,0,0,1
evny,0,0,2,2
evo,2,4,21,27
evoc,0,6,6,12
evocation,0,0,7,7
evocative,1,0,8,9
evoke,1,0,4,5
evoked,1,0,0,1
evokes,2,0,9,11
evoking,0,0,3,3
evol,0,0,1,1
evole,2,0,0,2
evoluci,0,1,0,1
evolucionando,1,0,0,1
evolution,45,30,109,184
evolutionary,7,1,14,22
evolutionists,4,0,0,4
evolutions,0,2,6,8
evolutivos,0,1,0,1
evolv,0,0,2,2
evolve,16,9,79,104
evolved,10,29,64,103
evolves,1,3,13,17
evolving,3,18,39,60
evon,0,1,0,1
evp,0,6,1,7
evps,0,8,0,8
evr,0,2,0,2
evra,0,2,5,7
evreinoff,0,0,8,8
evrerything,1,0,0,1
evrey,1,0,0,1
evreyfing,1,0,0,1
evreything,1,0,0,1
evrione,0,0,1,1
evrr,0,0,2,2
evry,3,0,5,8
evrybody,1,1,0,2
evrydai,0,0,1,1
evryday,0,1,3,4
evryeone,1,0,0,1
evryone,6,1,1,8
evrything,4,1,4,9
evrytiem,0,4,0,4
evrytime,0,0,1,1
evrywhere,3,0,0,3
evs,0,4,0,4
evt,1,0,0,1
evvah,0,0,1,1
evvvaa,0,0,2,2
evvveeer,0,1,0,1
ew,43,104,38,185
ewabiete,0,0,1,1
ewan,0,0,6,6
ewannebo,0,3,0,3
ewbaite,0,0,4,4
ewe,2,5,0,7
eweee,0,2,0,2
ewell,0,1,0,1
ewen,0,0,1,1
ewf,0,3,1,4
ewh,1,0,0,1
ewhat,0,1,0,1
ewidentnie,0,1,0,1
ewing,1,0,0,1
ewok,0,4,1,5
ewoks,1,0,0,1
ewrggggggggggggggggggddyyyftytjyggggggggggggggggggggggggggggggyyyyyyyyyyyyyyyyyyyyyyyyyyyyrrrrrrrrrrrrrrrrrrrrvvvvvvvvvvvvvvvvvvvvvvvvlllllllllllllllllllllllllljake,0,2,0,2
ews,3,4,0,7
eww,41,46,9,96
ewww,10,20,0,30
ewwww,1,3,0,4
ewwwww,1,1,0,2
ex,142,115,264,521
exacerbate,0,0,5,5
exacerbated,0,0,2,2
exaclty,7,0,2,9
exacly,0,8,0,8
exact,99,1,701,801
exacta,0,0,4,4
exacted,0,0,2,2
exactl,0,0,1,1
exactlly,0,0,1,1
exactly,204,20,1481,1705
exagerada,1,2,0,3
exagerado,0,2,2,4
exagerados,0,3,0,3
exagerando,0,1,0,1
exagerated,0,1,0,1
exagerating,0,0,1,1
exaggerate,2,1,13,16
exaggerated,31,1,20,52
exaggerates,0,0,1,1
exaggerating,3,5,20,28
exaggeration,1,0,13,14
exaggertate,1,0,0,1
exakt,0,1,0,1
exalt,0,0,1,1
exam,24,23,51,98
examination,2,0,8,10
examine,4,0,20,24
examined,2,1,5,8
examiner,1,0,0,1
examing,5,0,0,5
examining,1,1,4,6
example,213,44,819,1076
examples,18,3,69,90
exams,6,17,45,68
exarchopolous,0,2,0,2
exasperated,1,3,12,16
exasperating,0,0,12,12
exasperation,0,0,1,1
exatamente,0,2,0,2
exboyfriend,0,0,5,5
exboyfriends,0,0,5,5
exc,0,0,1,1
excape,1,0,0,1
excat,2,0,0,2
exceed,4,0,8,12
exceeded,1,0,11,12
exceeding,13,1,5,19
exceedingly,7,0,2,9
exceeds,0,0,2,2
excel,3,0,2,5
excelencia,0,2,0,2
excelent,0,4,13,17
excelente,1,85,2,88
excelenteeee,0,1,0,1
excelenteeeeeeeeeee,0,2,0,2
excelentes,0,7,0,7
excellance,1,0,0,1
excelled,0,0,6,6
excellence,1,15,17,33
excellent,20,8,807,835
excellente,3,0,0,3
excellently,0,0,11,11
excelling,0,1,4,5
excelllllleeeennnttt,0,1,0,1
excels,2,1,0,3
excelso,0,4,0,4
excepciones,0,4,0,4
except,240,123,691,1054
exceptable,0,4,2,6
excepted,4,0,0,4
excepting,1,0,1,2
exception,6,2,80,88
exceptional,6,0,56,62
exceptionalism,3,0,0,3
exceptionally,2,0,17,19
exceptions,12,0,11,23
excepto,1,0,0,1
excercise,1,0,10,11
excerise,0,0,1,1
excerpt,0,1,8,9
excerpts,0,0,2,2
excersice,0,0,1,1
excersise,0,0,1,1
excersising,0,1,0,1
excersize,0,0,4,4
excesive,2,0,0,2
exceso,0,4,0,4
excess,14,8,35,57
excesses,0,0,8,8
excessive,40,0,13,53
excessively,4,0,9,13
excessivly,0,0,1,1
exchange,23,23,82,128
exchanged,16,0,2,18
exchanges,0,0,11,11
exchanging,0,0,1,1
excided,0,1,0,1
excising,0,0,3,3
excision,0,2,1,3
excist,1,0,0,1
excists,0,3,0,3
excitado,0,4,0,4
excitante,0,1,0,1
excitar,0,1,0,1
excitation,0,1,0,1
excite,3,5,8,16
excited,167,0,3009,3176
exciteddd,1,1,1,3
excitedddd,0,4,4,8
excitedddddd,0,2,0,2
exciteddddddd,0,1,0,1
excitedddddddd,0,5,0,5
excitedly,5,0,4,9
exciteed,0,1,0,1
excitement,20,22,117,159
excitements,0,0,3,3
excites,1,0,0,1
exciting,31,0,385,416
excitingg,0,0,1,1
excititing,0,0,2,2
excitment,1,0,5,6
excito,0,1,0,1
excittted,0,2,0,2
exclaim,0,0,9,9
exclaimed,0,0,1,1
exclamation,7,3,1,11
exclamations,0,2,0,2
exclude,13,0,8,21
excluded,4,0,6,10
excludes,0,1,3,4
excluding,5,0,15,20
excluido,0,1,0,1
exclusion,1,0,3,4
exclusivas,0,2,0,2
exclusive,22,29,46,97
exclusively,18,5,53,76
exclusives,0,0,1,1
exclusivewriter,0,22,0,22
exclusivity,0,0,3,3
exclusivos,0,6,0,6
excommunicated,0,0,1,1
excorpio,0,2,0,2
excpect,1,0,0,1
excrement,0,0,1,1
excrete,1,2,2,5
excretion,1,0,0,1
excruciating,6,0,2,8
excruciatingly,1,0,0,1
excrutiatingly,0,0,1,1
exctasy,0,1,0,1
excted,0,0,3,3
excuess,0,0,1,1
excursion,4,0,0,4
excusable,0,0,5,5
excuse,321,0,242,563
excused,3,0,1,4
excuses,62,24,60,146
excusez,0,5,0,5
excusing,1,0,4,5
exe,12,34,9,55
exec,0,1,4,5
execelent,0,1,0,1
execept,3,0,0,3
execs,4,1,6,11
executable,1,1,1,3
execute,5,14,9,28
executed,8,9,76,93
executes,2,1,1,4
executing,0,0,3,3
execution,3,16,30,49
executioner,0,0,4,4
executions,5,0,1,6
executive,18,9,22,49
executives,0,2,20,22
exelent,0,6,1,7
exelente,0,30,6,36
exelentes,0,1,0,1
exellence,0,2,4,6
exema,0,0,1,1
exemple,3,2,2,7
exemplifies,0,0,3,3
exemplify,1,0,0,1
exempt,3,0,8,11
exemption,0,0,5,5
exemptions,2,0,1,3
exentos,0,0,1,1
exept,1,1,2,4
exeptance,0,0,1,1
exeptions,1,0,0,1
exerc,0,2,0,2
exercice,0,0,5,5
exercise,64,46,309,419
exercised,0,0,10,10
exercises,1,11,34,46
exercising,9,5,47,61
exerrent,0,1,0,1
exersice,0,0,2,2
exersize,0,0,3,3
exert,0,0,4,4
exerted,0,0,6,6
exes,6,4,14,24
exessive,0,0,1,1
exeter,2,4,7,13
exetreme,2,0,0,2
exfit,0,0,3,3
exfoliant,0,0,3,3
exfoliate,0,0,6,6
exfoliating,0,0,15,15
exfoliators,0,0,3,3
exgirlfriend,0,0,1,1
exhale,0,1,5,6
exhaled,0,1,1,2
exhales,0,2,2,4
exhaling,0,5,0,5
exhasts,0,0,1,1
exhaust,2,2,10,14
exhausted,34,0,20,54
exhaustiiiiiiiiiion,0,0,1,1
exhausting,44,0,54,98
exhaustion,12,1,5,18
exhausts,0,1,0,1
exhaustung,0,0,3,3
exhibit,2,3,6,11
exhibiting,0,0,2,2
exhibition,0,9,16,25
exhibitionism,0,3,0,3
exhibits,0,0,2,2
exhorbitant,2,0,3,5
exhumed,0,1,0,1
exhumes,0,0,1,1
exi,0,0,6,6
exicited,4,0,0,4
exict,0,3,0,3
exicted,0,1,6,7
exictied,0,1,0,1
exid,0,1,0,1
exige,0,0,1,1
exigen,0,1,1,2
exiges,0,1,0,1
exijo,0,1,0,1
exile,0,0,7,7
exiled,1,1,1,3
exiles,0,0,1,1
exisiting,0,0,2,2
exissst,0,1,0,1
exist,196,185,380,761
exista,0,2,0,2
existait,0,2,0,2
existance,0,0,4,4
existant,3,0,0,3
existe,0,3,0,3
existecialist,0,1,0,1
existed,19,38,104,161
existem,0,1,0,1
existence,59,29,165,253
existences,5,0,1,6
existencia,0,3,0,3
existencial,1,0,11,12
existent,5,14,45,64
existential,9,17,54,80
existentialism,6,1,3,10
existentialist,0,0,2,2
existentially,0,0,4,4
exister,0,4,0,4
existes,1,0,0,1
existia,0,2,0,2
existiese,0,1,0,1
existing,33,11,93,137
existir,0,4,0,4
exists,65,49,133,247
exit,23,31,27,81
exitada,0,4,0,4
exite,0,0,2,2
exited,20,74,74,168
exiteddddfddddd,0,4,0,4
exiting,7,7,13,27
exito,0,6,0,6
exitos,6,1,0,7
exitoso,0,1,0,1
exits,2,0,6,8
exkart,0,0,1,1
exlain,1,0,0,1
exlesent,0,0,2,2
exlpore,0,3,0,3
exo,17,30,71,118
exodus,16,1,14,31
exoeectting,0,1,0,1
exol,0,4,3,7
exols,0,2,4,6
exonerated,4,0,0,4
exoplanet,0,1,0,1
exorcise,0,1,0,1
exorcised,0,1,0,1
exorcising,1,0,0,1
exorcism,1,0,0,1
exorcist,2,5,13,20
exorcists,0,2,0,2
exos,0,0,2,2
exoskeletons,1,0,0,1
exotic,2,0,41,43
exotics,0,0,1,1
exotiiiiic,0,0,1,1
exp,1,1,1,3
expactant,2,0,0,2
expand,11,12,49,72
expandable,2,1,9,12
expanded,6,0,17,23
expanding,8,8,29,45
expands,0,0,13,13
expanse,0,3,0,3
expanses,0,0,5,5
expansion,7,9,29,45
expansions,0,1,7,8
expansive,1,0,12,13
expatriate,1,0,0,1
expats,4,0,3,7
expeccting,0,0,3,3
expecially,0,8,7,15
expect,209,107,528,844
expectafions,0,0,3,3
expectaitons,0,0,1,1
expectancies,0,0,1,1
expectancy,0,2,5,7
expectant,0,0,8,8
expectation,5,3,39,47
expectations,35,14,109,158
expectativa,0,1,0,1
expectativas,0,8,0,8
expected,150,4,330,484
expectid,2,0,0,2
expecting,106,114,368,588
expections,0,0,1,1
expects,5,5,18,28
expedient,13,0,1,14
expedition,0,0,8,8
expeditions,0,6,1,7
expel,0,1,1,2
expelled,14,10,14,38
expelling,0,1,0,1
expels,1,0,0,1
expencive,2,0,0,2
expend,0,0,2,2
expendable,1,0,6,7
expendables,0,3,0,3
expended,3,0,4,7
expending,1,0,0,1
expenditure,0,0,2,2
expense,7,6,36,49
expenses,3,2,21,26
expensice,2,0,0,2
expension,0,1,0,1
expensive,531,38,491,1060
expenssive,0,0,3,3
experation,0,2,0,2
experi,0,0,1,1
experiance,1,0,0,1
experiances,0,0,1,1
experiemce,0,0,8,8
experience,237,113,1145,1495
experienced,46,5,167,218
experiencer,0,0,1,1
experiences,97,21,238,356
experiencia,0,13,0,13
experiencing,22,12,89,123
experiment,38,70,178,286
experimental,3,0,32,35
experimentation,0,0,1,1
experimented,2,0,4,6
experimenting,3,0,19,22
experiments,17,6,42,65
experince,0,0,1,1
experinced,0,0,3,3
experment,0,1,0,1
expermented,0,0,1,1
experred,0,1,0,1
expert,46,18,91,155
expertise,1,0,17,18
expertly,0,0,1,1
expertos,0,4,0,4
experts,6,3,53,62
expessions,2,0,0,2
expewience,0,0,2,2
expialidosious,0,1,0,1
expidetion,0,3,0,3
expierence,0,0,7,7
expierenced,0,0,1,1
expinsive,1,0,0,1
expiration,1,0,1,2
expire,1,0,2,3
expired,1,4,17,22
expires,7,0,0,7
expirience,1,0,0,1
expiry,0,0,1,1
explain,319,244,572,1135
explainable,0,1,3,4
explaination,1,0,4,5
explained,37,47,129,213
explainer,0,0,1,1
explaining,48,47,131,226
explains,52,56,119,227
explainy,0,0,1,1
explanation,50,33,182,265
explanations,5,1,28,34
explanatory,8,0,15,23
explaning,1,0,0,1
explenation,0,1,0,1
explendida,0,1,0,1
expletives,2,0,0,2
explic,0,4,0,4
explica,0,5,0,5
explicaci,0,1,0,1
explicaciones,0,2,0,2
explican,0,4,0,4
explicar,0,2,0,2
explicas,0,3,2,5
explicit,3,1,16,20
explicitamente,0,0,2,2
explicitly,8,0,25,33
explicits,3,0,0,3
explico,0,1,0,1
explin,0,2,0,2
explique,0,11,0,11
expliqueee,0,1,0,1
explocito,0,1,0,1
exploda,0,1,0,1
explode,18,36,60,114
exploded,20,26,47,93
explodee,0,2,0,2
exploder,0,0,1,1
explodes,5,12,0,17
exploding,13,15,19,47
explody,1,0,0,1
exploit,33,3,25,61
exploitation,6,2,16,24
exploitative,2,0,3,5
exploited,14,4,6,24
exploiter,0,0,1,1
exploiting,6,6,29,41
exploitive,0,0,1,1
exploits,2,0,2,4
explooosion,0,2,0,2
explorada,0,1,0,1
explorar,0,0,2,2
exploration,2,8,64,74
explorations,0,0,1,1
explorative,0,0,1,1
exploratory,0,0,1,1
explore,16,9,113,138
explored,2,3,27,32
explorer,3,7,17,27
explorers,3,0,4,7
explores,0,0,9,9
explorin,0,0,2,2
exploring,2,2,33,37
explosi,1,0,0,1
explosion,36,42,46,124
explosiones,0,0,7,7
explosions,6,11,17,34
explosive,26,9,24,59
explosives,21,1,22,44
explosivo,0,1,0,1
explosm,0,7,0,7
explotando,0,1,0,1
explotar,0,1,1,2
exploted,0,1,0,1
exploting,0,0,1,1
expo,7,0,2,9
expolitied,0,0,4,4
expolsion,0,0,6,6
exponent,2,0,6,8
exponente,0,3,0,3
exponential,1,0,3,4
exponentially,4,0,7,11
exponentionally,0,0,1,1
export,0,9,4,13
exported,1,0,1,2
exporting,0,1,0,1
exports,0,0,1,1
expos,5,0,3,8
exposdd,5,0,0,5
expose,16,29,53,98
exposed,61,43,121,225
exposes,1,3,6,10
exposing,6,19,36,61
exposingchristianity,0,1,0,1
exposition,9,1,5,15
exposure,16,4,63,83
exposures,0,0,1,1
expound,0,0,1,1
expreriment,0,1,0,1
expresado,0,3,0,3
expresas,0,2,0,2
expresing,0,0,2,2
expreso,0,6,0,6
express,63,47,221,331
expressed,8,0,80,88
expresses,1,1,28,30
expressing,35,3,35,73
expression,38,23,138,199
expressionist,0,1,0,1
expressionless,5,0,0,5
expressions,9,10,94,113
expressive,0,0,29,29
expresss,0,0,1,1
expuls,0,1,0,1
expulsaran,0,3,0,3
expulsi,0,3,0,3
expulsion,1,0,1,2
exquisita,0,6,0,6
exquisite,0,0,25,25
exquisitely,0,0,5,5
exquisiteness,0,1,0,1
exquisito,0,1,0,1
exr,0,0,6,6
exsagar,0,2,0,2
exsidead,0,1,0,1
exsist,0,1,0,1
exsisted,2,1,1,4
exsistent,0,0,1,1
exsistential,0,4,3,7
exspensive,0,1,0,1
exsposed,0,1,0,1
exsposedddddddd,0,1,0,1
exstened,1,0,0,1
exstentions,0,1,0,1
exstremely,0,0,3,3
ext,0,1,6,7
extacy,0,1,0,1
extastential,0,1,0,1
extaterrestres,0,1,0,1
extatic,0,2,0,2
extemely,3,0,0,3
extemporaneous,1,0,0,1
extend,15,6,35,56
extended,17,39,70,126
extending,9,0,11,20
extendo,6,0,0,6
extends,0,1,12,13
extened,0,1,0,1
extension,10,11,39,60
extensions,15,26,44,85
extensive,2,3,30,35
extensively,4,0,4,8
extenstion,0,2,0,2
extent,23,0,60,83
extentenial,0,1,0,1
extention,1,0,2,3
extentions,0,0,8,8
extents,0,0,2,2
exterior,4,0,9,13
exterminate,3,0,6,9
exterminated,2,0,2,4
exterminating,1,0,0,1
extermination,0,0,1,1
external,7,2,22,31
externally,0,0,7,7
extict,0,1,0,1
exticy,0,0,1,1
extinct,39,0,18,57
extincted,0,3,0,3
extinction,5,11,25,41
extinctions,0,0,1,1
extinguirlo,0,1,0,1
extinguish,0,0,4,4
extinguished,0,1,1,2
extinguisher,0,3,0,3
extinguishers,0,0,1,1
extint,0,1,0,1
extintor,0,1,0,1
extolls,0,0,1,1
extort,11,0,2,13
extorted,0,1,1,2
extortion,6,3,7,16
extortionate,0,0,2,2
extortioners,0,3,0,3
extra,129,214,602,945
extraaaaa,0,2,0,2
extracellular,2,0,0,2
extracrispy,1,0,0,1
extract,9,8,40,57
extracted,0,0,1,1
extraction,1,0,1,2
extracuricular,0,0,2,2
extraditing,0,0,2,2
extradition,1,0,0,1
extragalactic,0,0,1,1
extranaba,0,1,0,1
extraneous,0,0,1,1
extraness,0,0,4,4
extrangeros,0,0,1,1
extrano,0,5,0,5
extraordinaire,0,0,4,4
extraordinarily,6,0,5,11
extraordinario,0,6,0,6
extraordinary,2,0,42,44
extrapolate,0,0,2,2
extrapolation,1,0,0,1
extras,5,6,13,24
extraterreste,0,1,0,1
extraterrestres,0,3,1,4
extraterrestrial,1,1,2,4
extraterrestrials,0,0,6,6
extraterreztres,0,1,0,1
extravagant,0,1,8,9
extremamente,0,1,0,1
extreme,124,0,153,277
extremely,258,5,533,796
extremen,1,0,0,1
extremes,7,0,2,9
extremism,4,0,12,16
extremist,21,2,9,32
extremists,7,2,2,11
extremities,0,0,1,1
extremity,5,0,1,6
extremly,1,0,3,4
extremmeee,0,0,1,1
extrenous,0,0,1,1
extrmemly,0,0,2,2
extrodinare,0,5,0,5
extrodinary,0,0,2,2
extrovert,0,0,2,2
extroverted,0,0,6,6
extroverts,0,0,2,2
extruder,0,1,10,11
exuberance,0,0,2,2
exuce,1,0,0,1
exude,0,0,8,8
exudes,0,0,1,1
exuse,0,0,2,2
exuses,1,0,0,1
exwives,0,0,1,1
exxagerated,0,0,2,2
exxellent,0,0,5,5
exxon,0,6,1,7
exxonmobil,0,3,0,3
exxxpress,1,0,0,1
exxxtra,0,0,5,5
ey,13,36,23,72
eyasluna,0,1,0,1
eybrow,0,2,0,2
eye,395,443,1483,2321
eyea,0,0,4,4
eyebags,0,6,6,12
eyeball,10,4,20,34
eyeballing,0,0,4,4
eyeballs,11,4,10,25
eyebrow,16,48,68,132
eyebrown,0,2,0,2
eyebrows,92,185,330,607
eyebrowsa,0,1,0,1
eyebrowz,0,1,0,1
eyecatcher,0,5,0,5
eyed,42,32,96,170
eyeeeess,0,1,0,1
eyefuckinglashes,0,0,3,3
eyegasm,0,1,0,1
eyeglasses,0,0,4,4
eyehole,0,1,1,2
eyeholes,0,3,1,4
eyein,2,0,0,2
eyeing,5,6,21,32
eyelash,5,8,25,38
eyelashes,39,46,83,168
eyeless,1,0,0,1
eyelets,0,0,14,14
eyelid,4,7,20,31
eyelids,9,16,15,40
eyelined,0,0,1,1
eyeliner,31,51,284,366
eyelinerrr,3,0,0,3
eyeliners,8,11,31,50
eyelook,0,3,11,14
eyelure,0,0,4,4
eyemakeup,0,1,5,6
eyerbrows,0,0,7,7
eyeroll,0,1,4,5
eyes,677,621,2019,3317
eyesahddows,0,0,3,3
eyeshaddows,0,0,6,6
eyeshade,0,0,3,3
eyeshadow,76,104,525,705
eyeshadows,10,20,73,103
eyeshine,0,0,1,1
eyesight,11,9,3,23
eyesore,0,1,0,1
eyesporn,0,3,0,3
eyesss,0,1,0,1
eyessss,0,3,5,8
eyesssssss,0,1,0,1
eyessssssssssssssss,0,1,0,1
eyetopper,0,0,1,1
eyewash,0,1,0,1
eyez,4,10,0,14
eyezzzz,0,0,1,1
eyfs,0,0,6,6
eygpt,0,0,2,2
eyi,0,3,0,3
eyjafjallaj,0,2,0,2
eyl,0,6,0,6
eyler,0,8,0,8
eyo,0,0,5,5
eyoooooo,0,0,5,5
eyooooooo,0,0,1,1
eyrbrows,0,0,1,1
eyrek,0,1,0,1
eyshadow,0,5,0,5
eytan,1,0,0,1
eyy,1,11,4,16
eyyy,0,4,1,5
eyyyy,0,2,5,7
ez,7,29,10,46
ezas,0,2,0,2
ezcema,0,0,4,4
ezekiel,0,0,13,13
ezio,2,10,5,17
ezios,0,0,4,4
ezno,0,1,0,1
ezo,0,2,0,2
ezoo,0,1,0,1
ezra,5,6,8,19
ezria,0,0,4,4
ezy,0,1,0,1
ezz,1,5,0,6
ezzo,0,0,11,11
fa,22,42,48,112
faa,1,0,3,4
faaaaaaaaa,1,0,0,1
faaaaaaaaake,1,0,0,1
faaaaaake,0,1,0,1
faaaaaave,0,1,0,1
faaaaakkkk,1,0,0,1
faaaake,0,4,0,4
faaaakkke,0,4,0,4
faaaar,1,0,0,1
faaaarrrr,0,0,2,2
faaace,0,3,0,3
faaar,1,0,0,1
faaark,0,0,1,1
faaast,0,3,0,3
faaavvveeerrriiittte,0,6,0,6
faace,0,1,0,1
faaking,0,0,5,5
faas,0,0,5,5
fab,24,120,308,452
faba,0,8,0,8
fabby,0,0,4,4
fabeelous,0,2,0,2
fabian,0,5,0,5
fabio,0,3,0,3
fable,0,0,4,4
fabled,0,0,1,1
fables,0,0,6,6
fabletics,0,0,1,1
faboo,0,2,0,2
faborit,0,2,0,2
faborita,0,1,0,1
fabracted,0,0,6,6
fabre,0,1,0,1
fabregas,14,3,47,64
fabri,0,1,1,2
fabric,53,11,61,125
fabricaci,4,0,0,4
fabricate,1,6,1,8
fabricated,7,2,18,27
fabrication,0,0,3,3
fabrications,1,0,0,1
fabricator,0,0,3,3
fabrice,0,0,1,1
fabrich,0,0,3,3
fabricio,5,8,1,14
fabrics,6,2,18,26
fabrique,2,0,0,2
fabro,0,3,0,3
fabs,6,0,0,6
fabu,0,11,3,14
fabules,0,0,1,1
fabuleuse,0,2,0,2
fabulosa,0,1,0,1
fabuloso,0,3,1,4
fabulous,6,1,443,450
fabulously,1,0,5,6
fabulouss,0,1,0,1
fabuloussssss,0,0,6,6
fabulousssssss,0,1,0,1
fabulouuss,0,0,2,2
fac,1,0,2,3
facade,15,0,2,17
facades,1,0,0,1
faccia,0,1,1,2
facciamo,0,1,0,1
faccio,0,4,0,4
facd,0,5,0,5
face,1150,1326,3242,5718
faceass,1,0,0,1
faceberg,0,0,2,2
facebook,99,108,298,505
facecam,0,2,0,2
faced,43,31,130,204
facee,0,1,0,1
faceeee,0,1,0,1
facehugger,1,0,0,1
facehuggers,0,0,2,2
facehuggy,4,0,0,4
faceid,4,1,12,17
faceless,4,3,4,11
facelift,0,1,4,5
facelifts,0,0,5,5
facelogical,1,0,1,2
facemask,0,1,1,2
facemasks,0,0,1,1
facendo,0,1,0,1
facenizi,0,1,0,1
faceofdepression,0,1,0,1
faceoff,0,2,0,2
faceoffs,0,1,0,1
facepalm,5,6,10,21
facepalming,0,1,1,2
facepalms,4,1,0,5
faceplate,0,0,2,2
facereveal,0,2,0,2
facers,0,0,4,4
faces,92,75,194,361
facescaning,0,0,1,1
facese,0,0,1,1
facesitting,0,1,0,1
facet,2,0,5,7
facetime,7,3,16,26
facetimed,0,0,1,1
facetiming,2,0,1,3
facetious,0,0,2,2
faceto,0,0,1,1
facets,6,0,10,16
facetune,0,2,0,2
faceu,0,1,1,2
faceup,0,0,1,1
facevo,0,5,0,5
facewash,0,0,2,2
facha,0,5,0,5
fachas,0,3,0,3
fachero,0,2,0,2
facial,68,45,226,339
facially,0,0,1,1
facials,0,0,8,8
facil,0,16,0,16
facile,0,0,2,2
facilidade,0,1,0,1
facilit,0,2,0,2
facilitar,0,4,0,4
facilitate,2,0,3,5
facilitated,0,0,2,2
facilitates,0,0,1,1
facilitating,0,0,5,5
facilities,2,1,7,10
facility,5,0,25,30
facinados,0,2,0,2
facinated,0,0,1,1
facinating,0,0,1,1
facing,29,21,79,129
facintating,0,0,3,3
facist,0,1,5,6
facists,1,2,0,3
fack,1,24,0,25
fackfreakintastic,0,1,0,1
fackin,0,2,1,3
facking,3,10,1,14
fackung,0,1,0,1
facr,0,2,0,2
facsimile,0,4,0,4
fact,649,253,1870,2772
factcheck,2,0,0,2
faction,8,4,6,18
factions,7,0,6,13
facto,0,0,10,10
factoids,0,0,3,3
factor,88,68,249,405
factored,1,0,3,4
factories,4,0,9,13
factoring,1,0,2,3
factorio,0,0,1,1
factors,19,0,68,87
factory,22,35,61,118
facts,152,123,295,570
factssss,0,1,0,1
factual,13,1,13,27
factuality,3,0,0,3
factually,3,0,3,6
facturas,0,4,0,4
factz,2,1,0,3
faculties,1,0,1,2
faculty,0,0,4,4
facys,0,0,1,1
fad,2,4,13,19
fada,0,6,0,6
fadduh,0,1,0,1
fade,15,16,72,103
fadeaway,0,0,1,1
faded,17,6,21,44
fadell,0,1,0,1
fades,2,1,16,19
fading,10,5,26,41
fads,0,0,2,2
fadting,0,2,0,2
faecal,0,0,6,6
faeces,2,0,0,2
faek,0,0,1,1
fafafa,7,0,0,7
fafanec,8,0,0,8
faffing,1,0,0,1
fag,49,62,18,129
fagas,1,0,0,1
fagatito,0,0,1,1
faget,0,1,0,1
fagg,1,1,1,3
fagget,2,4,3,9
faggets,1,6,2,9
fagggggggo,0,1,0,1
faggier,0,1,0,1
faggiest,0,1,0,1
fagging,0,1,0,1
faggit,0,4,0,4
faggos,0,0,1,1
faggot,123,102,76,301
faggotfaggotfaggotfaggotfaggotfaggotfaggotfaggotfaggotfaggotfaggotfaggotfaggotfaggot,0,1,0,1
faggotry,1,3,1,5
faggots,47,37,13,97
faggotset,3,0,0,3
faggotti,0,1,0,1
faggoty,0,1,0,1
faggs,1,1,0,2
faggy,8,0,3,11
faginem,0,1,0,1
fagit,0,2,0,2
fagness,2,0,0,2
fagot,3,0,1,4
fagotry,1,0,0,1
fagots,1,3,0,4
fags,12,16,9,37
fah,0,2,0,2
fahn,0,0,1,1
fahren,0,1,0,1
fahrenheit,14,35,27,76
fai,0,11,0,11
faible,0,8,0,8
fail,345,2,303,650
failed,265,10,148,423
failedfeminism,0,0,1,1
failer,1,0,0,1
failing,28,12,103,143
failings,0,0,6,6
failiure,7,0,0,7
failliet,0,1,0,1
failllll,0,0,1,1
fails,94,8,160,262
failsafe,0,1,0,1
failure,160,0,211,371
failures,24,2,22,48
failweather,0,2,0,2
failx,0,1,0,1
faim,0,1,0,1
fainnnne,0,0,1,1
faint,27,0,23,50
fainted,5,5,9,19
faintest,1,0,2,3
fainting,6,0,10,16
faintly,3,0,1,4
faints,8,3,1,12
fair,120,7,721,848
fairbanks,0,0,1,1
faire,15,50,16,81
faired,1,0,0,1
fairenhight,0,1,0,1
fairer,11,0,9,20
fairey,4,0,0,4
fairfield,0,1,0,1
fairfight,0,1,0,1
fairies,5,3,0,8
fairing,0,0,2,2
fairly,28,5,148,181
fairmount,0,1,0,1
fairness,0,2,29,31
fairplay,0,0,3,3
fairpoint,0,0,2,2
fairrrr,1,0,0,1
fairs,5,10,13,28
fairtrade,4,0,2,6
fairweather,0,0,2,2
fairy,35,41,99,175
fairychar,0,0,1,1
fairydrops,0,0,1,1
fairytail,0,3,0,3
fairytale,4,8,18,30
fairytales,1,1,2,4
fais,1,31,10,42
faisais,0,0,2,2
fait,8,56,23,87
faite,0,3,0,3
faites,1,0,4,5
faith,86,76,371,533
faithful,10,18,40,68
faithfull,0,0,1,1
faithfully,0,0,13,13
faithfulness,0,0,6,6
faiza,0,0,4,4
faizal,0,0,1,1
faizi,0,1,0,1
fajita,4,0,11,15
fajitas,0,1,0,1
fajna,0,3,0,3
fajne,0,5,0,5
fajnie,0,6,0,6
fajny,0,3,0,3
fak,0,7,2,9
fakas,0,0,1,1
fakat,0,3,0,3
fake,1979,88,528,2595
fakeas,0,0,4,4
faked,7,8,12,27
fakeee,0,2,0,2
fakeeee,0,1,0,1
fakeeeee,0,5,0,5
fakeeeeee,3,0,0,3
fakeeeeeee,0,4,0,4
fakefan,0,0,1,1
fakefans,0,0,4,4
fakehatecrimes,1,0,0,1
fakeing,1,0,0,1
fakel,0,2,0,2
fakely,0,0,1,1
fakeness,1,0,3,4
fakenews,10,23,5,38
fakeout,0,0,1,1
fakeouts,0,0,1,1
faker,10,24,9,43
fakers,3,4,5,12
fakery,0,0,1,1
fakes,19,5,12,36
fakesgiving,0,0,4,4
fakest,0,17,7,24
fakestarwars,0,0,1,1
faketaxi,0,0,2,2
fakie,2,1,0,3
fakin,2,3,0,5
faking,17,17,14,48
fakir,0,1,0,1
fakk,0,6,0,6
fakka,0,1,0,1
faknews,0,0,1,1
fakyou,0,1,0,1
fakyu,0,2,0,2
fala,0,9,0,9
falafel,0,1,1,2
falam,0,1,1,2
falan,0,4,0,4
falando,0,7,0,7
falar,0,13,2,15
falcao,0,6,0,6
falcon,7,26,85,118
falcone,0,1,0,1
falcons,0,4,5,9
fald,0,1,0,1
falen,0,1,0,1
faliage,0,0,1,1
falk,0,1,0,1
falkirk,0,0,1,1
falklands,0,0,1,1
fall,310,341,1165,1816
falla,0,6,0,6
fallacies,5,0,3,8
fallacious,2,3,0,5
fallaciously,1,0,6,7
fallacy,4,0,6,10
fallait,0,3,0,3
fallan,0,1,0,1
fallar,0,2,0,2
fallas,0,0,1,1
fallato,0,3,0,3
fallaut,0,4,0,4
fallback,0,2,0,2
fallecido,0,1,0,1
fallen,35,19,114,168
fallin,4,7,50,61
falling,103,82,257,442
fallinginlovewithbobby,0,1,0,1
fallisha,0,4,0,4
fallllllin,0,0,1,1
falln,1,0,0,1
fallo,0,3,0,3
fallon,23,28,42,93
fallons,0,0,1,1
fallopian,0,0,3,3
fallota,0,1,0,1
fallout,19,33,41,93
falloutboi,0,0,1,1
falloutboy,0,1,1,2
falloutboys,0,1,0,1
fallow,3,1,0,4
fallowing,1,0,6,7
falls,56,57,97,210
fallsinlove,0,0,4,4
fallujah,0,1,1,2
fallvibes,0,1,5,6
falon,0,0,3,3
falsas,0,1,0,1
false,419,0,194,613
falsedad,2,0,0,2
falseflag,0,9,0,9
falsehood,11,0,2,13
falsehoods,0,0,3,3
falsely,19,0,14,33
falses,0,0,5,5
falsetto,1,11,2,14
falsettoooooo,0,1,0,1
falsettos,1,1,0,2
falseys,0,0,1,1
falshpoint,1,0,0,1
falsies,0,0,11,11
falsifiable,1,1,1,3
falsified,1,0,0,1
falso,0,1,0,1
falsooooo,0,3,0,3
falsos,0,0,1,1
falt,0,11,1,12
falta,3,83,7,93
faltaba,0,1,0,1
faltado,0,4,0,4
faltan,0,12,0,12
faltando,0,1,0,1
faltar,0,6,0,6
faltarian,0,1,0,1
faltaron,0,3,0,3
faltas,0,6,0,6
faltava,0,1,0,1
falten,0,0,3,3
faltering,0,0,2,2
falto,1,17,0,18
faltou,0,8,0,8
falts,0,4,0,4
faltu,0,1,0,1
faluma,0,1,0,1
falun,2,0,0,2
fam,83,177,145,405
fama,0,14,2,16
famaly,0,1,0,1
famaree,0,1,0,1
famblies,0,0,1,1
fambly,0,0,1,1
famdom,0,1,0,1
fame,90,57,215,362
famed,0,0,1,1
famely,0,1,0,1
famer,0,3,1,4
famewhore,2,0,0,2
fami,0,4,0,4
famiclones,0,0,3,3
famicom,4,0,11,15
famieiieieiieieily,0,1,0,1
famil,0,4,0,4
familes,0,0,4,4
famili,0,0,1,1
familia,0,15,12,27
familial,8,0,8,16
familiar,13,0,205,218
familiarity,1,0,13,14
familias,0,2,0,2
familie,0,1,5,6
familier,1,0,0,1
families,79,45,229,353
familiia,0,0,1,1
familis,1,0,0,1
familiy,0,0,4,4
familjen,0,1,0,1
famille,0,3,1,4
familles,0,2,0,2
familly,0,1,0,1
family,760,602,3314,4676
familygoals,0,3,0,3
familys,2,0,4,6
familyyy,0,1,1,2
familyyyy,0,0,1,1
famine,0,0,15,15
famished,0,1,0,1
famley,0,0,1,1
famliy,0,1,1,2
famm,0,0,1,1
fammm,0,1,0,1
fammmm,0,2,0,2
fammmmm,0,1,0,1
famos,0,0,3,3
famosa,0,3,0,3
famoso,0,3,2,5
famosos,0,2,2,4
famous,96,2,664,762
famouse,0,1,1,2
famously,0,0,2,2
fams,0,1,2,3
famsquad,0,2,1,3
fan,766,891,2867,4524
fanaly,0,0,1,1
fanart,2,0,1,3
fanatic,6,0,10,16
fanatica,1,0,0,1
fanatical,1,6,0,7
fanatics,3,0,6,9
fanatik,0,1,0,1
fanbase,16,4,27,47
fanbases,0,0,5,5
fanbois,4,0,0,4
fanboy,14,6,35,55
fanboying,0,1,2,3
fanboyoverload,0,0,1,1
fanboys,32,10,35,77
fancam,0,0,1,1
fanchant,1,2,1,4
fanchants,0,0,1,1
fancier,0,0,5,5
fancies,0,1,2,3
fanciest,0,1,0,1
fanciful,0,0,4,4
fanclub,0,0,1,1
fancy,33,34,196,263
fancyassuah,0,0,1,1
fancying,1,0,1,2
fancys,0,0,1,1
fancyyyy,0,2,0,2
fand,0,5,0,5
fandango,8,0,0,8
fanderwaal,0,2,14,16
fanderwaalnews,0,0,2,2
fanderwaals,1,0,5,6
fanderwaalsincedayone,0,0,5,5
fanderwall,0,1,1,2
fanderwallforever,0,1,0,1
fanderwallsinceday,0,0,1,1
fandom,24,40,71,135
fandome,0,2,0,2
fandoms,2,8,13,23
fandroid,0,1,0,1
fane,0,0,1,1
fanfan,1,4,0,5
fanfest,0,3,0,3
fanfic,4,9,5,18
fanfics,16,2,0,18
fanfict,0,3,0,3
fanfiction,4,4,7,15
fanfictions,0,1,1,2
fanfik,0,1,0,1
fanfkntastic,0,0,5,5
fang,0,1,0,1
fangay,0,1,0,1
fangays,1,0,0,1
fangirl,6,7,30,43
fangirled,1,1,3,5
fangirlin,0,1,0,1
fangirling,9,6,25,40
fangirls,3,6,5,14
fangirly,0,0,1,1
fangless,0,0,4,4
fangroups,0,0,1,1
fangs,4,18,13,35
fangz,4,0,2,6
fani,0,2,0,2
faniel,0,0,2,2
fanish,0,1,0,1
fank,0,2,1,3
fankoo,1,0,0,1
fanless,0,0,3,3
fanmade,0,3,3,6
fanmail,0,0,3,3
fanmeeting,0,0,1,1
fanne,0,0,4,4
fannee,0,0,1,1
fanni,0,1,0,1
fannie,1,0,1,2
fanniegate,1,0,0,1
fannies,0,0,2,2
fanning,1,7,1,9
fannnn,0,8,0,8
fanno,1,2,0,3
fanny,5,33,35,73
fannypack,0,1,3,4
fanofbbcearth,0,1,0,1
fanofchelsea,0,2,0,2
fanook,0,1,0,1
fanpage,0,5,11,16
fans,617,477,1605,2699
fanservice,0,1,0,1
fansinceday,0,1,0,1
fansnya,0,1,0,1
fansouthere,0,1,0,1
fansss,0,0,2,2
fanstastic,0,6,1,7
fanstasy,0,0,2,2
fant,0,27,5,32
fanta,1,10,4,15
fantabulos,0,0,1,1
fantabulous,0,0,1,1
fantacalcio,0,1,0,1
fantano,0,11,3,14
fantansy,0,0,1,1
fantards,1,0,0,1
fantasa,0,1,0,1
fantasia,0,4,3,7
fantasic,0,1,0,1
fantasies,3,0,8,11
fantasize,5,1,2,8
fantasizes,0,3,0,3
fantasmigorical,0,4,0,4
fantasms,0,0,2,2
fantastic,34,26,1624,1684
fantastica,0,12,1,13
fantasticaas,0,1,0,1
fantastical,1,0,2,3
fantastically,0,0,13,13
fantastich,0,3,0,3
fantastici,0,3,0,3
fantastico,0,16,3,19
fantastique,0,6,3,9
fantastisch,0,2,3,5
fantasy,52,52,182,286
fantatic,0,0,1,1
fantfourstic,0,0,4,4
fantl,0,1,0,1
fantoche,0,1,0,1
fantv,1,0,5,6
fanty,0,3,0,3
fanwar,1,0,2,3
fanwars,0,0,2,2
fanxity,0,1,0,1
fanyyy,0,2,0,2
fanz,0,0,2,2
fao,0,0,1,1
faoi,0,1,0,1
fap,16,27,6,49
fapfap,0,0,7,7
fapfaps,0,0,3,3
fapp,1,0,0,1
fapped,1,3,0,4
fapping,1,6,0,7
faps,0,0,1,1
faq,1,0,2,3
faqs,0,0,3,3
far,447,9,2964,3420
fara,0,4,0,4
farage,1,15,5,21
farai,0,3,0,3
farb,0,0,1,1
farce,26,0,16,42
farci,0,2,0,2
farcical,0,0,1,1
farcry,0,3,1,4
fare,6,19,21,46
fared,0,0,2,2
farenheight,0,0,1,1
farenheit,0,0,2,2
fares,3,1,16,20
farewell,1,14,28,43
farfan,0,4,0,4
farfetched,0,2,0,2
fargo,1,1,5,7
farhann,1,0,0,1
faring,0,0,1,1
farirai,0,0,1,1
faris,1,0,0,1
fark,0,2,1,3
farkedilmezdin,0,1,0,1
farkimizi,0,3,0,3
farley,7,3,2,12
farm,39,49,75,163
farma,6,0,0,6
farmacy,6,0,13,19
farmageddon,0,4,0,4
farmed,2,0,1,3
farmer,15,2,24,41
farmers,32,17,82,131
farmersonly,0,1,0,1
farmfoods,0,0,3,3
farmhouse,0,2,0,2
farmi,0,1,0,1
farmiliar,0,1,0,1
farming,35,27,107,169
farmland,3,0,8,11
farms,9,4,12,25
farmville,0,0,1,1
faroe,0,5,5,10
farofas,0,0,1,1
faron,0,0,1,1
farosh,1,0,0,1
farquaad,0,1,0,1
farquad,0,0,2,2
farr,0,0,2,2
farrage,0,0,6,6
farrah,0,0,1,1
farrar,0,1,0,1
farrel,0,3,0,3
farrell,0,22,17,39
farrells,0,5,0,5
farris,1,0,5,6
farrow,0,0,2,2
farrr,0,7,0,7
farrrr,0,0,2,2
farrrrr,0,0,2,2
farrrrrrr,0,0,3,3
farruko,0,2,0,2
farsa,0,5,0,5
farsali,0,0,3,3
farsante,0,4,0,4
farsas,0,2,0,2
farscal,1,0,0,1
farscape,0,0,1,1
farse,0,0,1,1
farselonistas,0,2,0,2
farsi,1,0,0,1
fart,27,92,56,175
farted,4,24,7,35
fartface,0,4,0,4
farther,8,5,8,21
farthest,3,0,0,3
fartin,1,0,0,1
farting,2,8,18,28
farts,15,36,40,91
fartsy,2,0,0,2
farty,2,0,0,2
faru,1,0,0,1
farwell,1,0,0,1
faryal,0,0,5,5
farza,0,11,0,11
fasal,0,0,2,2
fasbender,0,0,2,2
fascin,0,1,0,1
fascina,0,7,1,8
fascinar,0,1,0,1
fascinate,0,1,0,1
fascinated,5,1,25,31
fascinating,5,0,184,189
fascinatingly,0,0,1,1
fascination,0,0,12,12
fascinations,0,1,0,1
fascino,0,1,0,1
fascism,27,4,8,39
fascist,31,15,9,55
fascista,0,5,0,5
fascistas,0,3,0,3
fascists,9,0,15,24
fase,0,2,0,2
fases,0,0,2,2
fashanu,0,6,0,6
fashein,0,1,0,1
fashinova,0,0,1,1
fashiomable,0,0,3,3
fashion,162,125,773,1060
fashionable,2,5,63,70
fashionably,2,1,0,3
fashionapolis,0,1,0,1
fashionbased,0,0,3,3
fashioned,2,2,40,44
fashionista,1,0,6,7
fashionmia,0,0,1,1
fashionnova,0,2,2,4
fashions,0,1,3,4
fashionweek,1,0,0,1
fashizzle,0,2,0,2
fasho,1,4,0,5
fashun,0,2,0,2
fasileties,1,0,0,1
fasion,0,0,1,1
faslehoods,0,0,1,1
fass,0,1,0,1
fassbender,1,15,7,23
fassbonding,1,0,0,1
fasse,0,1,0,1
fasses,0,2,0,2
fassold,0,1,0,1
fassssst,0,0,1,1
fast,259,23,1590,1872
fastback,0,1,0,1
fastball,0,2,0,2
fasten,0,0,3,3
fastened,0,0,6,6
fastener,5,0,0,5
fastens,0,0,2,2
faster,103,74,279,456
fastermo,2,0,0,2
fasterzxx,2,0,0,2
fastes,0,1,0,1
fastest,10,39,49,98
fastforward,0,0,1,1
fasting,3,4,18,25
fastlane,0,2,0,2
fastlove,2,0,0,2
fastpass,0,5,0,5
fastsave,2,0,0,2
fastservicegroup,0,4,0,4
fastt,0,1,0,1
fasttalkinbabes,0,1,0,1
fasttt,0,4,0,4
fasz,0,2,0,2
fasza,0,1,0,1
fat,425,420,703,1548
fata,0,0,1,1
fatal,11,7,15,33
fatale,0,0,5,5
fatalism,0,0,1,1
fatalist,0,0,2,2
fatalities,6,0,1,7
fatality,0,1,0,1
fatally,0,0,2,2
fatass,4,12,22,38
fatasses,0,1,0,1
fatastic,0,1,0,1
fatata,0,2,2,4
fatbody,0,4,0,4
fatcon,0,4,0,4
fate,39,11,47,97
fated,0,6,0,6
fateful,2,0,4,6
fatelo,0,1,0,1
fatest,0,4,1,5
fatha,0,0,1,1
fathead,0,1,0,1
father,263,136,694,1093
fatherhood,3,0,4,7
fathering,0,0,1,1
fatherland,0,0,2,2
fatherless,5,2,10,17
fatherliness,0,0,2,2
fatherly,1,0,6,7
fathers,56,17,54,127
fathom,12,1,15,28
faticoso,0,1,0,1
fatigue,5,6,27,38
fatigued,0,0,13,13
fatigues,2,0,0,2
fatiguing,0,0,3,3
fatih,0,6,2,8
fatima,0,2,3,5
fatimina,0,0,2,2
fatjoe,0,0,2,2
fatkademiks,0,5,0,5
fatlivesmatter,0,0,1,1
fatman,0,1,3,4
fato,0,0,4,4
fator,3,4,13,20
fatroll,0,3,0,3
fatrollin,0,2,0,2
fats,1,6,20,27
fatso,0,2,0,2
fatten,0,0,2,2
fattened,0,0,1,1
fattening,1,0,0,1
fatter,9,10,20,39
fattes,1,0,0,1
fattest,5,2,4,11
fattie,1,0,3,4
fattieflorence,0,0,1,1
fattier,0,0,2,2
fatties,2,2,4,8
fattiness,0,0,1,1
fattness,0,0,1,1
fatto,5,36,0,41
fattore,0,0,1,1
fattt,0,1,0,1
fattttt,1,0,0,1
fattu,0,1,0,1
fatty,16,0,42,58
fattys,0,4,0,4
fatuous,0,0,5,5
fatwa,1,0,0,1
fatwas,0,0,3,3
faucet,2,2,10,14
faucets,0,0,1,1
faufil,0,1,0,1
faukily,0,1,0,1
faul,0,1,0,1
fauleras,0,3,0,3
faulhaber,0,0,1,1
faulkner,1,0,5,6
fauls,0,0,1,1
fault,182,62,218,462
faulting,1,0,0,1
faults,2,0,10,12
faulty,9,9,8,26
fauna,3,1,3,7
faust,0,0,1,1
faustino,0,0,3,3
faut,2,14,5,21
faute,0,2,0,2
fautes,0,0,1,1
fauvorite,0,1,0,1
faux,13,12,35,60
fauxfilter,0,3,0,3
fauzan,0,1,0,1
fav,53,303,508,864
favaorite,0,1,0,1
favarite,0,1,0,1
fave,48,166,346,560
faveee,0,7,0,7
faveeeee,0,0,1,1
faveeeeee,1,0,0,1
favelas,0,3,1,4
faverate,0,1,0,1
faverouite,1,1,0,2
faves,15,37,95,147
favesss,0,1,0,1
favessss,0,6,4,10
favesssss,0,1,0,1
faving,0,0,1,1
favirote,0,1,0,1
faviroute,0,0,1,1
favo,0,2,0,2
favoirtes,0,0,1,1
favolosi,0,2,0,2
favor,26,131,94,251
favorably,0,0,1,1
favorate,0,1,0,1
favore,0,1,0,1
favorecer,0,5,0,5
favorecidas,0,1,0,1
favored,4,0,6,10
favoret,0,0,2,2
favoretismo,0,4,0,4
favoriate,0,0,1,1
favoriet,0,0,1,1
favoriete,0,5,0,5
favoriite,0,3,0,3
favoring,3,0,4,7
favorint,0,0,1,1
favorists,1,0,0,1
favorit,0,1,7,8
favorita,1,26,0,27
favoritas,1,5,0,6
favorite,122,23,4227,4372
favorited,0,0,2,2
favoritee,0,1,0,1
favoriteeee,0,1,0,1
favorites,13,86,241,340
favoriting,0,0,3,3
favoritism,0,3,5,8
favoritisme,0,0,1,1
favorito,0,11,2,13
favoritos,0,3,1,4
favorits,0,1,1,2
favority,0,0,1,1
favors,6,1,23,30
favortite,0,0,1,1
favour,15,10,44,69
favoured,0,0,1,1
favouring,1,0,4,5
favourit,0,1,0,1
favourite,184,661,1175,2020
favourites,17,36,178,231
favouritist,0,3,0,3
favours,3,1,6,10
favourtism,1,0,0,1
favreau,0,0,1,1
favriote,1,0,0,1
favrioute,0,0,2,2
favrite,0,0,1,1
favroit,0,7,0,7
favrouite,0,0,1,1
favs,7,28,66,101
favssss,0,5,0,5
favsssss,0,1,0,1
favv,0,0,2,2
favvv,0,4,0,4
favvvv,0,5,1,6
favvvvv,0,1,0,1
favvvvvv,0,1,0,1
favvvvvvv,0,0,1,1
fawk,0,3,0,3
fawken,1,0,0,1
fawkes,0,0,7,7
fawlks,1,0,0,1
fawlty,2,0,2,4
fawn,0,0,2,2
fawning,0,0,4,4
fawt,3,0,0,3
fay,0,0,1,1
faygo,3,0,0,3
fayiehw,0,1,0,1
faysal,0,0,17,17
faz,0,15,3,18
fazbar,0,1,0,1
fazbear,2,1,0,3
faze,3,14,4,21
fazed,0,0,4,4
fazen,0,0,1,1
fazendo,0,9,0,9
fazer,0,13,0,13
fazfish,0,3,0,3
fazia,1,4,0,5
faziam,2,0,0,2
fazla,0,3,0,3
fb,22,13,67,102
fbd,1,0,0,1
fbe,1,1,17,19
fbehwbs,1,0,0,1
fbfb,0,0,14,14
fbfbfb,0,0,8,8
fbffbfffbbbffbfrff,0,0,4,4
fbfffbyfbffffbbfbfbfffbyufffbfbbfbfufbfbfbbbyuufyugyubbfbffcffbfbftbbyftbybybybbtfbybfyuyfybybbybyuybgbbbyfn,0,0,2,2
fbffffbfb,0,0,2,2
fbfr,1,0,1,2
fbi,41,27,49,117
fbo,0,0,1,1
fbr,1,0,0,1
fbssbsbssnn,0,2,0,2
fbt,0,0,1,1
fbuw,0,1,0,1
fbw,1,0,1,2
fc,15,148,97,260
fcb,0,15,1,16
fcbforever,0,5,0,5
fcc,0,4,8,12
fcfa,0,0,2,2
fcfb,0,0,4,4
fcgb,0,0,4,4
fcgbbfygfggbftfbbgbgycfgbgbgfgb,0,0,2,2
fci,0,1,0,1
fcim,0,3,0,3
fck,40,24,16,80
fcka,1,0,0,1
fckd,0,1,0,1
fcked,2,2,2,6
fcken,1,1,0,2
fckerr,1,0,0,1
fckers,0,0,1,1
fckin,4,9,12,25
fcking,10,23,27,60
fckkk,1,0,0,1
fckkkk,0,0,3,3
fckn,5,1,5,11
fckng,1,1,4,6
fcks,0,1,0,1
fckt,0,1,0,1
fckude,0,0,1,1
fckung,0,2,0,2
fcome,0,0,1,1
fcp,0,2,1,3
fcpx,0,1,0,1
fcsjhjd,0,1,0,1
fcuk,0,6,1,7
fcuked,1,0,0,1
fcukin,3,1,0,4
fcuks,0,1,0,1
fcuuuuuukin,1,0,0,1
fcy,0,0,10,10
fd,0,3,12,15
fda,0,0,3,3
fddhsugfhiazskjfb,2,0,0,2
fdev,0,0,12,12
fdf,0,0,4,4
fdfeudjsokdknfhrnfiediwnd,0,0,1,1
fdhfjghr,0,0,1,1
fdj,0,1,0,1
fdof,0,0,5,5
fdp,0,2,0,2
fdr,0,1,1,2
fdrs,0,0,1,1
fds,0,1,0,1
fdt,1,1,0,2
fdtd,0,0,1,1
fdygfdgfy,0,4,0,4
fe,11,13,14,38
fea,0,19,0,19
feal,0,1,5,6
fealty,0,0,2,2
feamure,0,1,0,1
fear,262,145,441,848
fearce,0,1,0,1
feard,0,1,0,1
feared,5,0,27,32
fearful,13,0,7,20
fearfully,0,0,1,1
fearing,4,0,8,12
fearis,0,4,0,4
fearless,1,9,10,20
fearlessly,0,0,1,1
fearmonger,0,4,0,4
fearmongering,0,0,5,5
fearn,0,0,3,3
fearness,0,0,1,1
fearow,0,0,2,2
fears,20,22,45,87
fearsome,0,0,5,5
fearures,0,0,3,3
feary,0,0,2,2
feasibility,1,0,0,1
feasible,4,0,10,14
feasibly,0,0,4,4
feast,3,14,28,45
feasting,2,0,0,2
feasts,3,0,1,4
feat,9,78,56,143
feather,3,11,22,36
feathered,7,0,1,8
feathering,0,0,1,1
feathers,10,2,21,33
featrue,0,0,7,7
feats,1,0,7,8
feature,60,77,216,353
featured,19,59,126,204
featurepoints,0,0,2,2
features,80,29,228,337
featurette,0,0,7,7
featuring,10,35,89,134
feauturing,3,3,0,6
feb,2,5,6,13
febregas,0,0,5,5
febreze,0,3,0,3
february,21,9,51,81
febuary,0,2,1,3
fecal,4,2,6,12
feces,2,1,4,7
fecha,0,5,0,5
fechas,0,9,0,9
feck,3,2,17,22
fecken,0,5,0,5
feckin,3,4,7,14
fecking,0,12,9,21
fecktard,0,0,1,1
fectt,0,1,0,1
fed,82,19,155,256
fedelobo,0,2,0,2
federaci,0,0,3,3
federal,30,11,79,120
federalized,0,0,1,1
federally,0,0,5,5
federation,5,1,8,14
federer,0,2,0,2
federighi,1,0,0,1
fedex,0,0,2,2
fedish,1,0,0,1
fedor,0,0,5,5
fedora,0,3,10,13
fedoras,1,0,0,1
feds,1,1,7,9
fedt,0,6,0,6
fee,15,9,44,68
feeat,0,1,0,1
feeble,6,0,19,25
feed,163,94,384,641
feedbacc,0,1,0,1
feedback,17,16,138,171
feedbacks,0,0,1,1
feeded,0,0,1,1
feeder,2,1,1,4
feeders,0,1,0,1
feedhis,2,0,0,2
feeding,59,39,147,245
feedings,3,0,1,4
feedling,1,0,0,1
feeds,8,6,35,49
feeeed,1,0,0,1
feeeeederrrrr,0,1,0,1
feeeeeeeeeels,0,4,0,4
feeeeeeelllssssss,0,1,0,1
feeeeeeels,1,0,0,1
feeeeeel,2,0,0,2
feeeeeelings,0,0,5,5
feeeeet,0,0,6,6
feeeell,1,0,0,1
feeeelllssss,0,0,1,1
feeeels,0,1,0,1
feeel,3,0,1,4
feeeling,0,0,12,12
feeelsss,0,0,1,1
feeing,1,0,0,1
feel,2828,1339,7869,12036
feelbitsca,0,0,3,3
feeliing,0,7,0,7
feelimg,0,2,0,2
feelin,28,18,26,72
feelinf,0,3,0,3
feeling,498,275,1712,2485
feelings,176,45,402,623
feelingssss,0,1,0,1
feelinh,0,1,0,1
feelios,0,0,1,1
feell,0,0,6,6
feelling,0,0,1,1
feels,325,296,1383,2004
feelsbadman,2,10,1,13
feelsdrunk,0,0,2,2
feelsgoodman,0,1,0,1
feelsgreatmfyeah,0,0,2,2
feelsman,1,0,0,1
feelsss,1,0,0,1
feelunique,0,7,1,8
feelyorpainonthecake,0,1,0,1
feelz,0,1,6,7
feelzz,0,3,0,3
feen,0,4,0,4
feenix,0,1,0,1
fees,5,6,27,38
feesh,0,0,2,2
feeshavacado,5,0,0,5
feesible,0,0,1,1
feestje,0,1,0,1
feet,189,181,567,937
feeties,0,0,2,2
feeting,4,0,0,4
feets,4,0,5,9
fehlerhaft,1,0,0,1
fehlgeschlagen,1,0,0,1
fei,1,0,0,1
feia,1,0,0,1
feige,5,0,0,5
feign,11,0,5,16
feiiiiiiiiiiiiig,0,1,0,1
feild,0,2,0,2
fein,1,0,0,1
feinstein,0,2,1,3
feira,0,0,3,3
feirce,0,0,1,1
feisty,0,3,3,6
feita,0,2,5,7
feito,0,6,0,6
fek,4,0,0,4
feka,1,0,0,1
feking,0,4,1,5
fekira,0,1,0,1
fekkai,0,0,2,2
fel,3,3,1,7
felder,2,0,0,2
feldman,11,1,17,29
feldmen,0,0,1,1
feldolgoz,0,1,0,1
felgate,0,0,3,3
felge,0,3,0,3
felicades,0,1,0,1
felices,0,4,0,4
felicia,1,5,5,11
felicidad,1,13,0,14
felicidades,0,16,2,18
felicit,0,1,0,1
felicitaciones,0,18,0,18
felicito,0,6,0,6
feliks,0,4,0,4
feline,0,0,7,7
felines,1,0,0,1
feling,1,0,0,1
felinos,0,1,0,1
felipe,1,0,4,5
felisidades,0,1,0,1
feliway,0,0,1,1
felix,25,35,42,102
feliz,0,28,1,29
fell,127,114,521,762
fella,16,6,60,82
fellaini,16,9,2,27
fellani,0,6,0,6
fellas,8,6,40,54
fellating,0,2,1,3
fellaz,0,0,4,4
feller,0,0,1,1
felling,9,1,19,29
fellings,0,3,7,10
fellini,0,0,3,3
fellla,0,0,2,2
fellovv,0,0,4,4
fellow,87,43,201,331
fellows,0,0,11,11
fellowship,0,0,6,6
fellowup,0,0,1,1
fells,1,2,6,9
felly,0,0,1,1
felmae,0,0,2,2
felo,0,2,0,2
felon,1,1,5,7
felonies,0,0,5,5
felonious,0,0,1,1
felons,6,0,8,14
felony,2,1,4,7
felpinho,0,3,0,3
felt,521,151,1422,2094
felteszem,0,1,0,1
felv,0,2,0,2
felvid,0,4,0,4
fem,1,0,7,8
fema,5,9,25,39
female,142,183,330,655
females,31,16,44,91
femalesthat,0,0,1,1
femanusts,0,0,1,1
femdom,0,1,0,1
femenazis,0,2,0,2
femenist,0,3,0,3
femenists,2,0,0,2
femer,0,2,0,2
femesnist,1,0,0,1
femi,0,0,3,3
feminazi,1,4,2,7
feminazis,6,5,0,11
feminem,0,0,4,4
feminices,1,0,0,1
feminine,16,11,49,76
femininity,0,2,9,11
femininsts,2,0,0,2
feminisiscancer,0,1,0,1
feminism,24,31,32,87
feminist,47,70,51,168
feminists,39,12,31,82
feminity,0,0,1,1
feminize,0,0,4,4
feminized,2,0,0,2
feminsium,0,0,1,1
femitard,0,0,1,1
femke,0,0,1,1
femme,0,3,18,21
femnazi,0,0,2,2
femur,1,2,0,3
fen,0,7,4,11
fena,0,2,0,2
fence,6,7,40,53
fencer,0,0,1,1
fences,3,9,2,14
fencing,0,0,3,3
fend,6,2,9,17
fender,6,8,20,34
fenderr,0,4,0,4
fenders,4,1,0,5
fenderson,0,3,6,9
fenderssons,0,2,0,2
fendi,0,4,6,10
fending,0,0,2,2
fendy,0,1,2,3
fene,0,2,0,2
fener,1,8,9,18
fenerbace,0,2,0,2
fenerbache,2,11,0,13
fenerbah,0,18,10,28
fenerbahce,8,3,7,18
fenerbahceli,0,1,0,1
fenerbahces,8,0,0,8
fenerbance,2,0,0,2
fenere,0,2,0,2
feneri,6,0,0,6
fenerin,0,2,0,2
fenerli,0,1,2,3
fenerliler,0,1,0,1
fenerliydim,0,0,1,1
fenerliye,0,0,1,1
fenerliyim,0,1,0,1
feng,2,0,1,3
fenian,0,1,0,1
fenimism,0,3,0,3
fenny,1,0,0,1
fenomenal,1,2,1,4
fenomenalne,0,0,1,1
fenomenalny,0,1,0,1
fens,1,0,0,1
fense,4,1,0,5
fentanyl,0,0,1,1
fenti,0,5,9,14
fenton,0,0,7,7
fenty,76,227,393,696
fentybeauty,0,9,0,9
fentymaya,0,1,1,2
fentynal,1,0,0,1
fentyyy,1,0,0,1
fenwick,0,6,0,6
feo,0,43,5,48
feom,0,1,0,1
feos,0,2,5,7
fer,3,10,11,24
fera,0,2,7,9
ferais,0,7,0,7
ferait,0,1,0,1
feral,10,5,4,19
ferankie,0,0,1,1
feras,0,2,0,2
ferb,0,5,3,8
ferdinand,2,17,12,31
ferengi,0,1,0,1
ferg,16,46,46,108
fergalicious,2,0,4,6
fergalicous,1,0,0,1
fergalllllicious,0,1,0,1
fergenstein,0,1,0,1
ferggie,0,1,0,1
fergi,1,14,4,19
fergie,56,149,278,483
fergieeee,0,1,1,2
fergieeeeeeeeeee,0,0,1,1
fergies,0,2,0,2
fergs,0,1,1,2
fergunson,0,1,5,6
fergus,1,0,0,1
ferguson,61,103,86,250
fergusson,0,3,0,3
ferguzon,0,4,0,4
fergy,0,0,2,2
fergz,0,0,1,1
ferigno,0,0,1,1
ferini,0,0,1,1
ferkin,0,2,0,2
ferli,0,1,0,1
fermat,0,4,0,4
ferment,0,3,0,3
fermentation,0,0,2,2
fermented,0,0,16,16
fermento,0,1,0,1
ferments,3,0,0,3
fermer,0,2,0,2
fermez,0,0,1,1
fermi,0,0,2,2
ferminon,0,0,3,3
fern,0,3,9,12
fernandez,0,3,5,8
fernandinho,0,13,0,13
fernando,1,6,6,13
fernanfloo,0,0,1,1
ferngully,0,0,1,1
ferns,0,0,6,6
ferocious,0,0,2,2
ferociously,0,0,3,3
feront,0,0,4,4
ferrai,0,0,2,2
ferral,0,1,0,1
ferrara,0,1,0,1
ferraraaaaa,0,0,1,1
ferrari,13,3,35,51
ferraris,0,0,2,2
ferraro,0,0,7,7
ferrel,0,0,1,1
ferrell,2,4,6,12
ferrero,0,4,8,12
ferret,0,7,5,12
ferries,4,4,12,20
ferris,9,11,7,27
ferro,0,1,0,1
ferrrgieee,0,0,1,1
ferrrrrrrrrggggggggggggggggggg,0,1,0,1
ferrule,0,1,0,1
ferrules,0,2,0,2
ferry,14,20,24,58
ferrygliding,0,4,0,4
fers,0,0,2,2
fertile,0,2,12,14
fertiliser,0,0,1,1
fertility,4,1,16,21
fertilization,0,0,1,1
fertilize,0,1,0,1
fertilizer,1,4,9,14
fertilizers,2,0,4,6
fervent,1,0,4,5
fervently,0,0,3,3
ferz,0,2,0,2
fes,0,1,0,1
fesh,0,1,0,1
feslings,0,1,0,1
fess,0,0,1,1
fest,12,27,50,89
festejo,0,7,0,7
fester,3,9,21,33
festering,3,0,1,4
festers,0,1,4,5
festival,18,47,56,121
festivals,0,1,17,18
festive,1,1,12,14
festivities,0,0,5,5
festivity,0,0,4,4
festool,0,0,1,1
fet,0,0,2,2
fetal,1,1,11,13
fetch,0,9,24,33
fetched,5,0,13,18
fetchers,0,0,2,2
fetches,0,0,6,6
fetching,8,0,0,8
fetiche,0,2,0,2
fetid,0,0,3,3
fetish,47,97,92,236
fetishes,17,0,2,19
fetishise,0,0,1,1
fetishist,0,1,0,1
fetishistic,0,0,2,2
fetishize,1,0,0,1
fetishizing,0,0,1,1
fetmesi,0,3,0,3
fett,3,8,2,13
fetta,0,6,0,6
fettish,0,1,0,1
fetty,24,62,62,148
fettyisback,0,2,0,2
fettys,0,2,0,2
fettywap,0,1,2,3
fetures,0,0,1,1
fetus,14,39,5,58
fetuses,3,0,2,5
feud,3,7,17,27
feuding,0,0,7,7
feuds,0,0,1,1
feuerstein,0,0,2,2
feus,0,0,5,5
fevah,0,0,1,1
fever,19,23,25,67
feveriously,1,0,0,1
fevers,0,0,4,4
fevking,4,0,0,4
fevvfgood,0,1,0,1
few,1381,56,2566,4003
fewer,6,5,38,49
fewkin,0,0,1,1
fewkinn,0,1,0,1
fewl,0,0,1,1
fexible,3,0,0,3
fey,0,1,0,1
feyenoord,5,13,15,33
feyenoordwho,0,0,5,5
feyenord,0,5,0,5
feynman,0,1,1,2
feynoord,10,0,0,10
fez,0,10,2,12
fezko,0,0,3,3
fezzik,3,0,0,3
ff,13,25,24,62
ffa,0,2,0,2
ffc,0,1,0,1
fff,0,3,0,3
fffane,0,1,0,1
ffff,0,5,0,5
fffff,0,1,0,1
ffffff,1,0,0,1
ffffffbbffbffbfbfbftbbfbffbffbffffffbffffbfbf,0,0,4,4
fffffffff,0,1,0,1
fffffffffaaaaaaaaaaaaaaaaaakkkkkkkkkk,0,2,0,2
ffffffffffffaaaaaaaaaaaaaatttttttttttttttt,0,2,0,2
fffffffffffffffffffffffffffffffffffffffeeeeeeeeeeeeeeeeeeeeeeeeeeeeeeeooooooooooooooooooooooooooooooooooooooo,0,3,0,3
ffffffffffffffffffffffuck,0,1,0,1
ffffffffffuuuuuuuuunnnnnnnnnyyyyyyyyyyyyyyyy,0,0,2,2
fffffiiiiiiiirrrrrreeeee,0,4,0,4
fffffiiiiiinnnnnaaaaaaallllllyyyyyyyyy,0,4,0,4
fffffirrrredddddddd,0,1,0,1
fffking,1,0,0,1
fffrf,0,1,0,1
fffvf,0,2,0,2
ffgffv,0,1,0,1
ffhggm,0,1,0,1
ffice,0,1,0,1
ffing,0,0,3,3
ffirrsstttttt,0,4,0,4
ffl,0,1,5,6
ffm,4,0,0,4
ffnnfn,1,0,0,1
ffs,126,145,102,373
ffuck,0,1,3,4
ffxv,0,1,0,1
ffyj,0,0,1,1
fg,0,2,0,2
fggggxf,0,1,0,1
fgj,0,1,0,1
fgm,0,0,2,2
fgonna,0,1,0,1
fgriend,0,1,0,1
fgs,0,2,0,2
fgt,0,2,1,3
fgucvking,1,0,0,1
fh,0,2,3,5
fha,0,1,0,1
fhaq,0,0,2,2
fhck,0,0,1,1
fhd,0,1,2,3
fhghhgdfk,0,1,0,1
fhhheee,1,0,0,1
fhm,0,0,4,4
fhone,0,0,1,1
fi,34,28,155,217
fiabetes,1,0,0,1
fiamma,0,1,0,1
fian,0,0,1,1
fianc,3,12,35,50
fiance,14,7,21,42
fiancee,6,0,12,18
fianlly,0,1,0,1
fianna,0,1,0,1
fiasco,7,5,4,16
fiasko,0,1,0,1
fiat,2,0,3,5
fib,1,0,0,1
fibe,0,1,0,1
fiber,10,24,58,92
fibers,11,0,7,18
fibes,0,0,1,1
fibo,0,3,0,3
fibonacci,0,5,4,9
fibre,7,4,20,31
fibreglass,0,0,2,2
fibres,5,0,0,5
fibrology,0,0,1,1
fibromyalgia,6,7,11,24
fibrosis,0,0,6,6
fibrous,0,0,1,1
fic,0,4,3,7
fica,0,9,0,9
ficado,0,6,0,6
ficam,0,1,0,1
ficar,0,9,4,13
ficccc,0,1,0,1
fichaje,0,11,0,11
fichajes,0,6,0,6
fichar,0,0,5,5
fick,2,0,0,2
ficki,0,2,0,2
fickle,3,0,12,15
ficks,0,2,0,2
ficktard,0,1,0,1
fickung,0,5,0,5
fico,0,16,5,21
ficos,0,2,0,2
ficou,0,24,14,38
fics,0,0,1,1
fiction,38,62,206,306
fictional,14,9,38,61
fictions,0,2,0,2
fictitious,5,0,1,6
fid,0,6,1,7
fiddle,2,2,18,22
fiddler,0,0,2,2
fiddly,0,1,4,5
fiddy,0,5,8,13
fiddys,2,0,0,2
fide,0,0,4,4
fidel,0,2,9,11
fideling,0,1,0,1
fidelis,0,2,0,2
fidelity,0,0,9,9
fideua,0,1,0,1
fidg,0,4,0,4
fidge,0,4,0,4
fidget,8,124,20,152
fidgeting,0,0,4,4
fidgetspinner,0,1,0,1
fidgetspinningemojimovies,0,0,1,1
fidgety,7,0,0,7
fidgit,0,2,0,2
fidhheo,0,4,0,4
fido,0,0,2,2
fidos,0,0,1,1
fied,9,1,0,10
fiel,3,32,9,44
field,85,77,282,444
fielder,0,2,0,2
fielders,0,0,8,8
fielding,0,9,10,19
fields,7,12,39,58
fieldtrip,0,2,0,2
fieldwork,0,0,2,2
fiend,0,0,11,11
fiends,3,1,5,9
fienly,0,1,0,1
fiennes,0,3,0,3
fier,0,0,4,4
fierce,8,18,39,65
fiercely,0,0,5,5
fiercest,0,0,3,3
fierg,0,0,1,1
fiero,0,1,0,1
fierro,0,3,0,3
fiers,0,0,4,4
fiert,0,5,0,5
fiery,1,2,13,16
fies,0,0,4,4
fiesta,5,16,4,25
fiestas,0,1,0,1
fiew,0,1,0,1
fif,5,15,21,41
fifa,63,246,220,529
fifadrid,0,6,0,6
fifas,1,0,1,2
fife,0,0,6,6
fifgt,0,0,1,1
fifht,1,0,1,2
fifi,2,0,0,2
fifian,0,0,3,3
fifo,0,0,1,1
fifteen,24,15,21,60
fifteenth,0,0,4,4
fifth,22,76,90,188
fifthharmony,0,2,0,2
fifths,0,5,1,6
fifties,2,1,2,5
fifty,32,21,66,119
fig,0,5,1,6
figa,1,0,0,1
figaro,2,0,0,2
figata,0,1,0,1
figen,0,1,0,1
figer,0,1,0,1
figet,0,1,0,1
figgured,0,0,5,5
figh,0,1,0,1
fighi,0,3,0,3
fighit,0,0,1,1
fighitng,0,1,0,1
fight,502,331,1192,2025
fightback,0,1,0,1
fightclub,1,0,0,1
fightdrs,6,0,0,6
fighte,0,1,0,1
fighter,89,36,241,366
fighteria,0,0,1,1
fighterlike,0,4,0,4
fighters,50,47,142,239
fighterz,0,2,0,2
fighthing,1,1,1,3
fightiiiiiiinnnnnng,0,1,0,1
fightimg,3,0,0,3
fightin,2,2,4,8
fighting,161,255,545,961
fightingg,0,1,0,1
fightinggg,0,3,2,5
fightinggggg,0,1,1,2
fightingigot,0,1,0,1
fights,73,24,128,225
fightscenes,0,0,1,1
fightting,0,0,1,1
figjam,0,0,1,1
figli,0,1,0,1
figment,0,4,1,5
figs,1,1,0,2
figthing,1,0,1,2
figueroa,0,1,0,1
figuier,0,0,2,2
figura,3,2,0,5
figuras,2,4,0,6
figurative,0,1,5,6
figuratively,6,0,12,18
figure,196,88,482,766
figured,60,62,154,276
figurehead,1,0,0,1
figureing,1,0,0,1
figures,55,24,83,162
figuriamoci,0,5,0,5
figurine,1,0,1,2
figurines,7,2,2,11
figuring,8,1,71,80
figut,0,2,0,2
fiht,0,1,0,1
fiiif,0,0,1,1
fiiiif,0,0,1,1
fiiiiiiiiiiiiiiiiiiiiiiiiiiiiiiiiiiiiiish,1,0,0,1
fiiiiiiiiiire,0,1,0,1
fiiiiiiiiles,1,0,0,1
fiiiiiiiilm,0,1,0,1
fiiiiiiiire,0,4,0,4
fiiiiiiinally,0,1,0,1
fiiiiiire,0,1,0,1
fiiiiiireeee,0,2,0,2
fiiiiine,0,1,1,2
fiiiiirrrreeeee,0,1,0,1
fiiiine,1,0,0,1
fiiiinnallly,0,1,0,1
fiiiire,0,1,0,1
fiiiireeeeeeeeeeee,0,1,0,1
fiiiirreeee,0,1,0,1
fiiiirrreeeee,0,0,2,2
fiiin,0,1,0,1
fiiinaaalllyyyy,2,0,0,2
fiiinnnee,0,0,1,1
fiiire,5,1,0,6
fiiireee,0,1,0,1
fiin,0,2,0,2
fiina,0,0,2,2
fiinally,1,0,0,1
fiinnnneee,0,1,0,1
fiiree,0,1,0,1
fiith,0,0,1,1
fij,0,0,1,1
fijado,0,1,0,1
fiji,0,7,2,9
fijit,0,1,0,1
fijjian,0,0,3,3
fikret,0,1,0,1
fil,1,7,5,13
fila,2,0,0,2
filamacion,0,1,0,1
filament,0,1,3,4
filaments,2,0,0,2
filastrocche,0,1,0,1
file,24,35,83,142
filed,3,5,5,13
files,29,53,115,197
filet,3,8,2,13
filfiy,0,8,0,8
filfthy,0,1,0,1
filfyfrank,0,0,1,1
filha,0,1,0,1
filharmonic,3,2,1,6
filharmonics,0,0,6,6
filho,0,1,0,1
fili,1,0,2,3
filigree,1,0,0,1
filiing,0,0,1,1
filiming,0,0,1,1
filims,0,0,1,1
filing,0,8,21,29
filipe,0,4,0,4
filipina,3,5,9,17
filipinahere,0,1,0,1
filipinas,1,2,2,5
filipino,12,41,55,108
filipinos,0,19,16,35
filipinossss,0,0,1,1
filipno,0,0,1,1
filips,0,0,1,1
fill,68,91,225,384
fillament,0,0,6,6
fillas,4,0,0,4
fille,0,0,2,2
filled,53,3,280,336
filler,1,1,31,33
fillers,7,16,18,41
filles,0,2,0,2
fillet,7,4,7,18
filleted,8,0,0,8
fillets,0,0,2,2
fillin,1,0,0,1
filling,12,14,65,91
fillings,0,0,2,2
fillmore,0,5,0,5
fillon,0,1,0,1
fills,10,2,41,53
film,627,522,2019,3168
filmach,0,2,0,2
filmaker,0,0,1,1
filmb,0,1,0,1
filme,0,9,0,9
filmed,68,87,165,320
filmem,0,2,0,2
filmer,1,1,0,2
filmi,0,1,0,1
filmie,0,5,0,5
filmik,0,5,0,5
filming,87,73,261,421
filmlerindeki,0,2,0,2
filmmaker,9,0,19,28
filmmakers,2,3,8,13
filmmaking,5,7,7,19
filmography,0,1,5,6
filmpack,0,0,1,1
filmpje,0,1,0,1
filmquest,0,0,6,6
films,102,48,460,610
filmselect,0,1,0,1
filmstar,0,0,1,1
filmtheory,2,0,2,4
filmy,0,2,0,2
filoni,0,0,1,1
fils,6,4,2,12
filter,65,58,379,502
filtered,1,2,17,20
filtering,2,0,8,10
filters,30,18,199,247
filth,15,20,15,50
filthiness,0,0,2,2
filthy,172,6,18,196
filthyfrank,2,2,0,4
filthyphil,0,0,1,1
filtration,1,0,0,1
filty,1,0,0,1
fim,0,1,0,1
fimi,3,2,0,5
fimiliar,1,0,0,1
fimis,0,3,0,3
fimmel,0,1,0,1
fimmv,0,0,1,1
fimo,0,0,12,12
fin,19,107,33,159
fina,1,2,0,3
finagling,1,0,0,1
final,156,180,407,743
finalde,0,1,0,1
finale,23,27,52,102
finales,0,4,0,4
finaliser,0,0,1,1
finalist,3,0,11,14
finalists,0,0,1,1
finalities,0,0,4,4
finalize,1,0,0,1
finalizing,0,0,4,4
finall,0,1,0,1
finalllllly,0,4,0,4
finalllllyyy,0,1,0,1
finalllllyyyyyy,0,1,0,1
finalllly,0,2,0,2
finallllyyy,0,1,0,1
finallllyyyyyy,0,1,0,1
finallly,2,2,1,5
finalllyy,0,3,0,3
finalllyyy,0,5,0,5
finalllyyyyy,0,0,2,2
finally,363,791,1516,2670
finallyyy,0,0,8,8
finallyyyy,1,1,0,2
finallyyyyy,0,3,0,3
finallyyyyyy,0,0,1,1
finallyyyyyyy,0,1,0,1
finallyyyyyyyyyy,0,1,1,2
finallyyyyyyyyyyyy,0,1,0,1
finalmente,0,8,3,11
finals,34,31,105,170
finalwhistle,1,0,0,1
finaly,7,15,7,29
finalyyyyyyyy,1,0,0,1
finalzinho,0,1,0,1
finamente,0,6,0,6
finance,3,7,27,37
financed,1,0,1,2
finances,1,0,7,8
financhu,0,1,0,1
financial,37,5,126,168
financially,12,1,32,45
financiallyfreepro,0,0,1,1
financials,0,0,1,1
financiamiento,0,5,0,5
financiero,0,4,0,4
financieros,0,4,0,4
financiers,1,0,1,2
finanly,3,0,0,3
finannly,1,0,0,1
fincas,0,0,2,2
finch,0,2,9,11
fincher,0,10,10,20
finchery,4,0,0,4
finck,0,0,3,3
find,1215,942,3857,6014
finde,0,13,7,20
finden,0,1,0,1
finder,2,1,3,6
finders,0,6,0,6
findes,0,1,0,1
findet,0,0,1,1
finding,86,40,351,477
findings,2,0,5,7
findjeremysdairyfreegirlfriend,0,8,0,8
findkrums,0,1,0,1
findlay,0,3,0,3
findout,0,0,1,1
finds,47,23,147,217
findtheothers,0,1,0,1
fine,198,1,1411,1610
finebros,0,1,0,1
fined,4,0,4,8
finee,0,2,0,2
fineee,0,2,1,3
fineeee,0,2,0,2
fineeeee,0,0,4,4
fineeeeee,0,1,0,1
finely,0,0,4,4
finem,5,0,0,5
fineness,1,0,0,1
finer,1,2,3,6
fines,6,2,6,14
finesse,0,9,9,18
finessed,1,1,0,2
finesseing,0,3,0,3
finessin,0,2,0,2
finessing,3,0,0,3
finest,23,57,71,151
fing,7,1,3,11
finga,0,8,0,8
finge,0,8,0,8
fingee,0,1,0,1
finger,212,257,379,848
fingerboard,0,3,0,3
fingered,0,4,3,7
fingering,2,2,6,10
fingernail,0,4,3,7
fingernails,17,6,12,35
fingerpaints,1,0,0,1
fingerprint,11,15,44,70
fingerprints,6,1,6,13
fingers,87,144,228,459
fingerspell,0,0,5,5
fingerspelling,0,0,5,5
fingerstyle,0,0,1,1
fingertip,0,0,3,3
fingertips,4,8,1,13
finges,0,6,0,6
fingir,6,0,0,6
fingure,1,1,0,2
fingurz,0,1,0,1
fini,0,2,0,2
finial,0,0,1,1
finially,0,0,2,2
finically,0,0,4,4
finicky,0,0,1,1
finiished,0,0,2,2
finilly,0,1,0,1
finimize,0,0,2,2
fining,0,0,1,1
finir,1,1,0,2
finire,0,2,0,2
finish,185,140,422,747
finished,118,148,423,689
finisher,2,1,10,13
finishers,0,0,1,1
finishes,2,5,13,20
finishesss,7,0,0,7
finishing,24,13,80,117
finit,0,0,4,4
finita,0,10,0,10
finite,1,1,8,10
finiteness,0,0,1,1
finitivement,0,5,0,5
finkle,1,1,1,3
finland,1,23,36,60
finley,1,0,4,5
finn,22,66,59,147
finna,19,34,18,71
finnally,0,1,0,1
finnaly,1,10,9,20
finnan,0,0,6,6
finned,0,0,2,2
finnegan,0,1,0,1
finner,0,3,1,4
finney,0,0,1,1
finnick,0,1,0,1
finnish,0,11,21,32
finnished,0,2,0,2
finns,0,1,3,4
finny,0,1,0,1
fino,0,6,1,7
finora,0,1,0,1
finpads,0,2,0,2
fins,4,23,14,41
finsbury,2,2,1,5
finshed,1,1,0,2
finska,0,0,1,1
finslly,0,0,1,1
finsta,0,1,0,1
fiona,8,26,59,93
fionas,0,5,0,5
fionn,0,4,0,4
fiord,0,0,5,5
fiorina,0,0,2,2
fios,1,0,1,2
fiote,0,4,0,4
fiotte,0,2,0,2
fipzz,0,0,1,1
fique,0,2,0,2
fiquei,0,10,1,11
fir,3,4,14,21
fira,1,0,1,2
firable,3,0,0,3
firdouse,0,1,0,1
firdt,1,0,0,1
fire,546,829,1026,2401
fireable,0,5,3,8
firearm,9,5,58,72
firearms,54,1,63,118
fireball,15,1,0,16
fireballs,7,0,2,9
firebase,0,1,0,1
firebird,1,0,0,1
firebolts,0,3,0,3
fireboy,0,6,3,9
firebrand,2,0,0,2
firebreathers,0,1,0,1
firebursting,0,0,1,1
firecracker,9,0,1,10
firecrackers,0,4,3,7
firectly,0,0,9,9
fired,104,109,135,348
firee,0,7,1,8
fireee,1,2,0,3
fireeee,2,11,1,14
fireeeee,1,5,4,10
fireeeeee,1,0,1,2
fireeeeeee,0,2,1,3
fireeeeeeee,1,2,0,3
fireeeeeeeee,0,0,2,2
fireeeeeeeeeeee,0,3,0,3
fireeeeeeeeeeeee,0,5,0,5
fireeeeeeeeeeeeeeeeeeeeeeeeeeeeeeeeeeeeeeeeeeeeeeeeeeeeeeeeeeeeeeeeee,0,0,1,1
firefighter,4,9,0,13
firefighters,0,1,16,17
firefighting,0,0,3,3
fireflies,2,0,0,2
firefly,3,4,10,17
firefox,0,8,0,8
firehouse,0,0,3,3
fireman,0,1,0,1
firemen,1,0,0,1
firemens,1,0,0,1
firemixt,0,1,0,1
firend,0,0,1,1
fireos,0,0,3,3
firepit,0,0,1,1
fireplace,5,4,23,32
firepole,1,0,0,1
firepower,12,2,6,20
firepro,0,0,2,2
fireproof,0,0,1,1
fires,31,24,33,88
fireside,1,2,15,18
firestarter,1,0,11,12
firestein,0,1,0,1
firestone,0,1,0,1
firestorm,0,1,0,1
firestorms,0,1,0,1
fireteam,0,0,1,1
firewall,0,0,3,3
firewatch,7,2,11,20
firework,0,6,2,8
fireworks,5,4,31,40
firey,0,10,5,15
firfy,0,1,0,1
firiend,0,4,0,4
firin,0,9,0,9
firing,18,21,64,103
firlatip,0,1,0,1
firm,51,13,83,147
firmados,0,1,0,1
firmalo,0,5,0,5
firmament,0,0,1,1
firmamento,0,3,0,3
firminho,0,0,5,5
firminio,0,0,6,6
firmino,6,6,54,66
firmly,1,0,27,28
firms,0,0,2,2
firmware,2,4,7,13
firrari,0,1,0,1
firree,0,1,0,1
firreeeeee,1,0,0,1
firrrrred,0,1,0,1
firs,0,1,2,3
firsr,0,0,1,1
first,1441,37,10520,11998
firstborn,0,0,10,10
firste,0,0,1,1
firsthand,1,0,4,5
firstlove,0,0,1,1
firstly,2,0,63,65
firstmost,0,0,1,1
firsts,1,0,2,3
firsttime,0,1,1,2
firsttimewatchingyou,0,0,2,2
firstttt,0,3,4,7
firsttttt,0,6,0,6
firstttttt,0,0,1,1
firstworldproblem,0,2,1,3
firstworldproblems,1,2,0,3
firt,0,0,3,3
firth,7,13,27,47
firts,1,2,5,8
fis,0,1,1,2
fisa,0,0,4,4
fiscal,0,1,3,4
fiscales,0,3,0,3
fischer,3,10,5,18
fisco,0,3,0,3
fish,135,230,305,670
fishbowl,2,0,5,7
fishburne,1,3,0,4
fishe,0,0,4,4
fished,0,2,0,2
fisher,8,52,56,116
fisherman,0,0,2,2
fisherofmen,0,0,5,5
fishers,0,1,0,1
fishes,10,2,4,16
fishesss,0,1,0,1
fishier,0,2,0,2
fishies,0,1,1,2
fishing,22,20,83,125
fishmarkets,1,0,0,1
fishnerds,0,0,4,4
fishnet,0,0,6,6
fishnetgate,0,0,2,2
fishnets,0,5,3,8
fishtail,1,0,0,1
fishy,9,31,26,66
fishys,0,8,0,8
fisica,0,1,0,1
fisical,0,0,2,2
fisically,0,0,1,1
fisico,0,2,0,2
fisse,0,1,0,1
fission,0,0,3,3
fissionable,1,0,0,1
fissure,0,4,1,5
fissures,0,0,2,2
fist,33,45,62,140
fistbump,0,0,2,2
fistbumps,0,0,1,1
fisted,3,0,9,12
fistedly,0,0,2,2
fistful,2,0,0,2
fisticuffs,1,0,0,1
fisting,4,2,0,6
fists,4,2,2,8
fistshark,0,0,2,2
fit,164,7,913,1084
fitb,0,0,7,7
fitbit,0,6,4,10
fitdance,0,1,0,1
fite,0,10,2,12
fitf,0,4,0,4
fith,1,1,0,2
fithy,0,0,1,1
fitlly,1,0,0,1
fitness,12,6,40,58
fitnessgram,1,1,3,5
fitrah,0,0,20,20
fits,25,53,214,292
fitst,0,0,2,2
fitt,0,1,0,1
fitted,6,7,29,42
fitter,0,0,12,12
fittest,0,5,1,6
fitting,7,0,105,112
fittings,2,0,0,2
fitttyyyyyyyyy,0,1,0,1
fity,0,1,0,1
fitz,0,2,0,2
fitzdog,0,0,1,1
fitzgerald,0,5,1,6
fitzherbert,0,3,2,5
fitzimons,1,0,0,1
fitzmaurice,3,0,0,3
fitzsimmons,3,2,4,9
fiu,0,1,0,1
fiure,0,0,6,6
five,142,131,391,664
fived,0,0,3,3
fivehead,0,1,0,1
fiver,7,0,4,11
fiverr,0,3,0,3
fives,1,0,5,6
fiving,0,0,9,9
fix,213,185,359,757
fixal,0,0,3,3
fixated,1,3,0,4
fixation,0,0,4,4
fixbalkantrendingpage,0,1,0,1
fixe,0,6,3,9
fixed,52,1,182,235
fixes,5,14,23,42
fixing,10,10,41,61
fixmonthlyincome,0,0,6,6
fixpix,0,1,0,1
fixrussianyoutube,0,5,0,5
fixt,0,0,2,2
fixture,6,0,16,22
fixtures,0,0,1,1
fixx,0,0,1,1
fiya,0,0,1,1
fiyaaaaaaa,0,0,1,1
fiyah,0,2,4,6
fiyahhhhhhhhhhhh,0,2,0,2
fiyyyaaahhh,1,0,0,1
fizeram,0,1,0,1
fizyczny,0,4,0,4
fizz,3,1,2,6
fizzle,0,4,0,4
fizzled,1,0,3,4
fizzy,4,7,15,26
fj,0,4,8,12
fjallraven,0,2,2,4
fjdjdjfjcjfbdjdjdjddjdjdjdjdjdjdjdj,1,0,0,1
fjehidvdjdj,0,0,5,5
fjfkksksksrp,0,1,0,1
fjk,0,3,0,3
fjnny,0,1,0,1
fjo,0,1,0,1
fjshdhdh,0,1,0,1
fjskrzl,0,0,1,1
fk,26,15,25,66
fka,0,0,2,2
fkcg,1,0,0,1
fkd,0,0,1,1
fke,0,1,0,1
fked,1,7,0,8
fker,0,1,0,1
fkin,11,5,11,27
fking,13,8,26,47
fkload,0,0,4,4
fkn,19,32,38,89
fknn,3,0,0,3
fks,5,0,2,7
fksajfasjfksjakfjlkasfjksafj,0,1,0,1
fl,2,19,24,45
fla,2,1,1,4
flaaaaaassshhh,0,1,0,1
flab,0,0,11,11
flabbergasted,3,0,3,6
flabberghasted,0,1,0,1
flabby,9,0,9,18
flac,7,8,21,36
flaccid,0,0,2,2
flack,6,0,1,7
flaco,0,1,0,1
flacs,0,0,2,2
flad,0,0,1,1
flag,445,134,535,1114
flagellation,1,0,2,3
flagers,1,0,0,1
flagged,5,2,1,8
flagging,7,0,0,7
flaggy,0,0,3,3
flagrant,0,4,0,4
flagrantviolations,0,0,5,5
flags,11,30,31,72
flagship,5,3,25,33
flagships,0,1,4,5
flagstaff,0,1,0,1
flaherty,0,7,1,8
flail,0,1,0,1
flailing,1,2,15,18
flails,0,0,3,3
flair,5,4,17,26
flairs,1,0,3,4
flak,1,0,6,7
flaka,0,1,0,1
flake,7,29,8,44
flaked,0,0,1,1
flakes,5,9,41,55
flakey,1,1,0,2
flakeys,0,0,1,1
flakies,1,1,3,5
flakiness,0,0,1,1
flaking,1,0,2,3
flaky,4,0,11,15
flamb,0,3,0,3
flamboyant,0,0,6,6
flamboyantly,0,0,5,5
flame,38,23,40,101
flamed,4,1,0,5
flameemoji,0,1,0,1
flamel,0,1,4,5
flamenco,0,0,8,8
flames,22,28,21,71
flamesss,0,0,1,1
flamessss,0,6,0,6
flamesssss,0,1,0,1
flamethrower,2,2,0,4
flamethrowers,0,0,3,3
flametrooper,0,0,1,1
flamey,0,1,0,1
flamin,0,0,4,4
flaming,19,6,14,39
flamingo,0,1,8,9
flaminhos,0,1,0,1
flammin,0,0,1,1
flan,0,1,0,1
flanagan,0,0,8,8
flanal,1,0,0,1
flanderized,7,0,0,7
flanders,0,1,2,3
flang,0,1,1,2
flange,0,15,8,23
flangeeee,0,1,0,1
flango,0,1,0,1
flangs,0,0,1,1
flanks,0,5,0,5
flannel,2,5,20,27
flannels,0,1,2,3
flap,5,2,4,11
flapjack,0,5,2,7
flapping,1,0,8,9
flappy,10,7,9,26
flaps,2,0,12,14
flapyourpack,0,1,0,1
flare,12,4,40,56
flared,0,1,5,6
flares,0,2,7,9
flarida,0,3,0,3
flaring,0,2,0,2
flary,1,0,0,1
flase,1,0,0,1
flasg,1,0,0,1
flash,70,123,175,368
flashback,17,25,39,81
flashbacked,1,0,0,1
flashbacks,17,30,46,93
flashed,2,5,14,21
flashes,8,5,45,58
flashiness,0,0,1,1
flashing,16,28,43,87
flashlight,8,6,4,18
flashpoint,1,0,0,1
flashy,10,0,9,19
flasing,0,0,6,6
flask,3,0,1,4
flat,371,5,423,799
flatass,0,1,0,1
flatbed,0,0,1,1
flatbush,0,1,0,1
flatchested,1,0,0,1
flatearth,0,0,1,1
flatearthers,0,2,0,2
flatens,0,0,2,2
flating,0,0,2,2
flatland,0,0,1,1
flatlanders,0,0,3,3
flatline,2,1,0,3
flatlined,3,0,0,3
flatliners,3,2,4,9
flatly,1,0,1,2
flatmate,0,0,12,12
flatmates,3,0,9,12
flatrides,0,0,5,5
flats,1,9,7,17
flatscreen,0,0,1,1
flatten,0,7,5,12
flattened,5,1,0,6
flattening,1,0,0,1
flatter,0,0,14,14
flatterd,0,0,2,2
flattered,0,3,5,8
flattereth,0,0,3,3
flattering,9,19,113,141
flatters,5,1,6,12
flattery,1,0,1,2
flattest,0,1,0,1
flattt,0,1,0,1
flaunt,3,0,1,4
flaunta,2,0,0,2
flaunting,2,1,0,3
flaunts,0,0,1,1
flav,0,8,0,8
flava,0,12,0,12
flaverd,0,0,3,3
flavor,22,47,95,164
flavored,7,13,27,47
flavorful,0,0,3,3
flavoring,0,2,0,2
flavorless,0,1,0,1
flavors,35,6,42,83
flavortext,0,0,1,1
flavortown,0,0,2,2
flavour,11,17,61,89
flavoured,1,10,16,27
flavours,9,7,24,40
flaw,17,3,25,45
flawed,25,0,42,67
flawlees,0,1,0,1
flawles,0,0,1,1
flawless,7,0,458,465
flawlessly,4,0,12,16
flawlessness,0,0,2,2
flawlessss,0,4,0,4
flawlesssss,0,7,0,7
flawlesssssss,0,1,1,2
flawlesssssssds,0,1,0,1
flawlessssssssssss,0,1,0,1
flaws,17,1,98,116
flax,0,0,1,1
flaxseed,0,0,1,1
flay,0,0,4,4
flbelbajkhsdf,1,0,0,1
flea,14,14,6,34
fleabag,4,0,0,4
fleamarket,0,0,3,3
fleas,21,11,13,45
flechas,0,0,4,4
fleck,0,0,2,2
fled,4,9,5,18
fledge,0,0,1,1
fledged,4,0,4,8
flee,1,3,14,18
fleece,0,0,15,15
fleeced,1,0,0,1
fleecing,0,0,2,2
fleecy,0,0,4,4
fleeeck,0,1,0,1
fleeeeeeekkkkkkk,0,4,0,4
fleeeeek,0,2,0,2
fleeeekkkk,0,5,0,5
fleeekk,0,0,2,2
fleeing,2,0,2,4
fleek,5,30,21,56
fleeky,0,4,2,6
flees,0,1,1,2
fleet,0,16,34,50
fleeting,0,1,3,4
fleets,0,0,3,3
fleetwood,2,9,13,24
fleg,0,1,0,1
fleming,6,0,2,8
flemish,0,0,1,1
flemishs,0,0,1,1
flesh,71,32,107,210
fleshed,0,0,8,8
fleshing,0,0,2,2
fleshlight,1,7,0,8
fleshly,13,0,0,13
fleshy,5,0,2,7
fletch,1,3,0,4
fletcher,0,25,69,94
fleur,35,84,828,947
fleurb,0,0,6,6
fleurdeforce,0,5,0,5
fleurs,0,0,8,8
fleury,0,0,1,1
fleuxotine,0,0,1,1
flew,6,15,53,74
flewless,0,0,1,1
flex,29,11,25,65
flexed,0,1,0,1
flexi,0,1,7,8
flexibility,2,4,12,18
flexible,4,11,79,94
flexiblity,0,0,1,1
flexibly,0,0,3,3
flexin,0,1,4,5
flexing,2,2,8,12
flexxxaaan,0,1,0,1
flick,11,25,46,82
flicked,5,2,4,11
flicker,1,7,9,17
flickered,0,0,3,3
flickering,0,4,6,10
flickers,0,0,20,20
flicking,0,6,17,23
flickinger,0,2,0,2
flicks,0,3,19,22
flie,0,0,2,2
flied,2,0,0,2
fliegenf,0,1,0,1
flieht,0,1,0,1
flier,0,0,2,2
fliers,2,0,0,2
flies,43,48,92,183
fliescer,0,0,3,3
fligh,7,0,0,7
flight,43,81,189,313
flighting,0,2,0,2
flightless,0,2,0,2
flights,27,15,30,72
flighty,3,0,0,3
flim,0,6,0,6
flimed,0,1,4,5
flimsier,0,0,1,1
flimsiest,0,0,4,4
flimsy,0,1,8,9
flinch,2,11,16,29
flinched,1,10,7,18
flinches,0,1,0,1
flinching,0,2,5,7
flinderstreet,0,5,0,5
fling,4,2,9,15
flinging,0,0,1,1
flings,1,3,0,4
flingue,0,0,2,2
flinstones,0,1,0,1
flint,3,3,18,24
flintoff,0,3,0,3
flintstone,0,1,1,2
flip,31,56,113,200
flipaclip,0,1,0,1
flipagram,0,10,0,10
flipagrams,0,1,0,1
flipas,0,1,0,1
flipboard,0,0,2,2
flipe,0,1,0,1
flipin,0,2,0,2
fliping,1,0,1,2
flipkart,0,3,0,3
flippant,6,0,4,10
flipped,20,15,24,59
flippen,0,0,1,1
flipper,0,3,1,4
flippers,0,0,1,1
flipphone,0,0,5,5
flipphones,3,0,0,3
flippin,0,0,43,43
flipping,7,21,81,109
flippity,0,1,0,1
flippping,0,0,4,4
flippy,2,1,0,3
flips,1,15,8,24
flipside,0,1,5,6
flipz,0,4,2,6
flir,0,2,0,2
flirt,9,2,6,17
flirtatious,0,0,1,1
flirting,3,12,18,33
flirty,2,0,5,7
flite,0,2,0,2
flitry,0,2,0,2
flix,0,1,0,1
fliying,1,0,0,1
fllaaammmmmedddd,0,1,0,1
fllm,0,0,3,3
fllop,0,0,1,1
flo,0,6,1,7
floam,0,2,0,2
float,69,199,76,344
floated,3,2,7,12
floaters,3,0,0,3
floatie,0,0,1,1
floating,34,34,44,112
floats,6,10,7,23
floaty,4,4,5,13
flock,3,14,8,25
flocka,0,2,0,2
flockas,0,1,0,1
flockin,0,3,4,7
flocking,1,0,1,2
flocons,0,1,0,1
floetry,0,0,3,3
flog,0,6,5,11
flogged,4,0,0,4
floggin,2,0,0,2
flogging,0,1,2,3
flogs,0,0,1,1
floid,2,0,0,2
floj,0,1,0,1
flojera,0,1,0,1
floki,1,3,3,7
floky,2,0,0,2
flont,0,3,0,3
flood,22,26,18,66
flooded,8,9,9,26
floodgates,0,0,1,1
floodin,0,0,30,30
flooding,7,2,16,25
floodlighted,0,0,1,1
floodlights,0,0,8,8
floods,14,1,13,28
floof,3,4,0,7
floooat,0,5,0,5
flooooaaaaaaatiiiiiiiiing,3,0,0,3
floooooor,0,0,1,1
floooorrrr,0,6,0,6
floor,175,176,451,802
floorball,0,2,0,2
floorboard,1,0,0,1
floored,0,0,11,11
flooring,0,2,0,2
floors,6,15,26,47
floozy,1,0,0,1
flop,40,63,33,136
flopbuster,1,0,0,1
flopcumentary,0,1,0,1
flopness,3,0,0,3
flopp,7,0,8,15
flopped,15,4,4,23
flopper,0,1,0,1
flopping,5,2,7,14
floppy,6,6,18,30
flops,9,4,13,26
flopthrone,1,0,0,1
floptina,2,0,0,2
flopyonce,0,1,0,1
flor,1,0,0,1
flora,7,2,10,19
floral,8,7,76,91
florance,0,0,4,4
flordia,0,2,0,2
floreal,0,0,4,4
florecientes,0,0,2,2
floren,0,1,0,1
florence,1,9,31,41
florian,0,4,0,4
florida,91,82,170,343
floridas,0,1,0,1
floridian,0,2,1,3
floridians,0,0,1,1
florist,0,0,7,7
floss,10,1,23,34
flosses,0,1,0,1
flossin,1,0,0,1
flot,0,2,0,2
flotaban,1,0,0,1
flote,0,1,0,1
flotsam,0,0,1,1
flotus,0,0,8,8
flou,0,2,0,2
flouid,0,1,0,1
flounces,0,0,3,3
flouncy,0,0,4,4
flound,0,0,2,2
floundation,0,0,5,5
flounders,0,0,1,1
flour,33,22,43,98
flourish,7,6,2,15
flourished,5,0,0,5
flourishes,0,0,2,2
flourishing,1,0,1,2
flout,1,3,0,4
flovour,0,1,0,1
flow,93,101,218,412
flowed,5,3,10,18
flower,19,52,123,194
flowered,0,0,2,2
flowers,24,24,84,132
flowery,0,1,1,2
flowerz,4,0,0,4
flowey,1,1,1,3
flowin,1,0,2,3
flowing,23,6,29,58
flowless,0,1,0,1
flown,30,16,7,53
flowoy,0,1,0,1
flows,9,2,19,30
flowstate,0,0,4,4
flowy,0,1,5,6
floyd,168,106,213,487
floyds,6,1,0,7
floyed,0,1,0,1
flrouishs,0,1,0,1
fls,0,1,0,1
fltat,0,2,0,2
flu,31,8,11,50
flubbed,0,0,2,2
flubber,0,4,0,4
fluck,0,1,0,1
fluctations,2,0,0,2
fluctuant,0,0,5,5
fluctuate,0,1,4,5
fluctuates,1,0,7,8
fluctuating,0,0,12,12
fluctuation,0,0,3,3
fluctuations,1,1,2,4
flue,2,0,0,2
flued,0,1,0,1
fluency,0,0,2,2
fluent,14,5,46,65
fluently,4,2,6,12
fluer,6,0,2,8
fluet,1,0,0,1
fluff,13,0,13,26
fluffbutt,6,0,0,6
fluffed,5,0,0,5
fluffer,0,1,0,1
fluffers,0,0,1,1
fluffffffy,0,1,0,1
flufffyyy,0,6,0,6
fluffiest,0,2,0,2
fluffin,0,0,1,1
fluffiness,0,0,1,1
fluffing,0,2,3,5
fluffle,2,0,0,2
fluffly,4,0,0,4
fluffy,65,10,61,136
fluffyyy,0,1,0,1
fluffyyyy,0,1,0,1
fluffyyyyy,0,1,0,1
fluffyyyyyy,0,1,0,1
fluid,23,14,48,85
fluidity,4,0,4,8
fluidly,0,1,0,1
fluids,5,1,2,8
fluke,1,1,11,13
flume,0,4,1,5
flump,10,0,22,32
flumps,19,2,35,56
flung,1,4,0,5
flunk,0,0,1,1
fluorescent,0,1,0,1
fluoride,0,1,5,6
flurking,1,0,0,1
flurrie,0,0,4,4
flurries,0,4,0,4
flurry,4,0,0,4
flush,8,0,14,22
flushable,2,1,8,11
flushed,3,0,7,10
flushers,0,2,0,2
flushes,5,0,0,5
flushing,6,3,2,11
flusted,0,5,0,5
flustered,1,1,1,3
flute,11,36,19,66
fluted,0,0,12,12
flutes,0,0,1,1
fluting,0,1,0,1
flutter,0,1,3,4
fluttered,0,0,1,1
fluttering,0,1,3,4
flutters,4,0,1,5
fluw,0,0,1,1
flux,2,0,4,6
fluxon,1,0,0,1
flw,4,0,0,4
flwless,0,1,0,1
fly,36,0,627,663
flybeyondborders,0,0,1,1
flyby,0,0,5,5
flyer,0,0,1,1
flyers,0,0,1,1
flyes,0,0,1,1
flyest,0,0,1,1
flyin,1,1,4,6
flying,110,106,246,462
flyinggggg,0,1,0,1
flylo,0,0,7,7
flylowpanda,0,3,0,3
flyng,0,1,0,1
flynn,1,5,13,19
flynt,0,5,0,5
flyover,0,0,2,2
flys,13,7,7,27
flytrap,0,1,0,1
flywheels,0,3,0,3
fm,2,5,15,22
fma,3,6,10,19
fmab,0,1,0,1
fmale,0,1,0,1
fmilly,0,0,4,4
fmjr,0,0,2,2
fmkilo,0,1,0,1
fml,16,20,22,58
fmtmbknmlllllllh,0,1,0,1
fmu,0,1,0,1
fmv,1,0,1,2
fn,3,4,14,21
fnad,0,0,1,1
fnaf,5,14,19,38
fnatic,0,3,3,6
fnba,0,2,0,2
fneraxn,0,1,0,1
fnghd,0,4,0,4
fnhffhfhfdfhffh,0,0,2,2
fnm,0,0,2,2
fnny,0,3,0,3
fnv,0,0,6,6
fnx,0,1,0,1
fnyy,0,0,1,1
fo,17,29,32,78
foam,14,28,42,84
foaming,0,3,1,4
foamy,0,0,7,7
fob,16,19,23,58
fobia,0,1,0,1
fobsessed,0,0,1,1
focal,1,1,5,7
focasing,0,0,1,1
fock,0,2,1,3
focken,0,1,0,1
fockin,1,1,2,4
focking,0,10,7,17
focus,124,54,455,633
focused,26,17,138,181
focuses,4,0,19,23
focusing,24,10,73,107
focussed,0,0,10,10
focussing,8,0,1,9
foda,0,41,2,43
fodaa,0,4,0,4
fodaaaa,0,2,0,2
fodas,2,3,0,5
fodase,0,1,0,1
fodasse,0,1,0,1
fodasticamente,0,3,0,3
fodder,2,0,4,6
foddie,0,0,1,1
fode,1,2,0,3
fodeeeeeeeeeeeeee,0,1,0,1
fodeeeeeeeeeeeeeeeee,0,2,0,2
fodent,0,1,0,1
fodeu,0,6,0,6
fodido,0,2,0,2
fodmap,0,3,18,21
fodnob,0,1,0,1
foe,11,4,14,29
foed,1,0,0,1
foeie,0,1,0,1
foem,1,0,0,1
foes,1,1,0,2
foetus,0,0,1,1
fof,0,0,1,1
fofa,0,2,0,2
fofinha,0,1,0,1
fofinho,0,1,0,1
fofis,0,1,0,1
fofo,1,2,0,3
fofos,0,1,0,1
fog,8,6,11,25
foge,0,0,1,1
fogerty,0,0,7,7
foget,0,5,0,5
foggy,1,4,5,10
fogo,0,2,0,2
fogot,0,0,1,1
fogotten,0,0,1,1
fogponics,0,0,4,4
foh,8,12,12,32
foha,0,1,0,1
foi,0,15,5,20
foightin,0,0,1,1
foii,0,3,0,3
foil,6,27,73,106
foiled,5,0,8,13
foilers,1,0,0,1
foils,2,0,0,2
foire,5,0,0,5
fois,2,11,6,19
foisted,0,0,2,2
foit,0,0,4,4
fok,0,5,0,5
foke,0,1,0,1
fokin,2,0,2,4
foking,1,2,0,3
fol,0,1,2,3
folate,0,0,10,10
fold,26,20,39,85
foldable,1,1,0,2
folded,26,3,16,45
folder,9,7,5,21
folders,0,0,6,6
folding,23,28,17,68
folds,9,4,19,32
foley,0,0,3,3
foliage,1,0,3,4
folic,0,0,8,8
folie,1,0,1,2
folk,4,25,72,101
folker,1,0,0,1
folkes,0,0,1,1
folklore,0,0,1,1
folks,133,36,280,449
folksy,0,0,1,1
folkz,0,0,1,1
follically,0,0,1,1
follicle,6,0,6,12
follicles,0,1,2,3
follo,0,1,0,1
folloew,0,1,0,1
follow,197,274,945,1416
followd,0,3,0,3
followed,42,30,189,261
follower,8,2,44,54
followers,31,29,211,271
following,135,64,537,736
followme,0,6,0,6
follows,18,8,67,93
followthejourney,0,0,1,1
followup,2,4,1,7
folly,2,0,7,9
foloppy,0,4,0,4
folow,0,0,4,4
folpack,0,1,0,1
fols,0,0,1,1
folt,0,3,0,3
fom,0,3,3,6
fome,0,1,0,1
fominhas,0,6,0,6
fomo,0,0,2,2
fomor,0,0,1,1
fon,0,1,0,1
fonc,0,1,0,1
fond,8,36,43,87
fonda,30,7,60,97
fondant,7,5,28,40
fondation,0,0,2,2
fondent,1,0,0,1
fondest,0,0,1,1
fondle,0,0,2,2
fondles,0,0,1,1
fondling,3,0,2,5
fondly,0,0,7,7
fondness,0,0,1,1
fondo,0,3,0,3
fondos,4,6,0,10
fonds,0,2,0,2
fondue,0,1,0,1
fonduta,0,2,0,2
fone,0,2,0,2
fones,0,0,1,1
fonfo,0,1,0,1
fong,2,0,5,7
fonkin,1,0,0,1
fono,0,1,0,1
fonogramma,0,0,1,1
fonos,0,3,0,3
fonsi,1,13,16,30
font,4,23,52,79
fontana,0,1,0,1
fonteyn,0,0,1,1
fonts,0,0,8,8
fonz,0,1,0,1
fonzi,0,1,0,1
fonzies,0,1,0,1
foo,14,44,76,134
fooball,0,0,2,2
foobar,1,0,0,1
foock,0,3,0,3
food,593,754,2468,3815
foodcrazies,2,0,0,2
foodgasmic,0,6,0,6
foodie,0,4,12,16
foodies,0,0,5,5
foodnetwork,0,0,3,3
foods,43,43,325,411
foodstamps,0,2,0,2
foodwishes,0,0,6,6
foodys,0,0,1,1
fooies,2,0,0,2
fook,6,34,4,44
fooked,0,1,0,1
fookin,13,10,11,34
fooking,13,13,16,42
fooks,5,0,0,5
fool,113,96,222,431
fooled,18,14,36,68
foolery,1,0,0,1
foolin,4,0,0,4
fooling,7,9,21,37
foolish,36,19,28,83
foolishly,1,0,12,13
foolishness,4,6,5,15
foolishnesses,1,0,0,1
foolproof,0,0,1,1
fools,47,11,126,184
fooly,0,1,0,1
foonii,0,0,2,2
foood,0,0,1,1
fooodddd,0,1,0,1
foook,0,2,0,2
fooooaaackkk,0,3,0,3
fooood,0,0,5,5
foooodd,0,0,3,3
fooools,0,1,0,1
foooooda,0,1,0,1
foooools,0,2,0,2
fooooood,0,2,0,2
fooooooddd,0,1,0,1
fooooooodd,0,1,0,1
fooooooodddd,0,1,0,1
fooooooooods,0,1,0,1
fooooooooood,0,0,1,1
fooooooooooood,1,0,0,1
fooooooooooooood,0,1,0,1
foooooooooooooood,0,1,0,1
foooooooooooooooooooooooooooolllllllllllllllllllllllllllllllo,0,3,0,3
fooooooooooooooooooooooooooooooooooooooook,0,1,0,1
fooooooooossssssssssss,0,2,0,2
fooor,0,1,0,1
fooorrrr,0,1,0,1
foortii,0,1,0,1
foos,0,7,5,12
foosh,0,5,0,5
foot,204,221,260,685
footage,68,92,301,461
footages,0,0,4,4
footbal,2,2,0,4
football,387,317,781,1485
footballer,2,3,54,59
footballers,2,11,50,63
footballing,0,0,4,4
footballistique,0,2,0,2
footballplayer,0,1,0,1
footballs,3,10,2,15
footbolsignmatters,0,0,5,5
footed,4,0,1,5
footfall,0,0,1,1
footie,0,3,0,3
footing,11,1,3,15
footlocker,1,0,0,1
footlong,0,9,0,9
footloose,1,0,0,1
footoooball,3,0,0,3
footpath,0,0,2,2
footprint,0,11,17,28
footprints,1,0,7,8
foots,0,2,1,3
footsoldier,0,0,2,2
footstep,3,0,0,3
footsteps,0,4,13,17
footstool,0,0,6,6
foott,0,1,0,1
footvball,1,0,0,1
footwear,0,4,0,4
footwork,7,0,12,19
footy,0,0,4,4
footyball,7,0,0,7
foq,0,1,0,1
for,17897,15208,62201,95306
fora,0,3,0,3
forage,3,0,0,3
foran,0,3,1,4
forbade,5,0,0,5
forbes,0,0,1,1
forbid,17,0,27,44
forbidden,1,2,21,24
forbiddenfruit,0,0,4,4
forbidding,0,0,1,1
forbids,0,1,4,5
forc,0,0,6,6
forca,0,0,1,1
forcadell,0,5,0,5
force,229,118,391,738
forced,207,0,171,378
forceddddd,0,1,0,1
forcedly,1,0,0,1
forcefield,0,1,0,1
forceful,2,0,3,5
forcefully,6,2,3,11
forceps,2,0,0,2
forces,52,13,91,156
forcible,4,0,0,4
forcibly,0,0,7,7
forcing,19,10,69,98
ford,17,80,145,242
fords,2,4,2,8
fore,5,8,7,20
foreaaals,0,0,1,1
foreal,0,7,3,10
forealz,0,0,1,1
forearm,0,0,8,8
forearms,0,1,2,3
forebet,0,3,0,3
forecast,0,1,5,6
forecaster,0,1,2,3
foreclose,1,0,0,1
foreclosure,1,0,0,1
foree,0,1,0,1
forefather,0,2,0,2
forefathers,0,0,2,2
forefinger,0,5,0,5
forefront,4,0,6,10
foregives,0,0,1,1
foregrip,0,0,9,9
foreground,1,0,1,2
forehead,50,91,73,214
foreheadception,0,1,0,1
foreheads,2,7,1,10
foreheard,0,0,2,2
foreight,1,0,0,1
foreign,168,0,111,279
foreigner,10,4,20,34
foreigners,12,2,31,45
foreknowledge,0,1,0,1
foreland,0,0,1,1
forelegs,0,0,2,2
forelorn,0,3,0,3
foreman,0,3,0,3
foremost,4,4,14,22
forensic,0,1,8,9
forensics,1,0,14,15
forenza,0,0,1,1
foreplay,0,0,5,5
foresee,6,6,11,23
foreseeable,1,0,12,13
foreshaddowing,0,0,1,1
foreshadow,2,1,0,3
foreshadowed,0,0,1,1
foreshadowing,6,3,9,18
foreshadows,0,0,5,5
foreshame,0,1,0,1
foreshawdowing,0,0,1,1
foreshortening,0,0,3,3
foresight,2,0,12,14
foreskin,0,1,0,1
forest,28,49,73,150
forested,0,0,1,1
forests,0,2,10,12
forethought,0,0,2,2
foretold,0,0,3,3
foreva,0,1,1,2
forevaaa,0,0,1,1
forevaaaaaaa,0,0,1,1
forever,244,411,1129,1784
foreverdina,0,2,0,2
forevermore,0,1,2,3
foreverr,0,1,0,1
foreverrr,3,1,0,4
foreverrrrr,0,2,0,2
foreverrrrrr,0,1,0,1
foreverrrrrrr,1,0,0,1
foreverrrrrrrr,0,1,0,1
foreverrrrrrrrrrrr,0,0,1,1
forevers,0,1,0,1
forevery,0,1,0,1
forevr,0,0,1,1
forevre,0,0,3,3
foreward,0,0,1,1
forex,0,2,9,11
forfeit,1,0,3,4
forfeits,2,0,0,2
forfill,2,0,0,2
forgave,0,0,1,1
forge,0,3,13,16
forged,0,1,2,3
forgedit,0,0,1,1
forgein,0,0,1,1
forger,1,0,0,1
forgery,7,0,0,7
forges,0,2,0,2
forget,233,324,846,1403
forgetable,0,0,1,1
forgetful,7,0,3,10
forgeting,0,0,6,6
forgets,13,6,19,38
forgett,0,1,0,1
forgettable,9,0,12,21
forgetti,0,1,0,1
forgetting,30,22,98,150
forgiegn,0,0,1,1
forging,4,0,1,5
forgivable,5,0,0,5
forgive,32,13,97,142
forgiven,11,0,11,22
forgiveness,14,6,37,57
forgives,1,2,6,9
forgiving,9,10,20,39
forgo,0,0,1,1
forgor,0,0,1,1
forgot,181,341,480,1002
forgoten,0,7,0,7
forgots,0,1,0,1
forgotten,35,56,113,204
forgotting,0,1,0,1
forhead,2,6,0,8
forign,4,0,0,4
forinstance,0,0,2,2
fork,9,46,31,86
forkdontlie,0,4,0,4
forking,1,0,5,6
forks,0,3,6,9
forktruck,0,0,1,1
forlan,0,2,0,2
forlife,0,1,0,1
forlorn,0,0,4,4
forlornly,0,0,1,1
form,175,143,572,890
forma,8,26,1,35
formadahyde,0,0,4,4
formal,7,7,32,46
formalar,0,0,1,1
formaldehyde,0,4,0,4
formalfails,0,6,0,6
formalfailures,0,6,0,6
formally,5,0,3,8
forman,0,0,1,1
formant,0,0,1,1
formar,0,0,5,5
formaras,0,4,0,4
formaron,4,0,0,4
formas,0,4,1,5
format,25,17,211,253
formation,25,20,45,90
formative,0,0,1,1
formatives,0,0,3,3
formato,0,2,0,2
formats,2,3,42,47
formatted,1,0,3,4
formay,0,1,0,1
forme,0,2,0,2
formed,11,11,33,55
former,58,24,168,250
formerly,9,1,4,14
formers,3,0,0,3
formidable,6,0,0,6
forming,5,3,17,25
formoneyonly,0,5,0,5
forms,21,8,62,91
formula,39,77,166,282
formulaa,0,1,0,1
formulaic,3,0,3,6
formular,8,0,0,8
formulas,1,3,22,26
formulate,2,0,10,12
formulated,5,0,7,12
formulating,0,0,2,2
formulations,0,0,8,8
formy,0,0,1,1
formybrother,0,0,1,1
forn,1,0,0,1
forner,0,0,4,4
fornicate,3,0,0,3
fornication,20,0,0,20
fornicators,26,3,0,29
fornite,0,3,0,3
forr,0,0,1,1
forreal,8,0,1,9
forrest,0,6,15,21
forrnite,0,0,3,3
forrrrr,0,4,0,4
forrrrrrrr,1,0,0,1
forsaken,1,2,0,3
forse,0,23,0,23
forsee,0,1,0,1
forsen,0,1,0,1
forshadowed,0,0,2,2
forst,0,0,2,2
forstall,0,0,2,2
forster,3,0,0,3
forsure,0,0,5,5
forsyth,0,8,15,23
forsythe,0,3,2,5
fort,17,26,24,67
forte,5,27,2,34
fortey,0,0,1,1
forth,31,17,83,131
forthcoming,1,0,3,4
forthe,1,0,0,1
fortheculture,0,0,1,1
forthelfe,1,0,0,1
forties,2,0,1,3
fortifications,0,0,1,1
fortified,0,0,2,2
fortify,0,0,1,1
fortifying,0,0,5,5
fortissima,0,5,0,5
fortitude,0,0,2,2
fortnight,1,0,0,1
fortnightly,0,0,4,4
fortnights,0,0,1,1
fortnite,4,7,13,24
fortress,5,0,5,10
forts,2,2,0,4
fortuna,0,2,0,2
fortunam,0,1,0,1
fortunata,0,6,0,6
fortunate,7,0,46,53
fortunately,8,0,55,63
fortunatu,0,4,0,4
fortune,21,17,54,92
fortuner,0,0,1,1
fortuno,0,0,1,1
forty,22,3,14,39
forum,4,6,42,52
forums,4,6,10,20
foruploading,1,0,0,1
forver,1,1,0,2
forvet,0,1,0,1
forvete,0,1,0,1
forvusczebras,0,0,4,4
forward,243,161,1268,1672
forwardable,0,3,0,3
forwarded,4,0,6,10
forwarding,0,1,8,9
forwards,8,4,30,42
forword,0,0,1,1
foryears,0,1,0,1
forz,1,0,0,1
forza,16,45,2,63
forzageta,0,2,0,2
forzainter,0,14,0,14
forzanapolisempre,0,5,0,5
foseytube,0,5,0,5
fosh,0,1,0,1
fosho,1,0,0,1
fosse,0,1,1,2
fossey,0,0,1,1
fossil,5,2,4,11
fossile,0,0,2,2
fossils,1,0,2,3
foster,8,15,19,42
fosters,0,1,8,9
fot,0,3,4,7
fotball,3,0,0,3
fotehead,0,1,0,1
fotgot,0,1,0,1
foto,0,11,3,14
fotos,5,0,5,10
fotr,0,0,5,5
fottage,0,0,1,1
fou,2,7,0,9
foudatian,0,1,0,1
foues,0,0,4,4
fought,50,17,132,199
fouk,0,1,0,1
foukin,0,1,0,1
foul,17,10,49,76
fould,0,1,0,1
fouled,0,0,2,2
fouling,0,0,7,7
foulmouthed,1,0,0,1
foulness,0,0,2,2
fouls,0,6,8,14
found,566,442,2741,3749
foundanstein,0,2,0,2
foundant,0,1,1,2
foundation,272,388,1645,2305
foundational,0,0,7,7
foundations,41,25,192,258
foundd,2,1,0,3
founddd,0,1,0,1
founded,4,22,20,46
founder,14,2,18,34
founders,6,3,1,10
foundi,0,0,1,1
foundiddlydation,1,0,0,1
founding,9,0,10,19
foundry,0,1,0,1
founds,0,1,0,1
foundthank,0,2,0,2
foungue,0,0,1,1
fount,1,0,0,1
fountain,11,14,27,52
fountains,1,0,5,6
four,114,125,333,572
fourhundo,0,2,0,2
fourier,0,1,0,1
fourniture,0,0,3,3
fours,2,3,1,6
foursome,3,1,0,4
fourteen,0,0,11,11
fourteenth,0,3,2,5
fourth,31,23,69,123
fourthhhhhhhh,0,0,3,3
fourths,0,0,2,2
fourty,0,0,1,1
fourtyfive,0,1,0,1
fousey,0,1,5,6
fouseys,0,0,1,1
fouseytubes,0,0,1,1
fousy,0,3,0,3
fout,0,4,0,4
foutain,0,0,1,1
foverer,0,0,1,1
fovever,0,0,1,1
fow,0,0,1,1
foward,0,5,8,13
fowards,0,1,0,1
fowl,0,4,2,6
fowler,0,3,1,4
fox,152,137,285,574
foxcatcher,0,0,3,3
foxes,5,6,5,16
foxhole,1,0,0,1
foxtrot,0,6,6,12
foxworthy,0,0,1,1
foxx,6,25,27,58
foxxx,0,1,0,1
foxy,0,5,0,5
foyer,0,0,1,1
foyet,0,0,4,4
foza,1,0,0,1
fp,2,5,4,11
fpp,3,0,0,3
fpr,0,0,13,13
fps,56,64,85,205
fpude,0,4,0,4
fpv,0,1,2,3
fq,0,0,1,1
fr,28,53,67,148
fra,0,6,2,8
fraaaameeesss,0,2,0,2
fraboni,0,0,7,7
fraca,0,1,0,1
fracaso,6,1,0,7
frace,0,1,0,1
fracentin,0,2,0,2
frack,0,6,6,12
fracked,0,0,3,3
fracking,0,6,7,13
fracnes,0,1,0,1
fractal,0,1,0,1
fractals,0,0,2,2
fraction,9,5,38,52
fractions,0,0,2,2
fracture,0,1,0,1
fractured,1,1,15,17
fragen,1,0,0,1
fraggle,0,5,7,12
fragile,25,1,42,68
fragilistic,0,1,0,1
fragility,0,0,1,1
fragment,5,1,7,13
fragmented,1,2,2,5
fragments,0,1,4,5
fragrance,8,2,44,54
fragranced,0,0,5,5
fragrances,0,6,18,24
frags,6,0,0,6
fraiche,0,0,1,1
frail,6,0,7,13
frailties,0,0,4,4
frailty,1,0,0,1
fraims,0,2,0,2
fraise,0,0,2,2
fraitening,0,1,0,1
frak,0,0,7,7
frakenfoundation,0,0,1,1
frakenlip,0,0,1,1
frakes,2,0,3,5
frakin,0,0,1,1
fraking,0,0,2,2
fraks,0,0,1,1
fraley,1,0,0,1
framboos,12,0,1,13
frame,87,94,174,355
framecast,0,0,1,1
framed,11,7,20,38
framers,1,0,0,1
frames,10,18,26,54
framework,0,0,8,8
framing,3,5,11,19
fran,7,33,23,63
franbow,0,4,0,4
franc,0,6,4,10
franca,0,0,1,1
francais,4,3,2,9
france,59,72,256,387
frances,1,6,2,9
francesca,3,9,13,25
francescas,0,0,2,2
francesco,1,4,0,5
francesspool,0,1,0,1
franch,0,0,1,1
franchement,4,8,1,13
franchescas,0,0,1,1
franchise,54,21,125,200
franchises,5,1,12,18
franchising,0,0,1,1
francia,2,0,0,2
francie,0,0,4,4
francis,11,21,18,50
francisco,7,19,31,57
franco,19,40,71,130
francois,0,0,5,5
francophone,0,0,2,2
francos,0,0,2,2
francotirador,0,2,0,2
frands,0,2,1,3
frango,0,6,0,6
frank,117,87,104,308
frankcastle,1,1,0,2
franken,0,4,9,13
frankenbase,0,1,0,1
frankendation,0,1,1,2
frankenholes,0,0,1,1
frankensauce,0,7,9,16
frankenstain,0,0,1,1
frankenstation,0,2,0,2
frankenstein,1,16,28,45
frankensteye,0,0,1,1
frankenstines,0,0,1,1
frankfort,0,0,1,1
frankfurt,1,1,6,8
franki,0,5,1,6
frankie,7,14,28,49
franklin,5,24,39,68
franklins,0,19,19,38
frankly,36,1,77,114
frankness,0,0,4,4
franks,2,2,1,5
franku,1,3,1,5
frankura,0,1,0,1
franky,1,3,0,4
frankyyyy,0,1,0,1
frannie,0,1,0,1
franny,0,3,0,3
franshise,0,0,1,1
fransisco,1,3,4,8
franta,7,13,4,24
frantic,1,0,4,5
frantically,4,0,0,4
frap,1,1,1,3
frape,0,0,2,2
frapp,0,0,5,5
frappe,0,4,2,6
frappes,0,0,2,2
frappuccino,0,5,0,5
frappucinno,0,0,1,1
frappucino,0,1,0,1
frase,0,1,0,1
fraser,1,4,9,14
frasers,1,0,0,1
frases,0,1,0,1
frasier,2,1,2,5
frat,2,5,7,14
frate,0,1,0,1
fraternity,0,1,1,2
frau,0,1,0,1
fraud,70,63,33,166
fraudinho,1,0,0,1
frauds,11,4,8,23
fraudulence,0,0,2,2
fraudulent,6,1,2,9
fraudulently,0,0,5,5
fray,0,0,5,5
frayed,4,1,4,9
frazal,0,0,6,6
frazer,0,1,0,1
frazier,2,1,1,4
frazzle,0,8,0,8
frc,0,0,2,2
fre,1,0,10,11
freaaaaak,0,0,1,1
freajkingrsfdf,0,4,0,4
freak,69,74,148,291
freakd,0,0,1,1
freaked,36,46,51,133
freakeddddddd,0,1,0,1
freaken,0,8,16,24
freaker,0,0,1,1
freakiest,2,0,1,3
freakin,19,50,143,212
freaking,203,229,883,1315
freakingg,0,1,0,1
freakinggg,0,0,1,1
freakinggggg,1,0,0,1
freakingly,0,0,2,2
freakinn,0,1,0,1
freakinnnn,0,5,0,5
freakish,4,11,9,24
freakishly,15,0,10,25
freakkin,0,0,1,1
freakkk,0,1,0,1
freakn,0,0,1,1
freakout,0,0,3,3
freakow,0,3,0,3
freaks,20,13,46,79
freakshake,0,5,4,9
freakshakes,0,5,7,12
freakshow,0,1,0,1
freakssssss,0,5,0,5
freaky,31,19,50,100
freand,1,0,0,1
freash,0,0,1,1
freceld,0,1,0,1
frech,0,0,4,4
frecin,1,0,0,1
freckin,0,0,1,1
frecking,0,0,1,1
freckle,4,54,37,95
freckles,10,33,49,92
freckling,0,2,0,2
frecklleee,0,4,0,4
frecks,0,5,0,5
fred,16,18,20,54
fredbear,0,0,2,2
freddie,13,60,26,99
freddiew,2,1,2,5
freddy,21,30,27,78
freddys,0,1,1,2
frederator,0,2,0,2
frederick,0,0,3,3
frederico,0,0,4,4
fredkin,0,0,2,2
fredo,2,1,1,4
fredrikaallen,0,0,3,3
fredy,0,2,0,2
free,360,61,3229,3650
freeaaakkiinggg,0,0,1,1
freeallbats,0,0,4,4
freeballing,0,0,4,4
freebee,2,0,0,2
freebie,0,1,0,1
freebobbyshmurda,0,1,0,1
freeboot,0,0,2,2
freebooted,0,1,0,1
freebrasi,0,0,1,1
freec,0,1,0,1
freecatalonia,0,4,0,4
freecoal,2,0,0,2
freecoaster,0,2,0,2
freecodesxxx,1,0,19,20
freeconan,0,0,2,2
freecoutinho,0,2,0,2
freed,1,3,19,23
freedive,0,1,1,2
freedmen,0,0,1,1
freedns,0,4,0,4
freedom,146,63,370,579
freedome,0,1,0,1
freedomless,0,1,0,1
freedoms,14,0,25,39
freedon,0,3,0,3
freedumb,0,3,0,3
freedy,0,1,0,1
freee,1,0,0,1
freeee,0,1,2,3
freeeee,0,3,0,3
freeeeee,0,0,6,6
freeeeeeeeeeeeeeeeeeeeeeeeeeeee,0,4,0,4
freefall,0,0,1,1
freefile,2,0,1,3
freeform,0,0,6,6
freegates,1,9,7,17
freeghost,0,1,0,1
freegrabapp,0,0,2,2
freehand,3,1,1,5
freehandle,0,2,0,2
freehold,0,0,5,5
freeing,0,3,11,14
freeist,0,0,1,1
freek,2,0,0,2
freeked,3,0,0,3
freekev,0,1,0,1
freekevingates,1,1,0,2
freekick,1,2,13,16
freekickerz,0,3,0,3
freekin,0,0,6,6
freeking,0,1,4,5
freekodak,0,2,0,2
freelance,0,1,1,2
freelancer,0,0,2,2
freelee,1,6,0,7
freeliltay,0,1,0,1
freeline,0,3,3,6
freeliving,0,0,1,1
freeload,0,0,4,4
freeloader,0,5,0,5
freeloaders,0,0,1,1
freelucasbrasi,1,0,0,1
freely,18,0,32,50
freeman,4,5,15,24
freemaniggakodak,0,1,0,1
freemason,8,0,8,16
freemasonry,3,0,0,3
freemen,0,0,5,5
freemont,1,0,0,1
freenelk,0,2,0,2
freeport,0,1,0,1
freer,0,0,6,6
freeroam,0,2,0,2
freerunning,0,5,0,5
frees,0,0,4,4
freese,1,0,1,2
freeslice,1,1,0,2
freesm,0,0,3,3
freespins,0,0,1,1
freesrtyle,0,0,1,1
freestye,0,2,0,2
freestyle,39,42,48,129
freestyled,2,0,4,6
freestyler,0,1,1,2
freestylers,8,10,10,28
freestyles,1,7,4,12
freestyling,2,2,1,5
freesync,0,0,1,1
freetibet,0,4,0,4
freeware,0,2,0,2
freeway,6,2,8,16
freeways,0,0,3,3
freewill,0,0,1,1
freeye,2,0,0,2
freeza,0,4,0,4
freeze,19,33,94,146
freezed,0,0,1,1
freezeing,0,0,1,1
freezer,10,25,104,139
freezers,0,0,7,7
freezes,17,4,12,33
freezies,0,3,0,3
freezing,24,13,47,84
freezy,0,0,3,3
frefighter,1,0,0,1
freggin,0,1,0,1
fregnaaaa,0,1,0,1
frehley,0,8,5,13
freidrik,0,0,1,1
freight,0,4,1,5
freighters,0,0,8,8
freiheiten,0,4,0,4
freind,4,1,10,15
freindly,0,0,1,1
freinds,1,2,5,8
freinkenstien,0,1,0,1
frekin,0,1,2,3
freleria,1,0,0,1
fremantle,1,0,4,5
fremdsch,0,5,0,5
fremont,1,0,0,1
fren,0,4,0,4
french,149,361,685,1195
frenchfan,0,0,1,1
frenchhh,0,1,0,1
frenchie,0,1,7,8
frenchiest,0,1,0,1
frenchman,0,1,2,3
frenchs,1,0,0,1
frenchss,0,0,1,1
frenchy,1,0,0,1
frend,0,0,1,1
frendly,0,2,0,2
frenetic,0,0,3,3
frenk,4,0,0,4
frens,0,3,1,4
frensh,0,5,1,6
frente,0,19,0,19
frentealespejo,0,0,1,1
frenzy,1,4,2,7
freq,2,0,2,4
frequecy,0,1,0,1
frequence,0,0,2,2
frequencies,3,26,87,116
frequency,14,13,91,118
frequent,10,0,32,42
frequented,1,1,0,2
frequenting,0,0,1,1
frequently,11,2,81,94
fresca,0,7,0,7
fresco,1,5,6,12
fresh,48,2,695,745
fresha,0,0,5,5
freshavocado,0,2,0,2
freshcake,0,5,0,5
freshen,0,0,7,7
freshening,0,0,1,1
fresher,1,1,6,8
freshers,8,0,4,12
freshest,0,1,2,3
freshh,0,2,0,2
freshly,3,0,13,16
freshman,4,15,36,55
freshmen,1,1,10,12
freshness,2,0,1,3
freshwater,0,1,6,7
fresno,0,1,0,1
frestyle,0,1,0,1
fret,0,6,3,9
fretting,1,0,0,1
freud,1,0,7,8
freude,0,1,0,1
freudian,0,1,7,8
freue,0,6,0,6
freuen,0,1,0,1
freund,0,3,0,3
freunde,0,6,0,6
frey,0,0,5,5
freya,0,1,1,2
freyes,0,0,1,1
freyja,1,0,0,1
frfr,5,8,2,15
frfrfrfrfr,0,1,0,1
frget,0,0,2,2
frgt,0,6,2,8
fri,1,1,10,12
friar,0,0,3,3
fribourg,0,0,3,3
fricc,0,3,0,3
fricci,0,1,0,1
friccinngng,0,1,0,1
fricin,0,1,0,1
frick,2,19,16,37
fricken,9,14,51,74
fricker,0,19,5,24
frickerrr,0,0,6,6
frickfracking,0,1,0,1
frickin,13,41,55,109
fricking,20,7,40,67
frickkk,0,0,1,1
frickng,0,0,2,2
fricko,0,1,0,1
fricks,0,1,0,1
friction,5,9,18,32
frictional,0,0,1,1
frictionless,0,0,2,2
frictions,0,0,1,1
frida,0,0,7,7
friday,99,168,239,506
fridays,10,6,23,39
fridayyyy,0,3,0,3
fridge,49,65,145,259
fridgecam,5,1,8,14
fridges,19,18,35,72
fridgophobia,2,0,0,2
frie,0,4,3,7
friea,0,3,0,3
fried,129,69,61,259
frieday,0,1,0,1
friedman,0,0,6,6
friedrich,0,0,4,4
frieeeeend,0,0,1,1
friees,0,0,1,1
frieghtened,0,4,0,4
friekin,0,0,1,1
friend,410,487,1912,2809
frienddddd,0,1,0,1
friendds,0,1,0,1
frienddsssss,0,1,0,1
friended,0,0,1,1
friendifying,2,0,0,2
friendlier,0,1,3,4
friendlies,1,0,0,1
friendliest,0,4,22,26
friendliness,0,2,6,8
friendlings,0,0,5,5
friendlist,0,0,8,8
friendlists,0,3,0,3
friendly,51,0,362,413
friendlyness,0,2,0,2
friends,742,489,2425,3656
friendsdddddd,0,0,1,1
friendship,33,40,255,328
friendshipgoals,0,2,0,2
friendships,16,2,30,48
friendssss,0,0,1,1
friendsssss,0,1,0,1
friendz,1,0,0,1
friendzone,3,1,7,11
friendzoned,0,2,0,2
frienship,0,1,0,1
fries,35,61,84,180
friesss,0,1,0,1
frieza,0,12,0,12
frig,0,1,0,1
frigde,0,0,2,2
frige,0,2,0,2
friggen,5,3,3,11
frigggg,2,0,0,2
friggin,17,15,49,81
frigging,6,1,15,22
frighin,0,1,0,1
fright,4,14,5,23
frighten,2,0,26,28
frightened,2,2,6,10
frightening,13,2,20,35
frighteningly,1,0,1,2
frightens,0,0,2,2
frigillana,4,0,0,4
frigin,0,0,1,1
friiidge,0,1,0,1
frijoles,0,3,1,4
friken,2,0,3,5
frikenin,0,0,1,1
friki,0,2,0,2
frikien,0,0,1,1
frikin,0,3,11,14
friking,0,0,3,3
frikis,0,1,0,1
frikka,0,1,0,1
frikken,0,2,2,4
frikkin,2,0,6,8
frikking,0,0,1,1
frikkkkkkkkkkkin,0,0,3,3
frill,0,0,2,2
frills,0,2,4,6
frilly,0,0,13,13
frim,0,0,5,5
frimponged,8,0,0,8
frinch,0,0,5,5
frinchtaost,0,2,0,2
frind,0,1,0,1
frindlly,0,0,1,1
frinedzone,0,1,0,1
fring,2,8,1,11
fringe,10,52,128,190
fringes,0,0,4,4
frinking,0,0,1,1
frio,0,7,1,8
frionel,0,5,0,5
frios,0,1,0,1
fripp,0,0,5,5
frisbee,4,8,9,21
frisco,0,0,1,1
friscomelt,0,2,0,2
frisking,0,1,0,1
frist,0,7,3,10
fritangueras,0,0,2,2
frites,6,0,2,8
frito,0,3,0,3
frittata,4,0,0,4
fritter,2,0,0,2
frittes,0,1,0,1
fritz,0,2,3,5
fritzl,0,1,0,1
frivolous,0,0,11,11
friyaaaay,0,3,0,3
frizz,2,0,2,4
frizzle,0,2,0,2
frizzy,3,1,12,16
frkn,0,0,8,8
frl,0,2,0,2
frm,0,10,8,18
frmheadtotoe,0,0,1,1
frnd,0,1,1,2
frnds,0,0,1,1
fro,10,6,8,24
frock,0,0,3,3
frode,1,0,0,1
frodo,0,2,1,3
froeze,0,2,0,2
frog,22,64,69,155
frogfish,1,7,7,15
froggy,0,0,3,3
frogs,13,11,46,70
frolicking,0,0,2,2
from,6082,7063,20905,34050
fromall,0,0,1,1
fromblack,0,1,0,1
frombrasil,1,0,0,1
frome,1,7,4,12
fromgermany,0,0,1,1
fromm,0,0,8,8
frommmm,0,0,2,2
fromnarodnaya,0,0,5,5
fromsoft,0,2,0,2
fron,2,2,11,15
frond,0,0,2,2
front,356,224,801,1381
frontal,5,1,8,14
fronte,0,1,0,1
fronteir,0,4,0,4
fronteiras,0,1,0,1
fronteras,0,1,0,1
frontflip,6,0,0,6
fronthanded,1,0,0,1
frontier,27,7,73,107
frontierland,0,3,0,3
frontiers,0,0,2,2
frontin,0,0,1,1
fronting,0,0,4,4
frontline,0,0,10,10
frontman,5,6,5,16
fronto,0,2,0,2
fronts,2,0,8,10
froopy,0,1,0,1
froot,0,2,0,2
froppyyy,0,1,0,1
froskurren,0,3,0,3
frost,4,2,19,25
frostbite,5,1,0,6
frosted,0,0,5,5
frosting,2,16,48,66
frostpunk,3,0,0,3
frosty,2,6,6,14
frothing,2,0,0,2
frothy,0,1,0,1
frotte,0,1,0,1
fround,0,2,0,2
frount,0,0,6,6
frown,2,1,23,26
frowned,2,1,8,11
frowning,5,2,2,9
frowns,0,0,1,1
frowwwwnn,0,4,0,4
froyo,0,0,6,6
froz,0,0,4,4
froze,3,10,9,22
frozen,38,79,132,249
frreakkking,0,1,0,1
frries,0,0,1,1
frrrreeeeeeeddddddoooooom,0,7,0,7
frrrrieeeendships,0,0,7,7
frrrrrrrrrrrrriiiiiiiiiiiiiiiiiiiied,1,0,0,1
frselfish,1,0,0,1
frserhtv,0,0,2,2
frst,0,0,1,1
fruck,0,1,0,1
frucking,0,3,0,3
fructose,0,0,3,3
frugal,0,0,1,1
fruger,0,1,0,1
fruggggin,0,1,0,1
frugivore,0,0,2,2
fruit,82,94,239,415
fruitcake,0,9,1,10
fruitcakes,0,1,3,4
fruitflies,0,1,0,1
fruitful,0,0,4,4
fruition,1,0,4,5
fruitless,1,0,2,3
fruits,22,60,55,137
fruity,0,8,7,15
frum,0,0,2,2
frumpy,4,0,5,9
frunk,4,12,13,29
fruo,0,0,1,1
frurfy,0,5,0,5
frust,0,0,1,1
frustates,0,0,2,2
frustrate,1,0,3,4
frustrated,51,1,61,113
frustrates,0,0,4,4
frustrating,71,0,98,169
frustratingly,0,0,3,3
frustration,10,14,36,60
frustrations,4,0,5,9
fruta,0,9,0,9
frutarian,0,0,8,8
frwaking,0,0,1,1
frwend,0,0,1,1
fry,24,38,64,126
fryed,3,0,0,3
fryer,1,0,0,1
frying,2,8,14,24
frylock,8,0,2,10
frylocke,2,0,0,2
frys,0,0,2,2
frysauce,0,4,0,4
fs,0,5,2,7
fsbaguarulerunitcm,0,1,0,1
fsc,0,1,0,1
fsct,0,0,1,1
fsda,0,1,0,1
fse,0,0,1,1
fsg,6,8,27,41
fsm,0,0,1,1
fsr,0,1,0,1
fstudbnjodfb,0,1,0,1
fsu,3,2,0,5
fsx,0,1,1,2
ft,41,201,103,345
ftc,0,1,2,3
ftcs,0,0,2,2
ftd,0,1,0,1
fter,0,3,0,3
ftigt,0,1,0,1
ftiralara,0,2,0,2
ftl,1,0,3,4
ftm,1,0,4,5
ftmfw,0,3,0,3
ftmumfumuf,0,4,0,4
ftom,0,0,1,1
ftontflip,0,2,0,2
ftp,0,1,0,1
fts,0,1,0,1
ftt,0,1,0,1
ftu,0,2,0,2
ftw,4,61,24,89
ftwd,0,1,0,1
ftyuioiuytftyuioiuytftyuioiuytftyuioiuytf,0,1,0,1
fu,20,61,59,140
fuaaa,0,1,0,1
fuak,0,0,1,1
fuarrrrk,1,0,0,1
fuarrrrrrrrkr,0,1,0,1
fub,0,1,0,1
fubar,2,0,1,3
fubared,0,0,1,1
fubg,0,1,0,1
fuc,7,8,8,23
fucc,0,6,2,8
fuccboi,0,0,1,1
fuccccck,0,1,0,1
fucccckk,0,0,1,1
fucccckkk,0,0,1,1
fuccck,0,0,2,2
fuccckkk,0,0,1,1
fuccking,0,0,2,2
fucckkkkk,1,0,0,1
fucckkkkkkkkkkkkkkkkk,0,1,0,1
fuccn,0,0,1,1
fuchin,1,0,0,1
fuchsia,0,3,0,3
fucikn,1,0,0,1
fucin,2,0,0,2
fucing,0,0,1,1
fucj,1,0,1,2
fuck,7490,62,1721,9273
fucka,2,15,27,44
fuckaaa,0,1,0,1
fuckaaaiiin,1,0,0,1
fuckable,3,0,3,6
fuckah,0,0,4,4
fuckall,4,0,0,4
fuckarsenal,0,1,0,1
fuckass,0,0,1,1
fuckbahces,1,0,0,1
fuckbiggotry,0,0,4,4
fuckblacklivesmatter,0,5,0,5
fuckboi,1,0,3,4
fuckbois,6,0,4,10
fuckboy,9,3,9,21
fuckboys,2,7,3,12
fuckcancer,1,0,0,1
fuckcashm,0,0,5,5
fuckdepression,1,4,10,15
fuckdonaldtrump,0,2,1,3
fucke,0,0,2,2
fuckea,0,0,4,4
fucked,835,14,168,1017
fuckem,0,0,1,1
fucken,40,45,66,151
fuckenell,0,0,2,2
fucker,72,39,44,155
fuckeroni,0,0,1,1
fuckeroo,0,0,1,1
fuckerrr,0,1,0,1
fuckers,50,30,30,110
fuckersmy,0,1,0,1
fuckersss,0,1,0,1
fuckery,6,8,6,20
fuckety,3,0,0,3
fuckface,1,2,0,3
fuckfaces,1,0,4,5
fuckfeed,0,0,1,1
fuckfest,2,0,0,2
fuckfuckfuckfuckfuckfuckfuckfuckfukfufkfukfufkfufffffffffff,0,3,0,3
fuckgirls,0,0,1,1
fuckharrymain,0,2,0,2
fuckhead,4,1,0,5
fuckheads,2,9,0,11
fuckhole,1,0,0,1
fuckhsjshdhdve,0,1,0,1
fucki,0,0,2,2
fuckidy,2,0,0,2
fuckig,6,0,1,7
fuckign,3,0,1,4
fuckignf,0,0,1,1
fuckimmadrunk,1,0,0,1
fuckin,297,325,467,1089
fuckinf,0,0,1,1
fuckinfuckuhsfikuhwnuhdo,0,1,0,1
fucking,6118,94,2900,9112
fuckingg,0,3,0,3
fuckinghypebeast,1,0,0,1
fuckinh,1,0,0,1
fuckinn,1,0,0,1
fuckinng,0,2,1,3
fuckinnnn,0,0,1,1
fuckislam,0,0,2,2
fuckity,28,0,0,28
fuckjakepaul,0,2,0,2
fuckk,1,2,5,8
fuckka,1,0,0,1
fuckking,4,1,0,5
fuckkk,0,8,3,11
fuckkkk,2,9,1,12
fuckkkked,0,6,0,6
fuckkkkk,0,1,0,1
fuckkkkkk,2,1,0,3
fuckkkkkkk,1,0,0,1
fuckkkkkkkin,0,1,0,1
fuckkkkkkkk,0,1,0,1
fuckkkkkkkkkkkkkkkk,0,1,0,1
fuckkkkkkkkkkkkkkkkkk,0,1,0,1
fuckles,1,0,0,1
fuckmeupdaddyomg,0,0,1,1
fuckn,6,17,7,30
fuckng,3,1,1,5
fucknut,0,0,1,1
fucknuts,1,0,1,2
fuckoff,3,0,3,6
fuckooff,0,1,0,1
fuckoutahere,0,5,0,5
fuckplannedobsolescence,0,0,3,3
fuckputin,0,1,0,1
fuckracistpatriots,6,0,0,6
fuckreboots,0,1,0,1
fucks,124,99,137,360
fucksake,0,4,0,4
fucksakes,5,0,0,5
fucksatanism,0,0,4,4
fuckskillshare,0,0,4,4
fucksssss,0,0,1,1
fuckstick,3,0,0,3
fucktard,10,11,6,27
fucktardiness,2,0,0,2
fucktards,10,0,12,22
fuckter,0,1,0,1
fuckthefive,0,5,0,5
fuckthepaddocks,0,1,0,1
fuckthepolice,0,0,1,1
fucktive,4,0,0,4
fuckto,0,1,0,1
fuckton,1,0,0,1
fucktor,0,2,5,7
fucktrump,3,3,3,9
fucktthey,1,0,0,1
fuckung,0,0,1,1
fuckup,0,0,2,2
fuckwads,7,0,0,7
fuckwhitepeople,0,1,0,1
fuckwhits,0,0,2,2
fuckwit,2,2,6,10
fuckwits,9,0,3,12
fuckwitt,4,0,0,4
fuckwittary,0,0,1,1
fucky,1,1,1,3
fuckyeah,0,4,0,4
fuckyooooooooooooouuuu,0,1,0,1
fucling,0,0,1,1
fucming,1,0,1,2
fud,0,1,0,1
fudd,0,1,0,1
fuddy,0,0,4,4
fudendo,0,3,0,3
fudge,10,40,15,65
fudgeing,0,2,0,2
fudgepacker,0,1,0,1
fudgescicle,0,0,2,2
fudgicle,0,0,2,2
fudging,4,0,2,6
fudgy,0,0,3,3
fudu,0,1,0,1
fuduu,0,1,0,1
fue,9,108,10,127
fued,0,1,4,5
fuedal,0,0,1,1
fueeron,0,5,0,5
fuego,1,13,9,23
fuegoo,0,1,0,1
fuegooooooo,0,1,0,1
fuegzz,1,0,0,1
fuehrer,0,0,1,1
fuel,26,36,137,199
fueled,7,1,11,19
fueling,5,0,8,13
fuels,5,2,15,22
fuelthenerd,0,1,0,1
fuera,3,89,12,104
fueran,0,4,0,4
fueraza,0,5,0,5
fueron,0,11,2,13
fuerte,0,15,3,18
fuertes,0,4,0,4
fuerza,3,25,1,29
fuerzaaaa,0,1,0,1
fuerzam,0,7,2,9
fuerzamexico,0,19,0,19
fuerzamexicoypuertorico,0,1,0,1
fuerzapuertorico,0,6,0,6
fuerzavenezuela,0,1,0,1
fuese,0,5,0,5
fuffly,0,1,0,1
fuffrvujwcy,0,1,0,1
fufilled,0,0,5,5
fufu,1,0,1,2
fug,0,2,0,2
fuge,0,1,0,1
fugees,0,0,1,1
fugen,1,0,0,1
fugetaboutit,0,3,0,3
fugg,0,0,3,3
fuggg,0,3,0,3
fuggggggg,0,3,0,3
fuggin,0,0,3,3
fuggit,0,0,2,2
fughkeng,0,3,0,3
fugitive,0,0,1,1
fugly,16,5,12,33
fugn,2,0,0,2
fuguly,0,0,1,1
fuh,0,2,1,3
fuhduh,1,0,0,1
fuhgeddaboudit,0,2,0,2
fuhk,2,3,2,7
fuhking,0,1,1,2
fuhrer,0,1,2,3
fuhrmeister,0,0,6,6
fuhrmietser,0,0,1,1
fuhuuuu,0,2,0,2
fui,0,5,0,5
fuii,4,13,0,17
fuiim,5,2,0,7
fuil,0,1,0,1
fuimos,4,0,0,4
fuiry,0,0,3,3
fuiste,0,1,0,1
fuj,0,1,0,1
fuji,0,5,2,7
fujifilm,0,3,0,3
fujiwara,0,1,1,2
fuk,28,59,39,126
fukc,1,0,0,1
fukced,0,1,0,1
fukcers,0,1,0,1
fukcin,1,0,0,1
fukcing,0,0,1,1
fukck,0,0,2,2
fukd,1,0,0,1
fuke,0,1,0,1
fuked,1,0,6,7
fuken,0,8,8,16
fuker,0,0,2,2
fukgregor,0,1,0,1
fukin,20,25,51,96
fuking,10,14,12,36
fukingggg,0,0,1,1
fukk,4,3,4,11
fukked,0,3,0,3
fukker,0,0,1,1
fukkers,2,0,0,2
fukkin,4,1,6,11
fukking,3,2,0,5
fukkk,3,0,0,3
fukkkk,0,1,0,1
fukn,1,8,8,17
fukoff,0,3,0,3
fukt,1,0,1,2
fuktartds,0,0,1,1
fukthesencitadel,0,0,3,3
fuku,0,0,1,1
fukuoka,0,0,1,1
fukushima,0,0,3,3
fukyo,0,1,0,1
ful,6,5,2,13
fulana,0,1,0,1
fulbo,0,2,0,2
fulckoing,0,1,0,1
fulcrum,3,1,2,6
fules,0,1,0,1
fulff,0,6,0,6
fulfil,5,3,3,11
fulfill,9,6,12,27
fulfilled,4,4,40,48
fulfilling,1,2,16,19
fulfillment,2,0,2,4
fulfills,2,0,6,8
fulfilment,1,0,3,4
fulfils,0,0,6,6
fulham,5,6,2,13
full,439,2,2934,3375
fulla,0,0,1,1
fullbacks,0,0,12,12
fulled,1,0,0,1
fuller,1,14,19,34
fullest,0,4,22,26
fullfill,0,0,3,3
fullfills,0,0,1,1
fullfim,0,1,0,1
fulll,0,1,0,1
fulllly,0,0,1,1
fullmetal,0,1,7,8
fullmovie,0,2,0,2
fullness,3,0,0,3
fulls,0,0,4,4
fullstop,0,0,2,2
fulltime,0,2,0,2
fully,100,60,359,519
fulmina,0,4,0,4
fumble,5,4,2,11
fumbled,1,0,4,5
fumbles,8,1,0,9
fumbling,2,0,0,2
fumbs,0,6,0,6
fume,0,1,0,1
fumes,4,0,5,9
fumi,0,0,15,15
fumin,0,0,3,3
fuming,1,11,0,12
fumming,0,0,1,1
fumo,0,1,0,1
fump,0,1,0,1
fumyfif,0,4,0,4
fun,369,4,3742,4115
funcation,1,0,0,1
funcheaporfree,0,0,1,1
funcion,0,4,1,5
funciona,0,8,0,8
funcionality,1,0,0,1
funcionamiento,0,1,0,1
funcionar,0,1,0,1
funcionarios,0,1,0,1
funcking,0,1,0,1
function,35,19,71,125
functional,1,7,42,50
functionalities,0,0,3,3
functionality,6,1,31,38
functionally,0,1,1,2
functioned,0,0,3,3
functioning,12,2,44,58
functions,8,5,42,55
fund,30,15,100,145
fundamental,16,8,15,39
fundamentally,0,1,16,17
fundamentals,1,0,1,2
fundametaly,0,0,1,1
fundanna,0,0,2,2
funded,19,15,42,76
funders,0,0,1,1
fundies,0,0,1,1
funding,14,14,90,118
fundo,0,2,0,2
fundoplication,0,0,2,2
fundraise,1,0,0,1
fundraiser,2,2,8,12
fundraising,5,0,8,13
funds,10,7,61,78
funeral,17,29,47,93
funeralllll,0,0,1,1
funerals,2,1,11,14
funfact,0,0,2,2
funforlouis,0,4,0,4
fung,0,0,1,1
fungal,0,2,3,5
fungames,3,0,0,3
fungi,17,15,13,45
fungle,0,0,1,1
fungly,0,4,0,4
fungus,0,7,7,14
funhaus,0,2,0,2
funhouse,0,0,3,3
funicular,0,0,2,2
funiculars,0,0,3,3
funiest,0,1,0,1
funk,11,12,20,43
funkien,4,0,0,4
funkier,0,0,6,6
funkin,2,0,0,2
funking,0,1,0,1
funkman,0,2,0,2
funko,4,2,6,12
funkopop,0,0,2,2
funkopops,0,3,0,3
funky,8,2,33,43
funnal,0,0,3,3
funnee,0,2,0,2
funneh,0,0,3,3
funnel,4,18,12,34
funnelcake,0,0,4,4
funneling,0,0,4,4
funnelling,0,1,0,1
funner,0,5,0,5
funnest,0,10,4,14
funney,0,4,0,4
funnie,0,1,0,1
funnier,28,52,101,181
funnies,4,1,2,7
funniest,65,166,221,452
funnily,2,7,4,13
funniness,1,0,3,4
funning,0,0,1,1
funnky,0,2,0,2
funnn,0,2,1,3
funnnnnn,0,7,0,7
funnnnnnny,0,3,0,3
funnnnnyyyy,0,0,2,2
funnny,0,3,1,4
funnnyyy,1,0,0,1
funny,1034,23,5472,6529
funnya,0,0,1,1
funnyer,0,0,1,1
funnyiest,1,0,0,1
funnys,0,9,0,9
funnyy,0,0,1,1
funnyyy,7,2,2,11
funnyyyy,0,1,1,2
funnyyyyy,0,0,2,2
funraser,0,1,0,1
funscure,0,0,1,1
funsounds,0,0,1,1
funt,0,0,1,1
funtastic,0,3,0,3
funtime,0,0,5,5
funtioning,0,1,0,1
funtions,1,0,0,1
funy,1,3,0,4
funzies,0,1,0,1
fuochi,0,0,1,1
fuoco,0,1,0,1
fuori,0,5,0,5
fuorigioco,0,5,0,5
fupa,0,1,0,1
fuq,4,4,10,18
fuqd,2,0,0,2
fuqin,0,1,0,1
fuqk,1,0,0,1
fuqua,0,3,0,3
fur,32,27,120,179
fura,0,2,0,2
furbabies,0,0,4,4
furday,0,0,1,1
furestest,0,0,1,1
furet,0,1,0,1
furfill,0,1,0,1
furguson,0,1,0,1
furher,0,1,0,1
furies,0,0,2,2
furioso,0,2,0,2
furiosos,0,2,0,2
furious,16,14,92,122
furiously,5,0,5,10
furkan,0,5,0,5
furlong,0,6,1,7
furnace,2,3,2,7
furnish,0,0,7,7
furnished,0,4,8,12
furniture,13,3,69,85
furnk,0,0,1,1
furor,0,0,2,2
furreal,0,0,1,1
furries,6,16,8,30
furrow,0,6,0,6
furrows,0,0,1,1
furry,19,26,31,76
furrypride,0,1,0,1
furrys,1,0,0,1
furs,6,0,1,7
fursbol,12,0,0,12
fursboleros,6,0,0,6
fursiut,0,1,0,1
fursona,0,12,0,12
furst,1,0,0,1
fursuit,0,0,4,4
fursuiter,0,0,2,2
furt,0,0,1,1
furtado,4,2,0,6
further,97,52,238,387
furtherance,0,0,1,1
furthering,3,0,2,5
furthermore,3,0,8,11
furthest,4,0,0,4
furture,2,0,0,2
fury,8,18,41,67
furyusai,0,3,0,3
furz,1,0,0,1
furze,6,9,13,28
fus,0,1,0,1
fuschia,1,0,3,4
fuscia,0,5,0,5
fuse,1,10,8,19
fused,1,1,10,12
fuselage,0,0,2,2
fusia,0,0,6,6
fusil,0,0,1,1
fusing,0,0,3,3
fusion,17,21,45,83
fusions,0,0,4,4
fuss,12,13,18,43
fussed,0,0,12,12
fusses,0,0,1,1
fussing,13,0,0,13
fussy,8,0,23,31
fut,0,2,14,16
futa,2,0,0,2
futanari,0,0,1,1
futballer,0,0,1,1
futbol,6,48,19,73
futbolero,0,3,0,3
futbolistas,0,11,2,13
futbolistica,0,5,0,5
futbolu,0,0,1,1
futct,0,0,1,1
futher,4,0,1,5
futhering,0,0,1,1
futhers,0,0,4,4
futile,0,12,1,13
futility,0,0,1,1
futon,0,0,5,5
futuer,0,0,1,1
futur,0,1,0,1
futura,0,1,0,1
futurama,0,0,3,3
futuras,0,0,1,1
future,332,480,1274,2086
futurecraft,0,4,0,4
futureproof,0,0,1,1
futures,1,5,3,9
futuring,0,0,1,1
futurism,0,0,3,3
futurismo,4,0,0,4
futuristic,15,4,36,55
futuro,0,17,1,18
futurum,0,0,3,3
futute,0,0,3,3
futz,0,0,4,4
futzzz,0,0,1,1
fuuck,0,1,0,1
fuucken,1,0,0,1
fuukkkkn,0,2,0,2
fuul,0,0,2,2
fuuny,0,0,1,1
fuuttuuree,0,4,0,4
fuuuccckkkk,0,1,0,1
fuuucckk,0,0,1,1
fuuucckkin,0,1,0,1
fuuucckkk,0,0,1,1
fuuuck,3,6,0,9
fuuuckkkk,1,0,0,1
fuuuuccckkk,0,0,1,1
fuuuuck,2,6,3,11
fuuuuckkk,0,1,0,1
fuuuunnnnneehhhh,0,3,0,3
fuuuuuck,0,2,1,3
fuuuuuckkkkk,0,0,4,4
fuuuuuh,1,0,0,1
fuuuuuu,0,6,0,6
fuuuuuuaaaaaaaaaaarghuuuuuck,2,0,0,2
fuuuuuuck,3,1,1,5
fuuuuuuckkkkkk,0,0,1,1
fuuuuuuu,0,0,3,3
fuuuuuuuck,1,0,0,1
fuuuuuuuu,0,2,0,2
fuuuuuuuucccckiiiiinnngggg,0,2,0,2
fuuuuuuuuck,0,1,0,1
fuuuuuuuuu,0,0,1,1
fuuuuuuuuuccckk,0,0,1,1
fuuuuuuuuuck,0,2,0,2
fuuuuuuuuuuck,0,0,1,1
fuuuuuuuuuuiuuuuuuuuuck,1,0,0,1
fuuuuuuuuuuuck,0,1,0,1
fuuuuuuuuuuuu,0,1,0,1
fuuuuuuuuuuuuuuck,1,0,0,1
fuuuuuuuuuuuuuuuuuuuuck,0,1,0,1
fuuuuuuuuuuuuuuuuuuuuu,0,2,0,2
fuvk,0,2,3,5
fuvking,6,0,0,6
fux,2,2,2,6
fuxk,1,1,0,2
fuxking,5,1,1,7
fuxkn,0,2,0,2
fuze,1,6,0,7
fuzed,0,1,0,1
fuzes,0,0,1,1
fuzion,0,2,0,2
fuzz,3,0,7,10
fuzzed,0,0,4,4
fuzzfeed,0,0,1,1
fuzzies,0,0,8,8
fuzzing,2,0,0,2
fuzzpop,0,1,0,1
fuzzy,6,11,52,69
fv,0,6,3,9
fvck,0,2,1,3
fvcka,0,0,2,2
fvcking,0,0,5,5
fve,0,0,1,1
fvk,2,0,0,2
fvvks,0,0,3,3
fw,7,9,30,46
fwaw,0,7,3,10
fwd,5,4,0,9
fweaken,0,1,0,1
fweakin,0,3,2,5
fweaking,0,1,0,1
fweekin,0,1,0,1
fwekin,0,1,0,1
fwench,0,1,0,1
fwenship,0,0,2,2
fwf,0,0,6,6
fwickn,0,0,1,1
fwind,0,1,0,1
fwiw,0,1,4,5
fwkin,0,0,1,1
fwm,4,1,0,5
fwny,0,0,4,4
fwom,0,1,0,1
fwu,0,1,0,1
fwy,1,0,0,1
fx,8,17,37,62
fxck,0,0,2,2
fxcked,0,0,1,1
fxcking,0,1,0,1
fxcks,0,1,0,1
fxdwawq,0,1,0,1
fxkin,0,1,0,1
fxxk,1,0,0,1
fxxking,1,0,0,1
fxxx,0,0,1,1
fy,11,0,4,15
fycking,0,0,1,1
fye,3,24,6,33
fyee,0,1,0,1
fyeee,0,0,1,1
fyi,49,34,85,168
fym,5,0,1,6
fynnuh,0,1,0,1
fyr,0,0,1,1
fyrir,0,0,1,1
fyufvcsthhvf,0,1,0,1
fyunnyyuu,0,1,0,1
fz,0,0,1,1
fzcking,0,3,0,3
ga,18,81,32,131
gaa,0,2,1,3
gaaaaaaaaaaaaaaaaaaaaaaaaaaaaaaaaaaame,0,1,0,1
gaaaaaaaaaaaaaaaaaaay,0,1,0,1
gaaaaaaaaaaaaaaaay,0,1,0,1
gaaaaaaaaaawd,0,5,0,5
gaaaaaaaaassshhhhh,0,2,0,2
gaaaaaaaaayyyy,0,1,0,1
gaaaaaaaad,0,1,0,1
gaaaaaaaay,0,1,0,1
gaaaaaaay,0,6,0,6
gaaaaaah,0,0,4,4
gaaaaaatoraaadeeeeee,0,2,0,2
gaaaaaay,0,4,0,4
gaaaaaayyyy,0,2,0,2
gaaaaaddddddddddddddddd,0,1,0,1
gaaaaaeeeeaaay,0,1,0,1
gaaaaaf,0,1,0,1
gaaaaawwwwddd,0,1,0,1
gaaaaayyyyyyy,0,1,0,1
gaaaad,0,0,2,2
gaaaahh,0,0,1,1
gaaaahhhh,0,0,4,4
gaaaahhhhhhhhhhgaaahhhhhhhhhhhhhhhsorry,0,0,1,1
gaaaatoraaadde,1,0,0,1
gaaaawd,0,1,0,1
gaaaayyo,0,1,0,1
gaaaayyy,0,4,0,4
gaaaayyyy,1,0,0,1
gaaaayyyyeeeee,0,1,0,1
gaaaayyyyyy,0,1,0,1
gaaabbbbzzzzzz,0,0,6,6
gaaad,0,1,0,1
gaaah,0,3,0,3
gaaame,1,1,1,3
gaaawd,0,0,1,1
gaaawwwd,0,0,1,1
gaaayyyy,0,1,0,1
gaaf,0,8,1,9
gaal,7,1,0,8
gaame,0,0,7,7
gaan,0,6,3,9
gaana,0,1,0,1
gaat,4,3,2,9
gaayyyyyyyy,0,1,0,1
gab,18,23,53,94
gaba,1,0,0,1
gabai,1,0,0,1
gabaldon,0,0,8,8
gabanna,0,0,6,6
gabapentin,0,0,1,1
gabapetin,0,0,2,2
gabb,0,0,5,5
gabbagool,0,1,0,1
gabbana,0,9,0,9
gabbbieeee,0,0,1,1
gabbe,0,0,1,1
gabbert,3,0,0,3
gabbi,0,1,0,1
gabbie,45,102,258,405
gabbieeeee,0,0,1,1
gabbieeeeeeeeeeee,0,0,1,1
gabbies,0,8,6,14
gabbieshow,0,1,0,1
gabble,0,2,8,10
gabbling,4,0,1,5
gabbs,0,3,8,11
gabby,30,56,130,216
gabbyshow,0,3,0,3
gabbyyyy,0,0,6,6
gabe,0,33,24,57
gabelit,0,1,0,1
gaben,1,0,1,2
gaber,0,0,1,1
gabi,1,4,16,21
gabie,0,0,2,2
gabishow,1,0,0,1
gable,0,1,1,2
gabon,1,9,0,10
gabot,1,0,0,1
gabri,1,1,0,2
gabriel,9,49,19,77
gabriela,0,0,1,1
gabriella,7,11,43,61
gabrielle,8,9,18,35
gabs,22,16,117,155
gabsss,0,2,1,3
gaby,10,2,3,15
gabz,0,0,13,13
gackt,1,5,2,8
gacy,1,0,1,2
gad,4,7,11,22
gadam,1,0,0,1
gadayum,0,0,1,1
gadda,0,1,0,1
gaddafi,4,0,5,9
gaddha,0,2,0,2
gaddot,1,0,1,2
gadeem,0,1,0,1
gadelha,0,0,1,1
gadget,3,8,10,21
gadgetkts,0,1,0,1
gadgets,7,7,30,44
gadite,0,0,3,3
gadjicks,0,5,0,5
gadot,36,89,102,227
gadots,0,1,0,1
gads,0,0,1,1
gaelic,0,8,0,8
gaem,0,0,1,1
gaenor,1,0,0,1
gaessssss,0,1,0,1
gaf,0,7,1,8
gaff,0,0,6,6
gag,17,25,27,69
gaga,14,33,40,87
gagaling,0,1,0,1
gagambang,1,1,0,2
gage,0,0,7,7
gager,0,0,2,2
gages,0,0,1,1
gagged,0,5,8,13
gaggig,0,2,0,2
gagging,3,3,3,9
gaghahhhhhhhhgjdjhgmcck,0,1,0,1
gagillionaire,0,0,1,1
gagn,0,0,4,4
gagne,0,4,4,8
gagner,0,1,0,1
gagnerd,0,4,0,4
gagnez,0,4,0,4
gago,4,5,0,9
gags,0,1,1,2
gah,1,13,25,39
gahaha,0,0,4,4
gaham,0,1,0,1
gahan,8,19,57,84
gahd,0,0,3,3
gahgets,0,1,0,1
gahh,0,0,3,3
gahhh,0,1,3,4
gahhhd,0,1,0,1
gahhhhh,0,0,2,2
gahhhhhhh,0,1,0,1
gahhhhhhhhhhhhhhhhhh,0,4,0,4
gahnirea,0,1,0,1
gahshjfsjavsab,0,0,1,1
gai,0,1,0,1
gaia,0,0,6,6
gaiden,1,3,0,4
gail,3,1,0,4
gaillards,0,1,0,1
gaillo,0,1,0,1
gaiman,0,0,9,9
gain,104,41,230,375
gaind,0,6,0,6
gained,44,32,151,227
gainer,0,1,0,1
gainesville,2,0,2,4
gaing,5,0,0,5
gaining,12,23,58,93
gains,24,13,12,49
gainsville,0,0,1,1
gaint,2,8,2,12
gainz,0,0,2,2
gaip,0,0,4,4
gaisey,0,1,0,1
gaisss,0,1,0,1
gait,1,0,0,1
gaita,0,1,0,1
gaius,1,0,0,1
gajdhansb,0,1,0,1
gajecks,0,3,0,3
gajik,0,0,1,1
gajiks,0,4,0,4
gajo,0,0,3,3
gak,0,2,0,2
gaku,0,13,1,14
gal,67,164,272,503
gala,1,5,11,17
galactic,18,7,19,44
galactica,0,16,12,28
galactical,0,0,1,1
galactus,0,3,0,3
galad,0,1,0,1
galadon,3,1,1,5
galahs,1,0,0,1
galantis,1,0,3,4
galapagos,2,1,2,5
galatasaray,5,9,3,17
galatasarayda,0,1,0,1
galatasarayimizda,0,1,0,1
galatasarayl,0,2,0,2
galatasarayli,0,3,0,3
galatasarayliyim,0,1,0,1
galatians,13,0,15,28
galatic,0,1,0,1
galau,0,1,0,1
galaxies,2,1,11,14
galaxy,68,165,238,471
galaxys,2,1,0,3
galbraith,1,0,0,1
gald,1,7,0,8
gale,1,2,2,5
galea,0,2,3,5
galeavision,0,1,0,1
galen,0,1,1,2
galera,0,4,0,4
gales,0,0,1,1
galexy,0,1,0,1
galf,0,0,1,1
galfinakas,0,0,1,1
galgadot,0,0,4,4
galgadots,0,1,0,1
galgographic,0,3,0,3
galiba,0,1,0,1
galibiyet,0,0,1,1
galibiyeti,0,1,0,1
galibyeti,0,1,0,1
galifianakis,0,2,3,5
galing,0,9,6,15
galisteo,0,1,0,1
galium,0,0,8,8
gall,0,4,6,10
gallacher,4,0,0,4
gallade,0,0,4,4
gallagher,13,39,64,116
gallaghers,2,2,2,6
galland,0,0,1,1
gallant,4,20,19,43
gallants,0,0,6,6
gallas,0,0,7,7
gallass,3,0,0,3
gallaway,0,0,1,1
gallaxy,0,0,1,1
gallbladder,0,0,3,3
galleria,0,0,2,2
gallery,8,9,9,26
galli,0,5,0,5
gallina,0,5,0,5
galliu,0,4,0,4
gallium,0,67,0,67
galll,0,1,0,1
gallo,2,5,8,15
gallon,4,5,15,24
gallons,7,4,3,14
gallop,0,0,6,6
galloping,0,0,2,2
galloway,1,1,1,3
gallows,0,1,4,5
gally,0,2,0,2
galmut,1,0,0,1
galnet,4,0,19,23
galon,2,0,0,2
galore,1,2,22,25
galot,0,0,1,1
gals,1,7,45,53
galway,0,0,2,2
galways,0,0,1,1
galz,0,1,0,1
gam,0,6,3,9
gamada,0,3,0,3
gambare,0,1,0,1
gambeling,0,5,0,5
gambino,7,6,3,16
gambinos,0,0,1,1
gambit,0,0,2,2
gambits,0,0,1,1
gamble,10,1,9,20
gambled,2,0,2,4
gambler,0,2,5,7
gamblers,2,0,0,2
gambling,30,10,32,72
gamby,0,4,0,4
gamda,0,1,0,1
game,4755,109,3341,8205
gameboy,12,24,21,57
gameboygirl,0,1,0,1
gameboys,0,1,1,2
gamechats,1,0,0,1
gamecity,0,0,6,6
gamecocks,0,0,2,2
gamecube,2,0,12,14
gamed,0,1,0,1
gamedev,0,1,3,4
gameee,2,0,0,2
gamefile,0,0,1,1
gamefreak,0,0,4,4
gamegirl,0,1,0,1
gamehut,0,1,0,1
gamemode,1,0,4,5
gamemodes,0,0,1,1
gameof,5,0,0,5
gameofthrones,5,0,1,6
gameplan,1,0,0,1
gameplay,42,32,80,154
gameplays,0,1,4,5
gameplaywise,0,0,1,1
gamepro,0,0,4,4
gamer,23,50,79,152
gamera,0,1,0,1
gameranx,0,1,0,1
gamerish,0,0,1,1
gamerpoop,0,0,1,1
gamers,29,7,51,87
games,564,305,1309,2178
gamesaves,0,2,0,2
gamescom,3,0,0,3
gamesecrx,10,14,7,31
gamesecrxguide,17,0,32,49
gameshow,12,0,0,12
gamesprout,0,3,0,3
gamesss,0,1,0,1
gamestar,0,0,4,4
gamestop,0,0,2,2
gametheorists,0,0,1,1
gametheory,0,0,1,1
gamey,0,0,4,4
gami,1,0,0,1
gamin,0,9,3,12
gaming,105,110,190,405
gamingsins,0,0,1,1
gamiss,0,4,1,5
gamit,0,0,1,1
gamma,5,3,11,19
gammess,3,0,0,3
gamo,0,0,2,2
gamorean,1,0,0,1
gamorrean,0,1,3,4
gamplay,0,0,1,1
gampp,0,5,0,5
gamr,0,4,0,4
gams,0,0,3,3
gamsssss,0,0,5,5
gan,0,27,9,36
gana,1,34,2,37
ganaba,0,2,0,2
ganache,1,3,5,9
ganado,0,27,1,28
ganamos,0,5,4,9
ganan,0,4,0,4
ganancias,0,0,1,1
ganando,0,7,0,7
ganar,0,103,11,114
ganara,0,8,0,8
ganarlo,0,5,0,5
ganaron,0,2,0,2
ganas,0,32,3,35
ganaste,0,5,0,5
ganbatte,0,0,1,1
ganc,0,1,0,1
ganda,0,8,2,10
gandaaaa,0,2,0,2
gandalf,2,0,10,12
gander,0,0,5,5
ganders,0,0,6,6
gandhi,1,1,1,3
gandola,0,0,1,1
gandolfini,0,0,4,4
gandon,0,4,0,4
gandpa,0,0,1,1
gandrew,0,1,0,1
gane,2,13,6,21
ganen,0,10,0,10
ganesh,0,0,1,1
gang,86,152,185,423
gangbang,4,5,17,26
gangbanged,1,0,0,1
gangbanger,0,0,5,5
gangbangsaregreat,3,0,0,3
ganged,0,0,3,3
ganger,0,1,0,1
gangggg,0,2,0,2
ganggggg,0,2,0,2
ganggu,0,2,0,2
gangland,0,0,5,5
ganglia,0,0,1,1
gangnam,0,13,7,20
gangrene,1,0,0,1
gangrenous,3,0,1,4
gangs,12,2,21,35
gangshit,0,0,1,1
gangsta,10,17,41,68
gangstagram,0,0,1,1
gangstar,0,1,0,1
gangstas,3,0,6,9
gangster,17,22,56,95
gangsterland,0,0,3,3
gangsters,9,3,9,21
gangway,1,0,0,1
ganhadores,0,0,1,1
ganhou,0,0,1,1
gani,4,3,2,9
ganis,0,1,0,1
ganja,0,1,2,3
gankfest,0,0,1,1
gankster,0,0,1,1
ganme,0,1,0,1
ganmily,0,1,0,1
ganna,1,1,4,6
ganni,6,0,4,10
gannnngggg,0,1,0,1
gannon,1,0,3,4
gano,0,3,5,8
ganon,3,0,5,8
ganoush,0,0,6,6
ganpa,0,3,0,3
ganranty,1,0,0,1
ganso,0,1,0,1
gansta,0,2,1,3
ganster,1,0,1,2
ganteng,0,6,0,6
gantenge,0,1,0,1
gantenh,0,0,1,1
gantz,0,0,2,2
ganyan,0,0,1,1
ganz,0,3,0,3
gaols,0,6,0,6
gaon,0,1,2,3
gap,31,29,104,164
gaped,0,2,0,2
gaphics,0,0,5,5
gaping,0,23,18,41
gapless,0,0,2,2
gapp,0,1,0,1
gapped,0,0,1,1
gappy,1,0,0,1
gaps,1,0,23,24
gar,0,7,14,21
gara,0,1,0,1
garage,11,30,79,120
garages,0,3,0,3
garagestudio,0,0,1,1
garamond,0,0,1,1
garand,0,0,2,2
garant,0,2,0,2
garantee,2,0,0,2
garay,0,1,0,1
garb,1,1,6,8
garbage,211,223,340,774
garbate,1,0,0,1
garbled,1,0,3,4
garbo,2,0,1,3
garbonzo,0,1,0,1
garbrandt,1,2,1,4
garbrant,0,3,0,3
garc,0,5,0,5
garcha,0,1,0,1
garchando,1,0,0,1
garcia,0,14,7,21
garcinia,0,0,5,5
garde,8,1,13,22
garden,22,33,102,157
gardener,0,0,6,6
gardeners,0,4,1,5
gardengoals,0,0,2,2
gardening,0,0,4,4
gardens,0,2,4,6
gardenscapes,0,2,0,2
gardevoir,0,0,4,4
gardien,4,12,0,16
gardner,0,1,1,2
gare,0,10,0,10
garees,0,0,1,1
garentuee,1,0,0,1
garer,0,0,4,4
gareth,18,33,7,58
garett,0,1,0,1
garfield,3,0,3,6
garfinkel,0,0,4,4
garfunkel,4,0,0,4
gargano,0,1,0,1
garganta,0,4,0,4
gargle,3,1,9,13
gargled,2,0,0,2
gargling,3,2,0,5
gargoyle,1,0,0,1
gargoyles,1,1,0,2
garibella,0,0,1,1
garix,0,0,5,5
garland,0,5,10,15
garlic,8,20,50,78
garlicsalt,0,1,0,1
garmadon,0,1,0,1
garment,1,0,13,14
garmiani,0,1,0,1
garna,5,0,0,5
garner,3,7,5,15
garnered,0,0,2,2
garnet,0,1,0,1
garnett,0,0,1,1
garnier,7,1,44,52
garnish,0,0,1,1
garnishes,1,0,0,1
garota,0,1,0,1
garotinha,0,2,0,2
garratt,0,1,0,1
garret,0,2,1,3
garrets,0,0,2,2
garrett,0,2,1,3
garretts,0,4,0,4
garri,0,7,5,12
garrick,1,5,5,11
garrido,0,1,0,1
garrison,4,0,1,5
garritas,0,2,0,2
garrix,5,98,98,201
garrixer,0,2,3,5
garrixers,0,2,0,2
garrixforever,0,4,0,4
garrote,0,0,1,1
garrus,3,0,0,3
garry,4,6,21,31
garrys,0,1,0,1
gars,2,4,1,7
garter,0,0,1,1
garth,1,0,1,2
garthay,1,0,0,1
garton,1,0,0,1
garuda,0,2,0,2
garuntee,0,0,1,1
garusia,0,0,4,4
garvey,0,0,3,3
garvin,0,8,0,8
garwin,0,1,0,1
gary,41,133,88,262
garyvee,0,2,1,3
garza,0,0,1,1
gas,55,76,176,307
gasatevi,0,1,0,1
gasato,0,1,0,1
gascoigne,3,0,6,9
gases,0,0,12,12
gasey,0,4,0,4
gash,1,2,4,7
gashed,0,0,1,1
gashina,0,1,0,1
gask,0,0,8,8
gaskarth,0,0,2,2
gasket,1,0,1,2
gaskin,0,0,5,5
gaslighting,0,0,1,1
gasm,0,1,1,2
gasmasks,1,0,0,1
gasolin,0,0,4,4
gasoline,4,4,14,22
gasp,3,41,32,76
gasped,1,10,9,20
gasping,10,0,3,13
gasps,3,5,1,9
gass,0,0,1,1
gassed,24,4,7,35
gasses,4,0,0,4
gassh,0,1,0,1
gasspardde,1,0,0,1
gasssedddd,0,1,0,1
gassssed,0,1,0,1
gasssss,4,0,0,4
gassssssseeeddd,0,1,0,1
gassssssss,0,1,0,1
gassy,0,0,1,1
gasta,0,1,0,1
gastan,0,0,1,1
gastar,0,2,0,2
gastelum,0,0,3,3
gaston,1,21,16,38
gastric,3,0,16,19
gastritis,3,4,4,11
gastro,4,0,0,4
gastroenteritis,0,0,1,1
gastroenterologist,1,0,0,1
gastroenterology,2,0,0,2
gastrointestinal,0,0,3,3
gastronom,0,0,2,2
gastronomic,0,0,3,3
gastronomy,0,3,0,3
gastroparesis,1,0,0,1
gasz,0,1,0,1
gaszz,0,1,0,1
gat,3,3,7,13
gata,0,6,2,8
gataseo,0,2,0,2
gatcha,2,0,0,2
gatchamaa,0,3,0,3
gatchaman,0,3,1,4
gatchas,6,0,0,6
gatdamn,1,0,0,1
gate,18,25,45,88
gated,3,0,9,12
gatekeeper,3,1,0,4
gatekeepers,1,0,0,1
gateraaaaaaaaaade,0,2,0,2
gates,27,34,65,126
gatess,0,0,1,1
gatesssss,0,1,0,1
gateway,1,0,9,10
gather,11,7,55,73
gathered,11,9,13,33
gatherers,2,4,1,7
gathering,11,12,46,69
gatherings,4,0,15,19
gathot,0,0,1,1
gati,0,0,2,2
gatif,0,2,0,2
gatifs,0,0,1,1
gating,1,0,1,2
gatitas,0,0,1,1
gatitos,0,0,2,2
gatjiman,0,1,0,1
gatling,0,0,1,1
gatneyo,0,0,1,1
gato,0,4,0,4
gator,0,0,1,1
gatorade,12,6,10,28
gators,1,0,2,3
gatowski,0,4,0,4
gatsby,0,0,15,15
gatta,0,3,1,4
gattaca,0,0,3,3
gatttooraiiiid,0,2,0,2
gatwick,0,0,2,2
gau,0,5,0,5
gauche,0,0,1,1
gaudy,1,0,0,1
gauge,0,3,34,37
gauges,0,2,8,10
gaun,0,1,0,1
gaunt,0,1,0,1
gauntlet,0,10,3,13
gaurd,0,1,0,1
gaurdian,0,1,0,1
gaurdians,1,0,0,1
gaurdiola,5,0,0,5
gaurentee,0,0,3,3
gaurenteed,0,0,3,3
gauri,0,0,1,1
gauss,0,0,2,2
gauteng,0,0,1,1
gauthier,1,0,0,1
gauze,0,1,0,1
gavagai,0,4,0,4
gave,423,353,1257,2033
gavel,1,0,1,2
gavi,0,0,2,2
gavin,19,25,60,104
gavinoofreeeeeee,0,8,0,8
gavins,0,0,5,5
gavurlar,0,4,0,4
gavuru,0,2,0,2
gaw,1,0,1,2
gawa,0,1,0,1
gawd,22,54,43,119
gawdamn,0,0,2,2
gawdd,0,3,0,3
gawdddd,0,1,5,6
gawds,0,1,0,1
gawe,0,1,0,1
gawhd,0,0,1,1
gawhdamn,0,0,7,7
gawin,0,0,1,1
gawjus,0,2,0,2
gawk,0,0,7,7
gawn,0,0,1,1
gawwww,0,0,3,3
gawwwwwgeeeeeeus,0,0,3,3
gaxly,0,1,0,1
gay,243,0,1509,1752
gaya,2,2,0,4
gayass,0,1,0,1
gaybar,0,6,0,6
gayborhood,0,0,1,1
gaybos,0,1,0,1
gayboys,1,0,2,3
gaycelona,6,0,0,6
gaydar,0,1,2,3
gaye,0,0,2,2
gayer,2,10,8,20
gayest,7,10,6,23
gayinthenba,0,3,0,3
gayish,0,0,5,5
gayishly,2,0,0,2
gaylani,1,0,3,4
gaylord,0,2,8,10
gaymarry,2,0,0,2
gayness,2,3,11,16
gaypride,0,1,0,1
gays,19,18,48,85
gaysian,0,3,3,6
gayte,0,0,5,5
gaytee,1,0,0,1
gayy,0,5,0,5
gayyassshit,0,1,0,1
gayyy,0,3,0,3
gayyyy,0,5,1,6
gayyyyy,0,5,0,5
gayyyyyy,0,2,0,2
gayyyyyyy,0,1,0,1
gayyyyyyyy,1,0,0,1
gayyyyyyyyy,2,1,0,3
gayyyyyyyyyyyyy,0,1,0,1
gayyyyyyyyyyyyyy,1,4,0,5
gayyyyyyyyyyyyyyyy,0,1,0,1
gayyyyyyyyyyyyyyyyyyyyyyyyyyyyyyyyy,0,1,0,1
gayz,0,0,1,1
gaz,0,11,7,18
gazab,0,1,0,1
gazan,0,1,0,1
gaze,2,15,20,37
gazebo,1,1,0,2
gazeboes,0,2,0,2
gazebos,2,14,0,16
gazelle,3,1,1,5
gazelles,0,2,0,2
gazes,0,0,1,1
gazette,0,0,2,2
gazidis,1,0,5,6
gazillion,1,0,0,1
gazillon,0,0,1,1
gazing,0,0,4,4
gazorpazorpfield,0,4,0,4
gazza,0,3,0,3
gazzillion,0,1,0,1
gb,30,51,154,235
gba,5,1,1,7
gbb,0,0,1,1
gbbersh,0,0,1,1
gbbo,0,10,7,17
gbbobacktobbc,0,0,1,1
gbbrsh,0,6,2,8
gbc,0,1,1,2
gbfr,1,0,0,1
gbghbc,0,0,2,2
gbh,2,0,1,3
gbnf,0,6,0,6
gbp,5,0,1,6
gbps,0,0,4,4
gbqtq,0,0,1,1
gbu,0,0,1,1
gby,0,0,1,1
gbygfyngb,0,0,6,6
gc,0,1,0,1
gcd,0,0,6,6
gcmaf,0,0,2,2
gcn,0,0,2,2
gcse,1,11,27,39
gcses,0,2,1,3
gcv,0,1,0,1
gd,4,11,7,22
gday,0,1,0,1
gdc,0,1,0,1
gdd,0,0,1,1
gddamn,0,0,1,1
gdhdhdjsjsis,0,0,5,5
gdi,1,0,0,1
gdilf,0,0,2,2
gdje,0,0,1,1
gdjebdheldjebrhdjdbdbdjeu,1,0,0,1
gdp,0,0,4,4
gdr,0,0,13,13
gdragon,0,1,0,1
gdub,0,0,1,1
gdy,0,24,0,24
gdybym,0,2,0,2
gdzie,0,8,0,8
gdziekolwiek,0,2,0,2
ge,13,15,9,37
gea,1,7,0,8
geabboneerd,0,1,0,1
geabonneerd,0,4,0,4
geachte,0,1,0,1
geachtet,0,3,0,3
geall,0,1,0,1
geam,1,0,0,1
geane,0,2,0,2
gear,32,65,133,230
gearaddict,0,0,1,1
gearbeast,0,0,2,2
gearbox,0,0,1,1
geared,3,0,18,21
gearing,1,0,9,10
gears,21,2,15,38
gearstick,0,0,2,2
geary,1,0,0,1
geass,0,6,2,8
geat,1,2,1,4
geazy,0,1,0,1
gebacken,0,0,2,2
geben,0,1,0,1
geblek,0,0,1,1
geboneerd,0,1,0,1
geboorte,0,0,2,2
geboren,0,1,1,2
gebracht,0,0,1,1
gebruiken,1,1,0,2
gebruikt,0,1,0,1
gebt,0,4,0,4
gebte,0,1,0,1
gecko,0,3,0,3
gecti,0,1,0,1
ged,0,0,5,5
gedaan,0,4,0,4
gedarel,0,0,6,6
geddes,0,2,0,2
geddy,0,0,5,5
gederal,6,0,0,6
gederel,0,0,3,3
gedmatch,0,0,8,8
gedragen,0,2,1,3
gedreven,0,0,1,1
gedroomd,0,1,0,1
gedting,0,1,0,1
gee,15,16,24,55
geech,0,1,0,1
geeeeeneee,0,0,7,7
geeeeetttttt,0,0,1,1
geeeeez,0,0,12,12
geeeeeze,0,0,3,3
geeeettttt,0,1,0,1
geeeez,0,0,1,1
geeeezzz,0,0,2,2
geeennnnneeeeesss,0,4,0,4
geeesh,1,0,0,1
geeet,0,1,0,1
geeez,0,1,1,2
geeezeee,0,3,0,3
geef,0,6,0,6
geeft,1,0,0,1
geein,0,1,0,1
geek,1,8,51,60
geekbench,5,0,4,9
geeked,1,1,5,7
geeking,0,0,3,3
geeks,1,6,8,15
geeksquad,1,0,0,1
geekstacy,0,0,1,1
geeky,5,0,19,24
geekyness,0,0,3,3
geelong,0,1,0,1
geen,0,16,3,19
geeo,0,1,0,1
geeorgie,0,0,1,1
gees,0,0,7,7
geese,3,5,5,13
geesh,4,0,0,4
geestelijk,0,1,0,1
geesus,0,1,1,2
geet,0,0,1,1
geetin,0,0,3,3
geez,20,40,63,123
geeze,1,0,1,2
geezeeeee,0,1,0,1
geezer,13,4,4,21
geezers,0,1,16,17
geezus,1,2,2,5
geezy,0,3,0,3
geezzz,0,0,2,2
geezzzz,0,1,1,2
gef,0,2,6,8
gefallen,0,1,0,1
gefascineerd,0,0,1,1
gefeliciteerd,0,0,2,2
gefilte,0,0,3,3
geforce,0,0,1,1
geftman,1,0,0,1
gegara,0,1,0,1
gegard,0,15,9,24
gegege,0,4,0,4
gegenstelle,1,0,0,1
gegenteil,0,1,0,1
gegeven,0,1,1,2
geh,3,14,0,17
gehabt,0,1,0,1
gehad,0,3,1,4
gehalten,0,2,0,2
gehandicapt,0,1,0,1
gehandicapten,1,0,0,1
gehatet,0,5,0,5
gehen,0,1,0,1
geholpen,0,1,0,1
gehpayedgehleeaidgehterade,0,1,0,1
geht,0,2,4,6
gei,0,1,0,1
geico,0,1,0,1
geiger,0,0,1,1
geil,1,26,12,39
geile,0,7,0,7
geiler,0,0,1,1
geiles,0,12,1,13
geill,0,2,0,2
geimer,0,2,0,2
geimu,0,3,0,3
geinie,0,0,1,1
geisha,0,0,2,2
geizig,0,1,0,1
gek,0,4,1,5
gekeken,0,1,0,1
gekkan,2,2,0,4
gekke,0,1,2,3
geklaut,0,8,0,8
gekocht,0,1,0,1
gekostet,0,2,0,2
gekregen,0,2,0,2
gel,15,28,139,182
gelade,1,0,0,1
gelaten,0,1,0,1
gelatin,2,7,11,20
gelatine,0,16,0,16
gelatinous,0,2,1,3
gelato,2,2,2,6
gelbe,0,1,0,1
geld,0,6,0,6
gelder,0,0,3,3
geldi,0,6,0,6
geldim,0,4,0,4
geldm,0,3,0,3
gelece,0,1,0,1
gelecek,0,2,0,2
geleden,0,0,1,1
geleni,0,3,0,3
gelenler,0,6,0,6
geli,0,3,0,3
gelicek,0,2,3,5
gelijk,0,0,1,1
gelikt,0,1,0,1
gelir,0,4,0,4
gelish,0,0,1,1
geliyo,0,2,1,3
geliyodunuz,0,1,0,1
geliyoooooooo,0,1,0,1
geliyor,0,3,0,3
geliyoz,0,2,0,2
gellar,0,0,1,1
geller,1,0,6,7
gelling,6,0,0,6
gelll,0,1,0,1
gelly,1,0,0,1
gelmeyi,0,0,2,2
gelmis,0,1,0,1
gelo,2,4,8,14
geloven,0,3,1,4
gels,0,0,8,8
gelse,0,1,1,2
gelson,0,0,1,1
gelsons,0,2,0,2
geluk,0,1,0,1
gelukkig,0,1,0,1
gelukt,0,1,0,1
geluss,0,1,0,1
gem,27,33,83,143
gemaakt,0,1,0,1
gemacht,0,12,0,12
gemelope,0,0,5,5
gemeral,0,0,1,1
gemini,2,2,5,9
gemius,0,5,0,5
gemma,10,25,67,102
gemmas,0,0,2,2
gemmed,1,0,0,1
gemmers,3,0,0,3
gems,17,15,49,81
gemstone,0,1,2,3
gen,29,37,92,158
gena,0,0,4,4
genau,0,11,0,11
genbeauty,0,0,1,1
gencler,0,3,0,3
genclesiyor,0,1,0,1
gend,0,1,0,1
gende,0,1,2,3
gender,90,40,185,315
genderbending,0,0,5,5
gendered,0,0,6,6
genderfluid,4,0,0,4
genderism,7,0,0,7
genderless,0,2,5,7
genderqueer,4,0,0,4
genders,12,12,29,53
gendry,7,0,0,7
gene,57,67,167,291
genealogy,0,0,1,1
genemoneygrab,0,0,1,1
genenial,0,1,0,1
gener,0,4,0,4
genera,0,2,3,5
generaci,0,3,0,3
generaciones,0,2,1,3
general,118,5,588,711
generalisation,0,0,1,1
generalisations,1,0,0,1
generalise,4,0,0,4
generalised,1,1,8,10
generalising,3,0,2,5
generalization,1,0,7,8
generalizations,4,1,1,6
generalize,12,0,9,21
generalized,8,0,17,25
generalizes,7,0,5,12
generalizing,0,0,6,6
generally,77,0,232,309
generals,3,0,5,8
generalskum,0,0,2,2
generaltony,0,3,0,3
generan,0,4,0,4
generar,0,2,0,2
generate,20,5,25,50
generated,2,4,17,23
generates,8,0,2,10
generating,2,6,4,12
generation,89,68,325,482
generational,7,0,11,18
generationally,0,0,1,1
generations,41,16,83,140
generator,8,4,11,23
generators,0,8,9,17
genere,0,5,0,5
generelly,0,0,2,2
generic,67,46,117,230
generick,0,0,1,1
generis,0,0,2,2
genero,0,8,0,8
generocide,0,5,0,5
generosities,0,0,1,1
generosity,0,9,38,47
generous,2,5,41,48
generously,0,3,3,6
genes,23,8,85,116
genesis,69,5,35,109
genesys,0,0,1,1
genetailia,0,1,0,1
genetic,43,1,43,87
genetically,4,16,36,56
genetics,5,17,26,48
genetik,0,2,0,2
genetil,1,0,0,1
geneva,5,9,14,28
genevieve,1,0,7,8
geni,0,1,0,1
genia,0,4,0,4
geniaa,0,1,0,1
geniaaaa,0,1,0,1
geniaaaaaaaaaal,0,3,0,3
geniaal,0,1,0,1
genial,1,120,23,144
genialer,0,5,0,5
geniales,0,16,4,20
genialll,0,1,0,1
genialne,0,5,0,5
genialni,0,1,0,1
genie,22,24,81,127
genies,0,5,14,19
geniess,0,2,0,2
geniet,0,1,0,1
genieten,0,1,0,1
genietennnn,0,1,0,1
genieus,0,1,0,1
genio,1,34,6,41
geniooooo,0,2,0,2
genioplasty,0,0,3,3
genios,0,13,1,14
genious,7,11,13,31
genisis,1,0,0,1
genisys,1,0,0,1
genital,4,3,2,9
genitalia,0,1,0,1
genitals,2,2,0,4
geniunely,0,0,1,1
geniunly,0,0,1,1
geniuos,1,0,0,1
genius,187,422,495,1104
geniusbuddy,0,0,1,1
geniuses,7,4,14,25
geniusism,1,0,0,1
geniusone,0,1,0,1
geniusses,0,0,3,3
geniussss,0,2,0,2
genji,1,7,5,13
genna,0,0,16,16
gennady,0,0,1,1
gennaio,0,1,0,1
gennaro,0,1,0,1
gennniiiuusss,0,6,0,6
genny,1,0,0,1
genocidal,9,0,0,9
genocide,20,19,32,71
genocides,0,0,4,4
genociding,0,1,0,1
genoeg,0,2,1,3
genome,0,0,4,4
genou,1,0,0,1
genozg,0,1,0,1
genpilencin,0,0,1,1
genration,0,0,1,1
genre,35,28,170,233
genres,10,1,51,62
gens,1,11,5,17
gensheimer,0,1,0,1
gent,0,2,7,9
gente,10,164,31,205
genteee,0,1,0,1
genteft,0,1,0,1
gentelmen,0,1,0,1
gentil,0,0,2,2
gentile,2,1,0,3
gentiles,6,0,13,19
gentle,5,0,167,172
gentlegiant,0,1,0,1
gentleman,17,19,69,105
gentlemen,15,30,61,106
gentleness,0,0,1,1
gentler,0,1,0,1
gentlewhisperasmr,0,0,1,1
gentlewhispering,2,1,2,5
gentlewisperig,0,0,1,1
gently,4,0,78,82
gentoo,0,0,2,2
gentrification,1,3,4,8
gentrified,0,5,0,5
gentrifiers,1,0,0,1
gents,1,1,21,23
gentuza,0,7,0,7
genty,0,1,0,1
genual,0,5,0,5
genually,0,0,3,3
genuenly,0,0,1,1
genuine,29,1,582,612
genuineee,0,0,1,1
genuinelly,1,0,0,1
genuinely,65,3,507,575
genuinen,1,0,0,1
genuineness,0,0,8,8
genuines,0,0,1,1
genuinley,4,0,1,5
genuinly,6,0,8,14
genuis,0,3,0,3
genus,1,1,7,9
genx,0,0,6,6
geny,0,5,0,5
genze,0,0,1,1
geo,17,19,62,98
geocaches,1,0,0,1
geode,3,4,13,20
geodude,1,2,2,5
geoengenering,0,0,1,1
geoengineered,0,0,1,1
geoengineering,5,0,6,11
geoff,1,0,0,1
geoffrey,0,2,3,5
geographic,0,1,9,10
geographical,3,0,2,5
geography,0,6,21,27
geogre,0,1,0,1
geoguessr,1,0,0,1
geojyo,0,0,1,1
geokjeongeul,0,1,0,1
geol,0,0,2,2
geollil,0,2,0,2
geollindaedo,0,3,0,3
geological,0,0,4,4
geology,0,0,3,3
geomectry,1,0,0,1
geometric,6,3,12,21
geometrical,0,6,4,10
geometrically,2,2,0,4
geometry,11,11,42,64
geomyeonseo,0,1,0,1
geongineering,4,0,0,4
geonosis,1,0,0,1
geonsis,0,0,1,1
geophysical,0,0,4,4
geopolitical,0,0,1,1
geopolitics,0,0,2,2
geordeie,3,0,0,3
geordi,0,1,0,1
geordie,35,32,112,179
geordies,0,0,2,2
georeoganeun,0,0,1,1
georeool,0,0,1,1
george,94,184,399,677
georgemichael,0,0,3,3
georgemichaelfreedom,0,0,3,3
georgeous,1,4,3,8
georgeousss,0,0,1,1
georges,3,10,16,29
georgex,0,0,2,2
georgey,0,0,1,1
georgi,1,0,0,1
georgia,12,19,43,74
georgian,3,0,0,3
georgie,38,41,61,140
georgieeee,0,1,0,1
georgies,6,0,0,6
georgina,1,0,0,1
georgio,0,1,2,3
georgios,0,5,0,5
georgiou,0,5,0,5
georgous,0,1,3,4
georgy,0,0,1,1
georgys,0,0,1,1
georidie,0,0,3,3
geos,2,0,0,2
geostorm,1,3,2,6
geot,0,3,0,3
geotcheoreom,0,2,0,2
geoteuroman,0,1,0,1
geotman,0,3,0,3
geotneun,0,0,2,2
geourgous,0,0,2,2
geovanna,0,1,0,1
geovarn,0,0,5,5
geoya,0,1,0,1
gepgraphy,1,0,0,1
geprobeerd,0,1,0,1
ger,1,7,10,18
gera,0,1,0,1
gerade,0,6,1,7
gerald,2,6,1,9
geraldine,0,0,7,7
geralt,0,2,0,2
gerard,3,18,7,28
gerardine,6,0,0,6
gerardo,0,0,2,2
geras,0,1,0,1
gerber,0,1,1,2
gerbil,1,1,0,2
gercekten,0,3,0,3
gerd,2,6,2,10
geregeld,0,1,0,1
gerek,0,1,0,1
gerekli,0,1,0,1
geremy,0,0,4,4
gerhard,1,0,0,1
geri,10,5,2,17
gerk,0,1,0,1
gerline,0,0,1,1
germ,2,3,12,17
germain,0,1,6,7
germaine,0,0,1,1
german,91,196,214,501
germanic,0,0,1,1
germans,18,16,26,60
germanspeaking,0,3,0,3
germany,82,104,368,554
germanys,1,0,0,1
germaphobe,2,2,0,4
germaphobes,0,0,1,1
germaphobic,0,4,0,4
germima,1,0,0,1
germophobe,0,0,5,5
germophobes,0,1,0,1
germs,3,5,25,33
germy,0,0,2,2
gernade,15,0,6,21
gerne,0,6,0,6
gerogie,0,0,1,1
gerousia,6,2,6,14
gerrard,19,42,42,103
gerrards,0,0,2,2
gerrix,0,3,0,3
gerry,0,0,5,5
gerrymandering,0,3,0,3
gers,0,0,8,8
gersh,0,5,0,5
gertrude,0,0,3,3
gertstein,1,0,0,1
geru,1,0,0,1
gerudo,0,0,4,4
gerund,0,0,1,1
gerusia,0,3,0,3
gervais,1,5,4,10
gery,0,3,0,3
ges,0,0,6,6
gesaffelstein,2,3,2,7
gesagt,0,0,1,1
gesang,0,0,2,2
geschah,5,0,0,5
geschmissen,0,6,0,6
gesco,0,0,7,7
gescout,0,1,0,1
gesehen,0,0,3,3
gesichtserkennung,1,0,0,1
gesigneerd,0,3,0,3
gesigneerde,0,0,2,2
gespannt,5,0,0,5
gespeeld,0,2,0,2
gespielt,0,5,0,5
gess,0,2,2,4
gessafelstein,0,1,0,1
gesso,0,0,3,3
gestapo,0,1,0,1
gestation,0,0,1,1
gestational,0,0,1,1
geste,0,4,0,4
gester,2,0,0,2
gesters,1,0,0,1
gestik,0,0,1,1
gesto,0,8,0,8
gestopt,0,1,0,1
gestorben,0,1,0,1
gestual,0,0,2,2
gesture,23,17,44,84
gestures,7,10,18,35
gesturing,1,2,4,7
gestuz,0,0,3,3
gestyy,0,1,2,3
gesuis,0,1,0,1
gesundheit,1,0,0,1
gesupport,0,1,0,1
get,6979,7298,18295,32572
getafe,1,31,28,60
getaped,0,1,0,1
getar,0,1,0,1
getaway,2,0,5,7
getaways,2,0,4,6
getcha,0,0,4,4
getcho,0,2,0,2
getchoo,0,16,0,16
getchoooooooo,0,2,0,2
getchoooooooooooooooo,0,2,0,2
geten,0,0,1,1
gethard,0,1,3,4
gether,0,4,4,8
gething,0,2,0,2
geti,0,1,0,1
getiing,0,0,2,2
geting,1,1,1,3
getirilmeli,0,1,0,1
getitttt,1,0,0,1
getmanberout,0,1,0,1
getmiketo,0,1,0,1
getminiminteradate,0,1,0,1
getn,1,0,0,1
getnof,0,0,1,1
geto,0,0,4,4
getridofit,0,0,2,2
getridofpoet,0,3,0,3
getrrrrrrrrr,0,1,0,1
gets,744,603,1930,3277
getshorty,0,1,0,1
getslidejoy,0,0,1,1
gett,7,4,6,17
gettable,0,0,3,3
getted,0,0,2,2
getter,0,5,10,15
getthefuckofftrending,0,8,0,8
gettin,22,26,68,116
gettinf,0,1,0,1
getting,1489,946,3640,6075
gettinv,0,0,1,1
gettn,0,4,5,9
getto,1,0,1,2
gettogethers,0,3,0,3
gettt,0,7,0,7
gettting,0,1,0,1
getty,12,10,19,41
gettys,0,1,1,2
gettysburg,0,0,5,5
getup,0,0,1,1
getwellsoon,0,1,0,1
getwiththeprogram,0,0,3,3
getyourgiftcardnow,0,0,6,6
geudael,0,0,1,1
geudaewa,0,0,1,1
geuge,0,2,0,2
geujeo,0,1,0,1
geule,0,1,0,1
geurae,0,2,0,2
geureoji,0,2,0,2
geureoke,0,1,0,1
geureuchyeo,0,1,0,1
geuss,1,1,0,2
geussing,1,0,0,1
gevangenis,0,0,1,1
geven,0,15,5,20
gevochten,0,0,1,1
gevoel,0,0,1,1
gevoelige,0,1,0,1
gew,0,1,0,1
gewacht,0,1,0,1
gewd,0,2,0,2
gewechselt,0,3,0,3
geweest,0,4,6,10
geweldig,0,10,4,14
geweldige,0,2,1,3
gewinnen,0,1,0,1
gewonnen,0,2,0,2
gewoon,0,25,5,30
geworden,0,5,1,6
gexxguides,13,14,8,35
gey,6,7,3,16
geyer,0,1,0,1
geyser,0,0,1,1
geyting,0,1,0,1
gezien,0,2,3,5
gezzers,0,0,1,1
gezzing,1,0,0,1
gezzy,0,1,0,1
gf,33,61,71,165
gfcbf,0,0,2,2
gffhgffghftggtt,2,0,0,2
gfhk,0,1,0,1
gfmo,0,6,0,6
gfriend,9,34,61,104
gfriendku,0,1,0,1
gfriends,0,1,0,1
gfs,0,0,4,4
gfuel,0,1,0,1
gfunk,3,0,0,3
gfy,0,4,5,9
gg,14,85,29,128
gga,0,2,0,2
ggas,2,0,0,2
ggbbhbb,0,1,0,1
gger,1,0,3,4
ggers,0,1,0,1
ggg,5,11,16,32
gggg,0,1,0,1
ggggggg,1,0,0,1
gggggggaaaaaaaaaaaaaaaaaaaaaaaaaaaaaaaayyyyyyyyyyyyyyyyyyy,0,1,0,1
ggggggguuuuuuuyyyyyyyyyyyyyyyssssssssssssssss,0,3,0,3
gggooodd,0,1,0,1
gggvbhhg,0,3,0,3
ggi,0,5,0,5
ggis,0,3,0,3
ggmu,1,11,17,29
ggnxxmcbsvo,0,2,0,2
ggonfia,0,2,0,2
ggooogogogg,0,1,0,1
ggoooo,0,1,0,1
ggot,0,0,4,4
ggrrrrr,1,0,0,1
ggs,1,0,3,4
ggv,0,2,0,2
ggwp,0,2,5,7
gh,1,2,0,3
ghaaaad,4,0,0,4
ghaaaddd,0,1,0,1
ghacfw,0,0,1,1
ghad,0,5,0,5
ghadd,0,1,0,1
ghadeer,0,0,1,1
ghana,0,6,6,12
ghanaian,0,7,5,12
ghastly,0,0,1,1
ghbmkk,0,1,0,1
ghd,2,4,6,12
ghds,0,0,1,1
ghe,0,1,0,1
ghee,0,3,0,3
gheeto,0,1,0,1
ghell,0,0,1,1
ghemeh,0,0,5,5
ghet,0,1,0,1
gheto,0,1,0,1
ghetoooo,0,1,0,1
ghetto,11,39,38,88
ghettogagger,4,0,0,4
ghettos,5,0,2,7
ghetts,1,1,0,2
ghetty,0,1,0,1
ghey,0,2,0,2
ghezzy,0,1,0,1
ghggghgj,0,1,0,1
ghhfdyhv,0,1,0,1
ghhhfxaa,0,1,0,1
ghhhhaaaa,0,0,3,3
ghibli,5,1,4,10
ghim,0,1,0,1
ghirardelli,0,0,1,1
ghitta,0,0,1,1
ghjnb,0,1,0,1
ghoast,1,0,0,1
ghome,0,0,1,1
ghonna,0,2,1,3
ghonneria,1,1,0,2
ghosebumps,0,1,0,1
ghost,161,162,262,585
ghostbuster,0,1,0,1
ghostbusters,7,12,40,59
ghostery,0,0,3,3
ghostface,0,2,1,3
ghostisis,0,2,0,2
ghostlike,0,0,2,2
ghostly,1,0,4,5
ghostproducer,0,1,0,1
ghosts,27,34,29,90
ghostwriter,0,4,1,5
ghostwriters,0,0,2,2
ghostwrites,0,3,0,3
ghostwriting,0,1,0,1
ghot,0,1,0,1
ghoul,0,10,11,21
ghoulam,0,20,0,20
ghouls,0,2,2,4
ghram,0,0,1,1
ghrol,0,0,2,2
ght,5,0,0,5
ghul,0,7,2,9
ghvbh,0,1,0,1
ghz,3,8,5,16
gi,22,46,136,204
gia,0,2,0,2
gialleys,0,0,1,1
gian,0,5,0,5
giancana,1,0,0,1
giancarlo,0,1,0,1
gianfranco,0,0,1,1
gianni,0,0,1,1
giant,154,950,374,1478
giantess,0,0,2,2
giants,8,36,20,64
gianttttt,0,2,0,2
gianvito,0,0,4,4
giardia,0,0,1,1
gib,0,0,1,1
gibberish,2,1,14,17
gibberygobbila,0,6,0,6
gibbons,1,3,0,4
gibbs,0,1,0,1
gibby,0,6,0,6
gibi,0,22,2,24
gibraltar,22,34,62,118
gibson,4,28,14,46
gibt,0,9,0,9
gibuni,0,1,0,1
gica,1,1,0,2
gicamente,0,0,8,8
gice,4,0,0,4
gico,0,7,1,8
gicu,0,0,1,1
gid,0,1,0,1
gidarida,0,1,0,1
gidarigo,0,1,0,1
gidaril,0,1,0,1
gidarillae,0,2,0,2
giddy,2,2,14,18
gideon,0,0,1,1
gidi,0,1,0,1
gididnlt,0,1,0,1
gidiyo,0,1,0,1
gidiyorlardi,0,0,1,1
gie,0,1,0,1
giee,0,4,0,4
gieger,0,5,0,5
gient,0,5,0,5
gieokhalgeyo,0,0,3,3
gier,2,3,0,5
gierk,0,3,0,3
gierseilf,0,0,3,3
gies,0,1,0,1
gif,4,15,14,33
giffgaff,0,0,4,4
giffords,5,0,0,5
gift,67,298,415,780
giftcard,4,0,3,7
giftcards,0,1,2,3
giftcardsgiveaway,16,26,8,50
gifted,3,0,109,112
gifticality,0,1,0,1
giftif,0,0,1,1
gifting,3,0,5,8
giftpilz,0,7,0,7
gifts,28,6,217,251
giftsforher,0,0,5,5
gig,16,24,64,104
giga,1,4,3,8
gigabit,0,1,1,2
gigabyte,0,0,1,1
gigabytes,0,3,0,3
gigaminx,0,1,0,1
gigante,2,11,0,13
gigantic,9,18,14,41
gigantically,1,0,0,1
giganticus,0,5,0,5
gigas,2,0,0,2
gigawatts,7,0,0,7
gigazine,0,1,0,1
giggigiti,0,3,0,3
gigging,2,0,0,2
giggity,3,0,4,7
giggle,16,3,63,82
giggled,5,1,12,18
giggles,6,12,26,44
giggley,0,0,1,1
gigglin,0,1,0,1
giggling,5,3,27,35
giggly,1,1,7,9
gigglyfitz,0,2,0,2
giggs,0,1,17,18
gigi,21,27,66,114
gigis,0,0,1,1
gigs,9,4,17,30
gii,0,2,0,2
giii,0,2,0,2
giiiiggiii,0,3,0,3
giiiiiiiirl,0,0,1,1
giiiiiiiirrrrrrrrllll,0,6,0,6
giiiiiiirlfriiiiiiend,0,0,1,1
giiiiiiirllllll,0,0,1,1
giiiiiiirrrlllllllllll,1,0,0,1
giiiiiirl,0,2,4,6
giiiiirl,0,1,0,1
giiiiirrrrl,0,0,1,1
giiiirl,0,3,13,16
giiiirrrl,0,1,0,1
giiiirrrrl,0,2,0,2
giiiirrrrllll,0,0,1,1
giiiirrrrrllllll,0,1,0,1
giiilr,0,0,1,1
giiir,0,4,0,4
giiirl,7,0,3,10
giiirlll,0,1,0,1
giiirrrllll,0,1,0,1
giiirrrrl,0,3,0,3
giirl,0,0,3,3
giirrrll,0,1,4,5
gij,0,0,10,10
gijdillax,0,1,0,1
giki,0,0,2,2
gikwang,0,0,3,3
gil,0,1,2,3
gila,0,1,0,1
gilakkk,0,1,0,1
gilbert,2,7,14,23
gilbertitosantarosa,0,0,1,1
gilberto,0,0,8,8
gilda,0,0,2,2
gilded,0,5,12,17
gilderoy,0,0,1,1
giles,1,0,0,1
gilet,0,4,0,4
gilette,1,0,0,1
gilf,0,1,2,3
gilgamesh,0,1,0,1
gilipollas,0,8,0,8
giliran,0,1,0,1
gill,1,3,5,9
gillan,5,13,8,26
gillary,1,0,0,1
gillespie,0,3,6,9
gillette,0,3,1,4
gilliam,0,2,0,2
gilliams,1,0,5,6
gillian,2,4,16,22
gilligan,0,1,0,1
gills,0,0,7,7
gilly,0,0,1,1
gilmer,1,0,1,2
gilmore,0,15,15,30
gilmour,0,2,0,2
gilr,0,0,1,1
giltterry,0,1,0,1
gimana,0,2,0,2
gimbal,0,4,4,8
gimble,0,0,5,5
gime,0,3,2,5
gimik,3,0,0,3
gimme,26,30,91,147
gimmegimmegimme,0,5,0,5
gimmick,15,1,39,55
gimmicks,2,0,10,12
gimmicky,1,0,8,9
gimmie,0,4,4,8
gimmydaloot,0,0,3,3
gimnastic,0,3,0,3
gimnastics,0,0,10,10
gimnazjum,0,8,0,8
gimp,1,6,4,11
gimped,0,0,3,3
gimpy,0,1,0,1
gin,4,9,21,34
gina,0,12,26,38
ginaaaaaaaaaa,0,1,0,1
ginalley,0,2,0,2
ginarodr,0,0,1,1
gineau,0,1,0,1
ging,0,4,0,4
gingeh,0,0,1,1
gingehits,0,0,1,1
ginger,49,90,68,207
gingerbread,0,4,8,12
gingerfuck,0,0,5,5
gingerheads,0,0,1,1
gingerline,0,0,4,4
gingerpale,0,0,2,2
gingers,1,13,5,19
gingery,0,0,2,2
gingham,4,0,5,9
gini,0,12,29,41
ginis,0,1,0,1
giniuns,0,2,0,2
ginnos,0,1,0,1
ginny,4,1,2,7
gino,1,0,0,1
ginormous,1,0,5,6
ginormus,0,0,2,2
ginourmous,0,0,3,3
ginsberg,0,0,1,1
ginsburg,0,0,1,1
ginsley,1,0,0,1
gint,0,0,1,1
ginton,1,0,0,1
ginuwine,0,1,0,1
ginza,0,1,0,1
gio,0,1,0,1
gioca,0,5,0,5
giocare,0,2,0,2
giocato,0,0,3,3
giocatori,0,7,0,7
giochato,0,3,0,3
gioco,0,1,0,1
giokyed,1,0,0,1
giordano,0,0,2,2
giorgio,0,1,1,2
giornata,0,7,0,7
giorno,0,1,0,1
gioud,0,4,0,4
giovangi,0,0,1,1
giovani,1,0,0,1
giovanna,0,0,4,4
giovanni,0,0,6,6
gipihae,0,1,0,1
gipsy,1,5,2,8
gir,0,0,2,2
gira,0,3,1,4
giraffe,7,16,6,29
giraffes,0,0,2,2
girdi,0,8,0,8
girdiler,0,1,0,1
girdle,0,1,1,2
girebiliyormu,0,4,0,4
giren,0,3,0,3
girer,0,3,0,3
gireul,0,3,0,3
girfreinds,0,1,0,1
girfriend,1,0,1,2
girincee,0,2,0,2
giriyor,0,5,0,5
giriyorsa,0,2,0,2
girk,0,0,4,4
girl,1264,1784,4285,7333
girlactic,0,0,1,1
girlband,0,1,0,1
girlboss,0,3,1,4
girlcrush,0,1,5,6
girlcrushjng,0,0,6,6
girldem,1,0,0,1
girled,4,1,1,6
girlfiend,0,0,4,4
girlfreind,0,2,1,3
girlfriend,126,175,384,685
girlfriends,10,23,31,64
girlgroup,1,0,1,2
girlguides,2,0,3,5
girlie,4,0,18,22
girlieee,0,1,0,1
girlies,0,2,1,3
girling,0,2,3,5
girlish,1,0,0,1
girll,0,4,5,9
girlll,3,6,17,26
girllll,3,6,19,28
girlllll,1,5,3,9
girllllll,2,3,1,6
girlllllll,0,7,5,12
girllllllll,0,7,1,8
girllllllllll,0,1,0,1
girllllllllllllllll,0,1,0,1
girllove,0,0,5,5
girlove,0,1,0,1
girls,466,418,1550,2434
girlsss,0,0,1,1
girlssss,0,0,5,5
girlsssssas,0,0,1,1
girltalk,0,1,0,1
girly,8,10,73,91
girlz,0,1,0,1
girmeden,0,4,0,4
giro,0,1,6,7
girona,0,13,15,28
girondin,0,4,0,4
giroud,6,52,60,118
girouds,0,0,5,5
girrl,0,2,1,3
girrllll,0,0,1,1
girrrl,0,1,0,1
girrrllll,0,0,5,5
girrrrl,0,0,1,1
girrrrll,0,1,0,1
girrrrllll,0,1,1,2
girrrrrl,0,0,5,5
girrrrrr,0,0,1,1
girrrrrrl,0,0,7,7
girrrrrrllll,1,0,0,1
girsin,0,2,1,3
girth,0,0,1,1
girthy,0,0,1,1
gis,3,0,1,4
gisburn,0,2,0,2
gisele,0,0,5,5
giselle,1,2,1,4
giso,0,1,0,1
gisou,0,0,2,2
gisping,0,0,1,1
gist,10,0,8,18
gister,0,1,0,1
gisteren,0,1,0,1
git,2,22,19,43
gitano,0,0,1,1
gitar,0,2,0,2
gitara,0,1,0,1
gitch,0,1,0,1
gitches,4,0,0,4
gitgud,4,0,0,4
github,0,4,0,4
gitmiyor,0,1,0,1
gitos,0,2,0,2
gits,3,7,3,13
gitta,0,0,1,1
gitti,0,0,1,1
gitting,0,0,1,1
gitu,0,3,1,4
giu,0,1,0,1
giulia,0,0,1,1
giuliani,0,1,0,1
giunta,0,5,0,5
giuseppeeeeeeeeee,0,1,0,1
giusto,0,0,1,1
giv,1,5,2,8
givaway,0,0,2,2
give,1438,1376,4104,6918
giveadamcustody,3,0,0,3
giveadamhisownserving,1,0,0,1
giveawaaaay,0,2,0,2
giveawaay,0,1,0,1
giveaway,15,105,123,243
giveaways,2,13,22,37
gived,0,1,1,2
givefonesaway,0,0,69,69
giveitashot,0,0,1,1
givelsd,0,1,0,1
givemejesus,0,4,0,4
given,203,92,747,1042
givenchy,0,12,24,36
giver,3,3,5,11
gives,360,335,816,1511
givesa,1,0,0,1
givess,0,0,1,1
givet,0,0,1,1
givetaikahisjomaliancitizenship,0,1,0,1
giveth,2,0,1,3
givethemhell,0,0,1,1
giveup,1,0,1,2
giveway,1,0,0,1
givin,6,9,13,28
giving,334,218,1041,1593
givinng,0,0,1,1
givr,0,0,1,1
givung,1,0,0,1
givwn,1,0,0,1
giyim,0,2,0,2
giys,0,1,0,1
giz,1,3,0,4
gizli,0,4,0,4
gizmo,3,0,0,3
gizz,0,7,4,11
gizzard,3,13,9,25
gizzards,0,2,0,2
gizzy,0,1,0,1
gj,5,31,17,53
gjorde,0,1,0,1
gk,11,12,24,47
gkaykelyyfg,0,0,2,2
gl,6,12,69,87
glaaa,0,1,0,1
glaaaa,0,1,0,1
glaaaasss,0,1,0,1
glace,0,0,1,1
glaciality,5,0,0,5
glaciation,1,0,0,1
glacier,0,0,2,2
glacierality,0,0,1,1
glaciers,0,0,9,9
glad,167,36,3326,3529
gladbach,0,0,3,3
gladd,1,0,1,2
glade,0,0,3,3
gladeos,0,1,0,1
gladesmore,7,0,0,7
gladiadores,0,2,0,2
gladiatior,0,2,0,2
gladiator,7,3,9,19
gladiators,0,0,4,4
gladly,13,0,71,84
gladooooooos,0,1,0,1
gladoos,0,1,0,1
glados,8,44,7,59
gladous,0,2,0,2
gladstar,5,0,0,5
gladstone,1,1,0,2
gladstones,1,0,4,5
gladus,0,1,0,1
gladwell,1,4,1,6
gladys,1,0,0,1
glaive,0,0,2,2
glalaxy,0,0,1,1
glam,35,40,148,223
glamazon,0,0,1,1
glambition,0,5,0,5
glamburger,0,4,0,4
glamerize,0,0,1,1
glamers,1,0,0,1
glamgore,0,0,2,2
glamies,0,0,2,2
glammed,0,3,2,5
glamor,5,0,1,6
glamorazzi,0,0,4,4
glamorises,0,0,5,5
glamorize,0,0,2,2
glamorized,2,0,0,2
glamorizes,0,3,0,3
glamorizing,1,1,1,3
glamorous,4,8,34,46
glamour,0,0,1,1
glamourized,0,0,2,2
glamy,0,1,0,1
glance,6,0,27,33
glanced,0,0,2,2
glances,0,0,10,10
glancing,0,0,4,4
gland,0,4,1,5
glands,7,0,7,14
glare,0,1,1,2
glared,1,0,0,1
glares,0,1,1,2
glarey,0,0,2,2
glaring,9,1,16,26
glas,1,0,5,6
glases,0,4,4,8
glasgo,0,3,0,3
glasgow,3,16,109,128
glasgows,0,0,1,1
glasper,0,1,0,1
glass,153,124,309,586
glassblowing,0,0,1,1
glassbox,1,0,0,1
glasscheiben,0,5,0,5
glassed,0,1,0,1
glasses,136,250,377,763
glassy,1,0,0,1
glasto,0,0,2,2
glastonbury,0,7,11,18
glaswegian,0,0,6,6
glaswegians,0,0,1,1
glatzkopf,0,1,0,1
glaube,0,1,0,1
glaucoma,0,0,1,1
glaxely,0,0,1,1
glayer,0,0,2,2
glaze,0,10,9,19
glazebrook,0,1,0,1
glazed,4,1,2,7
glazen,0,1,0,1
gle,0,2,0,2
gleahan,0,0,2,2
gleam,0,2,6,8
gleaming,0,1,0,1
gleaned,0,0,1,1
glease,0,1,0,1
gleason,0,0,3,3
glee,7,16,18,41
gleeeeenn,0,4,0,4
gleeful,0,0,1,1
gleefully,0,0,1,1
gleeks,0,1,0,1
gleen,0,6,4,10
gleeson,1,3,14,18
gleich,0,4,0,4
gleichen,0,2,0,2
glement,0,0,1,1
glen,7,25,8,40
glendale,0,1,1,2
glengary,1,0,0,1
glenn,14,39,38,91
glennon,1,0,0,1
glenross,1,0,0,1
glenurquhart,0,5,0,5
gleoblastoma,0,0,3,3
gles,0,4,0,4
glhf,0,3,0,3
gli,1,4,0,5
glib,0,0,2,2
gliches,0,3,0,3
glichkeit,0,1,0,1
glidden,0,0,2,2
glide,1,4,15,20
glider,0,0,6,6
gliders,0,0,3,3
glides,0,0,2,2
gliding,6,9,0,15
glie,0,1,0,1
glik,0,0,5,5
glimmer,12,1,2,15
glimmering,0,0,1,1
glimmy,0,3,0,3
glimpse,4,11,42,57
glimpsed,0,0,3,3
glimpses,2,0,21,23
gling,0,1,0,1
glio,0,3,0,3
glistening,0,0,2,2
glitcch,1,0,0,1
glitch,24,31,31,86
glitched,2,6,9,17
glitchers,0,2,0,2
glitcherssss,0,1,0,1
glitches,11,18,23,52
glitching,2,2,0,4
glitchmaster,0,1,0,1
glitchy,0,0,1,1
gliterally,0,1,0,1
glitter,53,69,168,290
glitterball,0,6,1,7
glitterfied,1,0,0,1
glittergillian,0,0,1,1
glitterific,0,0,1,1
glitterpoints,0,7,0,7
glitters,8,2,10,20
glittery,5,2,32,39
glitz,0,6,2,8
glitzygirl,0,0,2,2
glizzard,1,0,0,1
glming,1,0,0,1
glo,0,2,2,4
gloat,2,0,2,4
gloating,2,6,0,8
gloats,0,0,5,5
glob,0,6,3,9
global,67,60,170,297
globalism,0,1,2,3
globalist,15,9,10,34
globalists,1,5,9,15
globalizaci,0,1,0,1
globalized,0,0,4,4
globally,4,1,3,8
globaphobic,4,0,0,4
globe,9,15,63,87
globes,0,0,3,3
globetrotters,0,0,1,1
globexit,3,0,0,3
globl,2,0,0,2
globlalist,0,0,1,1
globo,0,1,0,1
glock,2,2,6,10
glocks,0,2,0,2
gloire,0,4,0,4
gloman,0,1,0,1
gloom,7,0,11,18
gloomy,7,0,8,15
gloooow,0,1,0,1
gloopy,0,2,4,6
glop,0,0,1,1
glorbgorb,0,2,0,2
glore,0,1,0,1
gloria,5,15,8,28
gloriaestefan,0,0,1,1
glories,6,0,0,6
glorification,0,2,1,3
glorified,18,11,10,39
glorifies,1,0,6,7
glorify,14,4,6,24
glorifying,5,3,9,17
glorioso,0,1,0,1
glorious,19,51,73,143
gloriously,0,0,8,8
glorius,0,1,0,1
glory,37,57,124,218
gloryhole,0,2,0,2
glosem,0,2,0,2
gloss,11,49,145,205
glossed,0,0,3,3
glosses,3,1,3,7
glossier,31,20,112,163
glossimer,0,0,2,2
glosssy,1,0,0,1
glossy,12,13,49,74
gloud,0,4,0,4
glove,13,18,14,45
gloveandboots,0,1,0,1
gloved,6,0,0,6
glover,4,7,9,20
gloves,17,19,52,88
gloving,0,0,1,1
glow,75,75,219,369
glowcomotion,0,0,6,6
glowe,0,2,0,2
glowed,0,8,0,8
glowey,0,3,3,6
glowie,0,2,0,2
glowin,0,1,0,1
glowiness,0,0,2,2
glowing,26,90,288,404
glowinggg,0,1,1,2
glownnnnn,0,1,0,1
glows,3,2,10,15
glowy,0,7,79,86
glowyyyy,0,3,0,3
glozel,1,0,0,1
glozell,2,0,1,3
glpck,0,1,0,1
glqxtcoakb,0,0,6,6
glr,0,1,0,1
glub,0,8,0,8
glucophage,0,0,6,6
glucose,5,4,14,23
glue,51,39,121,211
glued,8,11,27,46
glueeee,0,1,0,1
glueing,3,0,0,3
glues,0,0,3,3
gluestick,3,0,0,3
gluing,1,0,1,2
glum,0,0,2,2
glumglum,0,0,4,4
glut,1,0,0,1
glutamate,1,0,0,1
gluteal,0,4,0,4
glutely,0,0,1,1
gluten,24,17,139,180
glutenberg,0,1,1,2
glutenfree,0,0,1,1
gluteus,0,0,4,4
glutinous,0,0,1,1
glutted,5,0,0,5
glutton,0,1,2,3
gluttonous,1,0,1,2
gluttony,2,5,9,16
glw,0,0,1,1
glwusx,1,0,0,1
glycemic,0,0,4,4
glycerin,0,3,0,3
glycine,0,1,0,1
glyco,0,0,1,1
glycol,0,6,0,6
glycolic,0,0,12,12
glycopyrrolate,1,0,0,1
gm,5,4,47,56
gma,2,3,0,5
gmail,3,1,3,7
gmat,0,0,1,1
gmbn,2,19,25,46
gmc,3,0,1,4
gmd,0,1,0,1
gmfu,0,0,1,1
gmm,17,26,35,78
gmmlover,0,0,1,1
gmmore,1,0,0,1
gmn,0,0,2,2
gmny,0,0,4,4
gmnys,0,0,3,3
gmo,8,12,18,38
gmos,2,3,1,6
gmp,0,0,1,1
gn,0,6,6,12
gna,0,3,6,9
gnam,0,0,1,1
gnarliest,0,0,3,3
gnarliness,0,3,0,3
gnarly,3,1,9,13
gnarlyness,0,1,0,1
gnashing,13,1,1,15
gnat,1,0,0,1
gnats,0,2,2,4
gnc,0,0,1,1
gndle,0,2,0,2
gni,0,1,0,1
gnna,0,5,0,5
gnocchi,0,0,2,2
gnoggin,0,0,1,1
gnome,1,0,5,6
gnomes,1,7,1,9
gnomestick,2,0,0,2
gnostic,0,0,3,3
gnostics,0,0,2,2
gnr,7,9,43,59
gnral,0,1,0,1
gns,0,0,1,1
gnucci,0,0,1,1
go,3618,3638,9001,16257
goa,4,0,3,7
goaaaaaaaaaaaaaaaaaaaaaal,0,0,1,1
goaaaalllsss,0,6,0,6
goad,1,0,0,1
goaded,1,0,0,1
goading,1,0,0,1
goagill,0,0,1,1
goal,214,252,636,1102
goalie,10,5,6,21
goalkeeper,27,37,69,133
goalkeepers,1,0,8,9
goalkeper,0,0,6,6
goallllsss,0,0,1,1
goallls,0,0,1,1
goalpost,0,0,5,5
goalposts,0,3,1,4
goals,152,367,628,1147
goalscorer,0,0,6,6
goalscoring,0,7,0,7
goalsss,0,7,0,7
goalssss,0,6,0,6
goalsssss,5,1,5,11
goalssssss,0,2,0,2
goalssssssssssssssss,0,1,0,1
goalszz,0,1,0,1
goaltjes,0,1,0,1
goalz,0,1,1,2
goalzzz,0,1,0,1
goalzzzzzz,0,1,0,1
goast,0,0,1,1
goat,47,214,96,357
goated,0,1,0,1
goatee,0,0,5,5
goatface,0,3,3,6
goatfucker,1,0,0,1
goatlinho,2,0,0,2
goatman,0,1,2,3
goatporn,0,1,0,1
goats,11,29,6,46
goatstatus,0,1,0,1
gob,0,2,9,11
gobba,0,1,0,1
gobbing,0,0,1,1
gobble,4,0,6,10
gobbled,0,3,0,3
gobbledegook,0,0,1,1
gobblegum,0,1,0,1
gobbler,0,0,1,1
gobbles,0,1,0,1
gobbos,0,0,1,1
gobby,2,0,5,7
gobert,0,0,3,3
gobierno,0,10,0,10
gobiernos,0,3,0,3
goblet,4,1,9,14
goblin,2,3,4,9
goblinoidal,0,0,1,1
goblins,0,0,1,1
goblok,0,1,0,1
gobluesarmy,0,0,2,2
goboleedow,0,1,0,1
gobs,0,0,3,3
gobshite,0,6,0,6
gobstopper,0,0,1,1
gobstoppers,0,0,1,1
goc,0,1,0,1
gochujan,0,3,0,3
gockley,1,0,0,1
god,1827,2204,5110,9141
godameeeed,0,1,0,1
godamm,0,0,1,1
godammit,0,0,3,3
godammnit,2,0,0,2
godamn,6,6,1,13
godand,0,0,2,2
godard,0,0,2,2
godawful,2,0,8,10
godayumn,0,0,1,1
godbless,3,9,18,30
godblessamerica,3,1,0,4
godblessedhim,0,0,2,2
godchild,0,0,3,3
godd,0,2,1,3
godda,0,8,0,8
goddaamnnnn,0,3,0,3
goddam,6,2,8,16
goddamit,1,7,3,11
goddamm,0,1,0,1
goddammit,3,15,10,28
goddammitpete,1,0,0,1
goddammnittt,0,0,1,1
goddamn,79,63,143,285
goddamned,4,5,3,12
goddamnit,2,5,8,15
goddamnnnnn,0,0,1,1
goddamnnnnnn,0,0,1,1
goddard,1,3,1,5
goddaughter,0,3,3,6
goddd,0,2,6,8
godddd,1,5,3,9
goddddd,4,2,1,7
godddddd,0,3,0,3
godddddddd,0,1,2,3
godddesss,0,1,0,1
goddess,11,61,78,150
goddesses,0,5,10,15
goddessssssss,0,2,0,2
goddessssssssssssssssssssssssssssss,0,0,1,1
gode,0,2,0,2
godeforcefam,0,0,2,2
godel,0,0,1,1
godemi,0,0,1,1
godemode,0,0,1,1
godess,0,9,7,16
godesses,0,1,0,1
godfarther,0,0,1,1
godfather,9,16,52,77
godfathers,0,0,1,1
godforsaken,1,0,0,1
godfrey,0,1,0,1
godfuckingdaaaaayummmmmmmmm,0,1,0,1
godgfriend,0,1,0,1
godgiven,0,2,0,2
godhood,0,0,1,1
godin,0,2,0,2
godj,0,1,0,1
godjxkdjdjddj,0,1,0,1
godking,0,0,1,1
godless,17,0,5,22
godlike,1,4,8,13
godliness,0,0,4,4
godllagher,0,2,0,2
godly,7,13,3,23
godmomjt,0,0,2,2
godmother,5,0,5,10
godmothers,0,1,3,4
godness,0,0,3,3
godney,1,0,0,1
godo,0,3,0,3
godot,0,2,6,8
godour,0,0,6,6
godric,0,1,0,1
godroll,0,1,0,1
gods,88,101,194,383
godsake,0,0,2,2
godsakes,1,0,1,2
godsejeong,0,0,1,1
godsend,0,4,2,6
godsik,0,0,1,1
godsmack,5,1,1,7
godsmacks,0,0,1,1
godson,4,12,7,23
godspeed,0,7,6,13
godss,0,7,0,7
godsss,0,0,1,1
godssss,0,1,0,1
godsword,0,1,0,1
godt,0,2,1,3
godtfried,0,0,4,4
goduria,0,1,0,1
godzila,0,1,0,1
godzilla,0,36,23,59
godzillas,0,0,1,1
godzin,0,2,0,2
godzinami,0,5,0,5
goe,0,1,5,6
goea,1,0,0,1
goebbels,2,0,2,4
goebellesque,0,6,0,6
goebells,0,0,1,1
goed,0,13,4,17
goede,0,7,2,9
goeie,0,2,0,2
goel,0,0,2,2
goer,2,0,8,10
goerdie,0,0,2,2
goerge,0,0,1,1
goergies,0,0,1,1
goers,3,4,13,20
goes,591,507,1514,2612
goethe,0,0,1,1
goetz,0,0,2,2
gofd,0,1,0,1
gofeminism,0,1,0,1
goffer,0,0,1,1
gofuckyrselfmoron,1,0,0,1
gofundme,4,10,20,34
gog,1,1,4,6
gogael,0,1,0,1
gogery,0,1,0,1
goggle,0,1,1,2
gogglebox,0,0,5,5
goggles,9,4,16,29
gogh,0,1,3,4
gogie,0,1,0,1
gogleplex,1,0,0,1
gogo,1,14,4,19
gogogiftcard,0,0,1,1
gogogo,0,2,0,2
gogogoogogo,0,2,0,2
gogolplex,0,0,1,1
goh,0,0,4,4
gohan,1,0,0,1
gohn,0,0,2,2
gohnerea,0,1,0,1
gohst,1,0,0,1
goi,1,2,0,3
goid,0,1,0,1
goig,2,0,0,2
goign,0,0,5,5
goimg,0,0,1,1
goin,60,31,50,141
going,3173,2691,7686,13550
goings,0,1,0,1
goiyyss,0,2,0,2
gojng,0,0,1,1
gokarting,0,1,0,1
gokil,0,1,1,2
goku,5,25,15,45
gol,0,276,13,289
golang,0,0,6,6
golasos,0,2,0,2
golathial,0,0,2,2
golazo,0,10,0,10
golblatter,0,0,2,2
gold,219,248,660,1127
goldberg,6,8,11,25
goldbergs,0,0,3,3
goldblum,0,0,1,1
goldburg,0,3,0,3
goldcoast,0,0,1,1
goldddd,0,1,0,1
golddddddddddddddd,0,5,0,5
golddiva,0,0,4,4
golden,37,0,367,404
goldenface,0,12,0,12
goldenfold,0,0,1,1
goldenly,0,0,1,1
goldens,0,0,1,1
goldenseal,0,0,2,2
goldfinch,4,0,14,18
goldfinger,0,0,1,1
goldfish,0,2,5,7
goldfrapp,0,9,0,9
goldie,0,3,1,4
goldies,0,0,6,6
goldigger,0,2,0,2
goldilocks,0,1,1,2
golding,0,1,1,2
goldman,1,6,20,27
goldmember,2,0,1,3
goldmine,0,1,0,1
golds,0,0,1,1
goldsaft,6,0,0,6
goldsmiths,0,0,6,6
goldstein,1,1,2,4
goldtop,0,1,0,1
golduck,0,0,2,2
goldvision,0,1,0,1
goldwasser,0,0,1,1
goldwyn,0,1,0,1
goldy,6,0,1,7
goldylock,0,2,0,2
goleada,3,5,0,8
goleador,0,4,0,4
golee,0,4,0,4
golem,1,0,1,2
goles,0,92,1,93
golf,41,49,53,143
golfer,0,1,0,1
golfers,0,0,1,1
golfing,1,0,9,10
golfs,0,1,0,1
goliat,0,0,1,1
goliath,0,7,0,7
golitah,0,1,0,1
golitos,0,4,0,4
gollem,0,3,0,3
gollllldddd,0,1,0,1
gollum,4,4,2,10
golly,0,3,5,8
golo,1,0,1,2
gololololololololololololololol,0,1,0,1
goloven,0,0,1,1
golovkin,0,1,1,2
golpe,0,7,0,7
golpeaban,0,3,0,3
golpeado,0,3,0,3
golpeados,0,1,0,1
golpean,0,3,0,3
gols,0,4,0,4
golsing,0,0,2,2
golu,0,1,0,1
golucy,0,0,4,4
golumn,0,1,0,1
golywood,0,0,6,6
gom,0,2,0,2
gome,1,0,0,1
gomennosorry,0,3,0,3
gomes,7,2,21,30
gomez,23,80,51,154
gomna,0,1,1,2
gomorrah,27,0,5,32
gon,70,73,117,260
gona,18,20,15,53
gonads,0,1,0,1
gondry,0,3,0,3
gondugan,0,0,1,1
gone,470,290,972,1732
goner,0,0,1,1
gonethot,0,0,4,4
gonfle,0,3,0,3
gong,6,3,6,15
gongchan,0,6,4,10
gonig,0,2,0,2
goning,0,1,0,1
gonku,0,1,0,1
gonn,5,1,0,6
gonna,1293,1726,3196,6215
gonnalevitate,0,0,1,1
gonne,0,2,0,2
gonnereah,0,1,0,1
gonnna,0,1,1,2
gonnorea,0,1,0,1
gonny,0,6,0,6
gonorrea,0,1,0,1
gonorrhea,2,6,2,10
gons,1,0,0,1
gonsin,0,0,3,3
gonta,1,2,0,3
gontier,0,1,1,2
gonz,0,0,2,2
gonzales,0,5,7,12
gonzalez,0,2,7,9
gonzoe,0,0,1,1
goo,8,34,52,94
goob,0,0,1,1
goober,0,1,8,9
goobers,1,0,0,1
goobye,0,0,1,1
gooch,5,0,0,5
good,1627,23,26985,28635
gooday,0,0,1,1
goodbadorbadbad,1,0,0,1
goodby,0,1,0,1
goodbye,69,83,173,325
goodbyee,0,1,0,1
goodbyes,8,1,604,613
goodbyesz,0,0,2,2
gooddd,0,9,0,9
goodddd,0,5,0,5
gooddddd,0,2,0,2
goodddddddd,0,2,0,2
gooddddddddddddd,0,1,0,1
gooddddddfnensss,0,0,1,1
goodell,4,4,4,12
gooder,0,1,0,1
goodest,0,8,0,8
goodfellas,3,3,13,19
goodfellows,0,1,0,1
goodforyou,0,1,0,1
goodge,0,0,4,4
goodger,0,4,0,4
goodgood,0,5,0,5
goodgoodgood,0,4,0,4
goodguyea,0,0,1,1
goodie,2,0,4,6
goodies,6,4,29,39
goodjob,0,1,0,1
goodjobgrace,0,0,3,3
goodlook,0,1,0,1
goodlooking,0,0,1,1
goodluck,1,1,10,12
goodluckcharlie,0,1,0,1
goodly,0,0,4,4
goodman,6,5,10,21
goodmorning,0,0,4,4
goodmovies,0,1,0,1
goodn,0,0,2,2
goodnatured,0,0,2,2
goodness,31,135,304,470
goodnesss,0,0,4,4
goodnessss,0,0,4,4
goodnews,0,0,1,1
goodnight,3,1,10,14
goodoledays,0,0,6,6
goodread,0,0,2,2
goodreads,2,2,4,8
goods,15,8,30,53
goodsinger,0,0,1,1
goodson,0,1,0,1
goodun,0,3,0,3
goodvibes,0,0,1,1
goodvibesonly,5,0,0,5
goodvideo,0,4,0,4
goodwill,8,7,2,17
goody,1,0,9,10
gooekek,0,1,0,1
gooey,0,8,12,20
goof,6,0,7,13
goofball,3,0,9,12
goofed,2,5,0,7
goofey,2,0,0,2
goofeys,0,0,1,1
goofies,0,0,1,1
goofiness,0,0,1,1
goofing,1,0,6,7
goofs,1,1,0,2
goofy,13,0,148,161
goofys,0,1,0,1
goog,0,1,1,2
googke,0,4,0,4
google,295,391,932,1618
googled,25,6,33,64
googleplay,0,0,10,10
googles,1,4,21,26
googley,0,0,6,6
googling,3,6,5,14
googly,0,2,1,3
googoogaga,0,0,5,5
googus,0,2,0,2
googy,0,2,0,2
gooh,0,0,2,2
gooing,0,0,1,1
gooinnggg,1,0,0,1
gook,0,4,0,4
gooks,0,3,0,3
goole,0,1,1,2
goolge,0,0,1,1
goolia,0,3,0,3
goolias,0,1,0,1
goollllllddd,2,0,0,2
gools,1,0,0,1
goomba,0,1,0,1
goon,4,7,8,19
goona,0,0,1,1
gooner,4,4,11,19
gooners,7,1,9,17
goonies,7,7,4,18
goonner,5,0,0,5
goonnndddooossss,0,3,0,3
goons,6,3,7,16
goonz,2,0,0,2
gooo,0,8,1,9
goooaaaaaal,0,0,6,6
goooals,1,0,0,1
goood,15,50,23,88
gooodd,0,1,2,3
goooddd,0,2,0,2
goooddddd,0,3,0,3
gooodddddddddddddd,0,0,1,1
gooodseeend,0,4,0,4
gooold,0,0,1,1
goooo,3,9,6,18
gooood,1,31,30,62
goooodd,0,5,0,5
gooooddd,1,2,2,5
goooodddd,0,3,0,3
goooodness,0,0,3,3
goooogs,0,2,0,2
gooool,0,11,0,11
goooone,1,0,0,1
gooooo,5,2,3,10
goooooaaallll,0,2,0,2
goooood,3,17,10,30
gooooodaaaamn,2,0,0,2
gooooodd,0,4,0,4
goooooddd,0,4,1,5
gooooodddddddd,0,5,0,5
gooooonnnnneeeeeer,0,1,0,1
goooooo,0,8,2,10
gooooood,2,11,11,24
gooooooddddd,0,1,0,1
gooooooddddddddddddddd,0,0,1,1
goooooodness,0,0,2,2
goooooodnesssss,0,2,0,2
goooooogogo,0,1,0,1
goooooold,1,0,0,1
goooooolgolgolgolgolgolgolgolgolgolgolgolgolgolgolgolgolgolgolgolgolgol,0,2,0,2
gooooooo,0,2,0,2
goooooood,2,14,15,31
goooooooddddd,1,0,0,1
gooooooodddddd,0,0,1,1
goooooooiiiii,0,0,1,1
gooooooold,0,2,0,2
goooooooo,1,0,0,1
gooooooood,1,2,2,5
gooooooooo,0,1,0,1
goooooooood,0,4,0,4
gooooooooood,0,1,1,2
gooooooooooddd,0,2,0,2
goooooooooodddd,0,1,0,1
gooooooooooo,6,1,0,7
goooooooooood,0,2,1,3
gooooooooooodddddddddd,0,1,0,1
goooooooooooo,0,4,0,4
gooooooooooood,0,1,0,1
gooooooooooooood,0,4,0,4
gooooooooooooooood,0,1,2,3
gooooooooooooooooool,0,1,0,1
goooooooooooooooooood,4,0,0,4
goooooooooooooooooooood,0,1,0,1
gooooooooooooooooooooood,0,1,0,1
gooooooooooooooooooooooooolllllllllllll,0,5,0,5
gooooooooooooooooooooooooool,0,2,0,2
goooooooooooooooooooooooooooooooood,0,3,0,3
goooooooooooooooooooooooooooooooooool,0,4,0,4
gooooooooooooooooooooooooooooooooooooaaaaaaaaaaaaaaaaaaaaaaal,0,1,0,1
goooooooooooooooosh,0,1,0,1
goooooooorge,0,1,0,1
gooooooorgeous,0,2,0,2
goooooooshhh,1,0,0,1
goooooosh,0,1,0,1
gooooorgeous,0,3,6,9
goooosshhh,0,1,0,1
gooorgeous,0,0,1,1
gooosh,0,0,1,1
goooshhh,0,1,0,1
gooossh,0,0,1,1
gooossseeebummppss,2,0,0,2
goooxxtooooooosaaaaaaaa,0,1,0,1
goop,0,5,5,10
goopy,0,2,5,7
goos,0,0,1,1
goosbumps,0,1,7,8
goose,11,46,38,95
gooseberry,0,4,0,4
goosebomp,2,0,0,2
goosebumbs,0,0,1,1
goosebummps,0,0,3,3
goosebump,0,1,3,4
goosebumps,25,216,173,414
goosebums,0,0,1,1
gooses,0,0,2,2
goosh,0,1,0,1
goosseeeebbbuummppssss,0,1,0,1
goot,0,0,4,4
gop,9,4,20,33
gopher,1,0,1,2
gophers,0,0,1,1
gopissdrinking,0,1,0,1
gopnick,0,1,0,1
gopnik,0,2,1,3
gopro,23,61,75,159
gopros,5,0,4,9
gor,0,5,6,11
gora,0,2,0,2
gorbachev,0,0,3,3
gorby,0,1,0,1
gord,6,2,0,8
gorda,0,16,5,21
gordan,0,11,7,18
gorden,0,1,4,5
gordianos,0,5,0,5
gordita,3,4,1,8
gordo,1,5,6,12
gordom,0,2,0,2
gordon,51,136,203,390
gordons,0,0,2,2
gordura,0,1,0,1
gordy,0,3,0,3
gore,7,33,77,117
gorecki,0,0,3,3
goreee,0,1,0,1
goregeos,0,0,1,1
goregeous,0,0,2,2
goregous,0,0,6,6
gorelim,0,3,0,3
gores,0,1,3,4
gorey,0,1,0,1
gorg,6,54,37,97
gorgaws,0,0,2,2
gorge,8,17,17,42
gorgeious,0,0,1,1
gorgeoud,0,2,0,2
gorgeous,40,0,3442,3482
gorgeously,0,0,2,2
gorgeousnessss,0,0,1,1
gorgeousso,0,0,1,1
gorgeousss,0,3,4,7
gorgeoussss,0,4,5,9
gorgeousssss,0,2,0,2
gorgeoussssss,0,0,1,1
gorgeousssssssss,0,0,1,1
gorgeoussssssssssa,0,1,0,1
gorgerous,0,0,5,5
gorges,0,0,1,1
gorgeus,0,0,8,8
gorggg,0,1,0,1
gorgggg,0,1,0,1
gorggggg,0,1,0,1
gorgie,0,2,0,2
gorgious,0,1,0,1
gorgon,3,1,0,4
gorgous,0,2,5,7
gorgouse,0,6,5,11
gorgousssss,0,7,0,7
gorguz,0,0,3,3
goriest,0,0,1,1
gorigori,0,0,1,1
gorila,0,4,0,4
gorilla,9,9,13,31
gorillas,1,3,2,6
gorillaz,1,5,12,18
gorillions,0,0,1,1
gorillua,0,1,0,1
gorj,0,1,0,1
gorjjj,0,0,7,7
gorjuss,0,0,1,1
gork,0,7,7,14
gorka,2,17,139,158
gorkas,6,0,6,12
gorl,0,1,0,1
gorman,1,0,1,2
gormeyi,0,3,0,3
gorrilian,0,0,1,1
gorrilion,0,1,0,1
gorro,0,3,0,3
gorrrgeous,0,1,0,1
gorshin,0,2,0,2
gorszy,0,2,0,2
gorthi,1,0,0,1
goruorum,0,2,0,2
gory,25,1,8,34
gorzej,0,4,0,4
gos,2,0,5,7
gosc,0,1,0,1
gose,1,6,1,8
gosengfiao,2,0,0,2
gosh,68,167,501,736
goshdamn,0,0,1,1
goshdang,0,0,1,1
goshdarn,0,0,2,2
goshdarned,1,0,1,2
goshdarnit,0,0,2,2
goshh,4,1,1,6
goshhh,0,0,5,5
goshhhh,0,1,1,2
goshhhhh,0,0,2,2
goshhhhhhh,0,1,5,6
goshy,0,0,1,1
gosiengfiao,1,1,0,2
gosling,29,29,54,112
goslinggggggggggg,0,2,0,2
gospel,20,12,46,78
goss,0,0,6,6
gosse,0,0,2,2
gossebumps,0,1,0,1
gosselaar,0,2,0,2
gossh,0,1,0,1
gossip,2,22,48,72
gossipers,0,0,1,1
gossiping,14,1,1,16
gossips,2,0,0,2
gossipy,0,0,1,1
gossling,0,0,2,2
gost,0,2,1,3
gosta,0,5,0,5
gostar,0,5,0,5
gostaria,0,1,0,1
gostava,0,4,0,4
gostei,5,19,6,30
gosto,0,7,3,10
gostosa,0,8,0,8
gostosas,0,1,0,1
gostosiinhaaa,0,1,0,1
gostosinho,0,1,0,1
gostoso,0,3,0,3
gostou,0,3,1,4
got,3504,3892,9075,16471
gota,0,4,5,9
gotch,0,0,1,1
gotcha,7,20,6,33
gotdamn,0,2,2,4
gote,0,1,0,1
goteem,0,2,0,2
goten,0,1,1,2
gotg,0,4,5,9
goth,3,17,29,49
gotham,2,5,8,15
gothel,6,5,1,12
gothic,8,50,17,75
gothica,0,3,0,3
gothicly,0,0,4,4
gothism,0,0,1,1
gothy,0,0,1,1
goti,0,1,1,2
gotin,0,4,0,4
gotnt,0,3,0,3
goto,0,2,1,3
gotonumber,1,0,0,1
gots,1,17,13,31
gott,1,0,1,2
gotta,271,400,1005,1676
gottalovescott,0,3,0,3
gotte,0,0,1,1
gotteb,2,0,0,2
gotteem,0,0,1,1
gotten,124,102,506,732
gottfried,0,0,6,6
gotti,52,86,94,232
gottii,0,0,1,1
gottim,0,1,0,1
gottis,0,0,2,2
gotts,1,0,0,1
gottss,0,0,2,2
gottta,6,0,0,6
gotune,0,2,0,2
gotunu,0,2,0,2
goty,5,13,2,20
gou,0,0,1,1
gouches,0,1,0,1
goucho,1,0,0,1
goud,0,1,0,1
gouds,0,7,0,7
goudvis,0,1,0,1
gouge,1,1,0,2
gouged,0,0,1,1
gouges,0,2,0,2
gouging,0,0,1,1
goulash,0,0,1,1
goulding,0,3,7,10
gouliaaa,0,1,0,1
goulson,0,0,4,4
gourd,0,10,4,14
gourds,2,0,0,2
gourgeous,1,2,0,3
gourgeus,0,0,2,2
gourgious,0,0,1,1
gourgous,0,2,0,2
gourl,0,0,2,2
gourmet,4,1,1,6
gourvennec,0,4,0,4
gout,0,5,0,5
goute,0,1,0,1
gouttes,0,6,1,7
gov,21,13,24,58
gove,3,0,1,4
govegan,0,1,0,1
govement,0,1,0,1
govenor,0,0,7,7
goverment,6,1,13,20
govern,0,0,2,2
governance,1,0,0,1
governar,0,3,0,3
governed,2,0,3,5
governement,0,0,2,2
governing,0,3,5,8
government,316,145,803,1264
governmental,0,1,3,4
governments,29,10,73,112
governmetn,0,2,0,2
governor,0,1,12,13
governors,0,1,1,2
governs,0,0,1,1
goverrnment,1,0,0,1
govno,0,1,0,1
govornment,1,0,0,1
govt,12,10,23,45
govts,7,0,1,8
gow,2,0,1,3
gowan,0,3,0,3
gown,2,8,19,29
gowniare,0,2,0,2
gowns,0,1,1,2
gowt,0,1,0,1
goy,3,3,6,12
goya,0,0,3,3
goyang,0,0,1,1
goyem,0,1,0,1
goyim,5,14,36,55
goys,1,4,9,14
goyte,0,1,0,1
gozaimashita,0,2,0,2
gozei,0,3,0,3
gozer,0,3,0,3
gozleme,0,1,0,1
gozzzz,0,1,0,1
gp,27,1,17,45
gpa,0,0,5,5
gping,1,0,0,1
gpl,0,0,3,3
gplhze,0,1,0,1
gpod,0,0,3,3
gps,15,5,31,51
gpsglonass,0,1,0,1
gpu,5,34,14,53
gpus,0,0,1,1
gq,1,5,2,8
gqbbie,0,1,0,1
gr,14,31,25,70
gra,0,17,4,21
graaaaaaaaaa,0,4,0,4
graaaaaaaaaaaaaaa,0,2,0,2
graaaaaace,0,0,3,3
graaaaggg,0,0,2,2
graaace,0,0,1,1
graaag,0,1,0,1
graaaggg,0,1,0,1
graag,3,131,44,178
graaw,3,0,0,3
grab,107,73,195,375
grabaci,0,2,0,2
grabado,0,2,0,2
grabados,2,0,0,2
grabare,0,1,0,1
grabaron,0,3,0,3
grabbed,15,12,52,79
grabber,7,0,0,7
grabbing,22,15,24,61
grabby,1,0,7,8
grabe,1,5,2,8
grabed,0,1,0,1
grabeeeee,0,2,0,2
grabem,0,0,1,1
grabs,6,21,37,64
grace,120,242,775,1137
graced,0,1,5,6
gracee,0,1,1,2
graceee,0,0,1,1
graceeeee,0,0,6,6
graceeeeee,0,0,1,1
graceeeeeee,0,1,0,1
graceffa,2,13,5,20
graceffas,0,2,0,2
graceful,6,3,16,25
gracefully,1,3,10,14
graceless,0,2,0,2
graces,3,0,13,16
gracesss,0,4,0,4
gracevanderwaal,0,3,6,9
gracevanderwalfanclub,0,3,0,3
gracey,0,0,1,1
grach,0,1,0,1
gracia,0,6,0,6
gracias,10,198,52,260
graciasatodoslosquedonaron,0,1,0,1
gracie,0,2,18,20
gracieee,0,0,6,6
gracing,0,0,4,4
gracinha,0,1,0,1
gracio,0,3,0,3
gracionious,0,1,0,1
gracioso,0,5,8,13
graciosos,0,3,0,3
gracious,6,1,36,43
graciously,4,0,1,5
graciousness,0,0,1,1
graco,0,0,6,6
grad,5,2,8,15
grada,0,10,6,16
gradas,0,3,0,3
grade,93,93,245,431
gradeaundera,0,8,1,9
graded,0,3,1,4
grader,14,9,13,36
graders,1,0,7,8
grades,14,11,44,69
gradient,2,0,11,13
grading,3,13,10,26
gradius,2,0,1,3
grado,0,4,3,7
grados,0,3,0,3
grads,0,1,1,2
gradu,0,1,0,1
gradual,1,5,3,9
gradually,16,0,38,54
graduat,0,0,1,1
graduate,1,3,33,37
graduated,3,3,33,39
graduates,1,0,0,1
graduating,3,5,10,18
graduation,9,15,59,83
grady,0,2,0,2
graeme,0,0,4,4
graet,0,0,1,1
graf,0,1,0,1
graffiti,7,3,0,10
grafics,0,0,1,1
graficzn,0,3,0,3
graficznych,0,3,0,3
grafo,0,3,0,3
grafos,0,6,0,6
grafschafter,6,0,0,6
graft,0,0,11,11
grafted,0,0,2,2
grahahm,1,0,0,1
graham,40,44,139,223
grahams,0,12,8,20
grahamxoxo,0,0,1,1
grahan,0,0,1,1
grail,11,7,42,60
graillll,0,0,1,1
grails,2,0,0,2
grain,23,6,43,72
grains,10,0,14,24
grainy,1,1,0,2
graite,0,1,0,1
graiy,0,0,1,1
gral,0,3,0,3
gralic,0,1,0,1
gram,7,4,14,25
grama,0,8,0,8
gramado,0,12,0,12
gramma,1,0,3,4
grammar,13,6,34,53
grammarically,0,0,1,1
grammars,0,0,1,1
grammatical,0,0,6,6
grammatically,3,0,3,6
grammer,1,1,3,5
grammerly,5,0,0,5
grammies,0,6,1,7
grammy,9,29,75,113
grammys,1,3,15,19
gramophon,0,1,0,1
grampa,2,3,2,7
gramps,0,6,10,16
grampsforpresident,0,2,0,2
grampy,0,0,3,3
grams,2,27,10,39
gran,7,105,33,145
granadino,0,0,2,2
grand,21,0,231,252
granda,0,10,0,10
grandad,26,22,99,147
grandads,0,1,0,1
grandas,1,0,0,1
granday,0,6,1,7
grandbabies,0,0,1,1
grandbaby,0,0,1,1
grandchild,2,0,1,3
grandchildren,2,6,13,21
grandd,0,0,2,2
granddad,6,13,30,49
granddaddy,0,0,1,1
granddaughter,0,1,10,11
granddogs,0,1,0,1
grande,20,297,73,390
grandee,0,1,0,1
grandeeeeeeeeeee,0,1,0,1
grandes,1,44,1,46
grandeur,4,5,0,9
grandfather,44,31,128,203
grandfathers,1,0,3,4
grandi,0,7,0,7
grandia,0,3,6,9
grandiosa,0,8,0,8
grandiosamente,0,1,0,1
grandiose,0,0,10,10
grandioso,0,1,0,1
grandiosos,0,2,0,2
grandir,0,1,0,1
grandisimo,0,1,0,1
grandissimo,0,2,0,2
grandkids,3,3,17,23
grandma,49,82,169,300
grandmal,0,1,0,1
grandmas,3,9,17,29
grandmaster,0,4,0,4
grandmom,0,1,0,1
grandmother,18,35,70,123
grandmothers,1,0,14,15
grandmothery,0,7,0,7
grandpa,37,80,165,282
grandpaa,0,1,0,1
grandparent,0,1,0,1
grandparents,13,17,92,122
grandpas,2,5,6,13
grandpus,0,1,0,1
grandrs,0,1,0,1
grandson,9,3,37,49
grandsons,0,1,4,5
grandsport,0,1,0,1
grandstand,1,0,1,2
grandstanding,5,0,1,6
grandview,8,0,0,8
grange,0,2,0,2
granger,0,1,0,1
granic,0,0,1,1
granier,0,1,0,1
granite,2,0,1,3
granito,0,4,0,4
grank,0,1,0,1
grannies,0,1,1,2
granny,22,32,33,87
granola,0,2,9,11
granpa,0,0,3,3
granpups,1,0,0,1
grans,0,0,1,1
grant,39,74,93,206
granted,22,7,104,133
grantes,1,0,0,1
granting,0,0,3,3
grants,0,7,18,25
granular,0,0,1,1
granularity,0,0,1,1
granulima,3,0,0,3
grap,0,1,0,1
grapa,0,0,1,1
grape,9,8,2,19
graped,0,1,0,1
grapefruit,0,7,10,17
grapenut,1,0,0,1
grapes,6,13,10,29
grapevine,0,1,1,2
graph,2,5,11,18
graphic,17,22,63,102
graphical,3,0,2,5
graphically,4,1,6,11
graphics,54,36,192,282
graphies,0,0,1,1
graphing,4,0,0,4
graphique,0,1,0,1
graphite,0,3,2,5
graphix,0,0,1,1
graphs,0,0,2,2
graphx,0,0,2,2
graping,0,0,1,1
grapje,0,1,0,1
grappig,0,1,0,1
grapple,5,0,0,5
grappling,5,0,9,14
gras,2,2,1,5
grascefa,0,1,0,1
grasers,0,1,0,1
grashp,1,0,0,1
grasias,0,1,0,1
grasp,13,5,70,88
grasped,7,0,0,7
grasping,6,3,8,17
grass,42,28,160,230
grasse,1,0,0,1
grassed,0,0,1,1
grasses,1,0,4,5
grasshopper,3,3,0,6
grasshoppers,0,0,3,3
grassi,0,5,3,8
grassing,0,1,0,1
grasso,0,1,0,1
grassy,2,0,0,2
grasz,0,3,0,3
grat,0,1,1,2
grate,9,16,10,35
grated,0,0,9,9
grateful,47,18,325,390
gratefull,2,0,4,6
gratefullness,0,0,3,3
gratefully,0,0,1,1
gratefulness,0,0,2,2
grater,0,3,0,3
grates,1,0,2,3
gratification,5,0,14,19
gratify,0,0,2,2
gratifying,0,0,1,1
gratin,0,0,2,2
grating,0,7,3,10
gratis,1,9,1,11
gratitude,6,2,35,43
grats,7,23,2,32
gratsieses,2,0,0,2
gratuit,6,0,1,7
gratuitement,0,0,4,4
gratuitous,5,0,3,8
gratuitously,0,1,0,1
gratulacja,0,2,0,2
gratulacje,0,5,0,5
gratuluj,0,2,0,2
gratz,0,1,0,1
grau,0,1,0,1
grauelenha,0,4,0,4
grav,3,9,4,16
gravano,1,0,0,1
grave,43,72,72,187
gravel,3,0,4,7
gravelly,0,0,1,1
gravely,0,0,1,1
graves,11,4,6,21
gravestone,0,0,4,4
gravey,0,1,0,1
graveyard,2,20,13,35
graveyardgirl,2,2,0,4
graveyards,0,0,1,1
gravidade,0,0,8,8
graviity,0,1,0,1
graviola,0,2,0,2
gravitas,0,0,1,1
gravitate,2,0,15,17
gravitated,1,0,1,2
gravitates,3,0,0,3
gravitating,0,3,0,3
gravitation,2,0,5,7
gravitational,17,5,14,36
graviton,1,2,0,3
gravity,35,42,94,171
gravityoh,0,0,1,1
gravy,24,4,24,52
gravytrain,2,0,0,2
graws,0,0,2,2
gray,59,53,118,230
grayer,0,0,1,1
grays,0,3,2,5
grayson,3,71,24,98
graysons,0,1,0,1
grayyyy,0,1,0,1
graze,0,0,1,1
grazed,0,0,2,2
grazer,0,0,6,6
grazie,0,3,2,5
grb,0,0,1,1
grbftr,1,0,0,1
grcyp,0,6,0,6
greaaaaaaaat,0,1,0,1
greaaaaat,0,1,0,1
greaaaat,0,1,0,1
greaaat,0,3,1,4
greacd,0,1,0,1
gread,0,0,1,1
greagor,0,1,0,1
greak,0,1,0,1
greaking,0,0,2,2
grease,7,9,25,41
greaseball,0,0,4,4
greasier,0,0,1,1
greasiness,1,0,0,1
greasing,0,0,2,2
greasy,25,25,48,98
greasyyyyyyyyy,0,0,1,1
great,465,44,19088,19597
greatbig,0,0,2,2
greatbow,2,0,0,2
greate,0,0,3,3
greated,0,0,2,2
greater,22,0,193,215
greates,0,1,4,5
greatest,20,1,816,837
greatfall,0,0,3,3
greatful,0,0,9,9
greatfull,0,0,4,4
greather,0,0,1,1
greating,1,0,0,1
greatings,0,1,3,4
greatist,0,1,0,1
greatly,15,0,165,180
greatness,16,21,68,105
greatparents,0,0,2,2
greats,10,16,24,50
greatsword,2,0,0,2
greatt,0,0,1,1
greattt,0,7,1,8
greatttt,0,4,0,4
greattttt,0,5,5,10
greatttttt,0,1,0,1
greattttttt,0,2,0,2
greatttttttttttt,0,5,0,5
greatvibesonly,0,0,1,1
greaworst,0,0,1,1
greay,0,0,2,2
greaze,0,1,0,1
grecce,0,6,0,6
grece,0,0,1,1
grecee,0,2,0,2
greceffa,0,1,0,1
grecian,0,0,3,3
greeaaat,0,0,5,5
greeaaattt,1,0,0,1
greeatt,0,1,0,1
greece,6,38,171,215
greed,16,8,41,65
greediest,1,0,1,2
greedy,79,8,54,141
greedycreationclub,0,2,0,2
greeeaaaaaat,0,0,1,1
greeeat,0,1,0,1
greeeeat,0,1,0,1
greeeeeen,0,0,1,1
greeeeen,0,0,1,1
greeeeenn,0,1,0,1
greeeen,0,2,0,2
greeg,0,0,1,1
greek,38,65,222,325
greeks,2,7,17,26
greeksummer,0,0,5,5
greem,1,0,0,1
green,867,12,746,1625
greenbacks,0,0,1,1
greenbelt,1,4,8,13
greendale,1,0,0,1
greenday,0,1,1,2
greene,5,1,2,8
greener,3,5,11,19
greenery,0,0,2,2
greenest,0,1,0,1
greenhills,1,0,0,1
greenhouse,4,0,12,16
greenies,0,1,0,1
greenish,6,0,4,10
greenland,2,2,6,10
greenlight,3,0,0,3
greenlivesmatter,0,0,1,1
greenmangaming,1,0,0,1
greenminded,0,0,1,1
greenonions,0,4,0,4
greens,11,1,10,22
greensboro,1,0,0,1
greenscreen,6,2,5,13
greenscreened,0,0,1,1
greensmoke,0,3,9,12
greensshort,5,4,1,10
greenwald,3,0,0,3
greenwich,0,2,0,2
greenwood,0,0,3,3
greeny,6,0,0,6
greer,1,0,1,2
greesy,0,0,1,1
greet,9,13,51,73
greeted,0,0,3,3
greethings,0,0,1,1
greeting,0,3,14,17
greetings,6,45,162,213
greets,2,3,7,12
greetz,0,0,1,1
greeyezman,0,0,4,4
greez,0,0,1,1
greg,21,43,62,126
gregarious,0,0,4,4
gregg,0,0,1,1
gregger,0,0,1,1
greggor,0,0,1,1
greggy,0,0,1,1
gregor,1,3,6,10
gregorian,1,0,0,1
gregory,0,0,6,6
gregovich,1,0,0,1
gregs,0,1,0,1
greif,1,0,1,2
greiving,0,0,2,2
greivous,0,0,1,1
greizman,0,2,0,2
greizmann,0,3,6,9
grembuoy,4,0,0,4
gremlin,0,1,3,4
gremlins,1,3,2,6
grenada,5,0,0,5
grenade,2,3,7,12
grenades,0,1,3,4
grenadian,5,0,0,5
grenchen,0,0,2,2
grenfell,0,0,1,1
greninja,0,5,0,5
greppfroot,0,2,0,2
grerats,0,0,3,3
gressy,0,1,0,1
grest,0,1,2,3
greta,0,3,2,5
gretchen,1,0,3,4
grete,0,2,0,2
gretel,1,0,0,1
gretta,1,0,0,1
greusome,0,0,1,1
grevious,1,2,1,4
grew,63,60,366,489
grewed,0,3,0,3
grewing,0,0,1,1
grey,607,0,337,944
greydon,1,0,0,1
greyhound,10,6,43,59
greyhounds,0,0,15,15
greyish,0,0,4,4
greyjoy,1,5,0,6
greyjoys,1,0,0,1
greymane,0,4,12,16
greys,0,9,4,13
greyson,0,1,1,2
greyt,0,2,0,2
greyyyy,0,6,0,6
greyyyyyy,1,0,0,1
grid,15,3,22,40
griddle,0,0,5,5
griddles,0,0,1,1
gridiron,1,0,0,1
gridlock,0,0,3,3
grids,0,0,2,2
grief,66,0,52,118
griefers,1,0,0,1
griefing,0,0,2,2
grieg,0,0,2,2
griega,0,1,0,1
griego,0,4,0,4
grier,3,0,0,3
griermann,0,0,1,1
grievance,3,0,0,3
grievances,3,0,1,4
grieve,15,1,32,48
grieved,0,0,1,1
grieves,0,0,1,1
grieving,12,0,7,19
grievous,17,0,2,19
grievously,1,0,0,1
griezman,1,22,3,26
griezmann,32,36,34,102
griezmanne,0,2,0,2
griezmen,0,0,2,2
griezmens,0,0,2,2
griezzman,0,0,2,2
griff,1,0,0,1
griffendoor,1,0,0,1
griffendor,0,1,0,1
griffey,0,3,6,9
griffin,8,19,8,35
griffindoor,0,0,1,1
griffindor,0,5,0,5
griffith,0,3,0,3
griffiths,8,2,1,11
griffondor,0,0,1,1
grifindor,0,3,0,3
grifindore,0,1,0,1
grifindors,0,3,0,3
grifondore,0,0,1,1
grigori,1,0,0,1
griiiid,0,0,3,3
gril,0,3,2,5
grilfriend,0,1,0,1
grill,8,11,14,33
grille,0,2,0,2
grilled,5,30,10,45
grilling,1,0,5,6
grillo,0,1,1,2
grills,0,0,5,5
grim,21,0,2,23
grimacing,1,5,0,6
grimas,0,0,6,6
grime,9,14,36,59
grimes,0,3,3,6
grimey,1,3,1,5
grimm,0,1,3,4
grimme,0,1,0,1
grimmie,0,8,0,8
grimsby,0,0,3,3
grimy,0,1,0,1
grin,1,7,30,38
grince,0,1,0,1
grinch,1,6,3,10
grind,17,28,111,156
grindawold,1,0,0,1
grinded,2,0,3,5
grindelwald,0,0,19,19
grinder,0,1,6,7
grindhard,0,1,0,1
grindhouse,0,0,3,3
grindin,0,0,4,4
grinding,15,16,27,58
grindlewald,3,0,6,9
grindr,8,15,15,38
grinds,4,0,10,14
grinectomy,0,2,0,2
gringa,0,4,0,4
gringas,0,2,0,2
gringe,0,0,1,1
gringo,0,4,0,4
gringos,0,21,0,21
grinji,0,0,6,6
grinned,1,0,1,2
grinning,3,6,21,30
grins,0,0,4,4
grint,0,0,6,6
grip,42,42,43,127
gripe,6,1,12,19
gripes,0,0,9,9
griping,0,0,1,1
gripped,12,0,0,12
gripper,1,0,0,1
gripping,2,0,17,19
grippy,0,0,2,2
grips,0,0,11,11
griptape,0,0,1,1
grise,0,1,5,6
grit,3,2,13,18
gritaban,0,3,0,3
gritando,0,3,0,3
gritar,0,10,0,10
gritaron,0,3,0,3
grite,0,3,0,3
grithsman,0,1,0,1
grito,0,2,2,4
grits,0,3,0,3
grittiness,0,0,1,1
gritty,10,2,27,39
grizemann,0,1,0,1
grizi,0,2,2,4
grizlies,0,2,0,2
grizz,0,3,1,4
grizzled,0,0,1,1
grizzley,0,0,1,1
grizzly,9,6,33,48
grjatmix,0,0,2,2
grl,0,1,1,2
grnd,3,0,0,3
gro,0,11,1,12
groan,9,1,2,12
groaning,1,0,0,1
groats,3,1,0,4
groban,0,2,2,4
grobmotoriker,0,4,0,4
groceries,15,18,13,46
grocers,0,0,2,2
grocery,16,40,96,152
grodon,0,0,1,1
grodt,0,0,3,3
groetjes,0,0,1,1
groff,0,6,0,6
groffsauce,2,3,0,5
grog,2,1,0,3
groggy,0,0,3,3
grogpfu,0,1,0,1
grohl,6,14,16,36
groin,1,1,7,9
groinpunch,0,0,2,2
gromine,0,3,0,3
gromit,0,8,0,8
grommet,1,1,6,8
grona,0,2,0,2
grond,0,0,3,3
gronie,0,3,0,3
groo,0,1,0,1
groom,2,2,7,11
groomed,4,0,4,8
groomer,0,0,1,1
grooming,3,1,4,8
grooms,0,0,4,4
grooo,0,0,1,1
groooooooss,0,3,0,3
grooooowww,0,0,1,1
groooownnn,0,1,0,1
grooste,0,3,0,3
groot,3,22,9,34
groote,0,1,0,1
grootse,0,2,0,2
grootste,0,22,5,27
grootzilla,0,0,7,7
groove,6,4,45,55
grooving,0,0,2,2
groovy,2,9,13,24
grope,0,9,5,14
groped,1,0,1,2
gropeman,0,1,0,1
groper,4,0,5,9
groping,1,0,10,11
gropings,0,0,1,1
grorgeous,0,0,1,1
gros,0,20,5,25
groso,0,1,0,1
grosos,0,4,0,4
gross,93,134,136,363
grosse,4,3,1,8
grossed,5,7,4,16
grosser,2,0,0,2
grosses,0,3,1,4
grossest,1,2,0,3
grossi,0,2,0,2
grossing,0,3,2,5
grossir,0,1,0,1
grossly,2,2,14,18
grossssssssssss,0,6,0,6
grote,1,24,7,32
grotesque,7,0,1,8
groth,0,1,0,1
grotste,0,1,0,1
grotti,0,1,0,1
grotttte,0,1,0,1
grouch,0,1,0,1
groucho,2,0,0,2
groud,0,1,0,1
ground,224,114,390,728
groundbreaking,0,2,19,21
grounded,9,3,33,45
groundedness,3,0,0,3
grounder,0,0,1,1
groundhog,6,1,3,10
groundhogs,4,0,1,5
grounding,3,1,6,10
groundlicking,1,0,0,1
grounds,12,3,13,28
groundskeeper,2,0,0,2
group,248,143,648,1039
groupe,1,3,0,4
grouped,1,0,2,3
grouper,0,1,0,1
groupie,1,1,7,9
groupiedom,0,0,6,6
groupies,1,1,7,9
grouping,0,1,1,2
groupmates,0,2,0,2
groupon,0,1,0,1
groups,84,21,230,335
groupthink,0,0,1,1
grove,1,15,21,37
grovel,0,0,1,1
grovelling,0,0,5,5
grover,1,1,8,10
grow,211,162,748,1121
growdy,2,0,0,2
growed,0,0,1,1
growej,0,6,0,6
grower,0,4,7,11
growers,1,1,0,2
growes,0,0,1,1
growin,1,0,9,10
growing,105,60,592,757
growl,5,6,11,22
growled,0,0,2,2
growles,0,1,0,1
growling,4,4,3,11
growls,0,0,1,1
grown,129,91,657,877
growned,2,0,0,2
grownmaninquiries,0,0,1,1
grownup,0,0,8,8
grownups,2,0,0,2
grows,26,31,123,180
growth,41,12,135,188
grozni,0,1,0,1
grp,0,0,2,2
grr,1,0,0,1
grrl,0,0,4,4
grrm,0,0,6,6
grroooot,0,1,0,1
grrr,8,0,0,8
grrrd,0,0,3,3
grrreat,0,0,1,1
grrreeaat,0,0,6,6
grrrr,7,0,6,13
grrrreat,0,1,0,1
grrrrr,0,0,1,1
grrrrrr,0,0,1,1
grrrrrrr,0,1,3,4
grrrrrrreat,0,3,0,3
grs,1,0,0,1
grt,0,3,3,6
grtting,1,0,0,1
gru,0,6,4,10
grub,0,0,2,2
grubbiness,0,0,7,7
grubby,0,0,4,4
grube,0,2,0,2
grubmcr,0,0,5,5
grudge,3,12,5,20
grudges,0,1,0,1
grudgingly,0,0,2,2
grudgy,0,1,0,1
gruel,2,0,4,6
gruesome,16,0,0,16
gruesomely,0,0,1,1
gruff,0,0,2,2
grul,0,1,0,1
grumble,0,5,0,5
grumbles,1,0,0,1
grumbling,6,0,6,12
grumpiness,0,0,5,5
grumps,7,0,3,10
grumpy,6,2,12,20
grumpys,0,0,4,4
grund,0,4,0,4
grundy,0,2,1,3
grunge,8,4,7,19
grungey,0,0,2,2
grungy,6,1,17,24
grunit,0,1,0,1
grunt,1,1,0,2
grunting,0,2,2,4
grunts,1,2,0,3
grup,1,4,0,5
grupaso,0,1,0,1
grupazo,0,1,0,1
grupito,0,6,0,6
grupo,2,18,5,25
grupos,0,8,4,12
gruptan,0,1,0,1
grus,0,1,0,1
grusome,0,0,3,3
grwan,0,0,6,6
grwm,9,6,59,74
grwms,0,0,6,6
gry,0,4,0,4
gryffijgdor,0,0,3,3
gryffindor,1,26,30,57
gryffindors,1,1,1,3
gryfindor,0,1,3,4
grylls,0,9,5,14
grymey,0,0,4,4
grywalna,0,3,0,3
grzyba,0,2,0,2
gs,4,11,18,33
gsap,2,0,0,2
gsaw,0,0,1,1
gsg,0,4,0,4
gshnsjdiejebwmkwks,0,1,0,1
gsli,0,1,0,1
gsliyim,0,0,1,1
gsm,2,0,1,3
gsp,144,111,241,496
gsps,0,0,4,4
gsw,9,9,6,24
gswarriors,0,0,1,1
gsy,0,2,0,2
gt,3,13,12,28
gta,28,141,55,224
gtav,0,0,3,3
gte,0,0,12,12
gtet,0,0,1,1
gtf,1,2,1,4
gtfo,31,19,38,88
gtfoh,18,5,20,43
gtg,0,0,1,1
gthd,0,1,0,1
gthe,0,0,2,2
gtlive,0,5,0,5
gtound,0,1,0,1
gtr,4,8,3,15
gts,0,0,7,7
gtsfags,0,1,0,1
gttcfb,0,0,2,2
gtx,1,9,17,27
gu,7,3,10,20
gua,0,8,0,8
guac,0,3,0,3
guacamole,0,15,1,16
guacamolegreens,0,0,5,5
guacherna,0,0,2,2
guadalajara,0,1,0,1
guadelupe,1,0,0,1
guaguas,1,0,0,1
gualtieri,0,2,0,2
guam,1,0,15,16
guana,0,1,0,1
guanajuato,0,0,1,1
guanariah,0,1,0,1
guangdong,0,0,4,4
guangzhou,11,31,3,45
guantanamo,0,0,1,1
guanzhou,0,0,3,3
guap,0,0,3,3
guapa,0,2,1,3
guapo,0,11,3,14
guapos,0,1,0,1
guapuritas,0,2,0,2
guarantee,44,39,124,207
guaranteed,11,51,85,147
guaranteeing,4,0,2,6
guard,29,56,108,193
guardadas,0,0,1,1
guardaespaldas,0,1,0,1
guardalinee,0,3,0,3
guardar,0,1,1,2
guardare,0,1,0,1
guardat,1,0,0,1
guardate,0,6,0,6
guarded,0,0,13,13
guardes,0,3,0,3
guardia,3,2,11,16
guardian,3,4,18,25
guardians,11,20,15,46
guarding,0,0,3,3
guardiola,2,25,15,42
guards,13,15,32,60
guardsmen,4,1,0,5
guarlic,0,0,1,1
guarro,0,7,0,7
guasch,0,2,0,2
guashh,0,1,0,1
guata,0,1,0,1
guatafak,0,1,0,1
guatelawhothehellcares,0,0,2,2
guatemala,0,3,4,7
guatemalan,0,1,0,1
guatemalans,0,0,2,2
guatemalen,1,0,0,1
guatemanteco,0,1,0,1
guau,0,3,0,3
guava,1,21,2,24
guay,0,1,0,1
guayama,0,0,2,2
guaynabo,0,0,2,2
gub,0,0,1,1
gubernare,0,0,1,1
gubmint,0,0,2,2
gucccci,0,1,0,1
gucccciiiiiii,0,1,0,1
guccciii,0,7,0,7
gucci,137,334,288,759
guccichallenge,0,1,0,1
gucciii,0,1,0,1
gucciiii,0,1,0,1
gucciiiiiiiii,0,1,0,1
guccimane,0,1,2,3
guccis,0,2,0,2
guck,0,1,1,2
gucxi,0,1,0,1
gud,4,36,31,71
gudd,0,1,0,1
gudeg,0,1,0,1
gudetama,0,1,0,1
guditama,0,1,0,1
gudjop,0,0,1,1
gudoghan,0,0,1,1
guds,0,1,0,1
gue,0,0,2,2
guelo,0,0,2,2
guenine,0,0,1,1
gueon,0,5,0,5
guep,0,1,0,1
gueremo,0,1,0,1
guerilla,0,0,2,2
guerlain,0,2,5,7
guero,7,0,0,7
guerra,0,4,10,14
guerrera,0,1,0,1
guerrero,0,14,3,17
guerrier,0,6,0,6
guerriers,0,0,2,2
guerrillas,5,0,0,5
gues,0,4,8,12
guesdon,0,1,0,1
guess,730,604,1660,2994
guessed,18,22,75,115
guesses,0,8,11,19
guessing,58,50,131,239
guesswork,2,0,0,2
guest,49,68,225,342
guests,47,31,160,238
guete,0,2,0,2
gueto,0,3,0,3
guetta,4,3,3,10
guetto,3,1,0,4
gueulasse,0,4,0,4
gueule,4,8,4,16
guevara,3,0,0,3
guey,0,1,0,1
guez,0,0,1,1
gugu,0,1,7,8
gugudan,0,1,2,3
guh,1,1,0,2
guhilbert,0,7,0,7
guia,0,1,0,1
guiados,6,0,0,6
guida,0,0,3,3
guidance,2,4,19,25
guide,42,56,97,195
guided,8,12,3,23
guideline,0,0,8,8
guidelines,6,1,8,15
guidepost,0,0,4,4
guides,0,4,15,19
guiding,3,0,3,6
guiemo,0,3,0,3
guiijiii,0,6,0,6
guild,1,5,2,8
guilder,0,0,2,2
guilders,3,0,0,3
guilds,2,1,2,5
guile,0,0,5,5
guillaume,0,1,0,1
guillermo,5,3,6,14
guillotine,0,0,7,7
guilt,66,15,80,161
guilty,226,12,98,336
guinan,0,0,1,1
guinda,0,1,0,1
guinea,5,9,9,23
guinely,1,0,0,1
guiness,0,0,1,1
guinipig,1,0,0,1
guinness,1,8,1,10
guiou,0,1,0,1
guis,0,1,0,1
guise,17,1,5,23
guises,0,0,4,4
guisos,0,1,0,1
guitaaarrrr,0,6,0,6
guitar,91,193,339,623
guitare,0,0,3,3
guitarist,0,3,32,35
guitarista,0,0,6,6
guitarists,1,3,1,5
guitarra,1,2,1,4
guitarrista,1,0,0,1
guitars,3,13,28,44
guix,0,1,0,1
guiz,0,1,0,1
gujarat,0,0,1,1
gujarati,0,2,0,2
gujurati,0,0,1,1
gukod,0,2,0,2
gul,3,1,0,4
gulag,0,3,1,4
gulags,0,0,2,2
gulak,0,3,6,9
guldan,0,4,0,4
guldtuben,0,2,0,2
gule,0,1,0,1
gulf,22,4,4,30
gulia,1,2,0,3
guliar,0,0,1,1
gullable,0,0,5,5
gullet,4,0,2,6
gullibility,0,0,1,1
gullible,14,12,19,45
gullit,0,1,5,6
gulliver,0,0,3,3
gulls,3,0,0,3
gully,0,5,0,5
gulman,0,5,0,5
gulp,0,2,1,3
gulping,1,1,0,2
guls,0,0,1,1
gulse,0,0,3,3
gum,24,59,66,149
gumaling,0,0,2,2
guman,0,6,0,6
gumanl,0,1,0,1
gumba,1,0,0,1
gumball,0,4,11,15
gumbo,0,6,4,10
gumby,1,0,0,1
gumede,0,0,6,6
gummede,0,7,0,7
gummer,1,0,0,1
gummi,0,1,0,1
gummies,0,1,2,3
gummmmjshbugvfgsvusfv,4,0,0,4
gummy,1,6,10,17
gummyfood,0,0,1,1
gummys,0,1,0,1
gummyyyyyy,0,2,0,2
gump,3,8,11,22
gumpaste,0,0,8,8
gumps,0,6,0,6
gums,10,2,7,19
gumshoos,0,6,0,6
gumtree,0,6,1,7
gun,746,372,1275,2393
guna,3,1,7,11
guncking,0,0,2,2
guncontrol,0,0,1,1
gundam,1,6,5,12
gundams,0,2,7,9
gundeath,3,0,0,3
gunden,0,1,0,1
gunderson,0,1,0,1
gundir,0,1,0,1
gundrun,1,0,0,1
gune,0,1,0,1
guners,0,0,4,4
gunfight,1,2,6,9
gunfights,0,0,1,1
gunfire,14,8,21,43
gung,1,0,4,5
gungan,0,1,0,1
gungion,0,1,0,1
gunilla,0,0,1,1
gunit,0,1,0,1
gunk,0,0,5,5
gunlaw,0,0,1,1
gunless,2,0,0,2
gunman,10,24,20,54
gunmans,2,0,0,2
gunmen,8,1,8,17
gunn,0,4,1,5
gunna,23,39,40,102
gunned,9,1,5,15
gunneeeeerrrsssss,0,2,0,2
gunner,1,1,9,11
gunners,0,8,9,17
gunning,2,0,3,5
gunnnz,1,0,0,1
gunpla,0,1,0,1
gunplay,4,0,1,5
gunpoint,0,0,1,1
gunpowder,0,6,0,6
guns,536,205,911,1652
gunship,0,0,1,1
gunshot,2,1,4,7
gunshots,1,2,13,16
gunshow,0,0,5,5
gunsmoke,0,1,0,1
gunswho,3,0,0,3
gunt,0,0,2,2
gunz,1,1,0,2
guo,0,0,1,1
guop,1,0,0,1
guppie,0,5,0,5
guppies,0,1,0,1
guppy,3,17,5,25
guradians,0,1,0,1
guranted,0,2,0,2
gurantee,0,0,2,2
gurashi,0,0,3,3
gurd,0,1,0,1
gurdians,0,5,0,5
gurdo,2,0,0,2
gurenn,0,1,0,1
gurgling,0,0,1,1
gurj,0,1,0,1
gurl,21,102,132,255
gurley,0,0,3,3
gurlfreind,1,0,0,1
gurlfriend,0,1,0,1
gurlies,0,1,0,1
gurll,4,2,8,14
gurlll,4,3,0,7
gurllll,0,2,18,20
gurlllll,1,1,4,6
gurllllll,0,0,2,2
gurlllllll,0,0,1,1
gurllllllll,0,1,0,1
gurlllllllll,0,3,0,3
gurlplease,0,0,1,1
gurls,1,1,3,5
gurranted,0,1,0,1
gurren,0,1,0,1
gurrieno,0,0,1,1
gurrl,0,0,2,2
gurrll,0,0,2,2
gurrllll,0,7,0,7
gurrllllllllll,1,0,0,1
gurrrl,2,1,1,4
gurrrlll,0,0,1,1
gurrrrl,0,0,6,6
gurrrrrl,0,0,2,2
gurrrrrlll,0,5,0,5
gurrrrrrls,0,0,5,5
gurrrrrrrl,0,1,0,1
gurrrrrrrllll,0,0,1,1
gurt,0,2,0,2
guru,8,22,66,96
guruji,0,1,1,2
gurur,0,2,0,2
gururland,0,2,0,2
gururu,0,2,1,3
gurus,10,7,62,79
guruuuuuuuu,0,0,1,1
gus,14,38,38,90
gusano,0,1,0,1
gusgus,1,1,0,2
gush,0,6,10,16
gusher,0,10,0,10
gushers,0,1,0,1
gushi,0,1,0,1
gushing,1,0,5,6
gushingly,0,4,0,4
gushy,1,1,0,2
gusmonster,3,0,0,3
guss,0,1,2,3
gusses,0,0,1,1
gussies,0,0,1,1
gust,31,32,17,80
gusta,4,137,12,153
gustaba,0,5,1,6
gustabas,0,1,0,1
gustado,0,8,3,11
gustaf,0,0,2,2
gustafsson,0,3,0,3
gustan,0,19,1,20
gustando,0,3,0,3
gustar,3,13,1,17
gustara,0,1,0,1
gustaria,3,2,0,5
gustas,0,9,2,11
gustav,0,1,5,6
gustavo,1,2,2,5
gustaw,0,4,0,4
guste,0,23,0,23
guster,0,1,0,1
gustes,0,1,0,1
gustie,0,1,0,1
gustin,0,11,4,15
gusting,1,0,2,3
gusto,2,66,5,73
gustos,0,2,0,2
gusty,1,0,6,7
gut,22,31,101,154
gutatama,0,1,0,1
gute,0,3,0,3
guten,0,6,3,9
guter,0,12,1,13
gutfeld,0,2,0,2
guthmiller,0,0,1,1
guthrie,0,1,0,1
gutierrez,4,6,0,10
gutless,10,0,1,11
gutowski,0,2,0,2
guts,29,20,57,106
gutted,9,30,34,73
gutter,9,6,4,19
gutters,0,0,2,2
gutting,3,0,0,3
gutts,0,1,0,1
guud,0,1,3,4
guurl,1,0,6,7
guurll,0,0,2,2
guurrlll,1,0,0,1
guurrrl,0,1,0,1
guuuaaaooo,0,2,0,2
guuurl,0,3,8,11
guuurllllll,0,0,2,2
guuurrrlll,0,0,1,1
guuuud,0,1,0,1
guuuuhhhhhhhrrll,0,1,0,1
guuuurl,1,3,5,9
guuuurrrrll,0,1,0,1
guuuuul,0,5,0,5
guuuuurrrrlllll,0,0,1,1
guuuuurrrrrrrrlllll,1,0,0,1
guuuuuurl,0,0,2,2
guuuuuurrrlll,0,0,1,1
guuuuuuurrrrrllllllll,0,1,0,1
guuuuuuuuuurl,0,0,1,1
guuuuuuuyyyyyyyssssssss,0,2,0,2
guuuuys,0,0,3,3
guuuy,0,1,0,1
guuuys,0,0,2,2
guuys,0,1,2,3
guwap,2,1,1,4
guwaps,0,0,1,1
guwd,0,1,0,1
guwoffset,0,1,0,1
guwoop,0,1,0,1
guwop,7,14,3,24
guwoppppp,0,1,0,1
guwops,0,1,0,1
guws,0,1,0,1
guy,2082,2211,3980,8273
guya,0,0,1,1
guyabano,0,0,2,2
guyana,1,0,10,11
guyanese,0,0,3,3
guyd,0,1,0,1
guyfromnorway,0,0,2,2
guyguyguyguy,0,4,0,4
guys,1674,2219,7775,11668
guyseu,0,0,1,1
guysnits,0,0,1,1
guyss,0,2,6,8
guysss,0,2,6,8
guyssss,0,2,16,18
guysssssss,0,1,1,2
guysz,0,0,1,1
guywithaboxforaface,0,1,0,1
guyyys,0,2,0,2
guyyysss,0,0,2,2
guyyysssss,0,0,1,1
guyyyyyssssss,0,1,0,1
guyz,0,12,4,16
guyzz,0,11,1,12
guzel,0,6,0,6
guzelsin,0,0,1,1
guzman,2,1,2,5
guzzlers,3,0,0,3
guzzling,0,5,1,6
guzzlord,0,0,4,4
gve,0,1,1,2
gvt,0,0,2,2
gvvqt,0,0,1,1
gw,1,26,11,38
gwa,0,5,0,5
gwaaaaaan,1,0,0,1
gwaaaan,4,0,0,4
gwaaaapppppp,0,1,0,1
gwaaaashh,0,0,1,1
gwaan,0,2,0,2
gwadddddddddddd,0,0,1,1
gwan,0,8,0,8
gwangyeeopsneun,0,1,0,1
gwanna,0,0,1,1
gwapo,0,2,0,2
gwbep,0,2,0,2
gween,0,0,1,1
gwen,1,7,30,38
gwendoline,0,8,0,8
gwendolyn,0,0,1,1
gweneth,0,7,0,7
gwens,0,2,1,3
gweny,0,0,2,2
gwenyth,1,2,0,3
gwiazd,0,1,0,1
gwin,1,4,0,5
gwinin,0,1,0,1
gwinnett,1,0,0,1
gwlg,0,0,3,3
gwn,0,6,0,6
gwqnwf,0,4,0,4
gwyn,0,0,1,1
gwyneth,1,6,13,20
gwynn,0,0,2,2
gx,0,0,1,1
gxng,0,0,1,1
gxoew,1,0,0,1
gxorgia,0,1,0,1
gy,0,0,4,4
gyal,0,4,0,4
gycvbgn,0,0,2,2
gyenge,0,1,0,1
gyerek,0,3,0,3
gyes,3,0,0,3
gyesok,0,2,0,2
gyggbbb,0,0,2,2
gyhehj,0,1,0,1
gyllenhaal,8,7,15,30
gyllenhall,0,1,1,2
gym,49,70,224,343
gymanasyic,0,5,0,5
gymnascok,0,1,0,1
gymnasium,0,1,0,1
gymnast,0,24,52,76
gymnastic,5,13,12,30
gymnasticinig,0,0,1,1
gymnastics,11,94,188,293
gymnasticsssss,0,0,1,1
gymnastik,0,0,1,1
gymnastique,0,0,5,5
gymnasts,0,1,23,24
gymnatics,5,0,0,5
gyms,0,0,1,1
gymschool,0,1,0,1
gymshark,0,10,0,10
gynacologist,0,0,3,3
gynaecologist,0,1,1,2
gynaecologists,0,0,2,2
gynaecology,0,0,1,1
gynecologist,0,0,11,11
gynecologists,0,0,5,5
gynecomastia,4,1,0,5
gynn,0,0,2,2
gyno,0,0,3,3
gynocentric,3,0,5,8
gyoen,0,0,3,3
gyot,0,0,1,1
gyoza,0,1,0,1
gypo,0,5,0,5
gypped,1,0,0,1
gypsey,0,0,4,4
gypsy,3,11,40,54
gyqthw,0,1,0,1
gyro,0,2,0,2
gyroscopic,0,0,1,1
gys,0,4,1,5
gysi,0,0,2,2
gysync,0,1,0,1
gyy,0,0,4,4
gz,0,3,0,3
gzip,0,6,6,12
gzlmis,0,1,0,1
gzuiss,0,1,0,1
ha,291,2031,614,2936
haa,3,7,5,15
haaa,1,16,12,29
haaaa,1,8,2,11
haaaaa,1,3,1,5
haaaaaa,1,7,0,8
haaaaaaa,0,0,1,1
haaaaaaaa,0,1,1,2
haaaaaaaaaaaaaaaaaaaaaaaaaaaaaaa,0,1,0,1
haaaaaaaaaaaaaaaaaaaaaaaaaay,0,4,0,4
haaaaaaaaaaaaaaaaavanaa,0,1,0,1
haaaaaaaaaaaappppyyyy,0,0,1,1
haaaaaaaaay,0,2,0,2
haaaaaaaahahahhaahahhahahahahahahahahhaahhaha,0,0,1,1
haaaaaahaaaa,0,0,2,2
haaaaaaloooooooo,0,1,0,1
haaaaaated,2,0,0,2
haaaaaha,0,0,1,1
haaaaahhhaaaaaaaaaa,2,0,0,2
haaaaaiiiiiiiiiirrrrrrrr,0,1,0,1
haaaaappyyyyyyy,0,0,1,1
haaaaarrryyy,0,1,0,1
haaaaate,1,0,0,1
haaaard,0,1,2,3
haaaarrdd,0,1,0,1
haaaate,0,0,4,4
haaaated,0,1,0,1
haaaavvveeee,0,1,0,1
haaaawwwt,0,4,0,4
haaaawwwwt,0,1,0,1
haaahaa,0,0,1,1
haaahahahah,0,6,0,6
haaahh,1,0,0,1
haaaiiii,0,4,0,4
haaam,0,3,0,3
haaand,0,1,0,1
haaannnsss,0,1,0,1
haaard,1,0,0,1
haaatee,0,0,1,1
haaauuunnnsss,0,1,0,1
haaayyy,0,0,1,1
haabahhhahahah,0,1,0,1
haaf,0,1,0,1
haafiz,1,0,0,1
haagel,0,6,0,6
haaha,0,2,0,2
haahaha,0,2,0,2
haahahah,0,0,1,1
haahahaha,0,0,1,1
haahahahahaa,3,0,0,3
haahahahahahaha,0,4,0,4
haahahahhah,0,0,4,4
haahahahhahah,0,1,0,1
haahahahhahaha,0,0,1,1
haahahhaahahahahahahahha,0,1,0,1
haahahhah,0,1,0,1
haahajajahhhaah,0,1,0,1
haahha,0,0,2,2
haahhahaha,0,0,1,1
haaiiiii,1,0,0,1
haaka,0,0,1,1
haam,0,0,1,1
haappy,0,0,2,2
haar,0,1,1,2
haarp,2,6,10,18
haat,0,2,0,2
haave,0,1,0,1
haawvie,6,0,0,6
hab,3,26,7,36
habaek,0,0,1,1
habanero,0,0,7,7
habaneros,0,0,1,1
habbers,2,0,0,2
habbits,0,0,3,3
habbo,0,0,1,1
habe,1,9,12,22
habeis,1,0,0,1
haben,0,11,1,12
haber,2,19,7,28
haberlerde,0,1,0,1
haberlo,0,1,1,2
habernos,0,0,1,1
haberos,0,1,0,1
haberse,1,0,7,8
haberte,0,7,0,7
habia,0,7,0,7
habib,0,0,2,2
habibi,0,2,0,2
habibti,0,1,0,1
habilidad,0,0,3,3
habilidoso,0,5,0,5
habillement,0,1,0,1
habit,43,15,67,125
habitable,1,2,8,11
habitaci,0,4,0,4
habital,0,0,1,1
habitantes,0,2,0,2
habitat,4,2,35,41
habitats,5,1,0,6
habite,0,6,0,6
habits,23,2,45,70
habitual,1,0,7,8
habitually,0,0,2,2
habituating,0,1,0,1
habitude,0,8,3,11
habituer,0,1,0,1
habl,0,3,0,3
habla,0,28,0,28
hablaba,0,1,0,1
hablador,0,3,0,3
hablamos,0,4,0,4
hablan,0,24,1,25
hablando,0,8,2,10
hablar,6,21,2,29
hablarle,0,1,0,1
hablas,0,6,1,7
hable,0,10,0,10
hablen,0,8,3,11
hablo,0,10,0,10
habr,0,10,3,13
habra,0,1,0,1
habs,0,4,1,5
habt,2,1,0,3
hac,4,12,2,18
hacc,0,0,4,4
hace,24,122,9,155
haceis,0,3,0,3
hacemos,0,9,0,9
hacen,0,53,23,76
hacep,0,1,0,1
hacer,3,103,31,137
hacerlas,0,0,1,1
hacerle,0,3,0,3
hacerles,0,5,0,5
hacerlo,0,1,5,6
hacerlos,0,3,0,3
hacerse,0,11,0,11
hacerte,0,3,0,3
haces,0,30,1,31
hach,2,0,0,2
haci,0,3,0,3
hacia,2,16,5,23
hacias,0,0,1,1
hacienda,6,0,2,8
haciendo,2,29,3,34
haciendose,0,1,0,1
hack,52,99,193,344
hackable,1,1,3,5
hackchi,0,6,3,9
hackear,0,5,0,5
hacked,5,25,32,62
hacker,16,17,50,83
hackers,1,8,20,29
hackey,2,0,0,2
hackeyened,2,0,0,2
hackflicks,0,0,1,1
hackfraud,0,0,3,3
hacking,6,18,40,64
hackintosh,0,3,4,7
hackjob,4,0,0,4
hackny,3,0,0,3
hacks,10,19,39,68
hacksaw,2,8,4,14
hackvisittt,0,1,0,1
hacky,0,7,0,7
haco,0,1,0,1
had,4088,2414,10950,17452
hadalabo,0,0,4,4
hadassah,0,0,1,1
hadden,0,1,0,1
haddi,0,1,0,1
haddish,0,1,2,3
haddonfield,3,0,0,3
hade,0,0,2,2
hader,0,3,4,7
hades,1,3,6,10
hadey,0,4,0,4
hadi,0,2,0,2
hadid,11,12,9,32
hadildo,0,1,0,1
hadir,0,3,0,3
hadith,0,0,4,4
hadiths,0,0,4,4
hadkichsqhdjasbcjewf,0,1,0,1
hadley,1,0,1,2
hadn,0,0,10,10
hadnt,4,0,17,21
hadou,3,0,0,3
hadplen,0,0,1,1
hadron,2,0,1,3
hads,0,1,0,1
haduuuuuken,0,1,0,1
hadyn,0,0,1,1
hadzic,0,4,0,4
hae,4,5,3,12
haechan,0,1,1,2
haega,0,1,0,1
haell,0,0,2,2
haemoglobin,0,0,2,2
haf,1,0,0,1
hafael,0,3,0,3
hafidi,0,0,4,4
haft,1,4,4,9
hafto,0,0,1,1
hag,9,9,12,30
haga,2,17,0,19
hagan,1,20,1,22
haganlo,0,1,0,1
hagas,0,1,1,2
hagases,0,1,0,1
hage,0,2,0,2
haggard,0,6,1,7
haggardo,0,2,0,2
haggerty,0,0,1,1
haggis,1,0,23,24
haggle,0,0,1,1
hagi,0,1,0,1
hagman,2,0,0,2
hago,0,9,1,10
hagoromo,0,1,0,1
hagreds,0,0,2,2
hagrid,12,26,39,77
hagrids,0,2,1,3
hags,0,3,0,3
hagu,0,1,0,1
hah,12,38,35,85
haha,388,26,3314,3728
hahaa,7,14,14,35
hahaaa,0,7,0,7
hahaaaa,0,0,3,3
hahaaaaaa,0,0,2,2
hahaaahaah,0,0,3,3
hahaaahaha,0,0,1,1
hahaah,0,9,6,15
hahaaha,0,8,1,9
hahaahah,1,0,0,1
hahaahaha,0,4,1,5
hahaahahah,0,1,0,1
hahaahahaha,0,1,0,1
hahaahahhaahahhaahhaahahhahaa,0,0,2,2
hahaahahhaahhah,0,1,0,1
hahaahhahahaah,1,0,0,1
hahagah,0,1,0,1
hahah,41,114,181,336
hahaha,198,15,1446,1659
hahahaa,3,7,8,18
hahahaaa,4,0,1,5
hahahaaaaa,0,4,0,4
hahahaaaaahahahahaaagaga,0,1,0,1
hahahaah,0,4,1,5
hahahaaha,1,5,1,7
hahahaahahah,0,0,1,1
hahahaahahaha,0,5,1,6
hahahaahahahahaha,3,0,0,3
hahahaahhahah,0,1,0,1
hahahah,28,91,106,225
hahahaha,76,6,555,637
hahahahaa,0,4,0,4
hahahahaaa,0,5,0,5
hahahahaaaaaaaa,0,4,0,4
hahahahaaaaaaaaa,0,1,0,1
hahahahaaahahaaa,7,0,0,7
hahahahaah,0,1,1,2
hahahahaahh,0,0,1,1
hahahahaahha,0,1,0,1
hahahahaahhahaa,0,3,0,3
hahahahaga,0,0,1,1
hahahahah,27,41,39,107
hahahahaha,17,11,246,274
hahahahahaa,1,0,0,1
hahahahahaahaha,0,1,0,1
hahahahahaahahhaaha,0,1,0,1
hahahahahah,1,15,9,25
hahahahahaha,3,61,61,125
hahahahahahaa,0,0,3,3
hahahahahahaaa,0,0,1,1
hahahahahahaah,0,6,1,7
hahahahahahaahaha,0,2,0,2
hahahahahahaahahahahahahah,0,4,0,4
hahahahahahah,1,16,11,28
hahahahahahaha,18,29,19,66
hahahahahahahah,1,1,3,5
hahahahahahahaha,9,12,7,28
hahahahahahahahah,0,0,3,3
hahahahahahahahaha,2,9,10,21
hahahahahahahahahaaa,0,1,0,1
hahahahahahahahahaha,0,10,8,18
hahahahahahahahahahaaahahhahahahahahahha,2,0,0,2
hahahahahahahahahahah,0,9,0,9
hahahahahahahahahahaha,0,1,0,1
hahahahahahahahahahahaahahahahahahahahaha,0,1,0,1
hahahahahahahahahahahah,0,1,0,1
hahahahahahahahahahahaha,0,9,0,9
hahahahahahahahahahahahah,0,1,0,1
hahahahahahahahahahahahaha,4,1,4,9
hahahahahahahahahahahahahaaaa,0,4,0,4
hahahahahahahahahahahahahaha,0,1,1,2
hahahahahahahahahahahahahahahahaha,0,0,1,1
hahahahahahahahahahahahahahahahahaha,0,0,1,1
hahahahahahahahahahahahahahahahahahahaaaa,0,1,0,1
hahahahahahahahahahahahahahahahahahahaha,0,0,1,1
hahahahahahahahahahahahahahahahahahahahahaha,0,1,0,1
hahahahahahahahahahahahahahahahahahahahahahahahah,0,0,1,1
hahahahahahahahahahahahahahahahahahahahahahahahahahahahahahahahah,0,2,0,2
hahahahahahahahahahahahahahahahahahahahahahahahahahahahahahahahahahahahahahahahahahahahahahahahahahahahahahahahahahahahahahahahahahahahahahahahahahahahahahahahahahahahahahahahahahahahahahahahahahahahahahahahahahahahahahahahahahahahahahahahahahahahahahahahahahahahahahahahahahahahahahahahahahahahahahahahahahahahahahahahahahahahahahahahahahahahahahahahahahahahahahahahahahahahahahahahahahahahahahahahahahahahahahahahahahahahahahahahahahahahahahahahahahahahahahahahahahahahahahahahahahahahahahahahahahahahahahahahahahahahahahahahahahahahahahahahahahahahahahahahahahahahahahahahahahahahahahahahahahahahahahahahahahahahahahahahahahahahahahahahahahahahahahahahahahahahahahahahahahahahahahahahahahahahahahahahahahahahahahahahahahahahahahahahahahahahahahahahahahahahahahahahahahahahahahahahahahahahahahahahahahahahahahahahahahahahahahahahahahahahahahahahahahahahahahahahahahahahahahahahahahahahahahahahahahahahahahahahahahahahahahahahahahahahahahahahahahahahahahahahahahahahahahahahahahahahahahahahahahahahahahahahahahahahahahahahahahahahahahahahahahahahahahahahahahahahahahahahahahahahahahahahahahahahahahahahahahahahahahahahahahahahahahahahahahahahahahahahahahahahahahahahahahahahahahahahahahahahahahahahahahahahahahahahahahahahahahahahahahahahahahahahahahahahahahahahahahahahahahahahahahahahahahahahahahahahahahahahahahahahahahahahahahahahahahahahahahahahahahahahahahahahahahahahahahahahahahahahahahahahahahahahahahahahahahahahahahahahahahahahahahahahahahahahahahahahahahahahahahahahahahahahahahahahahahahahahahahahahahahahahahahahahahahahahahahahahahahahahahahahahahahahahahahahahahahahahahahahahahahahahahahahahahahahahahahahahahahahahahahahahahahahahahahahahahahahahahahahahahahahahahahahahahahahahahahahahahahahahahahahahahahahahahahahahahahahahahahahahahahahahahahahahahahahahahahahahahahahahahahahaha,0,1,0,1
hahahahahahahahahahahahahahahahahahahahahahahahahahahahahahahahahahahahahahahahahahahahahahhahahahaha,1,0,0,1
hahahahahahahahahahahahahahahahahahahahhahaha,0,1,0,1
hahahahahahahahahahahahhahahahahahhahahahahahh,0,0,3,3
hahahahahahahahahahha,0,1,0,1
hahahahahahahahahahhahahahahahahaha,2,0,0,2
hahahahahahahahahahhahahahahahhahahahahahahaha,0,1,0,1
hahahahahahahahahh,0,0,1,1
hahahahahahahahahhahaha,0,0,1,1
hahahahahahahahahhahahahaa,0,4,0,4
hahahahahahahahahhahahahahaaaa,0,1,0,1
hahahahahahahahhaha,0,1,0,1
hahahahahahahahhahahahahahahahahahahahahahahahahahahahahahahahahahahahahahahahahahahahahahahahahahahahaha,0,1,0,1
hahahahahahahahhahahahahhahahahaahahahhaha,0,0,1,1
hahahahahahahahshshah,0,7,0,7
hahahahahahahha,1,0,0,1
hahahahahahahhaha,0,0,2,2
hahahahahahahhahahahaha,0,0,1,1
hahahahahahahhahahahahahahahahahahhahahahahahahahahahaahahahahahahahah,0,1,0,1
hahahahahahahhh,6,0,0,6
hahahahahahha,0,4,4,8
hahahahahahhaa,0,1,0,1
hahahahahahhaahah,0,2,0,2
hahahahahahhaha,0,2,0,2
hahahahahahhahaha,0,4,0,4
hahahahahahhahahaha,0,1,0,1
hahahahahahhahahahahahhaha,0,1,0,1
hahahahahahhahahahahahhahahaha,0,2,0,2
hahahahahahhahahahahhahahahahahah,0,3,0,3
hahahahahh,0,1,0,1
hahahahahha,0,0,3,3
hahahahahhaahaha,0,0,1,1
hahahahahhaahha,1,0,0,1
hahahahahhaahhaha,0,0,1,1
hahahahahhaha,0,1,1,2
hahahahahhahah,0,0,1,1
hahahahahhahahah,0,1,0,1
hahahahahhahahahahahahahahahhahahahahahhaah,0,1,0,1
hahahahahhahahahahha,0,0,1,1
hahahahahhahahahhahahahahha,0,1,0,1
hahahahaj,0,1,7,8
hahahahaja,0,1,0,1
hahahahavesexwithmehahaha,0,6,0,6
hahahahfs,0,0,2,2
hahahahh,0,1,0,1
hahahahha,4,10,8,22
hahahahhaaha,0,1,1,2
hahahahhaha,0,1,0,1
hahahahhahaa,4,1,0,5
hahahahhahaahahh,0,6,0,6
hahahahhahaha,0,6,0,6
hahahahhahahaaha,1,0,0,1
hahahahhahahah,0,0,2,2
hahahahhahahahahah,4,0,0,4
hahahahhahahahahaha,1,0,0,1
hahahahhahahahahahhahahahaha,0,0,1,1
hahahahhahahahahahhhahhhahahahha,0,0,1,1
hahahahhahahahhah,0,1,0,1
hahahahhahahahhahhahahahahhahhahahahhahahahahahhahahahahahahahhahahhahahahhahaahhh,0,1,0,1
hahahahhahhaa,0,1,0,1
hahahahja,0,1,0,1
hahahahxd,0,2,0,2
hahahaj,0,1,0,1
hahahazz,0,2,0,2
hahahh,1,0,5,6
hahahha,10,9,8,27
hahahhaaa,0,7,0,7
hahahhaahha,0,2,0,2
hahahhaha,5,15,18,38
hahahhahaah,0,1,0,1
hahahhahah,0,5,1,6
hahahhahaha,0,10,20,30
hahahhahahah,0,0,4,4
hahahhahahaha,0,0,2,2
hahahhahahahahahaahahahaha,0,0,2,2
hahahhahahahahahaha,0,3,0,3
hahahhahahahahahhahahhaaaaaaaaaaa,0,1,0,1
hahahhahahahahha,2,1,0,3
hahahhahahahahhahahah,0,3,0,3
hahahhahahahhahahahahjahaja,0,3,0,3
hahahhahahhahaha,0,1,3,4
hahahhahahhahahahha,4,0,0,4
hahahhahahhahahhahhahahhahhahahhahahhahahhahhahahhahhahhahahhahhahahhahaha,4,0,0,4
hahahhhahahah,0,0,1,1
hahahhhhaaaa,0,2,0,2
hahahhhhahaha,0,1,0,1
hahahhhhhhhhhh,0,1,0,1
hahahhhhhhhhhhhhhhhhhhhhhhhhhha,0,2,0,2
hahahhsjshahajajaja,0,2,0,2
hahajaja,0,1,0,1
hahajckcjjc,0,1,0,1
hahehe,0,0,6,6
hahha,12,3,11,26
hahhaa,0,3,2,5
hahhaah,0,1,0,1
hahhaahahahahahahahahaahhahahaha,0,1,0,1
hahhaahhaa,2,0,0,2
hahhaha,4,3,13,20
hahhahaha,0,5,3,8
hahhahahaahhaah,0,1,0,1
hahhahahaahhah,0,2,0,2
hahhahahah,0,1,1,2
hahhahahaha,1,4,0,5
hahhahahahaaaa,0,1,0,1
hahhahahahaha,1,0,0,1
hahhahahahahaha,0,2,0,2
hahhahahahahahahahahahaha,0,6,0,6
hahhahahahahhahahhaha,0,0,1,1
hahhahahahh,6,0,0,6
hahhahahahhaahha,0,1,0,1
hahhahahahhahaha,0,0,1,1
hahhahahhahahahahahhahaahhah,1,0,0,1
hahhahh,1,0,0,1
hahhahhaha,0,1,0,1
hahhahshahahhhh,0,1,0,1
hahhha,0,0,6,6
hahhhahaha,0,3,0,3
hahhhhhahaha,0,2,0,2
hahhhhhhhhhhaaaa,4,0,0,4
hahn,0,1,6,7
hahs,0,0,2,2
hai,2,47,14,63
haidt,0,0,4,4
haie,0,0,3,3
haiga,0,3,0,3
haii,0,1,0,1
haiii,0,1,0,1
haiiii,0,8,0,8
haiiiiiiiiiiiiiiiiiiiiiiiiiiiiiiiiiiiiiiiiiiiiiiiiiiiiiiiiiiiiiiiiiiiiiii,0,1,0,1
haikumemes,0,1,0,1
haikyuu,0,1,0,1
hail,11,56,33,100
hailed,0,0,1,1
hailee,1,7,0,8
hailey,1,0,1,2
hailgrasa,0,2,0,2
hailing,3,0,0,3
haill,0,5,0,5
hailllll,0,1,0,1
hailmelomanosdelagrasa,0,1,0,1
hailo,0,0,5,5
hailstorms,3,0,0,3
hailtotheking,0,1,0,1
haily,0,8,0,8
haim,14,25,51,90
haims,0,0,2,2
haines,1,0,0,1
hainman,0,3,0,3
hair,953,1526,4747,7226
hairballs,0,1,1,2
hairband,0,1,0,1
haircare,0,0,3,3
haircells,0,0,2,2
haircolor,0,0,5,5
haircolors,0,0,1,1
haircolour,0,3,1,4
haircut,17,64,108,189
haircuts,1,1,7,9
haircutted,5,0,0,5
hairdo,0,7,11,18
hairdresser,2,0,39,41
hairdryer,6,4,1,11
haired,29,7,68,104
hairflips,0,0,1,1
hairhat,0,0,1,1
hairlarious,0,0,1,1
hairlength,0,0,4,4
hairless,0,1,2,3
hairlessness,3,0,0,3
hairline,16,38,61,115
hairlines,0,8,0,8
hairloss,0,0,1,1
hairmop,0,0,1,1
hairnet,0,0,1,1
hairpiece,0,0,1,1
hairr,0,1,4,5
hairroutine,0,5,0,5
hairrr,0,1,0,1
hairrrr,5,1,7,13
hairrrrr,0,5,0,5
hairrrrrr,0,0,1,1
hairs,12,23,42,77
hairsalon,2,0,0,2
hairspray,2,21,11,34
hairstyle,13,28,86,127
hairstyleeeee,0,0,1,1
hairstylegoals,0,6,0,6
hairstyles,10,2,37,49
hairstylists,0,1,0,1
hairsyle,0,0,1,1
hairy,15,13,27,55
hait,0,1,0,1
haitch,0,3,0,3
haitcut,1,0,0,1
haiti,11,6,15,32
haitian,2,8,16,26
haitians,1,0,1,2
haitiii,0,1,0,1
haitua,0,1,0,1
haiwan,0,0,3,3
hajab,1,0,0,1
hajajajjajajajajajajajajajajajajaja,0,1,0,1
hajari,0,0,3,3
haji,0,1,0,1
hajima,0,1,0,1
hak,0,1,0,1
haka,0,1,0,1
hakachi,0,2,0,2
hakai,0,0,1,1
hakchi,9,10,21,40
hakeem,12,11,3,26
hakem,0,10,3,13
hakemi,0,2,1,3
hakemin,0,3,0,3
hakemler,0,2,0,2
hakemlerinin,0,1,0,1
hakeret,0,1,0,1
hakim,0,0,1,1
hakime,0,1,0,1
hakira,0,1,0,1
hakk,0,1,0,1
hakkz,0,5,0,5
hakodate,0,0,1,1
hakon,1,0,0,1
haku,3,0,0,3
hal,5,31,34,70
hala,0,70,8,78
halachelsea,0,1,0,1
halagrams,0,1,0,1
halah,0,0,2,2
halaious,0,0,1,1
halal,6,14,33,53
halalnya,0,2,0,2
halalpork,0,0,2,2
halamadrid,4,24,0,28
halarious,1,2,1,4
halation,5,0,0,5
halbschwarzemodel,0,2,0,2
hale,2,19,48,69
haleigh,1,0,0,1
halen,0,3,4,7
hales,0,0,3,3
haley,3,17,30,50
half,1125,8,1215,2348
halfar,0,0,1,1
halfassed,0,0,2,2
halfords,0,6,0,6
halftime,0,8,12,20
halfway,30,23,58,111
halfwit,0,0,2,2
halfwits,2,0,0,2
halger,0,1,0,1
halgo,0,1,0,1
hali,0,4,0,4
halifah,0,1,0,1
halilintar,0,0,1,1
haliroius,0,1,0,1
halk,0,5,0,5
hall,54,85,80,219
halla,0,2,1,3
hallal,0,1,0,1
hallarious,2,0,0,2
hallatious,0,1,0,1
hallaurween,0,3,0,3
halle,2,14,14,30
halleluja,0,1,0,1
hallelujaaaaaaaaaah,0,1,0,1
hallelujah,1,10,19,30
halleluyah,0,0,4,4
haller,0,4,1,5
hallf,0,0,1,1
hallie,4,0,0,4
halliwell,1,4,0,5
halllll,0,2,0,2
hallmarked,0,0,3,3
hallo,0,16,4,20
halloeen,0,1,0,1
hallolowenennewnenne,1,0,0,1
hallom,0,1,0,1
hallomew,0,0,6,6
hallooooooooo,0,1,0,1
hallooween,0,0,1,1
hallottam,0,1,0,1
hallow,1,1,5,7
halloway,0,5,0,5
hallowe,2,0,4,6
halloweeeeeen,0,1,0,1
halloweeeennnn,0,1,0,1
halloweeen,0,1,0,1
halloweekend,4,0,0,4
halloweem,0,2,0,2
halloween,272,789,1195,2256
halloweencostum,0,1,0,1
halloweeney,0,0,1,1
halloweenie,0,1,0,1
halloweenlink,0,1,0,1
halloweennnnnn,0,0,2,2
halloweens,2,1,5,8
halloweeny,0,3,0,3
halloweeva,0,1,0,1
hallowen,0,4,4,8
hallowinii,0,0,1,1
hallowissa,0,0,1,1
hallows,1,1,7,9
halls,2,3,20,25
hallucinate,0,1,5,6
hallucinated,0,0,1,1
hallucinating,2,1,1,4
hallucination,1,0,5,6
hallucinations,3,0,7,10
hallucinogenic,0,0,2,2
hallucinogenics,2,0,0,2
hallucinogens,0,0,1,1
hallway,12,3,27,42
hallways,0,1,4,5
hallween,0,0,2,2
halo,6,39,39,84
halogen,0,0,1,1
halographics,1,0,0,1
halolujah,0,1,0,1
halooo,1,1,3,5
halooooo,0,0,3,3
halos,1,0,7,8
haloscope,3,0,13,16
haloweeen,0,0,1,1
haloween,0,12,6,18
halowwen,0,4,0,4
halp,2,3,2,7
halpert,3,0,0,3
halrious,0,0,1,1
halsey,1,5,4,10
halt,1,8,8,17
halted,0,3,0,3
halten,0,1,4,5
halter,1,0,4,5
halting,0,0,4,4
halucination,0,0,1,1
halve,0,0,1,1
halved,0,0,1,1
halves,6,0,3,9
halving,2,0,0,2
ham,53,32,71,156
hamachi,3,2,3,8
hamashiach,0,0,1,1
hamberger,0,2,0,2
hambre,0,5,0,5
hambuger,0,1,0,1
hamburg,5,4,19,28
hamburger,0,12,10,22
hamburgers,8,1,16,25
hamburglar,6,0,0,6
hamburguesa,0,1,0,1
hamburguesas,0,1,0,1
hamddu,0,2,0,2
hamdoulaaah,0,1,0,1
hamduliallah,0,1,0,1
hame,0,1,5,6
hamelin,0,0,11,11
hameln,0,0,4,4
hamfisted,2,0,1,3
hami,0,1,0,1
hamif,1,0,0,1
hamill,9,6,17,32
hamilton,5,46,45,96
hamiltons,0,3,0,3
hamish,1,1,3,5
hamiszpat,0,0,2,2
hamlet,0,0,1,1
hammed,2,0,1,3
hammer,31,22,17,70
hammered,5,4,7,16
hammerfest,0,0,1,1
hammergeile,0,1,0,1
hammerin,0,0,2,2
hammering,7,0,10,17
hammerlock,0,0,2,2
hammers,1,1,9,11
hammerstein,0,10,0,10
hammertime,0,14,0,14
hammil,0,0,2,2
hamming,0,0,1,1
hammock,5,13,10,28
hammocks,0,0,1,1
hammond,2,1,13,16
hammy,0,0,5,5
hamoth,1,0,0,1
hampden,0,0,5,5
hamper,7,0,0,7
hampir,0,1,1,2
hampshire,1,0,3,4
hampster,0,4,0,4
hampton,1,0,6,7
hampus,0,4,0,4
hamsik,0,6,1,7
hamster,11,18,16,45
hamsters,0,0,4,4
hamstrings,0,0,5,5
hamzah,0,1,0,1
hamzardblankatm,0,0,7,7
hamztk,0,1,0,1
han,13,73,53,139
hana,11,17,35,63
hanae,0,2,0,2
hanahaki,0,0,8,8
hanak,0,0,2,2
hanalei,3,8,11,22
hanaleis,0,0,1,1
hanan,0,0,1,1
hanane,0,1,1,2
hanannah,0,0,1,1
hanas,0,1,4,5
hanat,0,1,0,1
hanauma,0,1,0,1
hanazuki,0,0,2,2
hanbin,0,1,1,2
hance,1,0,0,1
hancock,0,0,4,4
hand,441,403,1190,2034
handanovic,0,0,4,4
handbag,4,5,55,64
handbags,2,6,9,17
handball,2,3,23,28
handbook,3,0,13,16
handbrake,1,0,0,1
handcuff,1,2,7,10
handcuffed,0,13,5,18
handcuffs,0,2,27,29
handed,20,49,74,143
handedly,5,0,15,20
handekening,0,1,0,1
handend,0,0,3,3
handers,0,2,0,2
handerson,1,0,0,1
handful,4,5,34,43
handfull,2,0,0,2
handfuls,1,0,0,1
handguard,0,0,10,10
handgun,13,2,19,34
handguns,3,0,20,23
handheld,2,3,13,18
handhelds,2,0,1,3
handhold,0,0,1,1
handicap,0,5,1,6
handicapped,4,0,2,6
handily,1,0,5,6
handing,1,4,12,17
handiwork,1,0,0,1
handj,0,1,0,1
handjob,1,1,4,6
handjobs,0,0,3,3
handjoby,0,1,0,1
handkerchief,0,4,5,9
handle,104,93,439,636
handled,23,18,59,100
handler,8,2,23,33
handlers,1,0,6,7
handles,2,7,25,34
handling,1,5,53,59
handmade,0,0,7,7
handmades,0,0,1,1
handmaid,4,4,48,56
handmaide,0,0,1,1
handmaiden,3,3,0,6
handmaidens,3,0,0,3
handmaids,5,10,21,36
handmaidsonhulu,0,0,3,3
handoulilah,0,3,0,3
handout,6,0,0,6
handouts,6,0,7,13
handpicked,1,0,1,2
handprints,1,0,5,6
handrails,0,1,2,3
handrawn,1,0,0,1
hands,421,318,1090,1829
handscom,0,0,3,3
handsdown,0,0,5,5
handsets,0,0,1,1
handshake,9,26,16,51
handshaked,0,6,0,6
handshakes,7,0,3,10
handshaking,1,0,0,1
handshe,0,0,2,2
handsome,6,4,390,400
handsomeee,0,1,0,1
handsomeeee,1,0,0,1
handsomeeeee,0,0,1,1
handsomeeeeee,1,0,0,1
handsomeman,0,0,1,1
handsooommmmeeeeee,0,0,1,1
handsprings,0,0,6,6
handsss,0,1,0,1
handstand,2,34,38,74
handstands,0,3,4,7
handsteiner,0,0,1,1
handsupdontshoot,0,1,0,1
handtekening,0,16,8,24
handwrite,0,2,0,2
handwriting,2,8,21,31
handwritten,0,0,3,3
handy,1,0,70,71
handyh,0,0,10,10
handyman,4,0,1,5
haned,0,1,0,1
haneman,0,3,0,3
hanford,1,0,0,1
hang,89,81,256,426
hangar,0,0,6,6
hangars,0,0,1,1
hangdog,6,0,0,6
hanged,4,3,6,13
hangen,0,1,0,1
hanger,6,4,12,22
hangers,5,0,7,12
hangeul,0,0,1,1
hanggang,0,2,0,2
hangi,0,0,5,5
hangin,2,0,9,11
hanging,73,36,201,310
hangman,0,1,0,1
hangout,0,2,8,10
hangover,17,11,23,51
hangovers,5,0,10,15
hangry,5,2,1,8
hangs,12,4,13,29
hangsweet,0,1,0,1
hangt,0,1,2,3
hanguel,0,1,0,1
hanguko,0,1,0,1
hangul,1,0,2,3
hani,0,1,0,1
hanilie,0,1,0,1
hanim,0,1,0,1
hank,58,85,200,343
hankeem,1,0,0,1
hankering,0,1,0,1
hankie,0,5,0,5
hanks,2,14,21,37
hanley,0,2,1,3
hanlin,0,0,4,4
hanlon,1,4,2,7
hann,0,0,1,1
hanna,11,26,34,71
hannah,76,118,488,682
hannahmamrie,0,0,5,5
hannahs,0,7,0,7
hannahwitton,1,0,0,1
hannel,0,4,0,4
hannety,2,0,0,2
hannibal,1,13,4,18
hannie,2,17,12,31
hannin,0,1,0,1
hannity,0,7,5,12
hanno,0,5,1,6
hannover,0,0,1,1
hannukah,0,0,3,3
hanoi,5,9,6,20
hans,5,21,38,64
hanscom,0,0,3,3
hanscomb,0,0,1,1
hanseeeeeeen,2,0,0,2
hansel,1,0,0,1
hansen,13,65,32,110
hansenn,0,1,0,1
hansennnn,0,1,0,1
hansennnnnnnnn,0,1,0,1
hansolo,1,0,1,2
hansome,0,0,1,1
hanson,0,2,12,14
hansssssss,0,1,0,1
hantekening,0,1,0,1
hanteo,0,0,1,1
hanukkah,0,0,2,2
hanuman,3,0,0,3
hanya,0,0,5,5
hanz,3,1,6,10
hanzel,0,7,0,7
hanzentizer,0,4,0,4
hanzfam,0,0,5,5
hanzo,2,7,5,14
hanzos,0,1,0,1
hanzoween,0,0,26,26
hanzween,0,4,0,4
hao,0,9,1,10
haooy,0,0,4,4
haopen,0,1,0,1
haora,0,1,0,1
hap,0,3,0,3
hapa,0,1,0,1
hapatime,4,0,0,4
hapen,0,4,0,4
hapend,3,0,0,3
hapened,0,1,0,1
hapening,0,0,2,2
hapens,0,1,0,1
haphazardly,0,0,2,2
haphazardness,0,0,1,1
hapind,0,1,0,1
hapiness,0,1,4,5
hapishane,0,3,0,3
hapns,0,1,0,1
happas,2,0,0,2
happed,9,2,0,11
happeds,0,1,0,1
happee,0,1,0,1
happen,519,561,1076,2156
happend,15,66,49,130
happende,1,0,0,1
happended,0,0,1,1
happends,1,1,1,3
happened,664,678,1191,2533
happeneds,0,1,0,1
happenes,2,0,2,4
happenin,0,1,2,3
happening,231,125,372,728
happenings,2,0,7,9
happens,439,414,771,1624
happienss,0,0,3,3
happier,26,23,147,196
happiest,24,3,63,90
happily,0,0,115,115
happilyevaafter,0,3,0,3
happin,0,1,0,1
happines,0,2,1,3
happiness,18,1,499,518
happinesssssss,0,0,1,1
happing,0,0,2,2
happinnes,0,0,1,1
happly,0,0,1,1
happned,0,2,0,2
happpy,0,0,2,2
happry,0,3,0,3
happuns,0,1,0,1
happy,181,7,7814,8002
happyest,0,1,0,1
happyness,1,0,2,3
happynest,0,1,0,1
happyonceday,0,0,1,1
happysingle,0,0,5,5
happytwice,0,1,1,2
happytwiceday,0,1,1,2
happyxx,0,0,2,2
happyyy,0,1,0,1
happyyyy,0,2,0,2
happyyyyy,0,1,3,4
happyyyyyyyy,0,4,0,4
haps,0,0,1,1
hapy,0,0,1,1
har,4,38,10,52
hara,1,9,1,11
harada,0,0,10,10
harah,0,0,5,5
haram,8,6,1,15
harambe,0,17,7,24
haran,3,2,2,7
harangue,0,0,4,4
harangued,1,0,0,1
harappan,0,0,3,3
harari,0,0,2,2
harass,3,0,23,26
harassed,11,6,20,37
harasser,0,0,2,2
harassers,0,0,7,7
harasses,0,0,2,2
harassin,5,0,0,5
harassing,7,2,11,20
harassment,19,3,61,83
harbaugh,0,0,1,1
harbaughs,2,0,0,2
harbi,0,3,0,3
harbinger,6,0,0,6
harbor,0,5,17,22
harboring,1,0,2,3
harbors,0,0,1,1
harbour,4,6,10,20
harc,0,0,2,2
hard,2547,0,3037,5584
harda,2,0,0,2
hardbass,0,1,0,1
hardbody,1,0,0,1
hardcoded,0,0,1,1
hardcor,0,0,5,5
hardcore,21,14,48,83
hardcover,0,0,1,1
hardcunt,0,1,0,1
hardd,0,0,1,1
hardday,0,0,1,1
harddd,0,2,0,2
hardddd,0,0,1,1
harddddddd,0,2,0,2
harddddddddd,1,0,0,1
hardddddddddd,0,1,0,1
harddrive,0,5,0,5
harded,0,1,0,1
hardee,0,0,1,1
harden,0,1,6,7
hardened,7,1,5,13
hardener,0,1,0,1
hardening,0,1,0,1
hardens,0,0,1,1
harder,205,2,217,424
hardes,1,0,0,1
hardest,29,50,121,200
hardhome,8,0,5,13
hardie,0,0,1,1
hardiest,2,0,0,2
harding,0,3,1,4
hardley,1,0,2,3
hardline,3,10,5,18
hardly,135,6,152,293
hardlyyy,0,1,0,1
hardness,3,0,3,6
hardonthots,0,0,1,1
hards,0,0,3,3
hardship,0,0,23,23
hardships,6,1,5,12
hardstyle,0,2,1,3
hardtail,11,8,2,21
hardtails,0,0,1,1
hardware,25,16,83,124
hardwear,0,0,1,1
hardwel,0,0,1,1
hardwell,1,10,7,18
hardwick,1,1,1,3
hardwood,1,0,0,1
hardwork,1,3,10,14
hardworking,2,0,19,21
hardy,0,4,12,16
hare,1,13,15,29
hared,0,0,1,1
harem,0,3,1,4
harey,0,1,0,1
harf,0,1,0,1
harga,0,0,1,1
hargita,0,0,4,4
harhar,4,0,0,4
hari,0,2,0,2
haria,0,3,0,3
haric,0,1,0,1
haricinde,0,1,0,1
haried,1,0,0,1
harika,0,5,0,5
harikaaaa,0,1,0,1
harikas,0,0,1,1
haris,0,0,1,1
harish,0,0,1,1
harkening,0,0,3,3
harkens,0,0,1,1
harkia,0,1,0,1
harking,0,6,0,6
harkness,0,0,9,9
harlan,0,0,8,8
harland,0,2,0,2
harlem,9,6,17,32
harlet,0,0,1,1
harley,12,25,18,55
harleybayo,0,2,0,2
harleyquinn,0,3,0,3
harleys,0,1,0,1
harlocker,0,0,6,6
harlot,1,1,4,6
harlow,10,33,48,91
harlows,0,0,4,4
harm,44,11,105,160
harman,1,0,0,1
harmany,0,1,2,3
harmed,8,14,6,28
harmful,24,5,34,63
harming,10,0,21,31
harmless,16,10,32,58
harmon,12,13,30,55
harmonia,0,2,0,2
harmonic,0,4,5,9
harmonica,0,2,5,7
harmonically,0,0,3,3
harmonics,3,0,5,8
harmonie,0,2,0,2
harmonies,9,3,24,36
harmonious,0,2,6,8
harmoniously,0,0,1,1
harmonised,0,0,1,1
harmonix,0,0,2,2
harmonizations,0,0,1,1
harmonize,1,5,9,15
harmonizer,1,3,11,15
harmonizers,0,4,5,9
harmonizing,0,6,2,8
harmonquest,0,1,0,1
harmons,0,0,2,2
harmony,15,70,109,194
harmonys,0,0,1,1
harmonyy,0,1,0,1
harms,12,0,18,30
harness,1,4,7,12
harnesses,0,0,3,3
harnold,0,1,0,1
harold,0,5,28,33
harp,0,4,3,7
harper,14,10,21,45
harpers,1,0,0,1
harping,1,0,1,2
harpo,0,2,0,2
harpoon,0,0,2,2
harpoons,0,1,0,1
harpy,0,1,0,1
harr,0,0,2,2
harrasing,0,0,7,7
harrasment,0,0,1,1
harrass,1,1,0,2
harrassed,0,0,4,4
harrassing,0,0,2,2
harrassment,0,1,6,7
harreh,0,1,0,1
harrel,1,0,0,1
harrelson,0,2,1,3
harricane,0,3,0,3
harrier,0,0,1,1
harringay,5,0,0,5
harrington,0,8,11,19
harringtons,0,0,4,4
harris,9,20,24,53
harrison,12,46,79,137
harrods,1,1,6,8
harrogate,0,0,7,7
harrowing,0,0,7,7
harrp,0,5,0,5
harrrddvaaarrddddd,0,2,0,2
harrrrddddd,1,0,0,1
harru,0,0,3,3
harry,161,795,860,1816
harryfied,0,3,0,3
harryhat,4,0,0,4
harrymainia,0,2,0,2
harrypotter,0,0,6,6
harrys,7,1,2,10
harryyy,0,0,1,1
harsh,60,1,85,146
harshed,0,0,1,1
harsher,0,1,1,2
harshest,0,1,0,1
harshly,2,0,13,15
harstylist,1,0,0,1
hart,61,36,176,273
hartbeat,0,0,3,3
hartford,2,0,0,2
harth,0,3,0,3
hartman,1,5,0,6
harto,0,1,2,3
hartridge,0,0,14,14
harts,0,3,5,8
haru,1,0,2,3
haruka,0,12,12,24
harus,0,0,1,1
harv,0,1,3,4
harvard,5,1,2,8
harvest,10,18,35,63
harvested,4,2,2,8
harvesters,0,0,3,3
harvestet,3,0,0,3
harvesting,7,2,14,23
harvey,193,205,292,690
harveygum,0,1,0,1
harveys,4,0,0,4
harveyw,0,0,6,6
harveyweinsteinisoverparty,0,3,0,3
harvy,1,2,0,3
hary,0,0,1,1
has,4787,3899,13040,21726
hasan,0,0,1,1
hasani,0,0,1,1
hasbeen,2,0,2,4
hasbnis,0,6,0,6
hasbro,3,2,35,40
hase,1,1,1,3
hased,0,0,3,3
hasent,0,1,4,5
haser,0,1,0,1
hash,5,8,11,24
hashana,0,3,0,3
hashashin,0,0,1,1
hashbrown,0,1,0,1
hashbrowns,0,0,1,1
hashimoto,0,2,0,2
hashirama,2,0,0,2
hashtag,18,55,45,118
hashtage,0,1,0,1
hashtagged,1,0,0,1
hashtags,0,0,5,5
hashtagteamhuttlestone,0,0,5,5
hasi,0,1,0,1
hasil,0,0,1,1
hasn,12,13,31,56
hasnt,15,21,42,78
hassan,1,2,0,3
hassed,0,0,3,3
hasselhof,4,0,0,4
hasselhoff,0,0,1,1
hassey,0,1,0,1
hassi,0,0,8,8
hassiktir,0,1,0,1
hassle,14,1,17,32
hassles,0,0,1,1
hassling,0,0,1,1
hasss,0,1,0,1
hast,0,2,1,3
hasta,10,102,25,137
hastag,0,1,0,1
hastaneye,0,1,0,1
haste,0,1,0,1
hastens,0,0,1,1
hastily,0,0,3,3
hastings,4,4,0,8
hasu,0,1,0,1
hat,81,243,311,635
hatahaway,0,1,0,1
hatal,0,0,1,1
hatch,1,0,1,2
hatchery,0,6,0,6
hatches,1,0,0,1
hatchet,4,11,6,21
hatcheting,0,0,2,2
hate,3681,62,1309,5052
hated,328,1,147,476
hateeeee,1,0,0,1
hateees,0,1,0,1
hateful,38,19,56,113
hatefull,1,0,0,1
hatefully,0,0,3,3
hatefulness,0,0,1,1
hatein,0,1,0,1
hatemailed,0,0,1,1
haten,0,0,1,1
hater,35,35,54,124
haterade,0,0,1,1
hatered,0,0,4,4
haterish,0,0,1,1
hatern,1,0,0,1
haters,166,131,295,592
hatersss,0,0,1,1
haterssss,0,2,0,2
haterz,0,0,5,5
hates,156,130,142,428
hateting,0,0,6,6
hatets,1,0,0,1
hatewatch,0,0,2,2
hatfield,0,0,1,1
hatful,0,0,4,4
hath,35,22,45,102
hathaway,0,3,4,7
hati,0,2,0,2
hatian,0,1,0,1
hatillo,0,0,2,2
hatin,7,4,11,22
hating,128,104,286,518
hatman,0,0,1,1
hatred,36,9,34,79
hatreds,2,0,3,5
hatreon,0,0,3,3
hatric,0,0,4,4
hatrick,0,5,0,5
hats,30,35,90,155
hatsoff,9,0,0,9
hatstall,0,1,0,1
hatsune,0,3,0,3
hatta,0,2,0,2
hatte,0,1,0,1
hatter,13,0,6,19
hatters,0,0,2,2
hattin,1,0,0,1
hatting,1,0,0,1
hatton,2,0,2,4
hattori,0,1,0,1
hattrick,5,0,0,5
hattteeeee,0,2,0,2
hauahuahauahauhayuahauahauhauahauahuahauaha,0,1,0,1
hauck,0,0,6,6
hauer,0,0,1,1
haughtiness,0,0,5,5
haughty,13,0,0,13
hauh,1,0,0,1
haul,54,179,640,873
hauled,1,1,1,3
hauling,0,0,2,2
haull,0,7,0,7
hauls,16,18,283,317
hault,2,0,0,2
haunt,9,9,13,31
haunted,10,37,53,100
haunting,8,3,35,46
hauntingly,0,0,11,11
hauntings,0,0,2,2
hauntinly,0,0,4,4
haunts,0,3,15,18
haurino,0,1,0,1
haus,3,0,0,3
hausa,0,0,3,3
hauschka,0,0,1,1
haut,2,2,8,12
haute,2,0,0,2
hauteur,0,0,1,1
hauxs,1,0,0,1
hav,1,11,40,52
hava,0,0,2,2
haval,0,0,1,1
havana,4,46,27,77
havanananananana,0,1,0,1
havanna,0,1,0,1
havas,0,2,0,2
havaya,0,1,0,1
have,12846,9818,39694,62358
havea,0,1,3,4
haveanicedayoopsyourehavingsurgerynevermindyourdaysucks,0,0,1,1
haved,0,0,1,1
havedificulties,0,0,1,1
haveeee,0,0,1,1
haven,44,51,202,297
havens,0,0,1,1
havent,41,77,173,291
haver,0,0,1,1
haves,1,2,12,15
haveta,0,0,1,1
haveto,0,1,0,1
havetohave,0,0,4,4
haveuch,0,1,0,1
havewnt,0,0,1,1
havey,0,0,1,1
havhsbdbd,0,0,1,1
havin,7,3,29,39
having,945,458,2864,4267
havinggg,3,0,0,3
havit,0,0,3,3
havn,0,0,8,8
havne,0,0,4,4
havng,2,0,0,2
havnt,5,0,8,13
havoc,9,0,7,16
havocs,0,0,2,2
havok,0,0,2,2
havr,1,0,3,4
havs,0,1,0,1
havw,0,2,1,3
havy,0,0,3,3
haw,3,13,0,16
hawa,0,285,0,285
hawaaye,0,8,0,8
hawai,0,1,4,5
hawaian,0,0,1,1
hawaii,6,25,65,96
hawaiian,16,19,45,80
hawak,0,3,0,3
hawe,0,6,0,6
hawhaw,0,0,4,4
hawk,11,9,8,28
hawke,0,1,1,2
hawken,0,1,0,1
hawker,0,0,1,1
hawkeye,0,1,9,10
hawkeyes,0,1,2,3
hawking,0,7,5,12
hawkings,0,1,0,1
hawkins,1,0,5,6
hawks,0,2,2,4
hawksbill,0,0,3,3
hawn,0,0,1,1
haworth,0,0,1,1
hawrttttttt,0,0,1,1
hawsom,0,0,1,1
hawsome,0,0,1,1
hawt,2,22,9,33
hawwai,0,1,0,1
hawwt,0,6,0,6
hawww,0,2,0,2
hax,4,29,20,53
haxor,0,1,0,1
hay,13,251,44,308
haya,0,16,3,19
hayahge,0,0,1,1
hayal,0,3,0,3
hayan,0,4,1,5
hayas,0,4,0,4
hayat,0,1,1,2
hayato,3,0,0,3
hayda,0,1,0,1
haydee,0,0,1,1
haydeenn,0,1,0,1
hayden,16,10,16,42
haydi,0,3,0,3
haye,0,3,0,3
hayek,0,3,3,6
hayes,0,3,32,35
hayfever,0,0,1,1
hayi,0,1,0,1
hayir,0,1,0,1
haylee,1,0,0,1
hayley,11,30,57,98
haylor,0,2,0,2
haymarket,0,0,2,2
haynes,0,2,0,2
hayniac,0,0,8,8
hayret,0,4,0,4
hayride,3,0,0,3
hayrowshimaah,0,0,2,2
hays,0,2,0,2
haystacks,0,0,1,1
hayul,1,0,0,1
hayward,3,4,6,13
haywire,0,0,8,8
hayy,1,0,1,2
hayyyy,0,1,0,1
hayyyyyyyy,0,1,0,1
haz,0,7,0,7
hazama,0,0,6,6
hazard,37,132,185,354
hazardinho,0,1,0,1
hazardo,0,1,0,1
hazardous,1,0,2,3
hazards,0,6,2,8
haze,4,0,8,12
hazed,0,0,3,3
hazeeeelllllll,0,0,1,1
hazel,7,9,45,61
hazelnut,8,41,22,71
hazelnuts,0,0,8,8
hazen,0,0,1,1
hazerd,0,2,0,2
hazing,0,1,0,1
hazmat,0,3,4,7
hazrat,0,0,3,3
hazreti,0,2,0,2
hazte,0,1,0,1
hazy,1,0,6,7
hazza,0,0,9,9
hazzaforever,0,0,1,1
hazzard,0,8,0,8
hazzle,0,0,2,2
hb,0,1,6,7
hbar,0,1,0,1
hbd,1,3,0,4
hbhbhgn,0,0,1,1
hbk,3,0,0,3
hbo,35,20,55,110
hboxddd,0,0,3,3
hbtc,0,0,2,2
hbu,0,0,1,1
hc,1,0,0,1
hcare,0,0,1,1
hcebod,0,0,2,2
hchnfcsxwgkbshfwk,0,0,1,1
hcl,0,1,5,6
hctib,0,1,0,1
hctp,1,0,0,1
hd,10,49,81,140
hdd,0,2,8,10
hddfdhufhrifnfifngjfntintify,0,2,0,2
hdgsuakdhfhrnskdh,0,1,0,1
hdj,0,1,0,1
hdjdjsikamxx,0,0,1,1
hdjndidjdjdb,0,5,0,5
hdjsjs,1,0,0,1
hdl,0,1,0,1
hdmi,1,8,1,10
hdndnfnv,0,0,1,1
hdness,0,1,0,1
hdnw,0,0,1,1
hdp,0,6,5,11
hdpta,0,4,0,4
hdq,0,0,1,1
hdr,3,9,0,12
hds,6,39,6,51
he,13595,10155,29394,53144
hea,1,0,0,1
head,725,673,1451,2849
headace,2,0,0,2
headache,15,32,48,95
headaches,9,17,20,46
headass,1,5,0,6
headband,8,12,32,52
headbands,0,2,10,12
headbang,0,1,0,1
headbangers,2,0,0,2
headbanging,0,1,6,7
headboard,0,0,2,2
headbutt,3,6,7,16
headbutted,0,2,0,2
headbutts,1,0,1,2
headcrab,1,0,0,1
headdd,0,1,0,1
headdress,0,0,4,4
heade,0,0,2,2
headed,21,16,70,107
header,0,9,13,22
headers,0,5,8,13
headey,6,1,0,7
headgear,0,0,1,1
headghog,0,0,1,1
headhunterz,0,3,0,3
heading,37,27,93,157
headlamp,0,0,3,3
headland,0,0,1,1
headless,14,11,10,35
headlight,0,2,1,3
headline,10,4,24,38
headliner,0,1,0,1
headliners,0,0,5,5
headlines,8,3,1,12
headmaster,0,0,1,1
headphone,72,137,146,355
headphonejack,0,0,1,1
headphones,72,114,205,391
headpiece,0,1,5,6
headquarter,0,0,4,4
headquarters,0,3,10,13
headrest,0,0,7,7
headroom,0,1,0,1
heads,145,69,191,405
headscarf,6,0,1,7
headscratcher,0,0,3,3
headset,19,5,23,47
headsets,1,2,7,10
headshot,1,5,3,9
headshots,0,3,2,5
headshotted,0,1,2,3
headspace,0,1,3,4
headspin,0,1,0,1
headstock,0,0,1,1
headstones,2,0,0,2
headway,0,3,1,4
headwrap,0,0,3,3
headz,0,2,0,2
heafty,0,0,1,1
heah,0,1,0,1
heailing,0,0,3,3
heal,48,34,257,339
healed,8,13,33,54
healer,1,4,20,25
healers,0,0,4,4
healhcare,0,0,1,1
healing,25,40,107,172
healots,0,1,0,1
heals,8,8,29,45
health,310,53,956,1319
healthcare,78,27,103,208
healthcareamerica,0,4,0,4
healthful,0,0,1,1
healthier,18,10,120,148
healthiest,0,6,6,12
healthily,4,0,4,8
healthly,0,0,3,3
healthwise,0,0,1,1
healthy,77,6,881,964
healthyjunkfood,0,10,0,10
healty,0,0,1,1
healy,0,2,1,3
heap,4,5,11,20
heaps,2,19,22,43
hear,765,762,2925,4452
hearcut,0,3,0,3
heard,599,706,2177,3482
heards,0,0,1,1
heared,3,1,4,8
hearer,0,2,0,2
hearie,0,0,5,5
hearin,1,6,0,7
hearing,238,111,799,1148
hearings,1,0,0,1
hearn,0,5,8,13
hears,38,26,78,142
hearsay,0,0,8,8
hearst,1,0,0,1
hearstone,1,0,0,1
heart,566,709,2000,3275
heartach,0,0,1,1
heartache,3,2,13,18
heartaches,0,1,0,1
heartatack,0,0,1,1
heartattack,0,0,1,1
heartbeakingly,0,0,1,1
heartbeat,17,2,142,161
heartbeats,1,2,1,4
heartbraking,0,0,1,1
heartbreak,6,6,25,37
heartbreaker,3,1,6,10
heartbreakers,0,2,31,33
heartbreaking,26,25,67,118
heartbreakingly,0,0,8,8
heartbreaks,1,2,2,5
heartbroken,18,27,57,102
heartburn,5,0,13,18
heartd,0,0,5,5
hearted,10,4,55,69
heartedly,0,0,10,10
heartert,0,0,1,1
hearteu,0,2,4,6
hearteuuuu,0,1,0,1
heartfelt,5,6,62,73
heartfeltcorner,0,0,1,1
heartfull,0,0,1,1
hearth,1,6,1,8
hearths,0,1,0,1
hearthston,0,0,1,1
hearthstone,5,2,9,16
hearthwarming,0,1,0,1
heartily,0,0,7,7
heartlands,0,0,1,1
heartless,18,8,58,84
heartouching,0,0,1,1
heartrate,0,0,1,1
heartrending,0,1,0,1
hearts,38,82,221,341
heartsandhumor,0,0,1,1
heartsay,0,0,1,1
heartstone,0,0,1,1
heartstrings,0,0,8,8
heartthrob,0,0,3,3
hearttt,0,0,2,2
heartttt,0,1,0,1
hearttttt,1,1,0,2
heartttttt,0,1,0,1
heartu,0,5,3,8
heartwarming,6,15,35,56
heartworms,0,0,2,2
heartwrenching,0,4,11,15
hearty,0,0,2,2
heashys,0,1,0,1
heat,51,81,201,333
heated,13,8,16,37
heater,5,7,1,13
heaters,0,3,3,6
heath,5,13,16,34
heathen,8,5,0,13
heather,10,17,14,41
heathers,3,19,4,26
heathly,4,0,0,4
heathrow,5,0,10,15
heathy,0,0,8,8
heathyjunkfood,0,1,0,1
heating,5,5,21,31
heatnation,0,0,3,3
heaton,0,4,1,5
heatrless,0,0,1,1
heats,5,1,0,6
heatsink,0,2,0,2
heatstroke,4,0,0,4
heatttttt,0,2,0,2
heatwarming,0,0,4,4
heaux,0,2,5,7
heave,5,2,1,8
heaved,2,0,0,2
heaven,112,174,530,816
heavena,0,0,1,1
heavenlies,3,0,0,3
heavenly,5,14,33,52
heavenlyfatherpleasedon,0,0,1,1
heavens,5,30,50,85
heavier,17,0,57,74
heaviest,1,0,14,15
heavily,110,0,92,202
heaviness,0,3,3,6
heaving,1,0,9,10
heavler,0,0,4,4
heavy,283,8,350,641
heavybag,0,0,4,4
heavydirtysoul,0,0,1,1
heavys,0,0,7,7
heavyweight,10,0,6,16
heavyyy,0,1,0,1
heavyyyyyy,0,0,2,2
heb,0,58,19,77
hebben,0,37,7,44
hebbywood,0,3,0,3
hebohhh,0,1,0,1
hebrew,0,3,19,22
hebrews,0,0,11,11
hebt,0,6,4,10
hec,0,0,6,6
hech,0,1,0,1
hecha,3,1,6,10
hechar,0,4,0,4
hechas,0,1,0,1
hechate,0,1,0,1
hecho,6,43,3,52
hechos,0,0,2,2
heck,76,137,242,455
hecka,0,1,7,8
heckin,0,5,13,18
heckk,0,0,2,2
heckkkkkk,2,0,0,2
heckle,1,0,0,1
heckler,0,1,2,3
hecky,0,6,1,7
hecox,2,6,6,14
hectare,0,0,4,4
hectic,1,0,6,7
hector,1,1,1,3
hecups,0,4,0,4
hed,2,1,8,11
hedaya,0,0,1,1
hedberg,1,7,1,9
hederosexual,0,0,1,1
hedge,0,5,5,10
hedgehog,12,75,34,121
hedgehogggg,0,0,7,7
hedges,3,0,2,5
hedging,1,0,0,1
hedingham,0,3,0,3
hedonism,0,0,1,1
hedonistic,0,0,5,5
hedonostic,0,0,2,2
heds,0,0,2,2
hedwig,0,0,1,1
hee,1,11,32,44
heeaal,1,0,0,1
heealthcare,0,1,0,1
heebie,0,2,1,3
heebiejeebies,0,2,0,2
heebiejiebees,0,0,1,1
heed,0,0,28,28
heee,0,5,10,15
heeeavy,0,2,0,2
heeeeck,0,4,0,4
heeeeeaaaaattttttt,2,0,0,2
heeeeeeart,0,0,1,1
heeeeeeeaaaaa,0,1,0,1
heeeeeeeck,0,3,0,3
heeeeeeee,0,0,1,1
heeeeeeeeeeeeeeeee,0,1,0,1
heeeeeeeeeeeeeeeeeeeecool,0,1,0,1
heeeeeeeeeeeeeeeeeeeeeeeeeeeeeeeere,0,0,1,1
heeeeeeeeeeeeel,0,1,0,1
heeeeeeeeeel,0,1,0,1
heeeeeeeel,0,1,0,1
heeeeeeeelp,3,0,0,3
heeeeeeel,0,0,1,1
heeeeeelllll,0,1,0,1
heeeeel,0,3,0,3
heeeeerre,0,7,0,7
heeeees,0,0,1,1
heeeeey,0,2,2,4
heeeellll,0,1,0,1
heeeellllllp,1,0,0,1
heeeelp,0,1,0,1
heeeere,0,1,0,1
heeeesssss,0,0,1,1
heeeeuh,0,1,0,1
heeeey,4,2,1,7
heeeeyy,0,0,1,1
heeeeyyy,0,2,0,2
heeehee,0,1,0,1
heeehehehehee,0,3,0,3
heeel,0,1,1,2
heeere,0,3,0,3
heeesssss,0,1,0,1
heeeu,0,1,0,1
heeey,1,0,0,1
heeeyyy,0,1,0,1
heefdt,0,0,1,1
heeft,1,21,7,29
heehee,0,2,1,3
heeheeheeheehee,0,0,4,4
heeheh,0,1,0,1
heek,0,0,1,1
heel,18,87,82,187
heele,0,1,0,1
heeled,0,0,6,6
heelen,0,0,1,1
heeler,0,0,2,2
heeleys,0,1,0,1
heelface,0,2,0,2
heelies,0,2,0,2
heeling,0,0,1,1
heell,1,0,5,6
heellll,0,1,0,1
heelllll,0,2,0,2
heellooo,0,1,0,1
heelloooo,0,2,0,2
heels,13,30,137,180
heelside,0,1,0,1
heelwhip,1,0,1,2
heely,0,1,0,1
heelys,0,4,0,4
heen,0,2,0,2
heenan,0,3,0,3
heer,0,11,0,11
heere,0,1,0,1
heereee,0,0,1,1
heerenveen,0,1,0,1
heererr,0,0,6,6
heerrreeee,0,1,0,1
heerrrrrr,0,3,0,3
heet,0,0,1,1
heethens,0,0,1,1
heey,0,4,11,15
heez,0,3,0,3
hef,2,28,31,61
hefei,0,0,2,2
heff,3,17,8,28
heffa,0,1,0,1
hefff,0,0,3,3
heffley,0,1,0,1
heffner,3,5,0,8
hefner,23,63,70,156
hefners,0,0,1,1
heft,0,2,3,5
heftig,0,1,0,1
hefty,0,0,3,3
hegelian,3,0,0,3
hegemons,0,0,8,8
hegemony,1,0,0,1
hegg,0,1,0,1
heghog,0,2,0,2
hegmonds,0,0,4,4
heh,18,20,30,68
hehdhdhhdhi,0,2,0,2
hehe,19,94,124,237
hehee,0,0,4,4
heheh,0,3,11,14
hehehe,4,22,44,70
hehehee,0,1,0,1
heheheee,0,1,0,1
heheheh,0,0,3,3
hehehehe,0,4,8,12
hehehehehe,3,1,1,5
heheheheheh,0,7,0,7
hehehehehehe,8,1,1,10
hehehehehehehehe,0,3,0,3
heheheheheheheheheheheheheheeheheheheheheheheheheh,0,1,0,1
hehehehehehhe,0,1,0,1
hehehehh,0,1,0,1
hehehhe,1,0,0,1
hehh,0,0,2,2
hehhe,0,1,0,1
hehhehe,0,2,0,2
hehyayayayaheehe,0,1,0,1
hei,0,10,2,12
heide,0,2,0,2
heidi,1,10,9,20
heifas,0,3,0,3
heifer,1,8,1,10
heifers,0,0,3,3
height,35,19,91,145
heightened,0,0,13,13
heightening,1,0,0,1
heightens,1,0,4,5
heights,5,20,17,42
heil,7,9,3,19
heiling,2,0,0,2
heim,0,0,1,1
heimen,1,0,0,1
hein,0,12,2,14
heineken,0,0,3,3
heinlein,0,0,1,1
heinous,5,1,6,12
heiny,0,4,0,4
heinz,0,1,2,3
heir,1,5,15,21
heirarchy,0,0,1,1
heiren,0,1,0,1
heiress,0,0,3,3
heiresses,0,0,9,9
heirloom,0,0,6,6
heiroglyphics,0,0,3,3
heisenberg,1,17,3,21
heisses,0,0,1,1
heist,2,3,10,15
heists,0,1,0,1
heiter,0,2,0,2
hej,2,8,0,10
heja,0,0,4,4
hejau,0,1,0,1
hejsan,0,1,0,1
hejsbejshwjwv,1,0,0,1
hejty,0,2,0,2
heki,0,1,0,1
hekkin,0,1,0,1
hekp,2,0,0,2
hel,1,0,21,22
helaas,0,3,1,4
heladera,0,1,0,1
helaiosus,0,0,1,1
helal,0,7,0,7
helarious,0,0,1,1
helbig,23,20,16,59
held,61,64,195,320
helden,0,2,1,3
helder,0,0,5,5
hele,1,15,1,17
helecopter,0,0,1,1
helemaal,0,4,1,5
helen,41,84,317,442
helena,4,6,13,23
helennnnnnn,0,6,0,6
helens,0,0,4,4
helerious,0,2,0,2
helf,0,4,0,4
helful,0,0,1,1
helga,11,55,32,98
helgas,0,2,0,2
helge,0,2,0,2
heli,0,1,2,3
helia,0,1,0,1
helic,0,1,0,1
helicarrier,0,1,0,1
helicopter,30,35,33,98
helicopters,6,8,12,26
helio,0,0,1,1
helios,0,1,1,2
heliosa,0,2,0,2
helium,3,15,11,29
helix,1,7,5,13
hell,856,982,1490,3328
hella,55,54,193,302
hellaaaa,0,0,3,3
hellaaaaa,1,0,0,1
hellah,0,0,1,1
hellary,0,1,0,1
hellbent,0,0,1,1
hellboy,0,4,1,5
hellcat,1,3,0,4
helle,2,0,0,2
hellebore,6,0,0,6
hellen,6,8,3,17
hellenic,0,1,0,1
hellenistic,0,1,0,1
heller,1,3,2,6
hellery,0,0,1,1
hellfire,0,5,7,12
hellgirl,0,0,1,1
hellhole,0,0,1,1
helli,1,0,0,1
hellichten,5,0,0,5
hellie,0,1,0,1
hellions,0,1,0,1
hellish,3,1,2,6
hellkitty,0,1,0,1
helll,1,5,3,9
hellll,0,3,0,3
helllll,0,3,2,5
hellllll,0,1,0,1
helllllla,0,0,1,1
helllllll,1,0,0,1
helllllllll,0,4,0,4
helllloooooooo,0,1,0,1
hellllp,0,0,1,1
helllo,0,0,5,5
helllooooo,0,1,0,1
helllppp,0,1,0,1
hello,110,523,725,1358
hellofresh,0,2,3,5
helloo,0,1,0,1
hellooctoberxo,0,8,0,8
hellooo,0,9,18,27
helloooo,5,5,3,13
hellooooo,1,4,1,6
helloooooo,0,1,5,6
helloooooooo,0,3,0,3
hellooooooooooooooooooo,0,6,0,6
hellos,0,1,1,2
hellothere,0,3,0,3
hellou,5,0,0,5
helloween,0,0,4,4
helloworld,0,14,11,25
helloxryan,0,2,0,2
hellped,1,0,0,1
hellpp,0,1,0,1
hellraiser,2,7,0,9
hellraisin,0,2,0,2
hellrrrrr,0,0,1,1
hells,1,6,7,14
hellscape,0,0,1,1
hellsing,2,2,1,5
hellstrom,0,0,1,1
hellthy,0,2,4,6
hellthyjunkfood,0,17,3,20
hellure,0,4,0,4
helluva,0,4,3,7
helluvalot,4,0,0,4
hellyeah,0,3,0,3
hellyweird,2,0,0,2
hellywood,0,1,1,2
hellz,0,0,1,1
helm,2,1,12,15
helmate,0,2,0,2
helmet,24,35,85,144
helmets,1,1,8,10
helms,0,2,1,3
helo,0,1,1,2
heloise,1,0,0,1
helot,1,2,14,17
helots,3,0,27,30
helouu,0,0,2,2
help,1306,961,3374,5641
helped,164,59,975,1198
helpee,0,1,0,1
helpen,0,1,0,1
helper,0,7,11,18
helpers,1,0,6,7
helpes,0,0,3,3
helpfindinganewhome,0,1,0,1
helpful,97,93,634,824
helpfull,1,7,14,22
helpfulness,1,0,0,1
helphopehurricanes,0,0,2,2
helpin,0,0,9,9
helping,122,55,425,602
helpleesss,0,1,0,1
helples,0,0,1,1
helpless,16,6,11,33
helplessly,0,0,1,1
helplessness,0,0,1,1
helpline,0,0,1,1
helplines,0,0,1,1
helpme,0,2,0,2
helpp,0,2,0,2
helppp,0,2,0,2
helppppp,0,3,0,3
helpppppp,0,0,1,1
helpppppppgtlg,0,1,0,1
helps,134,72,766,972
helpsssssssssssssssssssssssss,0,1,0,1
helpt,0,1,0,1
helsing,0,0,1,1
helsinki,0,3,1,4
helt,0,0,1,1
helth,2,0,0,2
helthy,1,0,0,1
helvetica,0,0,4,4
helwani,0,0,9,9
helycobacter,0,3,0,3
helyen,0,1,0,1
hem,9,74,39,122
hema,0,0,2,2
hemanmgazhlbgfyoddntkwnwyanyrelfsdifferent,0,1,0,1
hembra,0,1,0,1
hemde,0,1,0,1
hemen,0,2,0,2
hemingway,7,0,0,7
hemisphere,12,8,20,40
hemispheres,3,0,4,7
hemlock,0,7,12,19
hemmings,0,5,1,6
hemms,1,0,0,1
hemorraghing,0,0,1,1
hemorrhoid,1,1,0,2
hemorrhoids,6,0,0,6
hemorroides,0,1,0,1
hemos,0,4,1,5
hemp,5,4,0,9
hemroid,2,0,0,2
hemroids,1,0,0,1
hemsworth,1,1,0,2
hemung,0,6,0,6
hen,5,4,7,16
henan,0,5,0,5
henbrger,0,1,0,1
hence,48,10,75,133
henchmen,1,0,2,3
hencoz,0,2,0,2
henderson,10,13,32,55
hendersson,6,0,0,6
hendo,1,24,37,62
hendricks,3,0,8,11
hendrik,1,0,0,1
hendrikson,2,0,0,2
hendrix,5,5,2,12
henece,0,0,2,2
henkvandertil,0,1,0,1
henlo,0,0,1,1
henna,0,2,0,2
hennessey,1,0,0,1
hennessy,0,7,0,7
hennifer,0,0,1,1
hennon,0,1,0,1
henny,0,6,0,6
henr,0,2,0,2
henrey,1,0,0,1
henri,0,0,5,5
henrietta,9,2,8,19
henry,2,31,50,83
hens,1,1,0,2
hensem,0,1,0,1
henson,1,1,4,6
hentai,10,22,7,39
hentais,1,0,0,1
hentei,0,1,0,1
henti,0,1,1,2
hentia,1,0,0,1
heopkai,0,1,0,1
heores,0,0,3,3
hep,1,5,0,6
hepatitis,0,0,1,1
hepburn,2,0,5,7
hepimizi,0,2,0,2
hepinizin,0,2,0,2
hepl,0,4,0,4
heppen,0,1,1,2
hepsini,0,0,1,1
her,4873,4303,15752,24928
hera,2,1,6,9
heracane,0,1,1,2
heracles,3,3,1,7
herakles,0,1,0,1
herald,6,0,0,6
heralded,0,3,0,3
heran,0,1,0,1
herb,8,8,6,22
herbal,2,1,23,26
herbalism,0,0,1,1
herbed,0,0,2,2
herbert,6,3,6,15
herbetone,0,1,0,1
herbicides,5,0,0,5
herbivore,0,5,4,9
herbivores,5,0,0,5
herbo,0,0,2,2
herbs,8,3,35,46
herc,1,0,3,4
herceptin,0,0,1,1
hercs,1,0,0,1
hercule,2,4,5,11
hercules,5,29,30,64
herd,7,6,19,32
herded,0,0,1,1
here,2285,3799,7026,13110
hereafter,0,0,37,37
hereby,0,0,1,1
hered,0,0,1,1
hereditary,4,2,1,7
heree,0,0,1,1
hereee,0,0,2,2
hereeee,0,5,2,7
hereeeee,0,2,0,2
hereeeeee,0,0,4,4
hereeeeeeeeeeeeeeeeeeeeeeeeeeeeeeeeeeeee,0,1,0,1
hereford,0,0,4,4
herencias,0,0,2,2
heres,15,17,17,49
heresy,2,0,5,7
heretic,0,0,1,1
heretics,0,0,4,4
herexxduhitzttxx,0,0,2,2
herez,0,0,1,1
herg,0,3,0,3
hergestellte,1,0,0,1
herhangi,0,1,0,1
hericane,0,1,0,1
heridos,0,1,0,1
herinnerd,0,0,1,1
herinneren,0,0,1,1
herion,0,2,1,3
heritage,18,5,41,64
herkes,0,1,0,1
herkese,0,1,0,1
herkesin,0,3,0,3
herkules,0,0,1,1
herkyles,0,1,0,1
herlo,0,2,0,2
herman,1,1,2,4
hermana,0,3,0,3
hermano,0,5,1,6
hermanos,1,21,0,22
hermans,0,1,0,1
hermansen,0,0,1,1
hermaphroditic,0,2,0,2
hermateige,0,2,0,2
hermeione,0,0,4,4
hermel,6,4,0,10
hermes,2,5,0,7
hermetically,0,2,0,2
herminy,0,1,0,1
hermione,0,3,8,11
hermit,0,5,3,8
hermlock,0,1,0,1
hermoine,0,0,1,1
hermooooooooossssooooooooooooo,0,5,0,5
hermosa,1,114,9,124
hermosaa,0,1,0,1
hermosaaaa,0,1,0,1
hermosaaaaaaa,0,3,0,3
hermosaaaaaaaa,0,1,0,1
hermosas,1,6,0,7
hermosisima,0,2,0,2
hermoso,2,112,8,122
hermosooo,0,1,0,1
hermosoooo,0,4,0,4
hermosooooo,0,1,0,1
hermosos,0,6,0,6
hermosura,0,4,1,5
hern,0,1,0,1
hernandez,0,8,13,21
hernd,0,1,0,1
hernia,0,6,0,6
herniated,0,0,1,1
hernie,0,0,1,1
herny,0,0,4,4
hero,183,276,552,1011
heroe,0,0,4,4
heroes,44,74,142,260
heroi,0,3,0,3
heroic,0,0,14,14
heroin,6,11,31,48
heroine,2,3,18,23
heroism,4,0,1,5
heron,0,0,1,1
heros,13,14,28,55
herosneverdied,0,1,0,1
herow,0,0,6,6
heroxx,0,1,0,1
herpes,23,30,9,62
herpesss,0,1,0,1
herpetologist,0,1,2,3
herpy,0,1,0,1
herpys,0,1,0,1
herr,0,1,3,4
herramienta,0,7,0,7
herre,3,4,0,7
herreeee,0,4,0,4
herregud,0,1,0,1
herrera,5,0,16,21
herreraruth,0,1,0,1
herring,2,0,1,3
herringbone,3,0,27,30
herro,0,0,6,6
herron,0,3,0,3
herroshema,0,1,0,1
herrr,0,1,6,7
herrre,0,1,0,1
herrrr,0,0,15,15
herrrrr,2,1,0,3
herrrrrr,0,0,5,5
herrrrrrr,0,0,3,3
hers,16,15,88,119
herschel,0,0,1,1
herself,160,69,418,647
hershel,0,1,0,1
hershey,0,4,1,5
hersheys,0,1,0,1
herstellen,0,1,0,1
hertfordshire,0,1,0,1
hertoo,0,1,0,1
hertz,0,0,1,1
herules,0,0,1,1
hervorragenden,0,1,0,1
heryerde,0,1,0,1
herzaman,0,1,0,1
herzegovina,1,0,0,1
herzlichen,0,1,0,1
herzog,1,0,0,1
hes,282,189,574,1045
heschell,1,0,0,1
heshire,1,0,0,1
hesistant,0,0,6,6
hesitance,0,0,1,1
hesitancy,0,3,0,3
hesitant,7,1,31,39
hesitate,1,5,11,17
hesitated,0,0,4,4
hesitates,1,0,0,1
hesitating,0,0,7,7
hesitation,6,0,23,29
heskey,0,26,8,34
hesky,0,2,1,3
hespm,1,0,0,1
hesr,6,0,0,6
hess,0,0,6,6
hessa,0,2,0,2
hesssssss,0,2,0,2
heston,0,1,0,1
hesus,0,1,3,4
het,4,80,43,127
hetalia,0,6,1,7
hetdclwtaua,0,6,0,6
heter,0,3,0,3
hetero,6,0,3,9
heterogeneous,0,0,1,1
heteronormative,0,0,1,1
heteronormativity,0,0,2,2
heteros,1,1,0,2
heterosexual,1,11,10,22
heterosexuality,0,0,1,1
heterosexuals,0,5,2,7
hetfield,0,0,1,1
hetro,5,0,0,5
heu,2,0,0,2
heuehe,0,2,0,2
heuer,0,0,1,1
heung,0,6,7,13
heure,0,1,3,4
heuresement,0,1,0,1
heureuse,0,1,0,1
heureusement,0,1,0,1
heureux,0,2,0,2
heute,0,1,0,1
heuuurrr,0,0,1,1
hev,0,0,1,1
hevc,0,0,4,4
heven,0,2,1,3
hewhewheww,0,0,2,2
hewitt,0,0,4,4
hex,11,0,12,23
hexa,1,0,1,2
hexagens,4,0,0,4
hexagins,0,7,0,7
hexagon,1,27,31,59
hexagonal,4,0,7,11
hexagons,29,16,40,85
hexes,5,0,0,5
hexigins,0,1,1,2
hexigon,0,0,6,6
hext,1,0,0,1
hey,799,1707,2905,5411
heya,3,0,12,15
heyaaaa,0,5,0,5
heyhowyadointedeh,0,1,0,1
heyimbee,2,0,1,3
heyman,1,0,3,4
heyo,0,2,6,8
heyooo,1,0,0,1
heyoooo,0,2,0,2
heyoooooooooo,0,0,1,1
heypig,0,1,0,1
heywhatsupyouguys,0,1,0,1
heyy,0,22,16,38
heyyoumadcuh,0,1,0,1
heyyy,0,10,12,22
heyyyjt,0,5,0,5
heyyyxtina,0,5,0,5
heyyyy,6,8,5,19
heyyyyy,0,11,2,13
heyyyyyy,0,1,0,1
heyyyyyyyy,2,0,0,2
heyyyyyyyyy,0,0,1,1
heyyyyyyyyyy,0,4,0,4
heza,0,0,3,3
hezpa,0,3,0,3
hf,0,4,0,4
hfb,0,0,3,3
hfbyhfbyf,0,0,2,2
hfd,0,4,2,6
hfg,1,0,1,2
hfhfhufhr,0,1,0,1
hfishakdhakhdofehksnvdkj,0,1,0,1
hfj,0,1,0,1
hfk,0,1,0,1
hfs,0,1,1,2
hg,0,12,4,16
hgd,0,6,0,6
hggggg,0,0,1,1
hgh,0,4,1,5
hgjhy,0,1,0,1
hgshdagfhasg,0,1,0,1
hgtv,0,1,0,1
hguj,0,2,0,2
hgysdunjfk,0,1,0,1
hgyufhytdjhvkjhv,0,0,1,1
hh,0,10,4,14
hha,0,3,0,3
hhaaa,0,1,0,1
hhaaaha,0,1,0,1
hhaaappened,0,0,1,1
hhaaccckkkvisitt,0,1,0,1
hhaahaahahahhaahaha,0,1,0,1
hhackckckcvisitttt,0,1,0,1
hhah,2,0,0,2
hhaha,0,1,11,12
hhahaahhahah,0,0,1,1
hhahaha,1,3,7,11
hhahahah,0,0,3,3
hhahahaha,2,0,2,4
hhahahahah,1,0,0,1
hhahahahahahaha,0,4,0,4
hhahahahahahahah,0,1,0,1
hhahahahahahahahahhahha,0,1,0,1
hhahahahahha,5,0,0,5
hhahahahhaha,3,0,0,3
hhahahha,0,1,0,1
hhahahhahhaha,0,0,2,2
hhahha,0,0,2,2
hhahhaha,0,1,0,1
hhahhahahaaiiiiiiiiiiii,0,1,0,1
hheeeeyyyy,0,1,0,1
hheeh,0,0,2,2
hhello,0,4,0,4
hher,0,0,1,1
hhere,0,1,0,1
hhesss,0,1,0,1
hhey,0,2,0,2
hhfb,0,2,0,2
hhg,0,1,0,1
hhggggggc,0,1,0,1
hhghhebdbebfnendjdkerbrfhhh,0,1,0,1
hhh,10,13,16,39
hhha,0,3,1,4
hhhaa,0,1,0,1
hhhahaha,3,0,0,3
hhhahahaha,2,0,0,2
hhhh,0,2,1,3
hhhhey,0,2,0,2
hhhhh,6,3,1,10
hhhhhh,3,4,12,19
hhhhhhahahahaha,0,1,0,1
hhhhhhh,0,9,0,9
hhhhhhhh,0,4,0,4
hhhhhhhhh,0,2,0,2
hhhhhhhhhh,0,1,0,1
hhhhhhhhhhh,0,0,1,1
hhhhhhhhhhhh,0,3,0,3
hhhhhhhhhhhhheeeeeeeeeeeyyyyyyyyyyy,0,3,0,3
hhhhhhhhhhhhhheywhatsoapyouguys,0,2,0,2
hhhhhhhhhhhhhhhhhh,0,3,0,3
hhhhhhhhhhhhhhhhhhhhhhhh,0,1,0,1
hhhhhhhnnnnnnnn,0,1,0,1
hhhhiiiggghhhliiiiggghhhhtttt,0,2,0,2
hhhm,1,0,0,1
hhhnngnggg,1,0,0,1
hhi,0,1,0,1
hhiogryy,0,0,1,1
hhjhu,0,0,3,3
hhmgtenyearsstrong,0,1,0,1
hhmm,0,1,0,1
hhmmm,0,0,1,1
hhnjaaaaa,0,1,0,1
hho,0,0,1,1
hhoollllyyy,0,2,0,2
hhooray,0,1,0,1
hhtdrt,0,1,0,1
hhundred,0,0,2,2
hhur,0,0,1,1
hi,339,1349,2316,4004
hia,0,1,0,1
hiac,1,0,0,1
hiatus,1,2,12,15
hibachi,0,1,0,1
hibiclens,0,0,1,1
hibiscus,0,2,0,2
hibjh,0,2,0,2
hibs,0,3,0,3
hic,0,1,0,1
hiccup,0,5,0,5
hiccups,0,0,2,2
hice,0,1,0,1
hiciera,0,3,0,3
hicieran,0,0,2,2
hicieras,1,0,0,1
hicieron,2,18,1,21
hicierton,0,2,0,2
hiciste,0,6,2,8
hick,1,0,3,4
hickbilly,1,0,0,1
hickey,0,1,0,1
hickie,0,1,0,1
hickish,3,0,0,3
hicklehoods,0,0,5,5
hicks,6,4,12,22
hicup,0,1,0,1
hid,14,10,27,51
hidalgo,7,0,5,12
hidden,151,0,136,287
hiddenly,0,0,1,1
hiddik,0,6,0,6
hiddleston,0,2,1,3
hide,150,62,256,468
hiden,0,1,0,1
hideo,0,1,1,2
hideous,18,25,22,65
hideously,0,4,0,4
hideout,0,1,0,1
hider,0,7,5,12
hides,21,4,29,54
hidieous,0,0,1,1
hidin,2,0,0,2
hiding,71,26,126,223
hidious,0,1,4,5
hieber,0,1,0,1
hieer,0,1,0,1
hieght,0,1,0,1
hiel,0,1,0,1
hieper,0,1,0,1
hier,0,12,4,16
hierarchy,2,2,2,6
hiermit,0,1,0,1
hiero,0,0,3,3
hieroglyphics,0,1,0,1
hieroglyphs,0,0,1,1
hifaowkeio,0,0,1,1
hifi,0,0,7,7
hifive,0,1,0,1
higa,1,92,36,129
higan,0,1,0,1
higas,0,1,0,1
higashikata,0,1,0,1
higer,0,0,1,1
higgins,0,3,1,4
higgs,0,2,4,6
high,533,0,2794,3327
higha,0,0,1,1
highbar,0,0,6,6
highbridge,1,0,0,1
highbrow,0,0,1,1
highbury,0,2,0,2
highchair,0,1,0,1
highcut,0,1,0,1
highend,1,0,0,1
higher,111,0,599,710
highes,0,0,4,4
highest,60,47,150,257
highfives,0,1,0,1
highfiving,0,1,0,1
highgarden,3,0,4,7
highground,0,0,2,2
highhhhhhhhh,0,0,2,2
highighters,0,2,0,2
highimpactflix,5,0,1,6
highish,1,0,0,1
highjacked,0,0,4,4
highkey,3,19,16,38
highland,0,0,14,14
highlander,1,0,0,1
highlands,0,0,2,2
highlight,70,132,332,534
highlighted,1,1,23,25
highlighter,36,48,209,293
highlighters,12,19,75,106
highlighting,5,0,35,40
highlights,31,64,85,180
highlightterrrr,0,1,0,1
highlightttttt,0,1,0,1
highlightttttttttttttttt,0,2,0,2
highliter,1,0,0,1
highlither,0,0,3,3
highlitners,2,0,0,2
highly,89,3,451,543
highmusic,0,0,4,4
highness,0,1,0,1
highnote,0,3,0,3
highpoints,0,0,1,1
highs,10,7,41,58
highschol,0,0,1,1
highschool,4,30,54,88
highschooler,0,1,0,1
highschooljessiequalsgold,0,0,4,4
highschools,0,0,2,2
highscool,0,0,1,1
highscore,0,1,0,1
highspeed,0,0,1,1
highstreet,0,0,6,6
hight,0,2,4,6
hightech,2,0,0,2
hightlight,0,1,3,4
hightop,0,1,0,1
highwasted,2,0,0,2
highway,5,9,29,43
highways,0,0,9,9
highzer,0,0,1,1
higinks,0,0,2,2
higlight,0,1,0,1
higlighter,0,0,3,3
higly,0,0,1,1
higuain,0,4,5,9
higuana,0,0,1,1
higuian,0,3,0,3
higuine,0,7,0,7
higuita,0,0,1,1
hihats,0,0,1,1
hihi,3,6,5,14
hihihi,0,1,0,1
hihihihihihi,0,1,0,1
hihihihihihiih,0,3,0,3
hihihihihihiihi,0,1,0,1
hiho,0,3,4,7
hii,3,17,18,38
hiii,0,15,10,25
hiiiggghhhheerrrrrr,0,0,1,1
hiiii,0,11,21,32
hiiiieeeelllllll,0,1,0,1
hiiiii,0,4,0,4
hiiiiigh,1,0,0,1
hiiiiii,0,6,0,6
hiiiiiigh,0,1,0,1
hiiiiiii,0,0,10,10
hiiiiiiiguyyssssss,0,0,1,1
hiiiiiiii,0,4,0,4
hiiiiiiiii,0,3,1,4
hiiiiiiiiii,0,4,0,4
hiiiiiiiiiiii,0,2,0,2
hiiiiiiiiiiiigh,0,2,0,2
hiiiiiiiiiiiii,0,0,3,3
hiiiiiiiiiiiiii,0,2,1,3
hiiiiiiiiiiiiiiiiiii,0,2,0,2
hiiiiiiiiiiiiiiiiiiiiiiiiiiiiiiiiiiiiiiiiiiiiiiiiiiiiiiiiiiiiiiiiiiiiiiiiiiiiiiiiiiiiiiiiiiiiiiiiiiiiiiiiiiiiiiiiiiiiiiiiiiiiiiiiiiiiiiiiiiiiiiiiiiiiiiiiiiiiiiiiiiiiiiiiiiiiiiiiiiiiiiiiiiiiiiiiiiiiiiiiiiiiiiiiiiiiiiiiiiiiiiiiiiiiiiiiiiiiiiiiip,0,1,0,1
hiiiiiiyoooooo,0,1,0,1
hiiiitttt,0,2,0,2
hiiio,0,1,0,1
hiis,0,0,1,1
hij,1,46,29,76
hija,0,2,0,2
hijab,21,13,19,53
hijabi,0,5,10,15
hijabs,0,0,2,2
hijack,0,1,1,2
hijacked,6,0,7,13
hijackers,0,1,6,7
hijacking,2,0,1,3
hijackinge,2,0,0,2
hijackings,3,0,4,7
hijacks,0,5,0,5
hijas,0,1,0,1
hijm,1,0,0,1
hijo,0,40,9,49
hijodepta,0,3,0,3
hijoputas,6,0,0,6
hijos,0,37,6,43
hijosdeputa,0,5,0,5
hijrah,1,0,0,1
hijueputa,0,9,0,9
hijueputacabesonmeteajameeees,0,1,0,1
hikarious,0,0,1,1
hike,8,8,13,29
hiked,0,0,1,1
hiker,0,2,1,3
hikes,0,0,4,4
hikikomori,0,2,0,2
hiking,5,0,17,22
hiks,0,0,1,1
hil,0,2,2,4
hila,0,0,5,5
hilagth,0,0,6,6
hilar,1,1,1,3
hilarante,0,1,0,1
hilarious,68,17,2012,2097
hilariously,2,0,24,26
hilariousssss,0,0,1,1
hilarities,0,0,3,3
hilarity,0,3,1,4
hilarius,0,0,1,1
hilarous,0,2,5,7
hilary,21,21,24,66
hilarys,0,4,0,4
hilbert,0,13,12,25
hilborn,0,0,1,1
hilbourns,0,0,3,3
hilda,2,0,0,2
hilder,0,0,1,1
hilderbrand,1,0,0,1
hildergard,2,0,0,2
hildy,1,0,0,1
hile,0,3,0,3
hilesini,0,4,0,4
hilf,0,4,0,4
hilfiger,0,1,0,1
hilighting,0,0,1,1
hilirious,0,1,0,1
hill,67,85,167,319
hilla,0,0,1,1
hillareous,0,0,3,3
hillarios,0,0,1,1
hillarious,9,14,24,47
hillary,102,63,164,329
hillaryforprison,0,7,0,7
hillarys,3,5,0,8
hillarywood,0,0,1,1
hillbillies,1,5,1,7
hillbilly,5,9,6,20
hillenbrand,0,0,2,2
hillery,0,0,1,1
hilling,4,0,0,4
hilllary,0,0,2,2
hills,19,28,70,117
hillsborough,0,1,1,2
hillsfar,0,1,0,1
hillside,0,0,8,8
hillsong,0,1,0,1
hilly,1,0,1,2
hilping,0,0,1,1
hilry,0,0,1,1
hilson,0,0,1,1
hilt,1,0,0,1
hilter,0,0,1,1
hilton,15,4,39,58
him,3487,2615,9294,15396
himalayan,0,0,4,4
himalayas,0,0,4,4
himaliyan,0,0,1,1
hime,6,0,5,11
himelf,4,0,0,4
himeself,1,0,0,1
himm,0,0,2,2
himmler,0,4,0,4
himmm,0,0,2,2
himmmm,0,1,7,8
himmmmm,0,0,3,3
himno,0,6,0,6
himnos,0,3,0,3
himouto,0,2,0,2
himself,367,258,769,1394
himselfe,0,0,1,1
himslef,1,0,5,6
himslf,0,1,0,1
himym,2,5,7,14
hin,3,5,0,8
hince,0,7,0,7
hincha,0,2,0,2
hinchada,0,4,0,4
hinchas,0,2,0,2
hinckley,0,2,0,2
hind,0,6,20,26
hinde,0,1,0,1
hindenberg,1,0,0,1
hinder,1,1,3,5
hindered,1,0,0,1
hinderende,0,1,0,1
hindering,1,0,2,3
hinders,0,0,4,4
hindi,4,16,11,31
hindipictur,0,1,0,1
hindrance,0,0,5,5
hinds,0,4,1,5
hindsight,3,2,8,13
hindu,1,0,2,3
hinduism,2,0,0,2
hindus,0,0,3,3
hindustan,0,1,0,1
hinee,0,0,1,1
hiney,0,0,2,2
hing,0,1,0,1
hinge,0,0,3,3
hinges,0,0,3,3
hingga,0,0,5,5
hino,2,14,0,16
hinoch,2,0,0,2
hinoo,0,1,0,1
hinooo,0,5,0,5
hinoooo,0,4,0,4
hinooooo,0,2,0,2
hinoooooo,0,3,0,3
hinoooooooooo,0,1,0,1
hinooooooooooo,0,1,0,1
hinoooooooooooo,0,1,0,1
hinooooooooooooo,0,3,0,3
hint,34,28,76,138
hinted,2,0,4,6
hintergrund,0,1,0,1
hinting,5,2,12,19
hinton,0,2,0,2
hints,8,4,11,23
hip,84,109,245,438
hiped,0,1,0,1
hiper,0,0,5,5
hiperinsulinemia,0,0,1,1
hiphip,0,1,0,1
hiphop,10,12,50,72
hipnotic,0,1,0,1
hipocrat,0,1,0,1
hipoteca,0,4,0,4
hipp,5,0,0,5
hippe,0,1,0,1
hipped,0,0,2,2
hippie,5,2,36,43
hippies,10,6,10,26
hipping,0,0,1,1
hippo,8,5,40,53
hippodrome,2,0,11,13
hipporat,0,0,2,2
hippos,2,6,17,25
hippy,15,5,12,32
hips,6,23,38,67
hipster,26,26,45,97
hipsterism,0,0,3,3
hipsterly,0,0,1,1
hipstermusicunlimited,0,0,1,1
hipsters,10,7,7,24
hipter,1,0,0,1
hir,2,0,0,2
hiragana,0,0,1,1
hiram,0,1,0,1
hire,53,61,123,237
hired,28,62,70,160
hiredaf,0,6,0,6
hiredkirk,0,6,0,6
hireing,0,0,4,4
hirelings,0,0,1,1
hires,2,1,14,17
hiriluk,1,0,0,1
hiring,3,2,30,35
hirlssssss,0,1,0,1
hirohiko,0,1,0,1
hiromu,0,0,1,1
hirons,0,0,6,6
hiroshima,11,7,4,22
hirricanes,0,0,4,4
hirschberg,0,0,2,2
hirschfeld,0,1,0,1
hirsutism,0,0,1,1
hirt,4,0,0,4
his,5622,4377,13342,23341
hispana,0,2,0,2
hispanic,21,20,50,91
hispanica,0,1,0,1
hispanics,9,7,10,26
hispnaics,3,0,0,3
hiss,0,3,16,19
hissed,0,3,1,4
hisself,0,4,0,4
hisses,0,0,4,4
hissing,0,0,4,4
hisss,0,1,0,1
hissy,0,0,8,8
hist,0,4,12,16
histoire,0,2,0,2
histor,2,0,0,2
historia,6,47,17,70
historiaa,0,1,0,1
historian,0,2,16,18
historians,0,0,3,3
historias,0,1,0,1
historic,3,11,25,39
historical,15,2,38,55
historically,6,1,27,34
histories,5,0,12,17
historii,0,3,0,3
historis,0,4,0,4
history,254,226,780,1260
historyy,0,1,0,1
historyyyyyyy,0,5,0,5
histotia,0,2,0,2
histury,0,1,0,1
hisztis,0,3,0,3
hit,465,806,1392,2663
hitc,0,0,6,6
hitch,12,22,61,95
hitchbot,0,1,0,1
hitchcock,0,0,3,3
hitched,1,0,1,2
hitchens,0,0,1,1
hitches,0,1,0,1
hitchhicked,0,1,0,1
hitchhiked,0,4,0,4
hitchhiker,0,2,9,11
hitchhikers,0,4,3,7
hite,0,1,0,1
hitech,0,2,0,2
hited,0,1,0,1
hiter,1,0,0,1
hitfilm,0,10,0,10
hithead,0,1,0,1
hitherto,0,0,2,2
hiting,0,0,2,2
hitlary,0,1,0,1
hitler,64,53,74,191
hitlers,0,0,1,1
hitlery,1,0,3,4
hitless,0,2,0,2
hitman,1,6,10,17
hitmen,0,0,1,1
hitmonchan,0,0,2,2
hitmonlee,0,0,2,2
hitouch,0,0,1,1
hitpiece,0,1,0,1
hitpoints,1,5,0,6
hits,101,94,300,495
hitsongs,0,0,1,1
hitt,0,3,0,3
hitta,0,0,1,1
hittable,0,0,6,6
hittas,1,0,0,1
hitted,1,0,0,1
hitter,0,0,1,1
hitters,5,0,1,6
hittin,5,4,2,11
hitting,62,86,188,336
hittttt,0,1,0,1
hitzz,0,1,0,1
hiv,7,6,19,32
hive,2,1,22,25
hivemind,0,2,0,2
hiver,0,5,0,5
hives,0,0,9,9
hiveswap,0,4,0,4
hiw,2,1,2,5
hixtape,0,0,1,1
hiya,0,3,28,31
hiyaaa,0,1,0,1
hiz,0,8,2,10
hizard,2,1,0,3
hizo,1,52,6,59
hizzle,0,1,0,1
hj,0,7,0,7
hjf,0,0,7,7
hjguuhghhcwxgh,0,0,1,1
hjiab,1,0,0,1
hjj,0,3,0,3
hjk,0,3,0,3
hjmimm,0,1,0,1
hjnnmmmmmlllllllllpknmmmk,0,1,0,1
hjp,0,5,0,5
hk,20,11,41,72
hkg,0,1,0,1
hkl,0,8,0,8
hlah,0,0,3,3
hlep,0,4,0,4
hliyufsdyee,0,0,1,1
hll,0,2,0,2
hlo,3,1,1,5
hlord,0,0,3,3
hlp,0,0,1,1
hls,0,0,1,1
hlt,0,1,0,1
hm,17,30,31,78
hmm,65,118,172,355
hmmhmh,0,0,1,1
hmmm,58,90,123,271
hmmmm,27,25,55,107
hmmmmm,2,9,24,35
hmmmmmm,7,4,9,20
hmmmmmmm,0,1,0,1
hmmmmmmmm,0,1,0,1
hmmmmmmmmm,0,3,0,3
hmmmmmmmmmmmmmmmmmmmmmm,2,0,0,2
hmmmmmmmmmmmmmmmmmmmmmmmmm,0,1,0,1
hmmmmmmmmmmmmmmmmmmmmmmmmmmm,0,1,0,1
hmmmmmmmmmmmmmmmmmmmmmmmmmmmmmmmmmmmmmmmmmmmmm,0,0,1,1
hmmmmmmmmmmmmmmmmmmmmmmmmmmmmmmmmmmmmmmmmmmmmmmmmmmmmmmm,0,1,0,1
hmmmmmnnnn,0,0,1,1
hmmmmnnnn,0,2,0,2
hmmp,0,1,0,1
hmmpf,3,0,0,3
hmmph,0,4,0,4
hmmsm,0,0,1,1
hmn,0,1,0,1
hmong,0,0,1,1
hms,10,8,1,19
hmu,1,21,20,42
hn,0,0,3,3
hne,0,11,0,11
hnn,3,0,0,3
hnngh,1,0,0,1
hnnngggg,1,0,0,1
hnnnnnngh,1,0,0,1
hnnnnnnnggghh,0,0,1,1
hnnnnnnnnngggggggggghhhhhhhhhhhhhhhhaaaaaaaaaaaaaaaaaaaaaaaa,1,0,0,1
hnoululu,0,0,1,1
ho,26,64,71,161
hoa,0,1,0,1
hoang,0,1,0,1
hoapital,0,4,0,4
hoar,1,0,0,1
hoard,0,1,11,12
hoarded,1,0,2,3
hoarder,0,2,17,19
hoarders,0,0,5,5
hoarding,1,5,3,9
hoards,1,0,5,6
hoarse,0,0,1,1
hoax,39,29,34,102
hoaxed,4,0,3,7
hoaxes,7,0,0,7
hob,0,2,0,2
hoba,0,0,4,4
hobb,0,4,0,4
hobbes,1,0,0,1
hobbi,0,0,1,1
hobbie,0,12,10,22
hobbies,3,4,20,27
hobbit,2,12,8,22
hobbling,0,0,8,8
hobbs,0,0,6,6
hobby,28,1,20,49
hobbyhorse,0,0,4,4
hobbyist,0,0,5,5
hobgoblin,0,1,0,1
hobi,4,7,8,19
hobiiiiiiiiii,0,0,2,2
hobis,0,2,0,2
hobo,2,15,19,36
hobobros,0,0,1,1
hobos,0,1,0,1
hobs,1,0,0,1
hoc,0,2,0,2
hocan,0,1,0,1
hocay,0,1,0,1
hoccane,0,1,0,1
hoces,0,3,0,3
hoch,0,4,0,4
hock,0,6,1,7
hockey,15,32,26,73
hoco,0,18,2,20
hocus,9,33,17,59
hodac,0,0,1,1
hoddie,0,0,2,2
hoddle,0,0,3,3
hode,1,0,0,1
hodel,0,3,0,3
hodge,0,1,0,1
hodgepodgey,0,0,5,5
hodges,0,6,0,6
hodgetwins,0,8,0,8
hodgson,6,0,3,9
hodoooooooor,0,4,0,4
hodoooorrr,0,3,0,3
hodoooorrrr,0,1,0,1
hodooor,0,5,0,5
hodor,10,100,2,112
hodorrr,0,1,0,1
hodorrrrr,0,1,0,1
hodors,4,0,0,4
hodts,2,0,0,2
hodur,0,2,0,2
hoe,57,116,67,240
hoebag,2,0,0,2
hoechlin,0,2,0,2
hoedown,1,1,1,3
hoee,1,1,0,2
hoeee,0,1,0,1
hoeeee,0,3,0,3
hoeft,0,0,1,1
hoegaarden,0,0,4,4
hoeing,0,1,0,1
hoellien,0,1,1,2
hoellin,0,0,1,1
hoemony,1,0,0,1
hoeness,0,1,0,1
hoenheim,4,0,1,5
hoenheims,0,1,0,1
hoes,34,31,71,136
hoess,0,0,1,1
hoevember,0,0,1,1
hoez,0,0,1,1
hof,0,6,0,6
hoff,0,0,1,1
hoffe,0,4,0,4
hoffenheim,0,2,2,4
hoffenhiem,0,0,1,1
hoffentlich,0,6,0,6
hoffman,2,9,4,15
hoffmann,0,0,9,9
hofmeister,0,0,1,1
hoft,0,1,0,1
hog,1,3,13,17
hoga,0,2,0,2
hogan,2,7,5,14
hogans,0,0,1,1
hogar,0,1,0,1
hogging,1,1,3,5
hoggle,2,0,1,3
hogi,0,0,8,8
hognose,0,0,1,1
hogs,2,1,0,3
hogwarts,6,30,25,61
hogwash,0,0,1,1
hogy,0,6,0,6
hoh,7,7,0,14
hohenheim,0,0,5,5
hoho,0,3,0,3
hohoh,0,0,1,1
hohoho,0,5,0,5
hohoo,0,0,1,1
hohooo,0,1,0,1
hoi,0,7,2,9
hoity,0,0,2,2
hoje,0,6,1,7
hokey,0,1,1,2
hokkah,0,0,1,1
hokkaido,0,0,8,8
hokpins,2,0,0,2
hol,5,4,2,11
hola,2,67,6,75
holaa,0,7,0,7
holaaa,0,1,0,1
holaaaaa,0,2,0,2
holahop,0,1,0,1
holasoy,0,0,1,1
holby,0,0,2,2
holcomb,0,0,1,1
hold,276,223,696,1195
holde,0,3,0,3
holden,2,2,2,6
holder,11,19,33,63
holders,8,3,15,26
holdin,3,0,6,9
holding,103,158,324,585
holdis,0,2,0,2
holds,34,25,126,185
holdup,1,0,0,1
hole,237,126,273,636
holed,1,0,4,5
holes,79,95,169,343
holeshot,0,0,1,1
holi,0,1,0,1
holiday,41,48,280,369
holidays,13,9,67,89
holier,3,1,2,6
holiganl,0,0,1,1
holihock,0,4,0,4
holiness,0,0,1,1
holing,1,0,0,1
holister,0,1,2,3
holistic,0,0,15,15
holistically,0,0,2,2
holka,0,1,0,1
holla,2,8,5,15
hollaback,0,2,0,2
holland,12,49,66,127
hollandaise,0,0,1,1
hollar,0,0,1,1
holleee,0,0,1,1
hollen,0,0,1,1
hollens,2,0,10,12
holler,3,0,0,3
hollered,0,0,5,5
hollerin,0,1,0,1
hollering,6,2,9,17
holleween,0,1,0,1
hollister,4,9,18,31
holllaaayyyy,0,1,0,1
holllleeee,0,1,0,1
holllllyyyy,0,1,0,1
holllooooo,0,0,2,2
holllooooooo,0,1,0,1
holllywood,0,1,0,1
holllyy,0,1,0,1
holllyyyy,0,0,3,3
hollo,1,0,1,2
hollow,34,0,33,67
holloway,1,11,10,22
hollowed,0,0,2,2
holloween,0,16,1,17
hollows,0,0,10,10
hollowworld,0,0,1,1
hollween,0,0,1,1
hollwen,0,1,0,1
hollwoods,1,0,0,1
holly,46,47,51,144
hollyanna,0,2,0,2
hollyhawk,2,0,0,2
hollyhock,4,0,6,10
hollyoaks,0,7,0,7
hollyood,0,0,1,1
hollyshittt,0,2,0,2
hollyweard,1,0,0,1
hollyweird,3,11,5,19
hollywierd,1,0,0,1
hollywold,1,0,0,1
hollywood,465,235,596,1296
hollywoodies,0,0,1,1
hollywoods,3,0,7,10
holmes,10,27,25,62
holo,123,281,217,621
holocaust,2,3,24,29
holocaustdrop,0,0,1,1
holocausted,0,3,0,3
holoception,0,1,0,1
holodays,0,0,2,2
holodeck,0,3,7,10
holodecks,1,0,0,1
holoest,0,1,0,1
holoetition,0,1,0,1
holoflakes,0,0,2,2
holoforlife,0,1,0,1
holofy,1,0,0,1
hological,0,0,1,1
hologods,0,1,0,1
holograf,1,0,0,1
hologram,0,3,21,24
holograms,1,3,1,5
holographic,15,23,20,58
holographiiic,0,7,0,7
holoislife,0,1,0,1
holological,0,1,1,2
hololujah,0,2,1,3
holomom,0,0,1,1
holoo,0,1,0,1
holoooo,0,1,0,1
holooooo,0,2,0,2
holoooooo,0,3,1,4
holooooooo,0,2,0,2
holooooooooooo,1,0,0,1
holoooooooooooooooooooooooooooooooooooooooooooooo,0,0,1,1
holophobic,0,2,1,3
holopinyobusiness,0,1,0,1
holos,1,0,5,6
holosexual,4,8,11,23
holosexuald,0,2,0,2
holosexuality,0,0,1,1
holosexuals,9,1,6,16
holosexul,0,3,0,3
holosome,0,1,0,1
holotastic,0,1,0,1
holotastically,0,0,1,1
holoweeeeen,0,1,0,1
holoween,6,20,18,44
holoweenie,0,1,0,1
hols,0,1,0,1
holt,0,6,1,7
holvey,0,3,0,3
holxon,0,0,1,1
holy,1088,243,873,2204
holyfuck,0,1,0,1
holyfuckholyfuckholyfuck,0,0,1,1
holyghost,0,0,1,1
holyhead,0,0,4,4
holysh,0,1,0,1
holyshet,0,0,1,1
holyshiiittt,0,1,0,1
holyshit,0,2,11,13
holyshitt,0,1,0,1
holyvox,0,0,1,1
holywood,0,1,6,7
holyy,1,0,1,2
holyyy,0,0,2,2
holyyyy,3,0,0,3
holyyyyyyyyy,0,0,1,1
holyyyyyyyyyyyyyyyyyyyyyy,0,1,0,1
hom,0,1,0,1
homa,0,0,2,2
homade,0,2,0,2
homage,1,4,53,58
homages,0,0,1,1
homaging,0,0,1,1
homayshet,0,1,0,1
homboi,0,0,2,2
hombre,1,14,8,23
hombres,0,1,0,1
homd,0,0,1,1
home,660,627,2416,3703
homeade,0,1,0,1
homebody,0,0,1,1
homebois,0,0,1,1
homebound,1,1,0,2
homeboy,14,41,32,87
homeboys,0,17,0,17
homebrew,1,3,1,5
homebutton,0,0,1,1
homecoming,30,112,32,174
homeconing,0,1,0,1
homecooked,0,0,1,1
homecringing,0,6,0,6
homedepot,0,1,0,1
homedepotnlowes,0,1,0,1
homeee,0,3,0,3
homefront,0,0,1,1
homegirl,2,10,9,21
homegirls,0,1,0,1
homegoods,0,3,6,9
homeland,11,0,41,52
homelands,4,0,0,4
homeless,55,33,80,168
homelessness,1,0,2,3
homely,1,0,32,33
homem,0,17,1,18
homemade,8,20,72,100
homemmm,0,1,0,1
homenage,0,0,1,1
homenageada,0,3,0,3
homenagem,0,1,0,1
homenaje,0,12,4,16
homenboy,0,1,0,1
homeopathic,0,0,6,6
homeopathy,0,0,6,6
homeoplasmine,0,0,1,1
homeowner,1,0,0,1
homepage,0,3,2,5
homepod,0,2,0,2
homer,4,5,2,11
homero,0,5,0,5
homerun,0,0,2,2
homes,25,15,72,112
homeschool,0,2,3,5
homeschooled,2,3,3,8
homeschooledkidslivesmatter,0,1,0,1
homeschooling,1,0,3,4
homescreen,6,7,0,13
homesense,2,19,33,54
homesick,1,4,15,20
homesickness,1,5,0,6
homeslice,1,0,0,1
homestar,1,5,10,16
homestarrrunnner,0,0,7,7
homestarrunner,3,1,2,6
homestate,0,1,2,3
homestead,1,0,1,2
homestuck,1,9,7,17
hometown,57,74,151,282
hometowner,0,0,3,3
hometowns,0,0,2,2
homeward,0,1,0,1
homeware,0,15,45,60
homewares,0,2,4,6
homewear,0,0,10,10
homewhere,0,0,5,5
homework,36,96,122,254
homeworks,0,0,3,3
homeworld,0,0,5,5
homewrecker,2,5,1,8
homewtown,0,0,2,2
homey,1,2,25,28
homi,0,1,0,1
homic,0,0,3,3
homicidal,0,3,6,9
homicide,6,3,15,24
homicides,36,0,13,49
homie,18,33,41,92
homieeee,0,3,0,3
homies,3,15,18,36
hominem,1,0,2,3
homing,5,3,0,8
hominum,5,0,0,5
hominy,0,4,0,4
homlessness,0,1,0,1
hommage,0,1,2,3
homme,0,1,10,11
hommie,0,1,0,1
hommies,2,0,0,2
hommunculi,0,0,1,1
homo,25,38,50,113
homocaust,0,0,2,2
homoerotic,0,5,0,5
homofascist,0,0,1,1
homofascists,0,0,1,1
homofobia,0,0,2,2
homofobic,2,0,0,2
homogeneous,0,0,6,6
homogenic,0,0,4,4
homogenous,1,0,3,4
homonculi,1,0,0,1
homonculie,1,0,0,1
homooo,0,1,0,1
homophobe,3,7,1,11
homophobes,0,0,1,1
homophobia,4,0,9,13
homophobic,20,12,15,47
homos,1,8,3,12
homosexual,58,15,37,110
homosexuales,0,4,0,4
homosexuality,31,5,23,59
homosexuals,13,5,36,54
homosexuels,0,0,1,1
homosexy,0,0,5,5
homospiritual,0,0,5,5
homotown,0,1,0,1
homozygous,6,0,0,6
homunculi,3,0,23,26
homunculus,0,0,9,9
homura,1,0,0,1
hon,2,1,7,10
honalee,0,1,0,1
honda,10,8,18,36
hondas,0,2,0,2
honduran,0,0,1,1
honduras,6,2,3,11
hone,0,0,9,9
honed,1,0,0,1
honeeyyyy,0,1,0,1
honeslty,1,0,4,5
honesly,0,0,1,1
honest,104,10,1900,2014
honestidad,0,0,1,1
honestky,0,0,1,1
honestly,389,16,2374,2779
honesto,0,1,0,1
honestquestion,0,0,1,1
honesty,80,13,280,373
honestyly,0,0,3,3
honetly,1,0,0,1
honey,81,132,188,401
honeybadger,0,5,0,5
honeybee,0,1,2,3
honeybees,0,1,1,2
honeycomb,6,0,0,6
honeycrisp,0,0,7,7
honeydew,1,0,0,1
honeydews,1,0,0,1
honeydukes,0,0,1,1
honeyed,1,0,0,1
honeymoon,0,9,25,34
honeypot,0,0,6,6
honeywell,0,1,0,1
honeyy,0,1,0,1
honeyyyyyy,0,1,0,1
hong,14,26,87,127
hongbin,0,0,1,1
hongkong,0,3,9,12
hongkongnese,0,0,2,2
honing,1,0,0,1
honk,6,1,8,15
honked,1,0,0,1
honkey,0,4,0,4
honkeys,0,0,5,5
honkies,0,0,1,1
honkin,0,0,3,3
honking,0,0,10,10
honks,0,0,2,2
honky,8,3,0,11
honnald,0,1,0,1
honnest,0,0,1,1
honneur,0,2,0,2
honney,0,0,3,3
honnor,0,0,2,2
honolu,0,0,3,3
honolulu,0,6,1,7
honor,37,53,146,236
honorable,11,2,6,19
honorably,0,0,3,3
honorary,1,3,14,18
honored,8,4,18,30
honoring,4,4,22,30
honors,10,0,9,19
honour,33,12,32,77
honourable,0,1,0,1
honourably,0,0,5,5
honoured,17,6,9,32
honouring,0,0,2,2
honours,0,0,3,3
honra,0,0,3,3
honraos,0,0,5,5
honrra,0,4,0,4
hons,0,1,3,4
honstly,2,0,0,2
honter,0,4,0,4
honteux,0,4,0,4
hontoni,0,0,1,1
hoo,23,30,40,93
hoobastank,0,2,0,2
hoochie,0,1,0,1
hood,67,53,112,232
hooded,12,6,35,53
hoodie,41,60,52,153
hoodies,13,11,24,48
hoodpope,0,1,0,1
hoodrat,4,1,1,6
hoodrich,0,0,1,1
hoods,1,0,5,6
hoodson,0,0,4,4
hoodwinked,2,0,1,3
hoodwinking,4,0,0,4
hoody,2,0,8,10
hooe,0,0,2,2
hoof,0,7,0,7
hooft,0,0,1,1
hoog,0,1,0,1
hoojib,0,1,0,1
hook,56,115,153,324
hookabitchup,0,2,0,2
hookah,0,5,8,13
hooked,22,35,120,177
hooker,8,12,11,31
hookers,15,3,12,30
hookie,0,0,1,1
hooking,2,1,15,18
hooks,6,3,40,49
hookup,0,0,9,9
hookups,1,2,12,15
hookwood,0,1,0,1
hookworms,0,0,1,1
hooky,2,1,0,3
hoola,0,0,1,1
hooligan,0,0,1,1
hooligans,1,2,17,20
hoolloweeen,0,0,1,1
hoolytv,0,5,0,5
hooman,2,3,4,9
hoomans,0,2,0,2
hooo,2,3,5,10
hooohhhh,0,1,0,1
hooolllyyyy,0,2,0,2
hoooly,0,0,3,3
hoooo,0,3,3,6
hoooollllllyyyyyyy,0,2,0,2
hoooolllloooooo,0,2,0,2
hoooollloooo,0,1,0,1
hoooolooolujaaa,0,1,0,1
hooooly,0,1,2,3
hoooome,1,0,0,1
hooooo,0,1,0,1
hooooold,0,1,0,1
hoooooly,0,0,1,1
hoooooooo,0,0,1,1
hooooooooome,0,1,0,1
hoooooooooo,0,2,1,3
hooooooooooo,0,1,0,1
hooooooooooollllyyyy,0,0,1,1
hooooooooooooooooooooooo,0,1,0,1
hoooooooooooooooooooooooooooooooooooooooooooooooooooooooooooooooooooooooooooooooooooooooooooooooooooooooooooooooooooooooooooooooooooooooooooooooooooooooooooooooooooooooooooooooooooooooooooooooooooooooooooooooooooooooooooooooooooooooooooooooooooooooooooooooooooooooooooooooooooooooooooooooooooo,0,1,0,1
hooooooooooooooooooooooooray,0,0,2,2
hooooooooooooooooooooooope,0,1,0,1
hoooooooooooooooooope,0,1,0,1
hoooooooooooope,0,1,0,1
hooooooooooot,0,4,0,4
hoooooooot,0,0,1,1
hoooooooouse,0,3,0,3
hoooooope,0,0,2,2
hooooooppppppeeeeeenn,0,1,0,1
hoooooot,0,1,0,1
hoooooow,0,1,1,2
hooooot,0,11,0,11
hooooottttt,0,1,0,1
hooooow,1,0,0,1
hooooowww,0,0,1,1
hoooot,1,2,2,5
hoooouse,0,4,6,10
hoooow,0,1,0,1
hoooowww,0,0,6,6
hooope,0,0,2,2
hoooweeeeee,0,0,2,2
hoop,4,13,28,45
hooped,0,1,1,2
hooper,0,0,1,1
hooping,0,0,6,6
hooplah,0,0,1,1
hoops,8,7,24,39
hoor,0,5,0,5
hooray,0,2,26,28
hoorde,0,1,0,1
hoot,0,0,19,19
hooters,0,0,9,9
hootie,0,8,0,8
hootin,0,7,0,7
hoottttttt,0,0,1,1
hoover,10,5,7,22
hoovering,0,0,5,5
hooyahh,0,1,0,1
hop,55,98,245,398
hope,1219,1169,6351,8739
hoped,10,8,35,53
hopeflly,0,0,3,3
hopeful,11,13,79,103
hopefull,0,0,1,1
hopefully,148,143,594,885
hopefuls,0,0,3,3
hopeing,0,0,5,5
hopeitishappeningthisseason,0,0,1,1
hopeless,11,5,14,30
hopelessly,0,0,1,1
hopelessness,2,0,0,2
hopelijk,0,3,1,4
hopeline,0,0,2,2
hopen,0,1,0,1
hoper,0,4,0,4
hopes,15,32,101,148
hopestar,0,5,0,5
hopfully,1,0,1,2
hopin,0,2,0,2
hoping,123,161,484,768
hopkins,3,0,0,3
hoplink,0,4,0,4
hoplophobia,0,0,2,2
hopped,4,8,9,21
hopper,4,6,10,20
hoppers,0,0,1,1
hoppin,0,0,1,1
hopping,1,4,22,27
hoppity,1,0,1,2
hopps,1,0,0,1
hops,11,2,30,43
hopsin,1,9,0,10
hopw,0,7,0,7
hor,0,1,1,2
hora,0,22,0,22
horan,1,7,21,29
horarios,0,4,0,4
horas,1,9,0,10
horatio,0,2,0,2
horchata,0,0,5,5
horde,1,8,6,15
hordes,0,0,1,1
hording,0,0,6,6
horecomes,0,0,1,1
horen,0,1,0,1
hores,0,1,0,1
horford,0,3,5,8
horfords,0,0,1,1
horible,1,0,0,1
horific,0,1,0,1
horing,0,3,0,3
horizon,5,12,22,39
horizons,12,0,17,29
horizont,0,0,3,3
horizontal,2,5,29,36
horizontally,3,1,14,18
horizontaly,0,1,0,1
hormanal,0,0,3,3
hormiguero,0,3,5,8
hormonal,38,0,103,141
hormone,21,0,43,64
hormones,60,7,84,151
hormons,3,0,6,9
horn,4,8,42,54
horndog,1,0,0,1
horned,0,0,4,4
horner,3,0,0,3
hornet,6,11,3,20
hornets,3,4,5,12
horney,0,2,2,4
hornier,1,0,0,1
horniest,0,0,2,2
hornisn,0,2,0,2
horno,0,9,0,9
horns,5,9,9,23
hornsssssss,0,4,0,4
hornswaggle,0,1,0,1
hornswoggle,0,2,0,2
horny,14,16,17,47
horor,0,1,0,1
horoscope,0,1,0,1
horoscopes,0,1,0,1
horoscopy,0,0,1,1
horr,0,2,0,2
horrable,0,0,1,1
horray,0,3,0,3
horrbile,2,0,0,2
horren,0,1,0,1
horrendeously,3,0,0,3
horrendous,12,14,37,63
horrendously,3,1,8,12
horrer,0,0,1,1
horreur,0,1,0,1
horriable,1,0,0,1
horrible,924,10,203,1137
horriblleeee,0,1,0,1
horribly,52,0,14,66
horrid,6,9,37,52
horrific,85,1,28,114
horrifically,3,2,5,10
horrified,7,0,28,35
horrifyin,3,0,0,3
horrifying,49,0,5,54
horrifyingly,3,0,0,3
horrivel,0,3,0,3
horrlibe,0,0,1,1
horroble,1,0,0,1
horror,168,179,456,803
horrorccore,4,0,0,4
horroribly,0,1,0,1
horrormovie,0,1,0,1
horrorosos,0,1,0,1
horrors,4,1,8,13
horrosso,0,1,0,1
horrrrrrible,1,0,0,1
horrrrrrrrrrible,0,1,0,1
hors,1,2,0,3
horse,127,87,172,386
horsecake,0,1,0,1
horsedung,1,0,0,1
horseless,0,0,1,1
horseman,22,27,42,91
horsemen,2,0,1,3
horsepower,0,2,2,4
horseradish,0,1,1,2
horses,2,10,35,47
horseshit,7,2,11,20
horseshite,1,0,0,1
horseshoe,1,1,4,6
horsetail,0,0,1,1
horsfiled,3,0,0,3
horsies,0,0,2,2
horsin,0,4,0,4
horticulture,6,0,0,6
hortons,5,0,0,5
horus,0,0,7,7
horward,0,0,2,2
horwood,6,0,0,6
hory,0,1,0,1
hos,11,8,8,27
hose,9,28,38,75
hosed,1,0,0,1
hoseok,2,11,20,33
hoseoks,0,0,1,1
hoses,3,0,2,5
hosh,0,0,1,1
hoshhh,0,1,0,1
hoshi,5,9,23,37
hoshiii,0,1,1,2
hospice,3,0,5,8
hospitable,0,4,5,9
hospital,110,52,237,399
hospitalised,0,1,7,8
hospitality,1,1,7,9
hospitalization,0,0,3,3
hospitalizations,1,0,1,2
hospitalized,0,0,4,4
hospitals,4,3,29,36
hosseini,0,0,2,2
host,115,44,235,394
hostage,15,20,8,43
hostages,5,0,0,5
hosted,12,5,11,28
hostel,0,3,3,6
hostels,0,0,1,1
hostess,2,1,2,5
hostia,6,0,0,6
hostias,0,4,0,4
hostigosos,0,1,0,1
hostile,6,1,9,16
hostility,0,4,2,6
hosting,2,3,24,29
hosts,46,15,51,112
hot,272,5,2863,3140
hotas,0,0,5,5
hotbed,0,1,0,1
hotbox,0,1,3,4
hotboxing,0,0,1,1
hotcake,0,0,1,1
hotchocolate,0,1,0,1
hotdesking,0,2,0,2
hotdiggedydemon,5,2,0,7
hotdiggitydemon,2,6,0,8
hotdiggydemon,0,0,1,1
hotdog,7,9,8,24
hotdogs,1,5,8,14
hotel,111,88,303,502
hotels,19,11,49,79
hotest,0,1,1,2
hotfire,0,1,0,1
hotfix,0,1,0,1
hotglue,0,0,1,1
hotgrass,0,1,0,1
hotheaded,0,6,0,6
hotl,0,1,0,1
hotler,0,2,0,2
hotline,1,14,10,25
hotlines,0,0,2,2
hotling,0,2,0,2
hotlink,0,0,1,1
hotly,0,0,1,1
hotmail,0,1,0,1
hotness,1,9,2,12
hotones,0,2,1,3
hotpot,0,0,2,2
hots,5,12,11,28
hotsauce,0,3,0,3
hotsauces,0,0,1,1
hotshot,1,0,0,1
hotspanish,0,1,0,1
hotspot,0,0,4,4
hotspots,0,1,0,1
hotspur,0,9,0,9
hott,4,9,4,17
hotta,0,1,2,3
hotter,31,75,72,178
hottest,12,75,46,133
hottestttt,0,1,0,1
hottet,0,0,1,1
hotthaikitchen,0,0,3,3
hottie,1,12,4,17
hotties,0,1,0,1
hottiess,0,0,1,1
hottiest,0,0,1,1
hottopic,0,0,2,2
hottt,0,3,0,3
hotttt,3,1,0,4
hottttt,0,4,0,4
hotttttt,0,2,0,2
hottttttttt,0,2,0,2
hottub,0,1,0,1
hotty,1,1,2,4
hotwheel,0,1,0,1
hotwheels,0,1,0,1
hotwings,0,1,0,1
hotwire,0,1,0,1
hotword,1,0,1,2
hou,0,18,3,21
houden,1,0,0,1
houding,0,0,1,1
houdt,0,0,1,1
houeseee,0,0,1,1
hough,0,1,0,1
houghton,0,8,0,8
hould,0,0,4,4
houlsome,0,1,0,1
hoult,0,2,3,5
hound,4,2,16,22
hounded,1,0,1,2
hounds,9,6,2,17
houndstooth,0,3,9,12
hour,228,167,432,827
houraira,0,1,0,1
hourd,3,0,0,3
hourglass,3,13,28,44
hourly,0,0,3,3
hours,389,352,913,1654
hourss,0,1,0,1
hoursssss,0,5,0,5
hous,0,2,1,3
house,715,969,1966,3650
housed,4,1,1,6
housee,0,0,1,1
houseee,0,1,0,1
houseeeee,0,1,1,2
houseflies,0,0,1,1
housefly,0,0,6,6
household,8,1,35,44
households,3,0,2,5
housemates,1,0,0,1
houseparty,0,8,0,8
houser,7,0,4,11
houses,54,33,109,196
housesat,0,1,0,1
housetour,0,7,0,7
housewife,0,1,3,4
housewifes,2,0,0,2
housewives,6,1,6,13
housework,0,7,4,11
housing,20,3,9,32
housse,0,4,2,6
houssseee,0,1,0,1
housssssssssssse,0,1,0,1
houst,0,6,0,6
houston,45,42,55,142
houstonians,0,0,4,4
houstontx,0,0,3,3
houstoooonnnnnnnnn,0,1,0,1
houuuse,0,1,0,1
houuusee,0,0,1,1
houuuuse,0,2,0,2
houuuuuse,0,4,1,5
houuuuuuuusse,2,0,0,2
houvast,1,0,0,1
houzz,0,1,0,1
hov,4,18,17,39
hova,1,7,6,14
hover,12,5,5,22
hoveraround,0,1,0,1
hoverboard,0,6,1,7
hovercars,0,0,2,2
hovered,1,0,0,1
hovering,9,0,5,14
hovers,0,0,3,3
hovhovohovhovhoboyvhovo,0,2,0,2
hovknowsalargepartofknow,0,0,2,2
how,6729,6121,20992,33842
howabout,0,2,2,4
howard,10,86,29,125
howarth,1,0,0,1
howay,0,2,0,2
howbot,0,0,1,1
howbout,1,0,0,1
howcome,0,2,0,2
howd,0,4,2,6
howdy,1,3,5,9
howed,0,1,0,1
howell,7,53,35,95
howes,0,0,1,1
however,278,56,947,1281
howey,0,0,2,2
howie,5,2,5,12
howies,1,0,0,1
howisthistrending,0,5,0,5
howl,7,5,6,18
howled,3,0,0,3
howler,4,1,0,5
howling,0,11,3,14
howlingggg,0,1,0,1
howlride,0,3,0,3
howls,0,0,6,6
howlter,2,5,0,7
howly,1,0,0,1
hows,6,6,10,22
howser,0,0,2,2
howsomeone,0,0,2,2
howtobasic,6,23,12,41
howtobasics,0,1,0,1
howtobeninja,0,1,0,1
howtocakeit,0,4,1,5
howtocookthat,0,0,1,1
howtocookthatforeve,0,1,0,1
howtocookthatforlife,0,1,0,1
howtotakumi,0,3,0,3
howw,0,1,2,3
howww,2,0,0,2
howwww,0,3,0,3
howwwwww,0,3,0,3
howwwwwww,0,1,0,1
hoxgon,1,0,0,1
hoxton,0,0,9,9
hoy,4,34,19,57
hoya,6,8,17,31
hoying,0,12,8,20
hoyle,0,0,4,4
hozier,0,6,1,7
hp,6,29,23,58
hpe,0,4,1,5
hpn,0,0,6,6
hpnd,1,0,0,1
hpoe,0,0,3,3
hps,0,0,2,2
hpt,0,4,0,4
hpta,0,1,0,1
hptas,0,1,0,1
hpts,0,3,0,3
hpv,0,0,5,5
hq,0,9,3,12
hqve,0,0,1,1
hr,26,12,37,75
hraje,0,1,0,1
hravy,0,1,0,1
hrc,1,0,3,4
hrello,0,1,0,1
hren,0,4,3,7
hrenovato,0,0,1,1
hrer,1,0,1,2
hridoy,0,0,4,4
hrithik,0,0,2,2
hritik,0,1,0,1
hrmann,0,6,0,6
hrmonica,0,1,0,1
hrrnkjwbrcw,1,0,0,1
hrs,14,40,60,114
hrt,0,6,12,18
hrururururuu,0,0,1,1
hrushevskoho,1,0,0,1
hs,0,8,36,44
hsc,2,1,0,3
hsdfa,0,1,0,1
hse,0,0,1,1
hsg,0,1,0,1
hshahah,0,0,1,1
hshahahahahahhahaa,2,0,0,2
hshdnfmd,0,1,0,1
hshoes,0,0,1,1
hsien,0,2,0,2
hsjdj,0,0,1,1
hsm,1,3,13,17
hsmaan,0,2,0,2
hsn,0,6,17,23
hsould,0,0,5,5
hsp,4,1,0,5
hsuahsuahuhaushuahushaush,0,1,0,1
hsuwbsj,0,0,1,1
hsvcurehome,0,0,2,2
hsve,0,2,0,2
ht,0,7,5,12
htat,0,1,1,2
htb,0,0,3,3
htc,2,1,13,16
htci,0,0,1,1
htd,0,4,0,4
htey,0,0,6,6
htf,0,1,1,2
hthis,0,0,1,1
htis,0,1,0,1
html,0,0,1,1
hto,0,0,1,1
htown,0,1,3,4
htowwnnn,0,1,0,1
htpcs,4,0,0,4
htr,0,0,5,5
htsyicuctkctuktkucktucguckugkcckutucktukctkucutkctcukuktcffyyfuylfctuktcytcuktuckctukctuktcyktdukxtukctukctukcfykfycktcukctuukcutckctultcul,0,4,0,4
http,0,14,6,20
https,0,0,18,18
htu,0,1,0,1
htx,0,1,0,1
hu,0,14,6,20
hua,0,0,1,1
huahauh,0,3,0,3
huajuapan,0,3,0,3
huakbar,0,2,0,2
huang,4,2,10,16
huanity,0,2,0,2
huarache,0,1,0,1
huatl,0,0,21,21
huawei,3,0,12,15
hub,3,5,38,46
hubba,3,2,0,5
hubbard,2,1,0,3
hubbie,0,2,6,8
hubby,13,2,67,82
hubbys,0,0,1,1
hubcaps,0,0,4,4
huber,0,0,4,4
hubi,0,14,0,14
hubiera,0,18,3,21
hubieran,1,5,1,7
hubieras,0,5,0,5
hubiese,2,18,4,24
hubiesemos,0,5,0,5
hubiesen,0,4,0,4
hublot,0,0,5,5
hubris,0,0,5,5
hubristic,1,0,0,1
hubs,9,2,4,15
hububaloo,0,0,1,1
hubungi,0,0,1,1
hubz,0,3,0,3
huch,1,0,0,1
huck,0,0,4,4
huckabee,6,15,10,31
huckabees,6,0,0,6
huckleberry,2,0,2,4
huckster,1,0,0,1
hucksters,1,0,0,1
hud,2,0,21,23
huda,10,37,72,119
hudabeaty,5,0,0,5
hudabeauty,0,1,0,1
huddersfield,0,1,3,4
huddle,0,1,0,1
huddled,7,0,0,7
huddlesfield,0,0,1,1
huddy,0,2,0,2
hudgens,0,4,4,8
hudsalva,0,0,3,3
hudson,7,20,22,49
hue,2,1,13,16
huebach,0,0,2,2
huebieran,0,1,0,1
hueco,0,4,0,4
hueheuehhee,0,0,1,1
huehue,3,4,0,7
huehuehue,0,1,3,4
huehuehuehuehue,0,1,0,1
huele,0,3,0,3
huelen,0,1,0,1
huella,0,1,0,1
hueon,0,1,0,1
hues,0,0,3,3
hueva,0,1,0,1
huevadas,0,7,0,7
hueverse,1,0,0,1
huevo,0,1,0,1
huevos,3,12,3,18
huey,0,1,2,3
huff,0,1,3,4
huffcod,0,6,0,6
huffelpuff,1,1,0,2
huffing,0,0,3,3
huffle,0,1,3,4
hufflepuf,0,1,0,1
hufflepuff,6,67,48,121
hufflepuffs,2,4,1,7
huffman,8,2,40,50
huffpo,3,0,0,3
huffpost,7,0,0,7
hug,54,83,234,371
huge,186,2,1582,1770
hugee,0,3,0,3
hugeee,0,0,2,2
hugeeeeeee,0,0,8,8
hugely,4,0,29,33
hugequest,0,1,0,1
huger,0,0,1,1
hugest,0,0,3,3
hugged,10,7,22,39
hugger,0,5,4,9
huggers,3,0,2,5
hugggggeee,0,3,0,3
hugggggeeeeeee,0,2,0,2
huggggs,0,0,3,3
hugging,4,6,23,33
huggle,0,0,1,1
huggles,0,2,0,2
huggy,0,0,6,6
hugh,43,106,93,242
hughe,0,0,5,5
hughes,0,4,7,11
hughhefner,0,4,1,5
hughie,6,0,36,42
hughley,0,0,5,5
hughly,5,0,0,5
huging,1,0,0,1
hugo,0,34,24,58
hugogloss,0,1,0,1
hugot,0,2,0,2
hugotflkpcewsk,0,1,0,1
hugs,39,29,244,312
hugsssssss,0,0,2,2
hugues,0,0,1,1
huh,96,219,331,646
huhahahaha,0,0,1,1
huhh,0,2,0,2
huhhh,1,0,0,1
huhhhhh,0,2,1,3
huhisi,0,1,0,1
huhu,2,8,11,21
huhuh,6,1,0,7
huhuhaha,0,0,1,1
huhuhu,0,6,2,8
huhuhuh,1,0,0,1
huhuhuhu,0,11,1,12
huhuhuhuh,1,1,0,2
huhuhuhuhu,1,1,0,2
huhuhuhuhuhuhu,0,1,0,1
hui,0,4,0,4
huil,0,0,1,1
huile,8,6,4,18
huilen,0,1,1,2
huimangeul,0,1,0,1
huis,0,4,1,5
huitfuit,0,0,1,1
hula,1,0,6,7
hulatang,0,10,0,10
hulbert,0,1,0,1
hulk,5,21,46,72
hulkamania,0,1,0,1
hulkster,0,1,0,1
hull,4,1,11,16
hullabaloo,0,0,9,9
hullahopp,0,1,0,1
hullerwurn,2,0,0,2
hulu,9,32,52,93
hum,1,12,21,34
huma,2,0,1,3
humacao,0,0,2,2
humaid,0,1,0,1
humaine,0,3,0,3
humainty,0,1,0,1
humalog,2,0,0,2
humam,0,2,0,2
human,550,300,1481,2331
humanas,0,1,0,1
humane,6,1,10,17
humanidad,0,2,0,2
humanistic,0,0,4,4
humanitarian,1,5,15,21
humanitarians,0,0,10,10
humanities,2,0,4,6
humanity,95,73,238,406
humanitys,0,0,2,2
humanize,0,1,1,2
humanized,0,0,1,1
humanizes,0,0,1,1
humanizing,0,0,4,4
humankind,2,0,6,8
humanlike,0,2,0,2
humanly,3,5,2,10
humanness,0,0,5,5
humano,1,10,0,11
humanoid,1,0,0,1
humanos,0,2,1,3
humanpup,0,1,0,1
humans,200,124,415,739
humb,0,1,0,1
humble,121,1,281,403
humblebrag,0,0,1,1
humbled,0,6,17,23
humbleness,0,0,4,4
humbles,1,0,0,1
humblest,0,0,1,1
humbling,4,0,3,7
humbly,0,0,16,16
humboldt,0,1,0,1
humbolt,0,0,1,1
humbug,0,1,0,1
humdu,0,2,0,2
humduallah,0,1,0,1
humerous,0,0,1,1
humid,1,4,9,14
humidex,0,0,5,5
humidity,2,16,30,48
humildad,0,16,1,17
humilde,0,6,1,7
humildes,0,4,0,4
humiliate,0,0,8,8
humiliated,11,4,6,21
humiliating,1,1,6,8
humiliation,0,3,10,13
humility,1,0,25,26
humillarse,0,5,0,5
humillity,1,0,0,1
huming,0,3,0,3
humira,0,0,1,1
humm,2,0,2,4
hummagod,0,0,1,1
hummel,1,0,0,1
hummels,0,0,7,7
hummer,0,2,0,2
humming,5,25,14,44
hummingbird,0,2,2,4
hummm,0,3,4,7
hummmm,1,0,0,1
hummus,3,2,13,18
humo,0,4,0,4
humofilo,0,4,0,4
humongo,0,0,2,2
humongous,4,17,8,29
humor,117,48,325,490
humored,0,0,1,1
humoristas,0,0,2,2
humorists,0,0,1,1
humorless,0,5,0,5
humorous,5,0,35,40
humorously,0,0,1,1
humors,0,0,1,1
humos,0,1,0,1
humour,24,26,173,223
humouristic,6,0,1,7
humours,1,0,2,3
hump,11,7,13,31
humpalot,0,0,1,1
humph,0,1,0,1
humphrey,0,0,2,2
humphries,0,0,1,1
humping,2,12,14,28
humps,0,51,15,66
humpty,0,3,2,5
hums,0,1,0,1
humuculi,0,0,1,1
humunculi,0,0,1,1
humungas,0,0,3,3
humungous,1,0,0,1
humunkoli,0,0,1,1
humunkuli,0,0,1,1
humur,0,0,1,1
humvle,0,0,1,1
hun,24,32,120,176
hunamm,0,0,1,1
hunan,1,3,0,4
hunble,1,0,0,1
hunch,0,0,1,1
hunchback,0,8,14,22
hunde,0,8,0,8
hundido,0,0,3,3
hundo,0,4,0,4
hundred,109,34,121,264
hundreds,101,16,146,263
hundredth,0,2,2,4
hung,35,14,54,103
hungarian,0,5,10,15
hungary,9,27,25,61
hungaryan,0,1,0,1
hunger,28,20,49,97
hungergames,1,0,0,1
hungers,0,1,0,1
hungery,0,0,1,1
hungk,0,0,6,6
hungover,0,0,27,27
hungrier,0,6,4,10
hungry,122,256,217,595
hungryyyy,0,1,0,1
hungryyyyyyy,0,0,1,1
hungy,0,0,4,4
hungyyyyyyy,0,1,0,1
hunh,4,0,0,4
hunhow,1,0,0,1
huni,0,0,4,4
hunington,1,0,0,1
hunk,6,2,9,17
hunker,2,0,5,7
hunkered,3,0,0,3
hunkier,0,0,4,4
hunkies,0,1,0,1
hunks,0,0,1,1
hunkulese,1,0,0,1
hunky,0,0,6,6
hunn,0,0,2,2
hunna,0,0,1,1
hunnam,6,3,1,10
hunney,1,8,0,9
hunni,0,2,7,9
hunnid,3,3,1,7
hunniddddd,0,3,0,3
hunnidgang,0,0,4,4
hunnie,0,0,2,2
hunnnayyy,0,6,0,6
hunnnm,0,0,1,1
hunny,3,12,23,38
hunnyyy,0,0,6,6
huns,1,0,1,2
hunt,26,33,84,143
hunted,6,3,11,20
hunteee,1,0,0,1
hunteeer,0,4,0,4
hunter,16,54,123,193
hunters,7,0,19,26
hunterxhunter,0,0,2,2
huntie,0,2,1,3
hunting,23,24,73,120
huntington,0,0,3,3
huntingwewllgo,0,1,0,1
huntley,4,0,0,4
huntress,0,0,1,1
hunts,1,2,6,9
huntsman,0,2,1,3
huntsville,0,0,1,1
hunttiiiie,2,0,0,2
hunttyyyyy,0,0,3,3
hunty,2,3,7,12
huntyeeeee,1,0,0,1
huntyyyyy,0,1,0,1
huovo,0,0,4,4
hup,0,1,0,1
hur,0,1,7,8
huracan,0,0,1,1
hurcain,0,1,0,1
hurd,0,1,3,4
hurdle,0,0,9,9
hurdled,1,0,0,1
huricane,0,4,2,6
huricanes,0,0,1,1
huriop,0,1,0,1
hurl,1,0,0,1
hurlburt,1,0,0,1
hurld,2,0,0,2
hurled,0,0,1,1
hurley,2,2,0,4
hurling,2,4,1,7
hurls,4,0,0,4
hurpies,0,0,1,1
hurr,3,4,1,8
hurracane,0,1,0,1
hurraciane,0,2,0,2
hurrah,0,1,2,3
hurray,0,2,3,5
hurrcianes,0,0,1,1
hurrendous,3,0,0,3
hurrhurrr,0,0,4,4
hurricame,4,0,0,4
hurrican,0,0,1,1
hurricane,155,173,216,544
hurricaneophelia,0,4,0,4
hurricanes,67,45,81,193
hurrr,0,0,1,1
hurrrrrrrrrrrr,0,1,0,1
hurry,18,40,58,116
hurrycane,0,3,0,3
hurt,438,279,712,1429
hurtado,6,5,0,11
hurted,3,6,1,10
hurteddd,0,1,0,1
hurtful,14,3,24,41
hurtin,0,6,0,6
hurting,58,27,107,192
hurtling,1,0,3,4
hurts,102,146,315,563
hurtsgood,0,2,0,2
hurtsssssssssssss,1,0,0,1
hus,1,7,2,10
husah,0,1,0,1
husband,143,144,631,918
husbando,0,4,0,4
husbandry,0,0,1,1
husbands,8,0,34,42
husbnd,2,0,0,2
hush,1,8,13,22
hushed,0,0,2,2
hushi,0,0,1,1
hushpuppy,3,0,0,3
huski,0,1,0,1
huskies,0,5,3,8
husky,33,43,60,136
huskys,0,1,0,1
husler,0,0,4,4
hussain,0,1,0,1
hussar,0,0,2,2
hussein,4,5,8,17
hussie,1,0,0,1
hussien,0,1,0,1
hussle,0,1,1,2
husten,0,0,3,3
hustle,10,13,33,56
hustler,2,9,2,13
hustlers,0,0,3,3
hustling,7,0,10,17
huston,1,7,0,8
hut,2,4,19,25
hutch,1,0,0,1
hutchinson,1,0,3,4
huth,0,1,0,1
huthless,0,3,0,3
hutnal,0,2,0,2
hutnarirado,0,3,0,3
hutong,0,0,2,2
hutt,0,5,1,6
huttlestone,0,1,0,1
hutton,7,0,1,8
hutz,0,0,1,1
huu,0,0,2,2
huuge,0,0,1,1
huuh,0,0,1,1
huunneeed,0,2,0,2
huuu,0,2,0,2
huuuffffllleeeeppppuuuuuufffff,0,1,0,1
huuuge,9,8,1,18
huuum,0,1,0,1
huuuuggeee,0,0,2,2
huuuuh,0,0,1,1
huuuuuge,0,3,2,5
huuuuurt,0,1,0,1
huuuuurts,0,0,1,1
huuuuuuh,0,2,0,2
huuuuuurens,0,5,0,5
huw,0,4,0,4
huwaei,0,6,0,6
huwaw,0,1,0,1
huwg,0,0,1,1
huwow,0,1,0,1
hux,1,0,0,1
huy,0,4,0,4
huyendo,0,0,2,2
huyyy,0,1,0,1
huzzah,0,0,5,5
hv,3,4,13,20
hvac,2,4,1,7
hvdgz,0,0,1,1
hve,6,1,2,9
hvec,1,0,0,1
hvnt,0,0,1,1
hvor,0,4,1,5
hvzq,0,0,3,3
hw,13,2,29,44
hwaiting,3,9,11,23
hwaitinggg,0,1,0,1
hwaitinggggg,0,0,1,1
hwarang,0,1,0,1
hwat,0,0,1,1
hwating,0,1,0,1
hwbedkane,0,1,0,1
hwespoutgfwkjelhgpau,0,0,1,1
hwo,0,3,0,3
hwol,0,3,0,3
hwr,6,0,0,6
hwtl,0,0,6,6
hwwwiwiiii,0,3,0,3
hx,0,1,0,1
hxh,2,0,0,2
hxnk,0,1,0,1
hxrdy,0,1,0,1
hy,2,5,0,7
hyacinth,0,0,5,5
hyahahah,0,1,0,1
hyahhk,0,0,1,1
hyalauronic,3,0,1,4
hyaluronic,0,1,11,12
hyatt,1,0,0,1
hyave,0,0,5,5
hybeases,0,1,0,1
hybed,0,0,1,1
hybred,2,0,0,2
hybrid,9,15,47,71
hybrids,1,4,6,11
hyde,6,3,14,23
hydra,0,5,8,13
hydralux,0,1,0,1
hydrants,1,0,0,1
hydratante,1,0,0,1
hydrate,0,5,18,23
hydrated,8,8,31,47
hydrater,3,0,0,3
hydrates,0,2,7,9
hydrating,0,1,19,20
hydration,2,11,46,59
hydraton,0,4,0,4
hydrator,0,0,5,5
hydraulic,10,1,3,14
hydraulics,2,0,0,2
hydro,2,0,8,10
hydrochloric,0,1,0,1
hydrocolloid,1,0,0,1
hydroelectric,0,2,0,2
hydrogel,0,0,1,1
hydrogen,1,16,12,29
hydrogena,0,0,6,6
hydrograd,1,0,1,2
hydrographic,0,1,0,1
hydrokenisis,0,0,1,1
hydroponic,0,0,2,2
hydroponics,0,5,11,16
hydroquinone,0,0,2,2
hydroxide,0,1,2,3
hye,0,1,1,2
hyear,0,2,0,2
hyears,0,3,0,3
hyeh,0,0,8,8
hyena,12,14,23,49
hyenas,20,7,11,38
hyeonseo,0,0,1,1
hyeonsiri,0,1,0,1
hyep,0,0,2,2
hyer,0,0,1,1
hyeri,0,0,1,1
hygge,0,11,30,41
hyggelig,0,0,4,4
hygi,0,0,1,1
hygiene,5,7,10,22
hygienic,0,1,3,4
hygienism,0,0,1,1
hyhcvcvyggyhgg,0,0,2,2
hylauronic,0,0,2,2
hylighters,0,0,1,1
hylkew,0,0,2,2
hylozoism,0,2,0,2
hymens,1,0,0,1
hymmm,0,2,0,2
hymn,3,0,2,5
hymnbooks,0,0,2,2
hymns,0,0,6,6
hynix,0,0,1,1
hyojin,0,1,0,1
hyori,0,0,1,1
hyorin,0,0,1,1
hypd,0,1,0,1
hype,91,150,317,558
hypebeasg,0,1,0,1
hypebeast,0,4,0,4
hypebeasts,0,1,0,1
hypebeats,0,1,0,1
hyped,80,153,152,385
hypeeee,0,1,0,1
hypeeeee,0,3,0,3
hypeeeeeee,0,1,0,1
hypeeeeeeeeeeeeeeeeeeeeee,0,1,0,1
hypehypehypehypehypehype,0,1,0,1
hypejob,1,0,0,1
hypelist,0,1,0,1
hypenation,0,0,1,1
hyper,33,38,66,137
hyperactive,0,3,4,7
hyperactivity,0,0,1,1
hyperalgesia,0,4,0,4
hyperaware,0,0,4,4
hyperbola,0,1,0,1
hyperbole,2,1,2,5
hyperbolic,5,0,7,12
hyperbolize,0,0,1,1
hypercar,1,0,1,2
hypercare,3,0,0,3
hypercrite,0,2,0,2
hyperdrive,0,4,1,5
hyperemesis,4,0,8,12
hyperfine,0,0,1,1
hypergaint,0,1,0,1
hypergamous,0,0,2,2
hyperhidrosis,16,5,22,43
hyperhydrosis,9,2,8,19
hyperhydrsis,1,0,0,1
hyperhyrosis,3,0,0,3
hyperlinks,0,0,4,4
hyperloop,2,14,22,38
hyperloops,0,0,11,11
hypermachismo,0,0,1,1
hypermasculinity,0,0,1,1
hypermobility,0,3,1,4
hypernatremia,1,0,0,1
hyperness,0,0,2,2
hypernormalisation,0,0,1,1
hyperpegmentaion,0,1,0,1
hyperpigmentation,0,0,7,7
hyperpigmented,0,0,3,3
hyperpolarized,1,0,0,1
hyperreal,0,7,0,7
hypersonic,0,6,0,6
hypersphere,0,0,1,1
hyperspheres,0,0,1,1
hyperthyroidism,0,6,0,6
hyperventilaltion,0,0,1,1
hyperventilate,2,2,0,4
hyperventilates,0,1,1,2
hyperventilating,0,3,5,8
hyperventilation,0,0,5,5
hypervisor,0,4,0,4
hypes,1,0,3,4
hypest,0,1,0,1
hyphen,0,0,1,1
hypia,0,0,6,6
hyping,11,9,21,41
hypno,0,0,3,3
hypnobirthing,0,0,3,3
hypnose,2,0,0,2
hypnosis,0,2,0,2
hypnotherapy,0,0,3,3
hypnotic,0,4,23,27
hypnotically,0,3,0,3
hypnotised,1,0,6,7
hypnotism,0,0,1,1
hypnotize,2,0,1,3
hypnotized,1,6,6,13
hypnotizing,5,2,17,24
hypnotyzed,0,1,0,1
hypo,0,0,1,1
hypoallergenic,0,0,4,4
hypochondriac,0,0,3,3
hypocracy,0,0,1,1
hypocrisy,22,24,40,86
hypocrite,56,32,64,152
hypocrites,35,19,38,92
hypocritic,0,0,1,1
hypocritical,36,11,65,112
hypocritically,3,0,5,8
hypocrits,0,0,11,11
hypocrocy,0,0,4,4
hypocryts,0,0,1,1
hypoglycaemia,0,0,2,2
hypoglycemia,0,0,4,4
hypohidrosis,0,2,0,2
hypolita,0,0,2,2
hypomomobility,0,0,4,4
hypothalamus,6,0,0,6
hypothermia,2,4,9,15
hypotheses,1,0,4,5
hypothesis,8,13,10,31
hypothetical,8,4,9,21
hypothetically,1,0,3,4
hypothryoidism,0,0,1,1
hypothyroid,0,4,0,4
hypothyroidism,0,3,4,7
hypped,0,1,0,1
hyppeeee,0,1,0,1
hypper,0,2,0,2
hyppie,0,0,1,1
hyppo,0,0,4,4
hypppeeddd,0,1,0,1
hyppppeeeeedddd,0,1,0,1
hypppppppe,0,1,0,1
hyprocyte,0,0,1,1
hyrm,5,0,0,5
hyrule,2,0,3,5
hysteria,7,4,8,19
hysterical,48,6,16,70
hysterically,17,1,7,25
hysterics,2,0,13,15
hyuc,0,1,0,1
hyuge,0,0,1,1
hyukoh,0,5,0,5
hyun,1,3,0,4
hyung,0,1,2,3
hyungs,0,2,0,2
hyunjae,0,1,0,1
hyunje,0,1,0,1
hyunseung,0,1,0,1
hyunsik,0,1,0,1
hyv,0,1,0,1
hyyh,0,0,2,2
hyypia,0,2,0,2
hyypppee,0,3,0,3
hyyyyyppp,0,1,0,1
hyyyyyype,0,0,2,2
hyyyyyyyype,1,0,1,2
hyzisters,0,2,0,2
hz,20,10,24,54
hzarad,0,7,0,7
ia,6,17,53,76
iabsjba,0,1,0,1
iade,0,1,0,1
iafhuas,0,0,2,2
iagalaojagsgw,0,1,0,1
iago,3,1,3,7
iahsgoiawh,0,0,1,1
iam,34,26,36,96
iamaginagooooooooo,0,6,0,6
iamcringebitch,1,0,0,1
iamkareno,1,0,0,1
iamkratom,0,1,0,1
iams,0,0,2,2
iamsabyna,0,1,0,1
iamthemaine,0,0,4,4
iamthrilled,0,1,0,1
iamverysmart,0,3,0,3
ian,52,100,163,315
iank,0,0,3,3
ians,0,0,5,5
ianscottsinstrumentals,0,0,1,1
iar,0,0,6,6
iasdjauirhliautopsd,0,0,2,2
iasick,0,1,0,1
iat,0,0,1,1
ib,1,8,0,9
iba,0,32,3,35
ibai,0,0,3,3
iban,0,5,0,5
ibarra,0,5,0,5
ibas,0,7,0,7
ibd,0,5,7,12
ibdbrbridiiryeke,0,2,0,2
ibe,7,0,2,9
ibeg,1,0,0,1
ibelieve,0,0,1,1
iberian,3,5,0,8
ibhf,0,0,1,1
ibig,0,1,0,1
ibighit,3,10,4,17
ibighot,0,1,0,1
ibis,0,2,0,2
ibises,0,0,6,6
ibiza,3,9,2,14
ibknow,0,0,1,1
ible,0,0,1,1
ibm,0,0,4,4
ibmy,0,0,2,2
ibn,0,0,1,1
iboga,0,0,1,1
iborra,4,3,6,13
iboy,0,0,3,3
ibra,0,1,4,5
ibrah,3,0,0,3
ibrahim,0,1,5,6
ibrahimovic,0,5,0,5
ibs,25,13,29,67
ibubprohen,0,4,0,4
ibuprofen,0,2,13,15
ibz,3,25,32,60
ic,1,4,6,11
ica,0,2,0,2
icaaaant,0,0,1,1
icabod,4,0,0,4
icalledit,0,1,0,1
icam,0,2,0,2
ican,0,0,1,1
icandienowhdyhbcychhcfbgfhdhsbsyuc,0,1,0,1
icansaynigger,0,1,0,1
icardi,0,0,3,3
icare,0,0,2,2
icarly,4,49,12,65
icarlys,1,0,0,1
icarus,0,0,7,7
icary,0,0,1,1
icase,0,1,0,1
icaw,0,1,0,1
icbc,0,0,2,2
icbm,26,3,14,43
icbms,0,0,3,3
icc,0,0,1,1
ice,215,419,465,1099
iceality,5,0,0,5
iceamusic,0,3,0,3
icebear,0,0,1,1
iceberg,3,2,5,10
icebreakers,0,0,1,1
iceburg,0,0,1,1
icecream,1,13,12,26
icecreammmmmmmm,0,2,0,2
icecreams,0,0,2,2
iced,0,9,8,17
icee,0,2,0,2
iceing,0,0,1,1
iceland,6,15,24,45
icelandair,0,0,1,1
icelandic,0,5,9,14
icelands,0,0,1,1
iceman,0,1,3,4
icequeen,0,0,1,1
icewing,0,0,2,2
icey,0,2,0,2
ich,8,134,9,151
ichart,0,1,1,2
ichiban,0,0,6,6
ichigan,0,1,0,1
ichigo,0,0,4,4
ichiraku,0,0,8,8
ichoherent,0,1,0,1
ichthyology,0,4,4,8
ichy,0,0,1,1
ichyeojyeoman,0,1,0,1
ici,0,5,7,12
icicle,0,0,6,6
icim,0,1,0,1
icing,19,5,34,58
ick,2,3,5,10
icke,0,0,3,3
icklenellierose,0,1,1,2
icky,2,0,1,3
iclicked,0,2,0,2
icloud,0,10,1,11
icluib,0,1,0,1
icmpv,0,0,4,4
icna,0,1,0,1
ico,0,5,0,5
icon,19,55,163,237
iconc,0,2,0,2
iconditioning,0,0,1,1
iconic,9,0,336,345
iconica,0,2,0,2
iconik,3,0,0,3
iconique,0,1,0,1
iconography,0,0,9,9
icons,15,12,48,75
icoon,0,1,0,1
icos,0,1,0,1
icosahedron,1,0,5,6
icovethee,0,0,1,1
icp,6,7,18,31
icredible,0,1,0,1
icsi,0,0,4,4
ict,0,3,0,3
icu,1,0,7,8
icy,14,0,6,20
icycool,0,3,0,3
icyeeeeeeeeee,0,1,0,1
id,135,153,327,615
ida,2,0,1,3
idaaa,0,0,1,1
idaaaaa,0,2,0,2
idab,0,1,0,1
idagdlawhd,0,1,0,1
idaho,3,11,4,18
idare,0,7,0,7
idc,28,16,59,103
iddubz,0,8,0,8
ide,5,6,0,11
idea,635,498,2451,3584
ideaaaa,2,0,0,2
idead,0,0,1,1
ideal,0,0,124,124
idealise,2,0,0,2
idealists,0,4,0,4
idealized,0,0,1,1
ideally,0,0,18,18
idealn,0,2,0,2
idealna,0,4,0,4
idealne,0,2,0,2
idealnie,0,3,0,3
idealogy,0,0,1,1
ideals,8,0,19,27
idear,0,5,0,5
ideas,152,100,590,842
ideassss,3,0,0,3
ideasssssdhddhshhexydjenks,0,1,0,1
ideation,0,4,3,7
idec,4,0,3,7
idee,0,3,6,9
ideeas,1,0,0,1
idegno,0,5,0,5
ideias,0,0,1,1
idek,12,10,5,27
idela,0,1,0,1
idelaghetto,0,1,0,1
iden,0,0,2,2
idenitfy,0,0,8,8
identical,24,36,39,99
identically,0,0,2,2
identifiable,0,0,3,3
identificar,0,1,0,1
identificarme,0,1,0,1
identification,0,0,3,3
identifico,0,1,0,1
identified,4,2,19,25
identifies,0,3,6,9
identify,28,22,67,117
identifying,7,1,20,28
identit,1,0,0,1
identitarian,1,0,0,1
identitarians,1,0,0,1
identiti,0,0,2,2
identities,2,0,8,10
identity,45,20,129,194
ideo,0,13,12,25
ideogram,5,0,0,5
ideolog,0,3,0,3
ideological,3,0,17,20
ideologically,0,0,2,2
ideologies,11,0,12,23
ideologists,2,0,0,2
ideologue,1,0,0,1
ideologues,4,0,2,6
ideology,23,8,24,55
ideos,0,0,2,2
ideot,0,2,0,2
ideq,0,0,1,1
ides,1,0,0,1
idf,2,0,6,8
idfk,4,0,0,4
idgaf,3,2,9,14
idgi,0,0,2,2
idi,0,0,2,2
idick,0,1,0,1
idid,0,1,0,1
idiits,3,0,0,3
idin,0,1,0,1
idiocies,0,2,0,2
idiocity,0,0,2,2
idiocracy,1,0,16,17
idiocy,12,0,16,28
idiom,0,5,1,6
idioma,0,6,1,7
idiomas,0,0,1,1
idiosyncratic,0,0,7,7
idiot,684,9,102,795
idiota,0,13,0,13
idiotas,0,5,0,5
idiote,2,0,0,2
idiotez,0,3,0,3
idioti,0,1,0,1
idiotic,58,0,15,73
idiotically,0,0,5,5
idiots,592,3,136,731
idjets,0,2,0,2
idjit,0,4,0,4
idk,254,264,725,1243
idkdkd,0,0,1,1
idkis,0,0,1,1
idkkk,1,0,0,1
idkkkk,2,0,0,2
idky,0,1,6,7
idle,4,11,2,17
idling,0,0,3,3
idmared,0,0,1,1
ido,0,4,0,4
idoit,3,1,0,4
idol,31,99,210,340
idola,0,2,0,2
idolater,0,3,0,3
idolaters,13,3,0,16
idolatry,0,1,0,1
idole,0,6,4,10
idolise,5,0,5,10
idolize,1,0,16,17
idolized,1,4,3,8
idolizes,0,0,2,2
idolizing,4,0,0,4
idolo,0,6,0,6
idoloooooo,0,3,0,3
idolos,0,1,0,1
idols,24,14,45,83
idon,0,0,1,1
idonno,0,0,2,2
idont,0,2,2,4
idontevenlikebakedpotatoes,0,1,0,1
idontgiveashitaboutmyphonesanyoneelse,0,3,0,3
idontsellmollynomore,0,0,1,1
idontshowluvnomo,0,0,1,1
idool,0,6,2,8
idooobz,0,1,0,1
idoops,0,0,1,1
idoser,0,1,0,1
idot,3,0,0,3
idots,0,2,0,2
idrc,1,0,0,1
idris,38,96,98,232
idriselbahasafootfetish,0,0,2,2
ids,0,0,7,7
iduba,0,0,1,1
idubbbz,21,42,27,90
idubbbztv,2,0,0,2
idubbs,1,5,1,7
idubbtz,1,0,0,1
idubbz,5,15,13,33
idubbztv,1,0,0,1
idubs,0,1,0,1
idubz,0,5,0,5
idubzz,0,1,0,1
iduddz,0,0,1,1
idun,0,0,1,1
iduna,1,0,2,3
idunas,0,0,1,1
idunno,0,0,4,4
idup,0,1,0,1
idx,0,0,2,2
idyllic,0,0,3,3
ie,15,11,62,88
iearn,0,1,0,1
ied,0,1,1,2
ieder,0,1,0,1
iedere,0,0,3,3
iedereen,0,12,3,15
iel,0,0,2,2
iem,0,0,2,2
iemmmmm,0,1,0,1
iemoji,0,1,0,1
ieri,0,1,0,1
iero,1,0,0,1
ies,0,0,4,4
iets,1,7,1,9
iez,0,1,0,1
if,8800,6409,22890,38099
ifa,0,0,2,2
ifans,0,1,0,1
ife,0,1,0,1
ifeel,0,0,1,1
ifeelindiz,0,1,0,1
ifetch,0,0,2,2
iff,3,0,0,3
ifff,0,0,1,1
iffy,3,0,13,16
ifgjnergnekrlnj,0,4,0,4
ifhone,0,1,0,1
ifinnahavewetdreamstonight,0,0,3,3
ifly,0,2,0,2
iframe,2,0,0,2
iframes,2,0,3,5
ifs,1,0,0,1
ifsa,0,7,0,7
ifucan,0,0,1,1
ifunny,0,3,2,5
ifwepay,5,0,0,5
ifykwim,0,1,0,1
ifyoubrave,0,2,0,2
ifyoulike,0,0,1,1
ifyouregonnamakeitwirelessmakeitpractical,1,0,0,1
ig,32,63,73,168
igator,2,0,0,2
igaz,0,1,0,1
igbo,0,0,2,2
igen,0,8,0,8
igf,1,0,0,1
iggy,2,5,5,12
iggys,0,0,1,1
igh,0,2,0,2
ighb,0,2,7,9
ighbourh,1,2,12,15
ighbourho,0,1,0,1
ighbourhood,0,3,6,9
ight,3,7,3,13
ightening,0,0,1,1
ighttttt,0,0,1,1
iglesias,0,9,4,13
iglo,0,1,0,1
igloo,0,7,0,7
igm,0,3,0,3
ign,7,11,38,56
igniramuses,0,1,0,1
ignite,0,0,12,12
ignited,0,0,5,5
ignites,0,2,2,4
ignition,0,9,1,10
ignor,1,0,0,1
ignorabimus,0,0,5,5
ignorable,0,4,0,4
ignorada,0,1,0,1
ignorami,0,0,2,2
ignoramus,0,0,1,1
ignorance,42,27,116,185
ignorancia,0,1,0,1
ignorant,146,30,160,336
ignorantami,0,2,0,2
ignorante,0,5,0,5
ignorantes,0,2,0,2
ignorantly,2,0,2,4
ignoraron,0,1,0,1
ignore,97,65,240,402
ignored,45,4,80,129
ignoreland,0,4,0,4
ignorent,6,0,0,6
ignorents,1,0,0,1
ignores,14,5,18,37
ignoring,24,11,64,99
ignoruje,0,2,0,2
ignota,0,0,1,1
igo,0,1,0,1
igor,0,1,9,10
igot,5,14,9,28
igotsoul,2,0,1,3
igroamus,0,0,5,5
igru,0,2,0,2
igt,10,0,0,10
igual,4,99,2,105
iguala,0,0,3,3
igualados,0,5,0,5
igualar,0,4,0,4
igualdad,0,1,5,6
iguales,0,3,0,3
igualito,0,3,0,3
igualitos,0,2,0,2
igualzinho,0,1,0,1
iguana,10,13,31,54
iguanadon,0,2,0,2
iguanas,4,4,9,17
iguanita,0,0,1,1
iguna,0,1,0,1
igunas,1,0,0,1
igy,0,1,0,1
ih,0,1,0,1
iha,0,0,3,3
ihad,0,1,0,1
ihascupake,0,1,0,1
ihateniggers,0,4,0,4
ihatespicy,0,2,0,2
ihave,1,0,5,6
ihe,0,0,1,1
iheart,0,0,5,5
iheartfestival,0,1,0,1
iheartradio,0,0,2,2
iherb,0,2,1,3
ihgffhjh,0,1,0,1
ihh,0,2,0,2
ihhh,0,1,0,1
ihm,0,22,4,26
ihn,0,1,3,4
ihone,0,0,2,2
ihop,0,0,10,10
ihope,0,1,0,1
ihpone,3,0,1,4
ihr,5,5,4,14
ihre,0,4,0,4
ihs,0,1,0,1
iht,0,1,0,1
ihuhuhu,0,0,1,1
ii,33,55,52,140
iida,0,1,0,1
iie,0,1,0,1
iight,0,0,10,10
iii,12,19,10,41
iiiii,0,6,0,6
iiiiii,0,1,0,1
iiiiiii,0,1,1,2
iiiiiiii,0,3,1,4
iiiiiiiiiiiiii,0,0,1,1
iiiiiiiiiiiiiiiiiiiiii,0,2,0,2
iiiiiiiiiiiiiiiiiittttttttttttttttttttttt,0,3,0,3
iiiiiiiiiiit,0,0,1,1
iiiiiiiit,0,1,1,2
iiiiiiiitttttttttt,0,0,1,1
iiiiiittttt,0,0,1,1
iiiiiittttttt,0,0,1,1
iiiiissssaaaaaaaaaa,0,1,0,1
iiiit,0,0,1,1
iiimm,0,1,0,1
iiis,0,1,0,1
iiitttttt,0,1,0,1
iiivannn,0,5,0,5
iike,0,3,3,6
iilyana,0,0,1,1
iim,0,0,3,3
iimsxyg,0,0,1,1
iin,0,0,1,1
iinacceptance,1,0,0,1
iine,0,6,0,6
iinom,0,0,1,1
iirc,2,6,1,9
iis,2,1,0,3
iisuperwomaii,0,1,0,1
iisuperwoman,0,1,0,1
iisuperwomanii,2,6,6,14
iit,2,0,2,4
iits,1,0,0,1
iitt,0,3,0,3
iittt,0,0,1,1
iittttt,0,0,3,3
iive,0,1,1,2
iivxii,0,0,1,1
ij,0,0,2,2
ijebu,0,3,0,3
ijeneun,0,1,0,1
ijeobeoril,0,1,0,1
ijs,0,2,19,21
ijuander,0,1,0,1
ijueputa,0,1,0,1
ijusite,0,1,0,1
ijustfreakindied,0,1,0,1
ijustin,1,5,0,6
ijustine,7,24,35,66
ijustineee,0,1,2,3
ijustines,1,0,8,9
ijustloveitsomuch,0,1,0,1
ik,42,733,297,1072
ikaika,0,1,2,3
ikaria,0,0,2,2
ike,5,5,8,18
ikea,6,17,39,62
ikeci,0,2,0,2
iken,0,0,1,1
iker,0,1,0,1
ikey,0,1,0,1
iki,0,2,0,2
ikicam,0,3,0,3
ikiluio,0,1,0,1
ikin,0,1,0,1
ikinci,0,2,0,2
ikind,0,0,1,1
ikke,0,3,0,3
ikki,0,0,1,1
iklan,0,1,0,1
ikmaliydi,0,3,0,3
iknow,0,0,1,1
ikon,0,5,10,15
ikonic,0,3,1,4
ikonics,1,4,4,9
ikonicunionlatina,0,1,0,1
ikonsfashionhere,0,1,0,1
ikosoves,0,1,0,1
ikr,3,8,1,12
ikrush,0,0,2,2
iksan,0,2,0,2
ikta,0,22,5,27
iktas,0,2,0,2
ikzelf,0,0,1,1
il,27,303,73,403
ila,0,1,1,2
ilalo,10,0,0,10
ilana,0,0,1,1
ilation,0,1,0,1
ilay,1,0,0,1
ilayhi,0,0,2,2
ilbsin,1,0,0,1
ild,0,0,2,2
ildeul,0,2,0,2
ildeure,0,1,0,1
ile,1,5,1,7
ileagal,0,0,1,1
ileana,1,0,0,1
ileen,0,1,0,1
ilegal,0,4,0,4
ilegel,0,1,0,1
ileone,0,0,1,1
iler,0,2,0,2
ilerleme,0,3,0,3
ilerliyor,0,3,0,3
iles,0,3,0,3
ilford,1,0,0,1
ilheobeorin,0,2,0,2
ilhoon,0,1,2,3
ilhsfm,0,1,0,1
ili,0,0,1,1
iliad,2,0,0,2
ilian,0,0,4,4
ilies,0,1,0,1
ilife,0,0,4,4
iligal,0,1,0,1
ilike,0,5,0,5
ilil,0,0,1,1
iliminati,0,1,0,1
ilimitada,0,2,0,2
ilinca,0,2,0,2
ilios,0,1,0,1
ilir,0,1,0,1
ilk,1,9,11,21
ill,478,19,203,700
illamaqua,0,0,1,1
illamasquas,0,0,4,4
illeagaly,0,1,0,1
illed,1,0,0,1
illegal,287,6,140,433
illegale,0,4,0,4
illegalising,1,0,0,1
illegality,0,0,4,4
illegalizing,2,0,0,2
illegall,4,0,0,4
illegally,34,0,17,51
illegals,4,3,16,23
illegaly,1,0,4,5
illegible,0,0,1,1
illegirl,0,1,0,1
illegitimacy,1,0,0,1
illegitimate,2,0,4,6
illenium,0,0,9,9
illest,0,2,1,3
illiad,0,4,0,4
illicium,0,1,0,1
illigitimate,0,0,1,1
illinois,6,9,6,21
illios,0,2,0,2
illistrations,0,0,1,1
illiteracy,0,0,1,1
illiterate,9,0,17,26
illiterates,0,0,5,5
illkneel,0,0,2,2
illmerica,0,1,1,2
illneses,0,0,3,3
illness,94,6,150,250
illnesses,37,4,52,93
illogic,3,0,1,4
illogical,5,3,3,11
illogically,0,0,3,3
ills,2,0,0,2
illudium,0,6,0,6
illumanati,0,3,2,5
illumanit,0,0,2,2
illumanti,7,0,0,7
illumati,0,1,0,1
illumianti,0,1,0,1
illuminat,0,0,4,4
illuminate,4,15,4,23
illuminated,1,6,8,15
illuminati,64,111,89,264
illuminaties,0,1,0,1
illuminating,0,4,12,16
illuminatis,0,0,1,1
illuminator,0,0,1,1
illuminaty,0,0,1,1
illuminist,0,1,0,1
illumipoppy,0,1,0,1
illumnati,2,0,0,2
illumunati,2,0,0,2
illusion,16,13,73,102
illusionary,1,0,0,1
illusionists,0,0,2,2
illusions,7,6,17,30
illusioooon,0,0,1,1
illusive,0,0,3,3
illustrate,5,0,12,17
illustrated,5,0,17,22
illustrates,1,4,9,14
illustrating,0,1,3,4
illustration,3,1,21,25
illustrations,2,0,34,36
illustrative,0,0,3,3
illustrator,0,1,5,6
illustrious,0,1,0,1
illyana,2,0,6,8
ilmao,0,0,1,1
ilnesses,0,0,1,1
ilodia,0,0,2,2
ilogti,0,1,0,1
ilom,1,0,0,1
ilove,1,32,9,42
iloveiloveilove,0,0,4,4
iloveit,0,2,1,3
ilovepotatoeverything,0,1,0,1
ilovetheintrotracl,0,3,0,3
ilovethemsomuch,0,0,1,1
ilovethis,0,0,1,1
ilovethissong,0,1,0,1
ilovethisvideo,0,1,0,1
ilovetwice,0,0,1,1
iloveu,0,0,4,4
iloveyou,0,13,7,20
iloveyousam,0,1,0,1
iloveyousomuch,0,4,4,8
iloveyouuuuuu,0,2,0,2
iloveyouuuuuuuusomuchbabyyyyyyboyyyyybobb,0,1,0,1
iloveyuibaby,0,0,1,1
iloviu,0,1,0,1
ilr,0,1,0,1
ilready,0,1,0,1
ilrs,0,1,0,1
ils,5,13,11,29
ilsa,0,0,1,1
ilsfm,0,0,1,1
ilsm,2,0,0,2
ilu,0,0,4,4
iluminados,6,0,0,6
iluminati,2,5,2,9
iluminatii,0,0,1,1
iluminatis,0,1,0,1
iluminatti,0,0,2,2
iluminuti,0,0,2,2
ilumnante,1,0,0,1
ilumtittiiyy,0,2,0,2
ilusi,0,1,1,2
ilusion,1,0,4,5
ilusiona,0,8,0,8
ilustres,0,3,0,3
iluvhtci,2,0,0,2
ilvermorny,0,1,0,1
ilvyyyyyyy,0,1,0,1
ily,27,90,151,268
ilychannel,0,4,0,4
ilyen,0,3,0,3
ilygsm,0,0,1,1
ilyguyssm,0,0,1,1
ilylyylyyl,0,4,0,4
ilysfm,3,4,6,13
ilysm,13,44,70,127
ilysmm,0,1,0,1
ilysmmmmmm,0,0,1,1
ilysssssm,0,0,1,1
ilyssssssssssssssssssssssm,0,1,0,1
ilyy,0,3,1,4
ilyyy,0,5,1,6
ilyyyy,0,4,0,4
ilyyyyy,0,5,1,6
ilyyyyysm,0,1,0,1
ilyyyyyyyy,0,0,1,1
im,1744,1724,4378,7846
ima,29,48,59,136
imac,4,13,9,26
imacs,0,3,1,4
imafining,0,0,1,1
image,90,51,280,421
imaged,0,0,1,1
imagen,0,5,15,20
imagens,0,1,0,1
imagery,3,5,33,41
images,40,24,102,166
imagin,0,2,0,2
imagina,0,1,1,2
imaginaaaationnn,0,2,0,2
imaginable,3,1,4,8
imaginaci,0,0,1,1
imaginacion,0,5,0,5
imaginado,0,3,0,3
imaginary,4,9,29,42
imaginated,0,0,3,3
imagination,32,11,68,111
imaginations,0,0,7,7
imaginative,0,0,15,15
imagine,385,457,1015,1857
imagined,7,10,46,63
imaginedragonarmy,0,0,1,1
imaginedragons,0,1,1,2
imagines,1,1,1,3
imaging,9,2,4,15
imagining,15,17,67,99
imaginings,0,1,0,1
imagino,0,8,0,8
imagne,0,1,0,1
imagrants,1,0,0,1
imam,0,0,12,12
imamorium,1,0,0,1
imams,7,0,0,7
iman,0,10,1,11
imao,5,0,3,8
imaopenbook,0,0,1,1
imascuyllation,0,0,1,1
imatation,0,0,1,1
imatator,0,0,1,1
imaus,1,0,0,1
imax,5,2,29,36
imb,0,3,1,4
imba,0,4,0,4
imbalance,14,0,11,25
imbalanced,5,0,2,7
imbalances,0,0,3,3
imbang,0,1,0,1
imbarassmen,0,0,2,2
imbecil,0,1,0,1
imbecile,10,0,13,23
imbeciles,8,1,7,16
imbecilic,7,0,0,7
imbedded,4,0,0,4
imbrace,0,0,1,1
imbritish,0,1,0,1
imbued,0,0,6,6
imbues,0,0,7,7
imc,0,0,4,4
imcrying,0,0,1,1
imdb,3,7,23,33
imdbprofessional,0,1,0,1
imdi,0,3,0,3
imdiately,0,1,0,1
imdiden,0,1,0,1
imdone,0,0,1,1
imdontai,0,1,0,1
ime,0,1,0,1
imenso,0,5,0,5
imer,4,0,0,4
imessage,1,0,4,5
imf,0,1,0,1
imfact,0,0,1,1
imfg,0,1,0,1
imfjfkksks,0,0,1,1
img,0,9,0,9
imgggg,0,1,0,1
imginary,0,1,0,1
imgine,4,0,0,4
imgrabbingivankabythepussy,0,0,1,1
imgur,0,2,0,2
imhere,0,1,0,1
imho,12,0,47,59
imhotep,1,0,0,1
imi,0,1,0,1
imie,0,4,0,4
imigary,0,0,2,2
imigrant,1,0,0,1
imigrants,0,0,3,3
imimpressed,2,0,0,2
imitable,0,0,1,1
imitacion,0,1,0,1
imitarlo,0,4,0,4
imitate,8,6,7,21
imitated,1,0,2,3
imitates,0,3,8,11
imitating,3,1,5,9
imitation,8,0,20,28
imitations,1,4,6,11
imitator,0,0,2,2
imitators,0,0,1,1
imitieren,0,4,0,4
imiz,0,1,0,1
imiza,0,1,0,1
imjealous,0,2,0,2
imlaugking,0,1,0,1
imlilik,0,1,0,1
imm,0,1,6,7
imma,64,92,91,247
immaculate,2,4,1,7
immage,1,0,0,1
immanent,1,0,0,1
immanuel,0,0,1,1
immaterial,0,0,2,2
immature,30,6,54,90
immaturity,0,1,0,1
immeasurable,0,0,2,2
immediacy,0,0,2,2
immediate,19,2,55,76
immediatelly,0,0,1,1
immediatelty,0,0,1,1
immediately,136,95,332,563
immediatley,0,0,1,1
immediatly,0,2,1,3
immense,3,12,38,53
immensely,9,1,51,61
immensi,0,1,0,1
immer,0,24,2,26
immeritata,0,3,0,3
immeritatamente,0,1,0,1
immerse,3,1,2,6
immersed,3,0,5,8
immersion,7,0,20,27
immersive,5,3,24,32
immeziately,0,0,1,1
immideatiy,0,0,2,2
immidiately,0,0,9,9
immidietly,0,0,2,2
immigrant,16,9,23,48
immigranted,3,0,0,3
immigrantmentality,0,0,5,5
immigrants,41,27,51,119
immigrate,0,0,2,2
immigrating,0,0,1,1
immigration,16,8,45,69
imminent,12,0,5,17
immitate,0,1,0,1
immitating,0,0,1,1
immm,1,5,0,6
immmm,0,1,0,1
immmmm,0,4,0,4
immmons,0,4,0,4
immobilized,0,0,5,5
immodest,0,0,4,4
immondo,0,4,0,4
immoral,17,3,19,39
immorality,1,0,1,2
immortal,22,28,45,95
immortalised,0,0,3,3
immortality,13,8,27,48
immortalized,0,0,1,1
immortally,1,0,0,1
immortals,0,1,0,1
immune,34,17,61,112
immunisations,0,0,2,2
immunity,0,2,4,6
immunocompromised,0,2,0,2
immunotherapy,0,0,3,3
imo,63,24,268,355
imogen,1,1,3,5
imogenation,0,0,1,1
imoji,0,1,0,1
imorovigli,0,0,7,7
imortal,1,4,0,5
imos,0,0,3,3
imotional,0,0,1,1
imovie,0,5,0,5
imp,0,0,1,1
impa,0,0,1,1
impaciencia,0,0,3,3
impact,58,29,220,307
impactada,0,4,0,4
impactar,0,4,0,4
impacted,2,0,37,39
impactful,2,0,7,9
impacting,0,3,4,7
impactingen,1,0,0,1
impacto,0,5,0,5
impacts,8,0,21,29
impair,3,0,0,3
impaired,7,7,1,15
impairment,1,4,0,5
impakatdo,0,1,0,1
impala,6,0,14,20
impalas,0,0,3,3
impale,0,3,0,3
impaled,0,0,3,3
impales,1,0,0,1
impaling,0,0,2,2
imparcialidad,6,0,0,6
impart,0,0,1,1
impartial,0,2,13,15
impartiality,0,0,4,4
impartially,0,2,0,2
imparting,0,0,1,1
impassable,1,0,0,1
impasse,0,2,0,2
impatience,0,1,15,16
impatient,13,0,20,33
impatiente,0,2,0,2
impatiently,5,0,4,9
impeach,8,23,22,53
impeached,9,0,12,21
impeachment,1,3,13,17
impeachthepeach,0,1,0,1
impec,0,6,0,6
impecable,0,0,4,4
impecables,0,1,0,1
impeccable,0,0,35,35
impeccably,0,0,5,5
impedance,0,0,1,1
impediment,0,1,4,5
impeding,0,0,3,3
impel,0,0,1,1
impemba,0,2,0,2
impementations,0,1,0,1
impending,3,10,3,16
impenetrable,1,0,0,1
impera,0,0,1,1
imperador,0,0,1,1
imperative,1,0,8,9
imperceptible,0,0,2,2
imperfect,0,4,17,21
imperfecta,0,4,0,4
imperfection,1,0,22,23
imperfections,6,2,17,25
imperfectly,0,0,8,8
imperfecto,5,0,16,21
imperial,1,5,7,13
imperialism,7,6,1,14
imperialist,0,2,1,3
imperialistic,1,0,0,1
imperission,0,0,1,1
imperius,0,3,0,3
impersenated,0,0,1,1
impersonate,8,4,6,18
impersonates,0,1,0,1
impersonating,5,1,6,12
impersonation,3,3,23,29
impersonations,2,0,2,4
impersonator,0,0,8,8
impersonators,0,1,3,4
impervious,0,0,3,3
impessive,0,0,4,4
impetus,0,0,5,5
impinging,1,0,0,1
impitoyable,0,0,4,4
implace,1,0,0,1
implant,46,6,23,75
implantation,1,0,0,1
implanted,2,0,4,6
implants,5,12,11,28
implement,11,0,37,48
implementation,0,0,10,10
implementations,0,0,6,6
implemented,19,1,23,43
implementing,0,0,3,3
implentation,0,0,3,3
implicate,0,0,1,1
implication,0,0,2,2
implications,18,1,16,35
implicit,0,0,2,2
implied,5,1,18,24
implies,5,0,12,17
implimentation,0,0,2,2
implode,4,6,0,10
imploded,0,0,3,3
implodes,0,0,1,1
imploding,1,0,5,6
implore,1,0,7,8
imply,8,2,20,30
implying,18,9,11,38
impolite,1,1,5,7
imponuj,0,3,0,3
import,3,3,11,17
importa,0,9,0,9
importan,0,6,0,6
importanat,1,0,0,1
importance,7,10,61,78
importancia,0,8,0,8
important,121,13,1490,1624
importante,0,1,0,1
importantes,0,17,0,17
importantly,14,0,89,103
importar,0,1,0,1
importation,0,0,1,1
importe,0,2,0,2
imported,2,0,21,23
importent,0,0,6,6
importing,0,1,1,2
importo,0,1,0,1
impos,0,0,1,1
impose,2,0,2,4
imposed,4,0,2,6
imposible,0,11,4,15
imposing,4,0,17,21
imposs,0,6,0,6
impossable,1,0,0,1
impossible,298,0,144,442
impossibly,2,0,8,10
imposter,1,5,18,24
imposters,0,0,2,2
impostor,0,0,1,1
impotent,0,0,4,4
impoverished,0,0,2,2
impractical,4,5,6,15
impracticality,0,1,0,1
impratical,0,0,2,2
imprecise,1,0,0,1
imprecision,0,0,2,2
impregnate,0,0,9,9
impregnated,1,0,3,4
impregnating,0,0,2,2
imprescindible,0,4,0,4
impresi,0,2,2,4
impresination,0,0,1,1
impresion,0,1,0,1
impresiona,0,4,0,4
impresionada,0,0,1,1
impresionado,0,2,0,2
impresionante,0,36,7,43
impresionanteeeee,0,6,0,6
impresionantes,0,1,0,1
impresionarmee,0,1,0,1
impresive,0,1,3,4
impress,10,8,66,84
impressed,58,0,341,399
impressee,0,0,1,1
impresses,3,0,1,4
impressing,0,0,4,4
impressins,0,0,1,1
impressiogn,0,1,0,1
impression,59,103,227,389
impressionable,6,0,7,13
impressionante,0,11,0,11
impressionator,0,0,1,1
impressione,0,3,0,3
impressionism,0,4,0,4
impressionist,4,1,1,6
impressionnant,0,5,5,10
impressionnante,0,4,0,4
impressionnants,0,4,0,4
impressions,13,11,112,136
impressionswhat,0,0,3,3
impressive,3,2,365,370
impressively,0,1,6,7
impressvie,0,0,1,1
imprint,5,1,1,7
imprinted,1,0,1,2
imprison,0,0,9,9
imprisoned,0,0,8,8
imprisoning,0,3,0,3
imprisonment,4,1,0,5
imprive,0,0,4,4
improbable,0,0,9,9
impromptu,10,0,5,15
improper,0,1,0,1
improperly,0,0,1,1
impropriety,0,0,1,1
improsoning,0,1,0,1
improv,1,9,16,26
improve,58,18,217,293
improved,23,19,139,181
improvement,21,10,120,151
improvements,1,1,39,41
improves,5,1,14,20
improving,6,1,68,75
improvisa,0,1,0,1
improvisation,0,3,1,4
improvise,1,0,1,2
improvised,6,4,5,15
improvises,0,0,3,3
improvising,4,4,6,14
improvment,0,0,1,1
imprubement,0,0,2,2
imps,0,0,1,1
impuestos,0,9,0,9
impulsarse,0,1,0,1
impulse,2,1,23,26
impulsem,0,3,0,3
impulses,1,0,3,4
impulsion,0,1,0,1
impulsive,8,8,4,20
impulsivity,3,0,0,3
impunity,0,0,5,5
impure,0,7,1,8
impuret,0,0,1,1
impurities,0,0,1,1
imran,0,1,6,7
ims,0,1,4,5
imsorrymarbles,1,0,0,1
imsouth,0,0,1,1
imspiration,0,0,1,1
imstillwithher,0,1,0,1
imsvdnfj,0,0,2,2
imtmge,0,4,0,4
imtw,0,0,1,1
imunjyekbkq,0,0,2,2
imustget,0,1,0,1
imuzy,0,0,1,1
imvu,0,2,0,2
imwithher,0,1,0,1
imy,0,2,0,2
in,24572,22702,73252,120526
ina,9,9,5,23
inaasam,0,0,1,1
inabal,0,10,0,10
inability,9,1,19,29
inac,0,2,0,2
inaccessible,1,0,1,2
inaccuracies,4,0,2,6
inaccuracy,1,1,6,8
inaccurate,14,9,27,50
inaccurately,0,0,1,1
inaceptable,0,3,0,3
inacted,2,0,0,2
inactive,5,0,3,8
inadequacies,1,0,0,1
inadequacy,1,0,7,8
inadequate,2,0,9,11
inadequately,1,0,0,1
inadvertedly,0,0,1,1
inadvertently,0,0,5,5
inaide,6,0,0,6
inakadate,0,0,1,1
inalienable,0,0,2,2
inana,2,1,0,3
inane,1,1,1,3
inang,0,1,0,1
inanimate,7,3,0,10
inanities,0,0,1,1
inanity,0,0,2,2
inanna,2,7,0,9
inapplicable,0,0,2,2
inappropriate,25,10,56,91
inappropriately,2,1,10,13
inapropiate,0,1,0,1
inapt,0,0,5,5
inards,0,2,0,2
inarritu,0,1,0,1
inasmuch,8,0,3,11
inatrumental,0,0,1,1
inau,0,3,0,3
inaudible,0,5,12,17
inauguration,4,5,16,25
inauthentic,0,0,5,5
inauthenticity,0,0,5,5
inaziotribe,0,0,2,2
inb,14,20,4,38
inbalance,0,0,3,3
inbetween,5,1,15,21
inbetweeners,0,1,1,2
inbetweens,0,0,1,1
inboard,0,0,2,2
inbound,0,1,0,1
inbox,2,2,14,18
inbred,9,5,10,24
inbreds,3,0,0,3
inbreeding,8,1,3,12
inc,9,14,50,73
inca,0,0,7,7
incalculable,0,0,2,2
incancellabile,0,3,0,3
incandescent,0,2,0,2
incapable,9,3,21,33
incapacitate,0,2,0,2
incapacitated,0,0,3,3
incapaz,1,0,0,1
incarcerated,0,0,1,1
incarceration,5,0,5,10
incarnate,3,1,1,5
incarnatian,0,0,2,2
incarnation,2,1,3,6
incarnations,1,1,2,4
incas,0,0,1,1
incasa,1,0,0,1
incase,19,2,29,50
incassati,5,0,0,5
incects,1,0,0,1
incel,0,4,1,5
incendia,0,1,0,1
incendiaria,2,0,0,2
incendiary,2,1,1,4
incendies,0,1,1,2
incense,0,1,0,1
incentive,10,0,11,21
incentives,2,1,3,6
incentivises,1,0,0,1
incentivized,0,0,2,2
incentivizes,1,0,0,1
incept,0,0,1,1
inception,9,7,15,31
incerdible,0,2,0,2
incertidumbre,0,1,0,1
incessant,3,0,0,3
incest,6,13,31,50
incestuous,4,0,2,6
inch,37,44,113,194
incharce,0,2,0,2
incheon,0,1,0,1
inches,16,20,35,71
inchicago,0,0,5,5
inching,0,0,9,9
inci,0,2,0,2
incidence,0,0,1,1
incidences,1,0,5,6
incident,33,9,82,124
incidentally,1,1,12,14
incidents,12,0,22,34
incidious,1,0,0,1
incinerate,0,0,1,1
incinerated,13,1,1,15
incinerates,0,0,1,1
incision,3,0,1,4
incisive,0,0,3,3
incisors,0,0,1,1
incita,0,1,0,1
incitan,0,0,3,3
incite,6,9,11,26
incited,0,0,2,2
inciting,7,1,2,10
inclination,1,0,2,3
incline,0,3,5,8
inclined,10,2,23,35
inclino,0,1,0,1
includ,0,0,1,1
include,63,64,192,319
included,37,43,211,291
includes,26,4,80,110
including,154,48,521,723
inclue,0,1,0,1
incluidos,0,4,1,5
inclusion,1,6,23,30
inclusive,3,5,26,34
inclusivelady,0,0,4,4
inclusively,3,0,0,3
inclusiveness,0,0,1,1
inclusivity,0,0,1,1
incluso,0,3,5,8
inclution,0,0,1,1
incluye,0,1,1,2
incognito,3,14,12,29
incoherent,11,0,3,14
incoild,0,0,1,1
income,34,16,163,213
incomes,0,0,4,4
incomimg,0,1,0,1
incoming,13,21,14,48
incomparable,4,0,15,19
incompatibility,0,0,5,5
incompatible,2,0,2,4
incompetence,1,1,8,10
incompetent,21,0,9,30
incomplete,10,5,10,25
incompletely,0,0,1,1
incompleteness,0,0,1,1
incomprehensible,2,0,2,4
inconceivable,0,0,15,15
inconcise,0,0,1,1
inconclusive,0,0,3,3
incondicional,0,6,5,11
inconsequential,1,0,5,6
inconsiderate,2,0,9,11
inconsistencies,1,0,12,13
inconsistency,0,2,5,7
inconsistent,14,0,27,41
inconsistently,1,0,0,1
inconspicuous,0,0,1,1
inconspicuously,0,1,0,1
incontinent,0,0,1,1
inconvenience,4,0,11,15
inconvenienced,1,0,1,2
inconvenient,3,0,8,11
inconviniances,0,0,1,1
incooperative,0,0,1,1
incoporate,0,0,1,1
incorporate,6,2,55,63
incorporated,4,1,13,18
incorporates,0,0,6,6
incorporating,1,2,8,11
incorporation,0,0,1,1
incorporeal,0,1,0,1
incorrect,25,25,40,90
incorrectly,9,6,28,43
incorrectness,0,0,4,4
incounter,0,1,2,3
incourages,6,0,0,6
incr,0,25,1,26
incre,0,49,3,52
increable,0,0,1,1
increadible,2,0,0,2
increas,0,0,2,2
increase,24,40,124,188
increased,18,7,79,104
increases,7,6,44,57
increasing,12,14,43,69
increasingly,19,1,30,50
incred,0,0,8,8
incrediable,0,1,1,2
incredibely,0,0,4,4
incredibile,5,0,0,5
incredibility,0,0,4,4
incredible,14,0,1664,1678
incredibles,4,18,2,24
incredibly,92,2,550,644
incredimazible,0,0,1,1
increduble,0,0,1,1
increible,0,15,5,20
increiblemente,0,1,0,1
increibles,0,1,0,1
increiblw,0,1,0,1
incremental,1,0,0,1
incrementally,1,0,0,1
incresing,0,0,1,1
incrible,0,1,0,1
incriminating,6,0,0,6
incriveeel,0,0,6,6
incriveis,0,2,0,2
incrivel,0,4,0,4
incubation,5,0,0,5
incubator,1,0,0,1
incubus,0,1,0,1
incultas,0,2,0,2
incumbent,0,0,2,2
incur,0,0,2,2
incurable,1,0,4,5
incurred,1,3,0,4
incurring,3,0,0,3
ind,0,3,0,3
inda,0,6,0,6
indah,0,2,1,3
indahouse,0,1,0,1
indaina,0,8,0,8
indana,0,1,0,1
inde,0,5,0,5
indea,0,1,0,1
indecency,0,3,0,3
indecent,17,0,2,19
indecisive,6,0,6,12
indecisiveness,0,0,3,3
indeed,63,50,243,356
indeeeeed,0,0,1,1
indeferencia,1,0,0,1
indefinately,0,0,2,2
indefinite,0,5,2,7
indefinitely,7,0,18,25
indeki,0,2,0,2
indelible,0,0,5,5
indentations,4,0,0,4
indents,0,5,0,5
independance,3,0,0,3
independant,0,0,3,3
independence,7,10,42,59
independencia,0,7,0,7
independent,28,6,82,116
independentismo,0,5,0,5
independentista,0,3,0,3
independently,8,4,8,20
independents,1,0,0,1
independicen,0,2,0,2
independiente,2,0,1,3
independizarse,0,3,0,3
indept,0,0,3,3
indepth,0,0,1,1
inderda,0,4,0,4
indescribable,0,1,3,4
indescribably,4,0,0,4
indescrit,0,1,0,1
indestructable,0,0,3,3
indestructible,0,1,7,8
index,12,5,20,37
indi,0,0,2,2
india,72,134,271,477
indian,75,138,142,355
indiana,9,52,25,86
indianapolis,1,2,0,3
indianna,0,0,4,4
indians,9,23,25,57
indica,0,0,4,4
indicate,5,0,16,21
indicated,0,5,3,8
indicateds,4,0,0,4
indicates,0,0,10,10
indicating,1,0,2,3
indication,5,2,10,17
indications,0,0,1,1
indicative,3,0,7,10
indicator,5,0,12,17
indicators,0,6,0,6
indicies,0,0,1,1
indicted,1,1,0,2
indie,36,13,147,196
indiependentmood,0,0,1,1
indiepop,0,0,2,2
indierctly,0,0,1,1
indierock,0,0,2,2
indies,0,7,11,18
indifference,2,1,13,16
indifferent,0,0,9,9
indigenous,2,0,5,7
indigious,0,0,1,1
indignant,1,0,1,2
indignation,0,0,6,6
indigo,1,1,8,10
indigostarchild,0,0,1,1
indinesia,0,2,0,2
indios,0,5,0,5
indira,4,0,0,4
indirect,0,3,3,6
indirecta,0,2,0,2
indirectly,1,1,11,13
indirme,0,67,0,67
indiscriminately,5,0,1,6
indispensable,0,0,2,2
indisputable,0,1,1,2
indisputably,1,0,0,1
indistinct,0,0,3,3
indistinguishable,0,1,6,7
individiual,0,4,0,4
individual,51,25,194,270
individuales,0,4,0,4
individualism,2,1,8,11
individualistic,2,0,0,2
individuality,7,0,10,17
individualize,1,0,0,1
individually,4,2,38,44
individuals,26,7,115,148
individualy,2,0,0,2
indivisible,0,0,1,1
indo,7,4,1,12
indochina,5,0,0,5
indoctrinate,1,0,0,1
indoctrinated,7,0,6,13
indoctrination,1,0,2,3
indoesia,0,0,3,3
indoline,0,1,0,1
indomie,0,1,0,1
indomitable,0,0,3,3
indones,0,1,0,1
indonesia,5,77,89,171
indonesiaaa,0,1,0,1
indonesian,3,23,15,41
indonesianhumanberkata,0,1,0,1
indonesians,2,0,1,3
indonesianyaa,0,1,0,1
indoni,0,1,0,1
indonisian,0,3,0,3
indoor,11,18,15,44
indoors,4,8,16,28
induce,0,1,6,7
induced,8,0,35,43
inducing,6,2,8,16
induction,2,2,4,8
indudablemente,0,2,0,2
induire,0,1,0,1
indulge,8,1,22,31
indulged,0,0,2,2
indulgence,8,0,5,13
indulgencies,0,0,2,2
indulgent,6,5,7,18
indulging,1,1,3,5
indus,0,0,2,2
industria,0,4,1,5
industrial,18,11,24,53
industrialisation,0,0,1,1
industrialist,1,0,0,1
industrialized,4,0,1,5
industrie,0,0,1,1
industriels,2,0,0,2
industries,5,10,23,38
industrious,3,0,0,3
industry,147,42,331,520
indutry,0,1,0,1
indy,7,0,28,35
ine,0,3,1,4
ineasta,1,0,0,1
inecesary,0,4,0,4
inedible,0,0,2,2
inedverteadly,0,0,1,1
ineffable,0,0,2,2
ineffective,5,0,5,10
ineffectual,0,0,1,1
inefficiency,0,0,1,1
inefficient,10,0,13,23
ineista,0,2,0,2
inengine,0,0,2,2
inept,12,0,3,15
inequality,7,1,21,29
inert,0,0,3,3
inertia,1,0,6,7
ines,0,0,2,2
inescapable,1,0,1,2
inesperada,0,5,0,5
inesta,0,0,1,1
inet,0,0,1,1
ineverwinanything,0,0,4,4
inevitabel,1,0,0,1
inevitability,0,0,7,7
inevitable,23,7,75,105
inevitably,9,1,24,34
inexcusable,1,0,9,10
inexistant,0,0,1,1
inexpensive,2,0,19,21
inexperience,0,0,2,2
inexperienced,8,0,6,14
inexplicable,0,0,3,3
inexplicably,0,0,2,2
inez,1,0,0,1
inf,0,2,1,3
infact,10,1,20,31
infallible,3,3,16,22
infami,0,1,0,1
infamous,11,5,11,27
infamously,0,0,1,1
infamy,1,0,2,3
infancia,0,2,0,2
infancy,0,0,3,3
infant,20,6,27,53
infante,0,6,0,6
infanticide,1,0,6,7
infantil,0,3,0,3
infantile,8,0,11,19
infantilized,0,0,1,1
infantry,2,0,3,5
infantrymen,0,0,1,1
infants,8,0,7,15
infastructure,0,0,2,2
infatuated,0,0,1,1
infatuation,6,1,1,8
infect,0,0,9,9
infected,31,3,43,77
infecting,1,1,13,15
infection,7,12,33,52
infections,7,10,7,24
infectionsin,0,0,1,1
infectious,1,7,39,47
infectiously,0,0,8,8
infectiousness,3,0,0,3
infector,0,0,2,2
infects,0,5,0,5
infelizmente,0,1,0,1
infenitly,0,0,3,3
infer,2,0,7,9
inference,0,0,1,1
inferences,0,1,0,1
inferi,0,0,1,1
inferior,22,8,50,80
infernet,0,0,3,3
inferno,2,10,7,19
inferred,0,0,1,1
infertile,1,0,4,5
infertility,2,0,11,13
infest,10,1,0,11
infestation,3,0,1,4
infested,2,4,4,10
infidelidad,0,4,0,4
infidelities,1,0,0,1
infidelity,0,0,5,5
infidels,0,0,3,3
infierno,0,7,0,7
infighting,0,0,5,5
infiltrate,0,2,1,3
infiltrated,1,0,3,4
infiltration,2,0,1,3
infiltrator,0,0,1,1
infiltrators,1,0,0,1
infinate,0,0,1,1
infinit,0,1,0,1
infinitas,0,0,1,1
infinite,36,56,96,188
infinitely,3,3,33,39
infiniti,0,0,4,4
infinito,0,1,0,1
infinitum,0,1,3,4
infinity,37,46,61,144
infinityeggs,0,2,0,2
infinty,0,0,3,3
infirmary,3,0,0,3
infj,0,0,1,1
infla,0,1,0,1
inflados,0,4,0,4
inflamation,0,1,0,1
inflame,0,0,1,1
inflamed,16,1,4,21
inflaming,0,0,1,1
inflammation,2,4,5,11
inflammations,4,0,0,4
inflammatory,0,1,1,2
inflammotry,0,0,1,1
inflammtory,0,0,1,1
inflan,0,1,0,1
inflatable,1,29,30,60
inflate,2,2,4,8
inflated,11,0,12,23
inflating,0,0,6,6
inflation,3,3,20,26
inflected,0,0,2,2
inflection,3,0,14,17
inflections,2,1,3,6
inflict,0,0,6,6
inflicted,3,0,1,4
inflicts,2,0,2,4
inflluencer,0,0,1,1
influence,48,27,158,233
influenced,13,12,65,90
influencer,0,3,8,11
influencers,1,0,31,32
influences,5,1,55,61
influencial,0,1,2,3
influencias,0,3,2,5
influencing,1,0,8,9
influenster,0,0,1,1
influensters,0,0,4,4
influental,0,0,1,1
influential,7,4,47,58
influir,0,3,0,3
influx,6,0,18,24
influyentes,0,0,3,3
info,53,61,256,370
infobox,0,0,1,1
infografic,0,0,2,2
infographers,0,4,0,4
infographic,1,0,5,6
infographics,3,9,8,20
infomation,0,0,2,2
infomational,2,0,0,2
infomercial,0,1,3,4
infomercials,2,0,2,4
inform,13,1,23,37
informaci,0,23,0,23
informacion,0,3,0,3
informacja,0,3,0,3
informado,0,3,0,3
informal,0,0,18,18
informality,0,0,2,2
informalperv,1,0,0,1
informando,0,0,3,3
informant,0,1,0,1
informants,0,0,3,3
informarle,0,1,0,1
information,91,49,520,660
informational,0,0,9,9
informations,0,0,2,2
informativ,0,1,0,1
informative,23,11,317,351
informed,8,6,65,79
informer,0,4,1,5
informing,3,1,11,15
informs,0,0,3,3
informtation,0,0,1,1
inforrmation,1,0,0,1
infortunati,0,1,0,1
infortuni,0,1,0,1
infortunio,0,0,1,1
infos,2,0,2,4
infotainment,0,2,7,9
infowars,14,0,2,16
infp,10,13,9,32
infra,0,0,1,1
infracci,0,4,0,4
infrared,1,6,20,27
infrastructure,18,6,27,51
infrequent,0,0,2,2
infringe,2,0,1,3
infringed,0,5,16,21
infringement,3,6,12,21
infringing,1,4,2,7
infront,14,9,28,51
infrustructure,0,0,1,1
infuriated,6,0,0,6
infuriates,0,5,5,10
infuriating,11,0,8,19
infurniture,0,1,0,1
infuse,0,5,11,16
infused,8,0,12,20
infusing,5,0,0,5
infusion,0,0,2,2
infusions,0,0,11,11
ing,37,35,145,217
ingame,3,4,5,12
ingat,0,1,1,2
inge,0,7,10,17
ingen,0,1,0,1
ingeneral,2,0,0,2
ingenious,0,0,14,14
ingeniro,0,1,0,1
ingenius,2,0,0,2
ingenuine,0,0,1,1
ingenuinity,0,0,4,4
ingenuity,0,0,4,4
ingenuos,0,5,0,5
ingest,0,5,2,7
ingested,0,0,7,7
ingham,3,1,0,4
ingilizce,0,7,0,7
ingilizcem,0,7,0,7
ingilizler,0,1,0,1
ingin,2,0,0,2
ingird,0,0,4,4
ingl,0,15,6,21
inglaterra,0,7,0,7
ingle,0,1,0,1
ingleberte,1,0,0,1
ingles,0,48,1,49
inglesa,0,1,0,1
inglese,0,2,0,2
ingleses,0,16,0,16
inglesias,0,1,0,1
inglis,1,0,0,1
inglish,2,7,1,10
inglorious,0,0,1,1
ingloriously,1,0,0,1
ingloriuos,1,0,0,1
inglot,0,0,3,3
inglourious,0,1,2,3
ingmar,1,0,0,1
ingnorance,0,0,2,2
ingrained,0,0,12,12
ingram,1,0,0,1
ingrata,0,4,0,4
ingrate,0,0,4,4
ingrediants,3,0,0,3
ingredient,23,12,44,79
ingredientes,0,1,2,3
ingredients,47,25,123,195
ingreis,0,4,0,4
ingresa,0,2,0,2
ingrid,38,27,187,252
ingridient,0,0,4,4
ingrown,0,2,1,3
ings,0,0,10,10
ingsoc,0,1,1,2
inguardabile,0,5,0,5
inguito,0,1,0,1
inh,0,1,0,1
inhabit,2,0,11,13
inhabitable,0,1,1,2
inhabitants,0,2,14,16
inhabitating,1,0,0,1
inhabited,6,0,3,9
inhabiting,0,0,2,2
inhabits,0,0,2,2
inhalation,0,0,1,1
inhale,0,5,3,8
inhaled,2,0,1,3
inhaler,1,1,5,7
inhales,2,3,4,9
inhaling,0,5,4,9
inharently,0,0,1,1
inherent,2,4,10,16
inherently,11,2,15,28
inherit,46,6,4,56
inheritance,2,3,23,28
inherited,10,0,19,29
inheritors,0,0,1,1
inherits,0,0,2,2
inhibit,0,0,1,1
inhibited,0,0,6,6
inhibiting,0,1,0,1
inhibitions,3,0,0,3
inhibitor,0,0,1,1
inhibitory,1,0,0,1
inhibits,0,0,1,1
inhiliator,0,0,1,1
inhuman,6,8,5,19
inhumane,14,0,2,16
inhumanity,0,0,3,3
inhumans,2,6,4,12
ini,0,12,4,16
inici,0,2,0,2
inicial,0,1,0,1
iniciaste,0,3,0,3
iniciativa,0,4,0,4
inicio,0,11,0,11
inicios,0,1,0,1
inie,0,1,0,1
iniesta,8,17,32,57
inigualable,0,3,0,3
inigualables,0,1,0,1
inih,0,1,0,1
iniinom,0,1,0,1
inimitabile,0,2,0,2
inimitable,2,0,0,2
inin,0,1,0,1
iniquites,0,0,1,1
iniquities,0,0,3,3
iniquity,0,0,5,5
inisist,0,0,7,7
init,0,2,10,12
inital,0,0,1,1
initial,29,12,61,102
initially,14,0,51,65
initials,1,1,10,12
initiate,6,1,12,19
initiated,0,3,1,4
initiating,5,4,1,10
initiative,8,9,20,37
initiatives,0,0,1,1
initiator,0,0,1,1
initimidated,0,0,3,3
inivitive,0,0,1,1
iniz,0,1,0,1
inizde,0,1,0,1
iniziativa,0,5,0,5
inject,3,4,6,13
injected,2,7,21,30
injecting,3,5,6,14
injection,22,4,8,34
injections,22,16,51,89
injector,4,0,0,4
injects,0,1,0,1
injoyed,0,0,3,3
injure,21,12,5,38
injured,106,61,171,338
injures,0,0,12,12
injuries,30,22,73,125
injuring,3,1,3,7
injury,35,19,60,114
injustamente,0,5,0,5
injuste,0,1,0,1
injusticado,0,1,0,1
injustice,28,8,34,70
injustices,1,0,6,7
injusticias,0,6,0,6
injustificable,6,0,0,6
injusto,0,8,0,8
ink,3,30,34,67
inkcased,0,3,0,3
inki,0,2,0,2
inkigayo,0,1,1,2
inkijkje,0,0,1,1
inkitchentable,0,0,2,2
inkling,0,0,2,2
inktober,0,0,11,11
inkworld,0,0,2,2
inland,0,2,5,7
inlauv,0,2,0,2
inlaws,3,0,0,3
inlay,0,1,0,1
inlcuye,0,4,0,4
inlets,0,1,0,1
inlijsten,0,1,0,1
inliminati,0,1,0,1
inline,0,2,3,5
inlove,4,31,20,55
inloveee,0,1,0,1
inluv,0,1,0,1
inly,0,1,0,1
inmadurez,0,5,0,5
inmate,0,0,1,1
inmates,2,0,2,4
inmature,1,0,1,2
inme,0,1,0,1
inmedi,0,0,1,1
inmediately,1,0,2,3
inmediatly,0,0,3,3
inmediato,0,3,0,3
inmemorables,0,1,0,1
inmensa,6,0,0,6
inmensas,0,0,5,5
inmenso,0,0,5,5
inmersi,0,2,0,2
inmersive,0,0,3,3
inmobiliario,0,4,0,4
inmortal,0,0,2,2
inmy,0,1,0,1
inn,0,8,24,32
inna,1,4,6,11
innacurasies,0,0,1,1
innacurate,6,1,0,7
innana,0,5,1,6
innapropriate,0,0,1,1
innards,0,1,0,1
innate,1,1,19,21
innately,0,0,12,12
innego,0,2,0,2
innej,0,2,0,2
inner,39,48,118,205
inneresten,0,1,0,1
innermost,0,0,6,6
innerspace,0,1,0,1
innertrypaphobiacomingin,0,2,0,2
innertube,2,0,0,2
innervated,0,0,3,3
innevitable,0,0,6,6
inni,0,4,0,4
innicent,0,0,1,1
inning,5,0,0,5
innisfree,0,5,1,6
innistrad,1,0,0,1
innit,19,2,20,41
innkeeper,4,0,0,4
innn,0,1,1,2
innna,0,0,1,1
innnggg,1,0,0,1
innnn,0,2,0,2
innnnnn,0,0,1,1
innnnnnnsane,0,6,0,6
innocence,7,10,79,96
innocent,105,8,275,388
innocents,10,0,12,22
innocuous,1,0,3,4
innotek,0,0,1,1
innout,0,1,1,2
innova,0,0,4,4
innovat,0,1,0,1
innovate,4,0,1,5
innovated,0,0,6,6
innovating,2,0,1,3
innovation,19,2,19,40
innovations,1,0,7,8
innovative,12,2,65,79
inns,0,0,6,6
innsbruck,0,0,2,2
innuendo,0,7,0,7
innuendos,3,10,8,21
innuits,0,0,6,6
innumerable,0,0,1,1
inny,0,0,1,1
innych,0,2,0,2
innym,0,3,0,3
ino,1,0,0,1
inocencia,1,6,0,7
inocent,4,0,0,4
inocente,0,7,5,12
inocentes,0,5,0,5
inoculate,2,0,1,3
inoculations,0,0,3,3
inoffensive,1,0,0,1
inogasonmygoldstrojeislevel,0,2,0,2
inolvidable,0,6,0,6
inorder,0,0,1,1
inordinately,0,0,3,3
inorganic,0,0,4,4
inosente,0,4,0,4
inoticed,0,0,3,3
inovando,0,2,0,2
inovate,2,0,0,2
inovation,0,1,3,4
inovations,0,0,1,1
inpatient,2,0,3,5
inperfections,1,0,0,1
inpiration,2,1,0,3
inplace,0,1,0,1
inportant,0,0,2,2
inprisoned,1,0,0,1
inprisoning,0,0,5,5
inpropiate,1,0,0,1
inprotent,1,0,0,1
inproved,1,0,0,1
input,16,12,51,79
inputs,4,0,21,25
inputted,0,0,1,1
inquire,0,0,2,2
inquiring,0,9,2,11
inquiry,3,0,13,16
inquisition,0,2,5,7
inquisitor,0,1,0,1
inquistive,0,0,1,1
inr,1,0,1,2
inrerview,0,0,4,4
inrerviewr,0,0,2,2
inroduce,0,0,1,1
ins,3,19,31,53
insaaaane,0,0,1,1
insallah,0,3,1,4
insan,0,4,0,4
insane,620,8,141,769
insaneeee,0,0,1,1
insaneeeeee,0,1,0,1
insaneeeeeee,0,4,4,8
insanely,32,0,114,146
insaneno,0,2,0,2
insanity,25,13,47,85
insanlar,0,1,0,1
insanly,0,0,3,3
insano,0,4,0,4
insant,0,2,0,2
insatgram,0,1,0,1
insatiable,2,1,1,4
inscope,0,7,1,8
inscreva,0,9,0,9
inscrevam,0,3,0,3
inscrever,0,2,0,2
inscribed,3,0,0,3
inscrita,0,0,1,1
inscrito,0,3,1,4
inscritos,0,6,0,6
insdie,0,4,0,4
insect,17,7,6,30
insectos,0,1,0,1
insectride,1,0,0,1
insects,30,34,35,99
insecure,55,4,65,124
insecurebabes,0,1,0,1
insecurites,1,0,0,1
insecurities,23,8,64,95
insecurity,24,4,36,64
inseminate,0,0,1,1
inseminated,0,0,1,1
insensitive,31,3,22,56
insensitivity,8,2,0,10
inseparable,1,0,1,2
insert,30,43,58,131
inserted,5,2,12,19
inserting,0,2,20,22
insertion,0,0,1,1
insertionfags,0,1,0,1
inserts,1,4,11,16
insest,1,0,0,1
inset,0,3,0,3
insex,0,0,1,1
insha,0,1,6,7
inshaallah,0,0,4,4
inshallah,0,0,18,18
inshurinsse,0,1,0,1
inside,401,1017,1027,2445
insideeee,0,1,0,1
insidei,2,0,0,2
insideout,0,0,2,2
insider,10,1,2,13
insiders,0,0,1,1
insides,6,11,13,30
insidious,1,0,2,3
insidr,0,0,2,2
insie,0,1,0,1
insight,26,15,130,171
insighted,0,0,1,1
insightful,6,11,85,102
insightfull,0,0,1,1
insights,1,0,27,28
insigne,0,4,0,4
insignificant,11,0,10,21
insignifigant,3,0,0,3
insilent,0,0,4,4
insinc,0,0,2,2
insincere,7,0,0,7
insinuaci,0,1,0,1
insinuando,0,0,10,10
insinuating,0,0,1,1
insinuation,0,0,3,3
insinuations,2,0,0,2
insiparation,0,1,0,1
insipid,1,0,0,1
insipired,0,1,0,1
insiprationn,2,0,0,2
insipring,0,0,5,5
insist,12,5,11,28
insisted,3,0,3,6
insistent,2,0,5,7
insisting,3,0,9,12
insistir,0,3,0,3
insists,0,4,7,11
insite,0,1,0,1
inslave,0,1,0,1
insole,1,0,0,1
insolent,0,0,9,9
insoles,0,0,2,2
insomnia,0,1,12,13
insomniac,0,0,2,2
insont,0,4,0,4
insoportable,5,0,0,5
insparation,1,1,2,4
inspect,1,4,3,8
inspected,0,0,1,1
inspecting,0,2,0,2
inspection,6,1,4,11
inspections,0,0,2,2
inspector,3,2,6,11
inspectors,0,0,1,1
insperation,0,2,0,2
inspir,0,2,0,2
inspiraci,1,6,0,7
inspirado,0,1,0,1
inspirante,0,1,0,1
inspirasion,0,0,1,1
inspirate,0,0,4,4
inspirated,0,0,3,3
inspiratie,0,1,0,1
inspiration,98,170,1023,1291
inspirational,2,2,287,291
inspirationnal,0,0,5,5
inspirations,1,3,39,43
inspire,39,19,300,358
inspired,107,177,652,936
inspireert,0,0,1,1
inspireing,0,2,6,8
inspireme,0,0,1,1
inspires,0,9,87,96
inspiring,20,1,792,813
inspiringphilosophy,0,0,1,1
inspirit,0,0,1,1
inspirited,0,0,1,1
inspiriting,0,0,1,1
inspiro,0,1,0,1
inspirrd,0,1,0,1
inspite,0,1,0,1
inspo,7,3,36,46
inspooz,0,0,5,5
insporation,0,0,1,1
inspre,0,0,2,2
inspriring,0,0,2,2
inst,4,0,0,4
insta,9,111,183,303
instaaa,0,1,0,1
instability,5,0,3,8
instabilitys,0,0,1,1
instable,1,0,1,2
instabrows,0,0,1,1
instacrumb,1,0,0,1
instaed,6,0,0,6
instaglam,3,0,0,3
instagram,89,292,609,990
instagrama,0,0,2,2
instagramed,1,0,0,1
instagraming,1,0,0,1
instagrammers,0,0,1,1
instagramming,0,0,1,1
instagrammmmmmmmmmmmmmmmmmmmmmmmmmmmmmmmmmmmmmmmmmmmmmmmmmmmmmmmmmmmmmmmmmmmmmmmmmmmmmmmmmmmmmmmmmmmmmmmmmmmmmmmmmmmmmmmmmmmmmmmmmmmmmmmmmmmmmmmmmmmmmmmmmmmmmmmmmmmmmmmmmmmmmmmmmmmmmmmmmmmmmmmmmmmmmmmmmmmmmmmmmmmmmmmmmmmmmmmmmmmmmmmm,0,3,0,3
instagrams,0,0,3,3
instal,0,1,3,4
install,30,48,51,129
installation,1,0,9,10
installed,18,18,59,95
installer,0,2,1,3
installers,1,0,0,1
installes,3,0,0,3
installing,1,9,14,24
installment,4,6,1,11
installments,0,1,4,5
installs,5,0,0,5
instalment,4,0,4,8
instam,0,1,0,1
instan,0,2,0,2
instance,28,1,116,145
instances,4,4,22,30
instandly,1,0,0,1
instanstly,0,0,1,1
instant,26,67,93,186
instantaneous,1,0,8,9
instantaneously,1,0,0,1
instantly,45,42,202,289
instastories,0,0,1,1
instastory,0,0,1,1
instastrory,0,0,1,1
instatly,0,1,0,1
instatube,0,1,0,1
instead,757,546,1641,2944
insted,0,9,3,12
insteed,0,0,3,3
instense,4,0,0,4
insterayinal,0,1,0,1
insteresed,0,3,0,3
instergram,0,1,0,1
instgram,0,3,8,11
instigate,0,0,3,3
instigated,1,0,3,4
instigates,1,0,1,2
instigating,1,8,1,10
instigator,3,0,1,4
instil,0,0,5,5
instill,7,0,15,22
instillation,0,3,0,3
instilled,1,0,10,11
instilling,2,0,0,2
instinct,6,11,42,59
instinctive,4,0,4,8
instinctively,4,4,6,14
instincts,10,3,12,25
instine,0,0,1,1
instingram,0,1,0,1
instinkt,0,0,1,1
institute,9,2,11,22
instituted,0,0,4,4
instituting,0,0,3,3
institution,6,7,17,30
institutional,2,2,4,8
institutionalised,0,0,1,1
institutionalized,1,0,0,1
institutionally,0,0,4,4
institutions,9,1,39,49
instiutions,1,0,0,1
instore,0,0,3,3
instragam,1,0,0,1
instragram,0,0,1,1
instrested,1,0,0,1
instrgram,0,0,3,3
instru,0,1,0,1
instructable,2,0,0,2
instructed,0,0,3,3
instructing,0,0,1,1
instruction,5,0,7,12
instructional,1,0,6,7
instructions,28,32,68,128
instructive,0,0,1,1
instructor,4,0,9,13
instructors,0,1,2,3
instructs,0,0,3,3
instrumennnntttttt,0,2,0,2
instrument,5,20,44,69
instrumental,26,51,46,123
instrumentales,0,1,0,1
instrumentalists,1,0,5,6
instrumentals,0,4,7,11
instrumentation,0,0,1,1
instrumento,0,3,0,3
instrumentos,0,2,0,2
instruments,12,24,101,137
instyle,0,2,8,10
insubordinate,13,0,0,13
insufferable,13,6,6,25
insufferably,2,1,5,8
insufficient,2,0,2,4
insuffience,0,0,3,3
insulate,0,1,5,6
insulated,1,2,1,4
insulating,6,0,0,6
insulation,5,0,7,12
insulin,39,14,87,140
insult,58,45,64,167
insultando,0,5,0,5
insultare,0,1,0,1
insultarme,0,1,0,1
insulte,0,3,0,3
insulted,19,5,13,37
insulter,0,2,0,2
insultes,4,2,0,6
insulting,52,0,7,59
insultingly,2,0,0,2
insultos,0,3,0,3
insults,17,1,21,39
insurance,61,43,225,329
insurances,0,0,5,5
insure,1,0,6,7
insured,0,1,0,1
insurers,0,0,9,9
insurgence,0,0,1,1
insurgents,0,0,1,1
insurmountable,2,0,0,2
insurrance,0,0,6,6
int,7,12,8,27
intact,15,12,40,67
intacta,0,1,0,1
intactos,0,2,0,2
intagram,0,1,0,1
intake,15,3,45,63
intamin,0,5,3,8
intangibility,1,0,0,1
intangible,0,0,2,2
inte,1,1,0,2
intead,0,0,1,1
integer,2,1,1,4
integral,11,3,14,28
integrand,0,0,1,1
integrantes,0,2,0,2
integrar,0,1,0,1
integrate,3,2,10,15
integrated,3,0,15,18
integrating,0,0,8,8
integration,3,5,24,32
integrator,0,0,1,1
integrators,0,0,2,2
integrity,24,2,49,75
inteiro,0,3,0,3
intel,9,2,17,28
inteligence,2,0,3,5
inteligent,0,0,1,1
inteligente,0,5,0,5
intell,2,0,0,2
intellect,9,0,19,28
intellects,0,0,5,5
intellectual,8,0,134,142
intellectualizing,0,0,5,5
intellectually,15,0,17,32
intellectualproperty,0,0,5,5
intellectuals,7,2,2,11
intellegence,0,0,2,2
intellegent,4,0,4,8
intelligence,52,18,130,200
intelligences,5,0,0,5
intelligent,21,0,291,312
intelligently,14,0,5,19
intelligents,0,1,0,1
intelnet,0,1,0,1
intels,0,0,2,2
intems,0,0,1,1
inten,0,1,0,1
intence,2,0,0,2
intencion,0,0,3,3
intenciones,2,0,0,2
intend,3,1,26,30
intended,43,28,100,171
intending,1,0,4,5
intends,1,0,1,2
intenion,0,4,0,4
intens,0,0,2,2
intense,30,8,222,260
intensely,7,0,14,21
intenser,0,0,3,3
intensidad,0,2,0,2
intensified,0,0,2,2
intensifies,2,43,0,45
intensify,0,0,4,4
intensifying,0,0,1,1
intensifyis,1,0,0,1
intension,0,0,1,1
intensity,9,4,31,44
intensive,5,1,18,24
intensively,3,0,0,3
intenso,0,3,0,3
intent,29,2,35,66
intenta,1,1,0,2
intentan,0,2,0,2
intentar,0,1,5,6
intentarian,0,1,0,1
intentas,0,1,0,1
intention,11,8,54,73
intentional,25,6,36,67
intentionally,26,7,40,73
intentioned,3,0,2,5
intentions,17,7,55,79
intently,0,0,8,8
intento,0,1,2,3
intents,0,0,1,1
intenzo,0,1,0,1
inter,38,64,27,129
interacial,0,5,6,11
interact,22,4,64,90
interactable,1,0,1,2
interacted,2,0,10,12
interacting,2,3,26,31
interaction,13,4,59,76
interactions,4,0,35,39
interactive,7,1,28,36
interacts,1,0,9,10
interational,0,0,4,4
interbants,0,2,0,2
interbreeding,0,0,1,1
intercambiable,0,2,0,2
intercede,0,0,7,7
intercept,8,0,5,13
intercepted,1,1,0,2
intercepting,10,0,1,11
interception,6,0,1,7
interceptor,1,3,5,9
interceptors,0,0,2,2
interchange,0,0,1,1
interchangeability,0,0,1,1
interchangeable,0,0,8,8
interchangeably,0,1,0,1
interchanged,0,0,3,3
interchanging,0,0,1,1
intercity,1,1,4,6
interconnected,0,0,4,4
interconnecting,0,0,2,2
intercourse,0,3,3,6
interdicted,0,0,4,4
interdimensional,0,9,3,12
interegent,0,6,0,6
interesa,0,1,3,4
interesada,0,4,0,4
interesante,0,4,0,4
interesantes,0,5,0,5
interessa,0,7,0,7
interessant,0,6,0,6
interessante,0,0,5,5
interessted,0,0,1,1
interest,78,54,282,414
interested,122,1,766,889
interesting,132,14,2454,2600
interestinggggggg,0,5,0,5
interestingly,6,4,14,24
interestingness,0,1,0,1
interestong,0,0,3,3
interests,8,3,55,66
intereszing,0,1,0,1
interface,7,1,24,32
interfaces,0,0,6,6
interfacing,1,0,0,1
interfaz,0,2,0,2
interfere,5,6,28,39
interfered,0,0,12,12
interference,6,7,10,23
interferes,4,0,17,21
interfering,14,1,6,21
intergalactic,2,7,4,13
interim,0,2,1,3
interior,31,28,86,145
interiors,0,0,6,6
interista,0,0,1,1
interisting,0,5,1,6
interject,1,0,8,9
interlaced,0,5,0,5
interlacing,3,0,2,5
interlocutors,0,0,1,1
interlude,0,3,7,10
interludes,0,0,5,5
interm,0,0,2,2
intermediate,2,2,10,14
interment,0,0,1,1
intermission,0,1,0,1
intermittent,1,2,13,16
intermittently,0,0,2,2
intermodulations,0,0,1,1
intern,15,7,7,29
internacional,0,3,0,3
internal,16,6,63,85
internalised,5,0,2,7
internalize,1,0,1,2
internally,1,17,25,43
internalmy,0,0,1,1
internals,5,0,4,9
internasional,0,0,1,1
international,37,30,152,219
internationalfanproblems,0,1,0,1
internationalist,0,0,1,1
internationally,0,7,21,28
internationalphannieday,0,1,0,1
internationaly,0,2,0,2
internet,268,251,620,1139
internets,0,3,6,9
internettywebbythingymajig,0,0,4,4
internetz,0,0,1,1
interning,0,4,0,4
interno,0,6,0,6
interns,0,5,17,22
internship,2,3,9,14
interntnl,0,0,1,1
internyet,0,4,0,4
interpersonal,0,0,1,1
interplay,0,1,0,1
interpolates,0,0,8,8
interpr,0,3,0,3
interpret,15,0,23,38
interpreta,0,2,0,2
interpretaci,0,1,0,1
interpretan,0,1,0,1
interpretando,0,1,0,1
interpretation,16,1,51,68
interpretations,1,7,11,19
interpretazione,0,2,0,2
interprete,0,2,0,2
interpreted,6,1,10,17
interpreter,0,1,17,18
interpreters,0,0,1,1
interpreting,7,0,4,11
interprets,2,0,3,5
interracial,30,1,25,56
interracially,0,7,0,7
interrailing,0,0,1,1
interred,0,0,1,1
interresting,1,0,2,3
interrogate,0,5,0,5
interrogated,0,0,5,5
interrogation,5,0,6,11
interrogator,0,0,2,2
interrumpen,0,1,0,1
interrupt,5,0,7,12
interrupted,5,2,25,32
interrupting,7,6,19,32
interruption,3,0,5,8
interruptions,3,1,3,7
interruptive,1,0,0,1
interrupts,3,0,2,5
interscope,0,0,4,4
intersect,0,0,4,4
intersecting,0,0,5,5
intersection,1,9,16,26
intersectional,1,0,2,3
intersectionality,0,0,3,3
intersections,0,0,1,1
interseting,0,0,3,3
intersex,0,3,0,3
interships,0,0,2,2
intersperse,0,0,3,3
interstate,0,0,1,1
intersted,0,6,0,6
interstellar,6,9,9,24
intersting,0,6,0,6
interstitial,0,0,1,1
intertainers,0,0,1,1
intertaining,0,0,1,1
intertainment,0,0,6,6
intertanment,0,0,2,2
intertoto,0,0,4,4
intertwined,1,0,6,7
intertwining,0,0,2,2
interupt,0,0,4,4
interupting,0,1,0,1
interupts,0,0,1,1
interval,2,0,3,5
intervals,9,2,8,19
interveiws,0,0,1,1
intervene,2,3,3,8
intervener,3,0,0,3
intervenes,0,0,2,2
intervening,1,0,0,1
intervention,110,1,22,133
interventionist,1,0,0,1
intervier,0,0,6,6
interview,242,259,1319,1820
interviewed,16,16,27,59
interviewee,0,0,1,1
interviewees,0,0,9,9
interviewer,37,7,58,102
interviewers,12,0,15,27
interviewing,37,26,61,124
interviews,46,61,235,342
interviewso,0,0,1,1
intervine,0,0,4,4
interviw,0,0,1,1
interweb,0,0,2,2
interwebs,6,0,4,10
interwebz,0,0,1,1
interwiev,1,0,0,1
intesifies,0,1,0,1
intestine,1,0,4,5
intestinea,0,0,1,1
intestines,3,6,5,14
intetesting,0,0,1,1
intevatititve,0,2,0,2
inthe,2,3,1,6
inthefrow,0,0,8,8
inthefrows,0,0,1,1
inthide,0,3,0,3
intial,0,0,3,3
intihar,0,4,0,4
intil,0,0,1,1
intill,0,1,0,1
intimacy,0,0,14,14
intimat,0,1,2,3
intimate,7,0,78,85
intimately,0,0,3,3
intimidarlo,0,3,0,3
intimidate,1,0,3,4
intimidated,2,3,25,30
intimidates,5,1,0,6
intimidating,8,1,19,28
intimidation,0,0,3,3
intimidator,0,0,3,3
intire,0,0,2,2
intirelly,0,0,3,3
intitled,0,0,3,3
into,1980,1301,5622,8903
intocable,0,1,0,1
intoducting,0,1,0,1
intolerable,1,2,12,15
intolerably,3,0,0,3
intolerance,7,8,35,50
intolerances,0,3,9,12
intolerancia,0,2,0,2
intolerant,36,6,43,85
intolerantes,0,3,0,3
intollerent,3,0,0,3
intonation,9,4,0,13
intooo,0,1,0,1
intor,0,0,2,2
intos,0,4,0,4
intothefire,0,2,0,2
intoxicaaatted,0,5,0,5
intoxicaded,0,0,1,1
intoxicated,4,0,7,11
intoxicating,0,5,5,10
intoxication,0,0,2,2
intrate,0,1,0,1
intrecessy,0,0,1,1
intregued,0,0,2,2
intrem,0,0,1,1
intressed,0,6,0,6
intrest,2,0,2,4
intrested,4,0,5,9
intresting,2,5,6,13
intrests,0,0,1,1
intricate,0,0,6,6
intricately,0,0,1,1
intriga,0,0,1,1
intrigaaaaaaa,0,1,0,1
intrigue,1,0,4,5
intrigued,9,11,56,76
intriguing,15,0,40,55
intriguingly,0,0,1,1
intrinsic,1,0,8,9
intrinsically,0,0,7,7
intro,212,529,808,1549
introbig,0,0,1,1
introducci,0,3,0,3
introduce,15,3,59,77
introduced,21,30,135,186
introduces,4,0,11,15
introducin,0,4,0,4
introducing,11,16,59,86
introducting,1,0,0,1
introduction,14,12,47,73
introductory,0,1,9,10
introo,0,1,0,1
introoo,1,0,1,2
introooio,0,1,0,1
introooo,0,4,4,8
introoooooo,0,1,2,3
introoooooooooo,0,1,0,1
intros,16,20,44,80
introspection,0,0,4,4
introspective,5,0,18,23
introspectively,4,0,0,4
introsss,0,0,1,1
introvert,6,1,13,20
introverted,0,0,9,9
introverts,0,0,3,3
intructor,0,1,0,1
intrude,0,0,9,9
intruder,0,0,6,6
intruders,0,0,1,1
intruding,0,0,6,6
intrument,0,2,1,3
intrusion,1,0,6,7
intrusive,7,0,17,24
intruso,0,2,0,2
intryguj,0,5,0,5
intuici,0,1,0,1
intuicion,0,1,0,1
intuition,8,1,22,31
intuitional,0,0,3,3
intuitive,1,16,20,37
intuitively,6,0,2,8
inturn,0,0,1,1
inu,0,1,12,13
inuendos,0,0,3,3
inumbernumber,0,1,0,1
inundando,0,1,0,1
inundated,0,0,10,10
inundation,0,0,1,1
inusual,0,1,0,1
inutil,0,7,0,7
inuts,1,0,0,1
inuuna,1,0,0,1
inuyasha,0,0,5,5
invade,12,39,17,68
invaded,5,9,12,26
invader,5,1,5,11
invaders,6,4,2,12
invades,2,2,3,7
invadesation,0,0,3,3
invading,13,1,17,31
invadors,1,0,0,1
invalid,4,6,14,24
invalidate,0,0,8,8
invalidated,0,0,1,1
invalidation,6,0,0,6
invaluable,0,0,13,13
invariably,6,0,0,6
invasion,18,1,21,40
invasions,1,0,0,1
invasive,4,4,13,21
invencible,0,2,0,2
invent,27,3,25,55
inventado,0,4,0,4
inventar,0,3,0,3
inventaram,0,2,0,2
invented,23,28,71,122
inventing,10,0,3,13
invention,0,10,45,55
inventions,0,0,7,7
inventive,6,0,14,20
inventor,3,1,11,15
inventors,2,0,3,5
inventory,1,0,3,4
inventos,0,5,0,5
inventou,0,1,0,1
invents,0,2,0,2
inverness,0,5,9,14
inverse,0,11,4,15
inversely,1,0,2,3
inversi,0,4,0,4
inversion,0,0,1,1
invert,2,1,7,10
invertebrate,0,0,2,2
invertebrates,2,0,1,3
inverted,3,3,19,25
inverter,0,0,9,9
inverters,0,0,1,1
invertir,0,6,0,6
invertiti,0,5,0,5
inverts,0,0,2,2
invest,14,19,137,170
invested,24,2,29,55
investidores,0,0,1,1
investigaci,0,1,0,1
investigate,8,20,47,75
investigated,5,1,8,14
investigates,0,1,4,5
investigating,1,4,9,14
investigation,15,2,62,79
investigations,5,2,11,18
investigative,1,0,4,5
investigator,2,0,3,5
investigators,11,5,6,22
investigo,0,1,0,1
investing,4,1,44,49
investment,10,33,62,105
investments,2,0,7,9
investor,0,0,5,5
investors,7,0,1,8
inveterate,0,0,1,1
invicta,2,0,4,6
invictus,0,2,1,3
invidual,0,7,0,7
inviertan,0,2,0,2
invigorating,1,1,3,5
invigoration,1,0,0,1
invincibility,5,2,0,7
invincible,3,1,9,13
invironment,1,0,0,1
invisalign,0,0,10,10
invisble,0,0,1,1
invished,0,1,0,1
invisibility,1,0,5,6
invisible,18,36,83,137
invisiblur,0,0,4,4
invisibly,0,0,1,1
invisiline,0,1,0,1
invit,20,0,0,20
invita,0,5,0,5
invitable,0,4,0,4
invitace,0,0,4,4
invitamos,0,3,0,3
invitarlos,0,2,0,2
invitation,1,2,8,11
invitations,0,0,2,2
invite,32,69,224,325
invited,21,60,113,194
inviten,1,0,0,1
invites,10,1,5,16
inviting,4,0,31,35
invito,0,17,0,17
invitos,0,1,0,1
invloed,0,1,0,1
invoc,0,1,0,1
invocar,0,1,0,1
invocation,1,0,0,1
invoco,0,4,0,4
invoices,0,0,3,3
invoke,7,0,1,8
invoker,0,0,1,1
invokes,0,0,5,5
invoking,0,3,0,3
involuntarily,1,0,2,3
involuntary,0,0,6,6
involve,32,15,37,84
involved,93,58,282,433
involvement,25,1,16,42
involves,5,7,26,38
involving,10,8,44,62
invoted,1,0,0,1
invovled,0,2,0,2
invulnerable,0,4,0,4
inward,0,1,7,8
inwards,1,1,0,2
inxs,0,0,3,3
inyustisia,0,1,0,1
io,6,22,9,37
ioannis,1,0,0,1
iobysa,1,0,0,1
iocane,0,2,0,2
iodine,6,0,0,6
iodized,0,0,1,1
ioe,0,0,1,1
ioffer,0,13,4,17
ioi,0,1,1,2
iol,0,1,0,1
iolashes,1,0,0,1
ion,3,10,19,32
ionesco,0,1,0,1
ionian,0,0,4,4
ionic,1,1,0,2
ionly,0,4,0,4
ionno,0,1,0,1
ions,0,2,1,3
iook,0,0,6,6
iooks,2,0,0,2
iorooooooo,0,1,0,1
ios,27,65,93,185
iota,0,0,1,1
iou,0,0,3,3
iove,0,8,2,10
ioved,0,0,1,1
iowa,0,11,16,27
ioyal,0,0,1,1
ip,14,12,53,79
ipa,3,4,1,8
ipad,34,37,49,120
ipads,3,5,1,9
ipcc,0,0,4,4
iphhone,2,0,0,2
iphn,0,0,1,1
iphne,1,0,0,1
iphome,0,1,0,1
iphon,0,0,4,4
iphone,443,1043,1452,2938
iphonee,0,0,3,3
iphoneeeeeeee,1,0,0,1
iphonenya,0,0,1,1
iphones,36,28,59,123
iphonesex,0,1,0,1
iphonex,0,4,4,8
iphonexfree,0,0,1,1
iphonexpensive,0,2,0,2
iphonexvideos,0,1,0,1
ipl,0,0,3,3
iplayer,1,0,10,11
ipoac,0,3,0,3
ipod,2,6,18,26
ipods,1,2,0,3
ipodtouch,0,0,3,3
ipohn,0,1,0,1
ipone,0,1,0,1
iporn,0,1,0,1
ipray,1,4,0,5
ipresonant,0,1,0,1
ips,0,4,17,21
ipswich,6,13,16,35
ipsy,1,0,1,2
iptal,0,1,0,1
ipv,4,0,18,22
ipx,0,1,0,1
iq,48,45,113,206
iqaluit,0,0,1,1
iqammi,0,1,0,1
iqs,0,1,2,3
ir,1,61,27,89
ira,11,5,9,25
irais,0,1,0,1
iraizoz,0,10,0,10
irak,5,0,0,5
iran,16,27,34,77
iranian,0,6,3,9
iranians,0,0,6,6
iraq,19,12,54,85
iraqi,7,5,9,21
irate,2,0,1,3
irber,0,7,0,7
ire,0,0,2,2
iredale,0,6,0,6
irei,0,1,0,1
ireland,47,70,174,291
irelend,0,0,3,3
irelevence,0,1,0,1
iremos,0,1,0,1
irene,1,3,0,4
ireo,0,3,0,3
ireukyeojwo,0,3,0,3
irgendwann,0,1,0,1
irgendwer,0,1,0,1
irgendwie,0,1,0,1
iri,0,0,1,1
iria,0,1,0,1
iridescent,0,2,3,5
irina,0,1,0,1
iris,0,2,19,21
iriscel,0,0,1,1
irish,84,97,223,404
irishman,7,0,0,7
irishtown,0,3,0,3
irk,0,5,0,5
irked,0,0,6,6
irks,0,1,0,1
irl,30,28,62,120
irlandes,0,0,1,1
irlly,0,0,1,1
irm,0,3,0,3
irma,57,60,110,227
irme,0,0,1,1
irnge,0,0,1,1
iro,0,3,0,3
irodell,1,0,0,1
iron,41,93,159,293
ironborn,0,0,2,2
ironed,0,2,1,3
ironic,28,1,183,212
ironically,9,9,34,52
ironiclly,0,1,0,1
ironies,5,0,0,5
ironing,6,7,14,27
ironman,0,2,9,11
ironmans,1,0,0,1
irons,4,0,6,10
irontom,0,13,4,17
irony,23,28,83,134
irracional,0,0,1,1
irratates,1,0,0,1
irratating,0,0,1,1
irraticaly,0,0,3,3
irrational,6,1,9,16
irrationality,0,0,5,5
irrationally,5,0,1,6
irreal,0,2,0,2
irreconcilable,0,0,4,4
irregardless,0,0,3,3
irregular,32,0,46,78
irrelavant,0,7,0,7
irrelavent,0,0,1,1
irrelefint,0,0,1,1
irrelevance,0,0,5,5
irrelevancy,2,0,0,2
irrelevant,112,9,41,162
irrelevent,9,0,0,9
irreparable,4,0,5,9
irreplaceable,0,2,6,8
irresistible,12,1,7,20
irresistibly,0,0,5,5
irrespetuosas,0,3,0,3
irresponsibility,0,0,2,2
irresponsible,12,2,11,25
irreverence,0,0,1,1
irreverent,1,0,0,1
irreversible,0,1,7,8
irreversibly,0,0,2,2
irritable,10,1,0,11
irritant,1,0,1,2
irritate,7,0,6,13
irritated,23,1,46,70
irritates,12,1,5,18
irritating,59,0,29,88
irritatingly,0,0,2,2
irritation,0,0,14,14
irror,0,4,0,4
irs,3,2,34,39
irse,0,7,0,7
irst,0,1,0,1
iruna,0,1,0,1
irv,1,4,7,12
irvin,2,0,0,2
irving,1,6,13,20
irwin,4,1,12,17
is,38091,35279,105196,178566
isa,1,8,5,14
isaaaaa,0,1,0,1
isaac,21,63,309,393
isaacs,1,0,16,17
isabel,1,2,2,5
isabela,0,1,0,1
isabella,3,11,32,46
isabelle,0,0,5,5
isac,3,9,1,13
isacc,0,5,6,11
isaiah,26,10,36,72
isaiahs,0,0,3,3
isaiahtheboy,0,0,3,3
isaic,0,4,0,4
isaigh,0,1,0,1
isang,0,3,1,4
isawthatfidgetspinner,0,1,0,1
isayaah,0,0,3,3
isbanned,0,0,1,1
isbell,0,0,7,7
isbettergetgudscrub,1,0,0,1
isbeyond,1,0,0,1
isbn,0,0,1,1
iscam,0,3,0,3
iscariot,0,0,6,6
isco,0,7,3,10
iscritti,0,3,0,3
iscritto,0,1,0,1
iscrivetevi,0,1,0,1
iscrivi,0,1,0,1
isdat,0,3,0,3
isdead,0,5,0,5
isdisgusting,1,0,0,1
iseck,0,1,0,1
ised,0,0,1,1
isee,0,0,5,5
isent,0,0,4,4
iseo,0,2,0,2
isgod,0,1,0,1
ish,32,51,159,242
isha,0,2,1,3
ishakira,0,1,1,2
ishbalan,0,1,0,1
ishe,0,0,1,1
isheep,3,2,10,15
isheeps,0,4,5,9
ishh,0,1,0,1
ishit,6,3,1,10
ishits,0,0,4,4
ishma,0,0,3,3
ishow,0,0,3,3
ishtaaaaiiiiii,0,3,0,3
ishtar,0,3,4,7
ishvalans,0,0,1,1
isi,0,10,0,10
isiah,0,0,3,3
isic,0,8,0,8
isicc,0,1,0,1
isif,1,0,0,1
isil,1,0,0,1
isimler,0,2,0,2
isin,1,0,0,1
ising,0,0,4,4
isint,4,5,3,12
isis,88,53,74,215
isit,0,1,7,8
iska,0,2,0,2
isl,0,6,0,6
isla,8,77,59,144
islam,103,84,98,285
islamabad,0,6,0,6
islamaphobia,6,0,0,6
islamaphobic,0,0,2,2
islamic,55,19,50,124
islamics,0,0,1,1
islamisadeathcult,0,0,2,2
islamists,2,7,0,9
islamofascists,3,0,0,3
islamophobes,0,1,2,3
islamophobia,1,1,0,2
islamophobic,2,0,2,4
islams,5,0,0,5
islan,1,0,0,1
island,118,108,241,467
islander,0,5,3,8
islanders,0,0,7,7
islandie,0,1,0,1
islands,20,28,81,129
islans,0,2,0,2
islas,1,1,2,4
isle,7,28,31,66
isles,3,6,3,12
islik,0,0,1,1
islita,0,1,1,2
ism,0,2,12,14
ismael,0,0,2,2
ismail,6,3,28,37
ismell,0,1,0,1
ismen,0,1,0,1
ismet,0,1,0,1
ismini,0,1,0,1
isn,115,101,300,516
isnothing,0,0,1,1
isnpiring,0,0,1,1
isnt,220,154,321,695
isntagram,0,1,0,1
isntalled,4,0,0,4
isntantly,0,2,0,2
isntn,1,0,0,1
iso,6,44,48,98
isobel,0,0,4,4
isobp,0,0,2,2
isofix,0,0,1,1
isolastion,1,0,0,1
isolate,1,3,15,19
isolated,7,6,28,41
isolating,5,0,2,7
isolation,21,6,30,57
isolationist,0,0,3,3
isometric,1,0,3,4
isopropyl,0,0,4,4
isotane,0,0,5,5
isotope,1,0,0,1
isotopes,0,1,0,1
isp,4,4,19,27
ispana,0,2,0,2
isps,4,1,2,7
isra,0,0,3,3
israel,28,17,75,120
israeli,10,2,16,28
israelis,1,0,3,4
israelite,0,1,0,1
israelites,13,0,5,18
israelllll,0,1,0,1
israhell,1,0,0,1
isramic,0,3,0,3
isreal,5,0,0,5
isrealites,0,0,5,5
isrel,0,0,1,1
iss,10,3,15,28
issa,21,129,33,183
issaaa,0,3,0,3
issaaaaaaaaaa,0,0,1,1
issaaac,0,0,1,1
issac,7,19,92,118
issacatfish,0,0,1,1
issacharite,0,0,3,3
issacs,0,0,1,1
issasnack,0,1,0,1
issawife,0,1,0,1
issdamyeon,0,2,0,2
issec,0,1,0,1
issgil,0,1,0,1
issh,0,0,1,1
issiac,0,3,0,3
issie,0,0,2,2
issinler,0,1,0,1
issit,0,1,0,1
issjjdjdoaisjdjxbdbwj,0,1,0,1
isso,0,70,7,77
issocjakxjxkfnksxpgkwnueotyo,0,2,0,2
isss,1,3,1,5
isssaaaaaaa,0,1,0,1
issshhhh,0,0,1,1
issso,0,1,0,1
issss,1,0,0,1
isssss,0,1,1,2
issssss,0,1,0,1
issssssssssss,0,0,1,1
issssssssssssssssssssssa,0,1,0,1
isssssuuuue,0,0,1,1
issue,281,77,658,1016
issued,3,3,16,22
issueing,2,0,0,2
issuenews,3,0,0,3
issuer,0,0,6,6
issues,305,68,627,1000
issuing,3,0,2,5
issy,3,0,1,4
isszz,0,0,4,4
ist,14,100,77,191
istagarm,0,5,0,5
istagram,0,2,1,3
istalar,0,1,0,1
istanbul,0,2,6,8
iste,0,7,0,7
istemi,0,0,1,1
istemiyoruz,0,3,0,3
isteseymi,0,3,0,3
isteyenler,0,3,0,3
istg,3,3,11,17
isthatforme,0,1,0,1
isthebest,1,0,0,1
istiyorum,0,4,0,4
istiyoruz,0,0,2,2
istnieje,0,3,0,3
isto,0,3,0,3
istrefi,1,2,2,5
istrue,4,0,0,4
isu,0,3,0,3
isubd,0,0,1,1
isupport,0,0,3,3
isurvivednowi,0,0,1,1
iszz,0,2,0,2
it,35145,25010,110137,170292
ita,1,7,4,12
itaaaa,0,1,0,1
italano,0,1,0,1
italia,0,23,2,25
italiaaaan,0,2,0,2
italiamusik,0,0,1,1
italian,39,84,169,292
italiana,0,3,0,3
italiani,0,1,3,4
italiannnnn,5,0,0,5
italiano,0,15,1,16
italianooooo,0,1,0,1
italians,9,8,12,29
italicized,0,0,1,1
italics,0,0,8,8
italien,1,0,0,1
italy,34,52,148,234
italyyy,0,1,0,1
itami,0,0,1,1
itand,0,1,0,1
itards,3,0,0,3
itbis,0,1,0,1
itc,0,0,1,1
itch,4,11,15,30
itched,3,0,0,3
itches,4,0,8,12
itchgasm,0,0,1,1
itchin,0,2,0,2
itching,0,3,3,6
itchy,6,5,7,18
itcouldbeanelectricguitarif,0,1,0,1
itd,0,0,20,20
itellegent,0,1,0,1
item,17,13,206,236
itemizations,0,0,1,1
itemized,0,0,1,1
items,63,62,353,478
iterate,0,0,5,5
iterating,0,0,1,1
iteration,0,4,7,11
iterations,1,0,11,12
iterative,0,0,4,4
iternet,0,0,1,1
ith,0,0,1,1
ither,1,0,0,1
ithink,0,1,0,1
ithomecoming,0,0,2,2
iti,0,1,2,3
itiraf,0,1,0,1
itis,0,1,0,1
itlh,0,0,1,1
itll,1,9,2,12
itnaa,0,1,0,1
ito,6,0,0,6
itone,0,0,1,1
itong,0,1,0,1
itoooooooo,0,1,0,1
itoy,0,1,0,1
itp,0,2,0,2
itpzdiuzgn,0,1,0,1
its,2960,2000,7215,12175
itsa,0,1,0,1
itsashley,0,4,0,4
itscalldfootballnotsoccer,0,1,0,1
itsdolph,0,3,0,3
itself,158,89,519,766
itsf,0,0,1,1
itsfunneh,0,0,3,3
itsgrace,0,0,2,2
itsironic,1,0,0,1
itsjudylife,0,1,0,1
itsjudyslife,0,3,0,3
itsjust,2,0,0,2
itsn,4,0,0,4
itss,0,4,0,4
itsss,0,1,1,2
itssss,0,1,4,5
itssssd,0,0,1,1
itssssssss,0,1,0,1
itssssssssss,0,6,0,6
itsyourtime,0,0,2,2
itt,1,22,19,42
ittler,0,0,1,1
ittoqqortoormiit,0,0,6,6
ittss,0,1,0,1
ittt,6,30,15,51
itttt,1,9,10,20
ittttt,0,5,9,14
itttttt,0,2,6,8
ittttttt,0,12,5,17
itttttttt,0,3,2,5
ittttttttt,0,0,1,1
itttttttttt,0,2,0,2
itttttttttttt,1,0,0,1
ittttttttttttt,0,0,1,1
itttttttttttttttthfgjkhfkgjfhjkhgjk,0,0,1,1
itttttttttttttttttt,0,1,0,1
itttttttttttttttttttttttttttttttttttttt,0,1,0,1
ittttttttttttttttttttttttttttttttttttttttttttttttttttttttttttttttttttttttttttttttttttttttt,0,0,1,1
itty,3,2,10,15
ittybitty,0,1,0,1
itu,0,3,3,6
itune,1,0,0,1
itunes,11,80,84,175
itv,0,0,10,10
itwards,0,0,1,1
itwas,0,0,1,1
itz,3,0,3,6
itza,0,0,2,2
itzu,2,0,4,6
itzz,0,2,0,2
iu,2,25,28,55
iucqhewdfifrdwe,0,1,0,1
iud,6,0,17,23
iuewkdsk,0,1,0,1
iuic,0,0,4,4
ius,0,1,0,1
iusers,0,0,2,2
iv,32,19,90,141
iva,0,1,0,1
ivan,0,13,3,16
ivana,0,4,13,17
ivanka,1,2,10,13
ivanovic,0,4,0,4
ivaras,0,2,0,2
ive,216,183,652,1051
ived,0,0,1,1
iven,0,1,0,1
iver,0,3,1,4
ivern,0,1,0,1
iverson,4,4,5,13
ives,2,0,0,2
ivett,0,1,0,1
ivey,0,0,1,1
ivf,0,0,10,10
ivi,0,1,0,1
iview,0,1,0,1
ivine,0,0,1,1
ivlike,0,1,0,1
ivo,0,0,5,5
ivonic,0,0,4,4
ivory,7,2,1,10
ivring,1,0,0,1
ivrose,0,0,1,1
ivrywatchies,2,0,0,2
ivs,0,0,2,2
ivthought,0,1,0,1
ivx,1,0,1,2
ivy,3,10,9,22
iw,2,1,0,3
iwall,0,1,0,1
iwanan,0,0,1,1
iwannadie,0,2,0,2
iwant,0,7,1,8
iwas,0,0,3,3
iwaslauhkyaeughiknaughh,0,1,0,1
iwata,18,13,27,58
iwatch,0,0,5,5
iwbtg,1,0,0,1
iwejagoisdhlg,0,0,1,1
iwerty,0,2,0,2
iwill,0,0,1,1
iwisg,0,1,0,1
iwn,3,0,0,3
iwobi,9,43,50,102
ix,2,0,1,3
ixalan,0,0,1,1
iy,0,4,4,8
iya,0,1,0,1
iyan,0,1,0,1
iyi,0,9,1,10
iyiaypoint,0,1,0,1
iyiydi,0,0,1,1
iykwim,1,2,0,3
iyl,0,0,1,1
iymf,0,1,0,1
iyorlar,0,1,0,1
iys,0,0,1,1
iz,17,20,21,58
iza,0,2,0,2
izaak,1,0,0,1
izabella,0,7,0,7
izamulder,0,1,0,1
izhar,0,3,0,3
izi,0,1,0,1
izjebo,0,1,0,1
izlam,5,0,0,5
izle,0,2,0,2
izlemem,0,1,0,1
izlenmeyi,0,2,0,2
izlenmiyosun,0,3,0,3
izleyenleri,0,1,0,1
izleyince,0,0,1,1
izliyom,0,2,0,2
izliyorum,0,1,0,1
izmir,0,0,3,3
izo,0,0,4,4
izombie,0,0,1,1
izomie,0,1,0,1
izotek,0,8,0,8
izoteku,0,6,0,6
izquierda,0,1,0,1
izquierdo,0,12,1,13
izrael,0,7,0,7
iztacc,0,0,21,21
iztaccihuatl,0,0,1,1
izuna,2,0,0,2
izz,2,0,0,2
izza,0,0,1,1
izzakoshy,0,0,1,1
izzakoshyz,0,0,1,1
izzy,4,5,19,28
izzz,0,2,0,2
izzzz,0,2,0,2
ja,1,106,43,150
jaa,0,0,1,1
jaaaa,0,5,0,5
jaaaaaaaam,0,1,0,1
jaaaaaaack,0,2,0,2
jaaaaaameeeeessss,0,1,0,1
jaaaameeezzzz,1,0,0,1
jaaajj,6,0,0,6
jaaamesss,0,0,1,1
jaaamiiieee,0,0,3,3
jaaja,0,1,0,1
jaajajajajajajajajajajaja,0,2,0,2
jaajajajja,0,4,0,4
jaamie,0,0,1,1
jaar,0,9,5,14
jaaye,0,4,0,4
jab,4,7,14,25
jaba,1,2,0,3
jabajwo,0,1,0,1
jabal,0,0,1,1
jabba,0,13,4,17
jabbas,0,1,0,1
jabbawi,0,0,1,1
jabber,0,0,4,4
jabberwocky,1,0,0,1
jabbing,1,0,0,1
jabon,0,0,2,2
jaboody,0,1,0,1
jabori,0,0,2,2
jabroni,0,1,1,2
jabronies,1,0,0,1
jabs,2,0,4,6
jac,0,4,11,15
jaca,0,1,0,1
jacare,0,0,2,2
jaccc,0,0,2,2
jace,0,0,3,3
jacen,0,0,1,1
jack,270,609,596,1475
jacka,1,0,0,1
jackaaayy,0,0,1,1
jackalanterns,0,1,0,1
jackalope,0,0,6,6
jackasery,2,0,0,2
jackask,0,1,2,3
jackass,40,1,14,55
jackasses,6,0,1,7
jackay,0,6,0,6
jackboots,3,0,0,3
jacke,0,0,1,1
jacked,4,16,18,38
jackers,3,2,0,5
jacket,134,298,550,982
jacketed,1,0,1,2
jackets,21,18,67,106
jackettttt,0,1,0,1
jackey,0,1,0,1
jackfilms,1,5,1,7
jackflims,0,1,1,2
jackfroot,0,3,0,3
jackfrost,0,2,0,2
jackfruit,3,0,11,14
jackhammer,0,1,0,1
jackie,55,194,317,566
jackied,0,1,0,1
jackieee,0,5,3,8
jackieeee,0,3,0,3
jackieeeee,0,6,1,7
jackieeeeee,0,2,0,2
jackieeeeeee,0,0,1,1
jackieeeeeeee,1,0,0,1
jackieiee,0,0,1,1
jackiejackiejackiejackie,0,1,1,2
jackiejackiejackiejackiejackiejackiejackiejackie,0,1,0,1
jackies,0,1,0,1
jackiiiieee,0,5,0,5
jacking,1,7,2,10
jackio,0,0,2,2
jackkkk,0,2,0,2
jackless,0,0,2,2
jacklyn,0,1,9,10
jackman,0,4,18,22
jacko,0,0,5,5
jackoff,0,1,0,1
jackoffs,0,1,0,1
jackolantern,0,2,0,2
jackpot,5,2,3,10
jacks,15,19,18,52
jacksepiceye,0,1,0,1
jacksepticeye,3,29,4,36
jacksfilm,1,0,0,1
jacksfilms,14,41,41,96
jackshit,1,0,0,1
jackson,61,141,177,379
jacksons,1,1,3,5
jacksonville,0,0,5,5
jackvideos,0,1,0,1
jacky,0,0,4,4
jaclyn,31,85,214,330
jaclynn,0,0,1,1
jaclyns,0,1,0,1
jacob,8,16,50,74
jacobin,0,0,1,1
jacobs,2,9,23,34
jacobson,0,0,4,4
jacque,0,0,2,2
jacquees,0,1,0,1
jacqueline,0,0,5,5
jacques,0,2,5,7
jacy,2,0,0,2
jacylin,0,0,1,1
jacyln,0,0,2,2
jad,0,5,2,7
jada,3,4,3,10
jade,19,35,23,77
jaded,1,1,3,5
jaden,1,3,2,6
jadenanimations,2,0,0,2
jades,0,1,0,1
jadey,0,2,0,2
jadi,0,1,3,4
jadis,0,2,0,2
jadkajdkas,0,1,0,1
jadooore,0,1,0,1
jadore,0,2,4,6
jadul,0,1,0,1
jae,0,7,6,13
jaebum,0,0,1,1
jaeden,0,8,7,15
jaedennnnn,0,2,0,2
jaeger,7,9,20,36
jaegers,6,6,14,26
jafaar,0,0,2,2
jafar,11,3,30,44
jaffa,3,4,1,8
jaffar,0,0,1,1
jag,1,9,1,11
jager,1,0,2,3
jageun,0,1,0,1
jaggar,1,0,0,1
jagged,0,0,1,1
jagger,2,1,0,3
jaggyjaggy,0,0,2,2
jaggyjaggyjaggyjaggy,0,0,2,2
jagiyas,0,2,0,2
jagmeet,0,1,0,1
jago,0,1,0,1
jagoff,1,0,0,1
jagr,0,0,2,2
jags,4,0,10,14
jaguar,7,5,6,18
jaguars,2,6,9,17
jagwire,0,1,0,1
jah,0,12,7,19
jahah,5,0,0,5
jahahaha,0,5,0,5
jahan,0,0,1,1
jahhahaa,0,0,1,1
jahns,5,7,8,20
jahren,0,0,4,4
jahseh,0,0,1,1
jai,2,0,11,13
jaiden,4,8,3,15
jaidenanimations,0,1,0,1
jaidens,0,2,0,2
jaidyne,0,0,1,1
jaienjwjsodiqndkkskwovii,0,1,0,1
jail,132,3,69,204
jailbird,0,4,0,4
jailbreak,0,0,3,3
jailed,9,1,2,12
jailing,0,0,4,4
jails,0,2,0,2
jaime,4,13,19,36
jaimee,0,2,2,4
jaimerais,0,1,0,1
jaimie,0,12,4,16
jaimy,0,1,0,1
jain,0,0,3,3
jaina,0,0,1,1
jaincbchdhdhxhx,0,1,0,1
jair,0,0,1,1
jaisa,0,4,0,4
jaj,0,1,0,1
jaja,10,70,10,90
jajaaj,0,3,0,3
jajahhajaja,0,1,0,1
jajaj,0,7,10,17
jajaja,4,181,36,221
jajajaa,0,10,2,12
jajajaaaaa,0,1,0,1
jajajaajaj,0,1,0,1
jajajaj,3,17,0,20
jajajaja,4,77,19,100
jajajajaj,0,12,2,14
jajajajaja,1,33,10,44
jajajajajaj,0,1,0,1
jajajajajaja,0,17,2,19
jajajajajajaj,1,7,1,9
jajajajajajaja,1,7,0,8
jajajajajajajaja,0,5,0,5
jajajajajajajajaaja,0,1,0,1
jajajajajajajajajaja,0,1,0,1
jajajajajajajajajajaja,0,1,0,1
jajajajajajajajajajajaja,0,4,0,4
jajajajajajajajajajajajajajaja,0,2,0,2
jajajajajajajajajajajajajajajajajajajajajajajaja,0,2,0,2
jajajajajajajajajajajajajajajajajajajajajajajajajajajajajajajajajaja,0,8,0,8
jajajajajajajajajajajajjajaja,0,4,0,4
jajajajajajjjaajaja,0,6,0,6
jajajajajames,0,1,0,1
jajajajajja,0,1,0,1
jajajajajjaajajajaj,0,1,0,1
jajajajaka,0,1,0,1
jajajajames,0,4,0,4
jajajajja,0,1,0,1
jajajajjaj,0,9,0,9
jajajajjajaa,2,0,0,2
jajajajjajaja,0,1,0,1
jajajajjajajjaj,0,1,0,1
jajajajjja,0,4,0,4
jajajajs,0,0,1,1
jajajajsa,0,1,0,1
jajajja,0,9,0,9
jajajjaja,0,3,0,3
jajajjajaaja,0,1,0,1
jajajjajaj,0,1,0,1
jajajjajajajjajaja,0,1,0,1
jajajjajja,0,1,0,1
jajj,0,2,0,2
jajja,0,1,0,1
jajjaa,0,1,0,1
jajjaajajjajjaajjajajaaja,0,1,0,1
jajjaj,0,4,0,4
jajjaja,0,4,0,4
jajjajajajajaj,0,1,0,1
jajjajajajajajaj,0,4,0,4
jajjajjajajaja,0,4,0,4
jajjjaj,0,0,1,1
jajsjsj,0,3,0,3
jak,2,60,2,64
jaka,0,7,0,7
jakabe,0,2,0,2
jakarta,0,5,5,10
jakartaaa,0,0,1,1
jakby,0,13,3,16
jakc,1,0,1,2
jake,131,333,289,753
jakeee,0,2,0,2
jakepaukers,0,1,0,1
jakepaul,0,5,0,5
jakepauler,0,1,0,1
jakepaulers,0,0,1,1
jakes,6,6,3,15
jakesepticeye,0,1,0,1
jaket,0,1,0,1
jakey,0,3,3,6
jaki,0,18,1,19
jakichan,0,3,0,3
jakie,0,14,1,15
jakiego,0,2,0,2
jakim,0,6,0,6
jakku,0,0,1,1
jakkuman,0,1,0,1
jakmans,0,2,0,2
jako,0,14,2,16
jakob,0,1,0,1
jakobs,0,0,6,6
jakr,0,0,1,1
jaksfilms,0,2,0,2
jakson,1,0,1,2
jakubiak,0,1,0,1
jal,0,0,1,1
jalan,0,0,1,1
jalape,3,4,7,14
jalapeno,0,9,11,20
jalapenos,0,2,2,4
jalapino,0,1,0,1
jalapio,0,1,0,1
jalepeno,0,0,2,2
jali,0,0,1,1
jall,0,3,0,3
jalmot,0,2,0,2
jaloer,0,1,0,1
jaloers,0,1,1,2
jalopano,0,0,1,1
jalopnik,0,3,0,3
jalopy,0,3,0,3
jalou,0,2,0,2
jalouse,0,0,2,2
jaloux,0,1,0,1
jalpari,0,0,1,1
jalsa,0,2,0,2
jam,40,144,163,347
jama,0,0,3,3
jamaal,0,0,1,1
jamacians,1,0,0,1
jamaica,14,12,15,41
jamaican,12,3,22,37
jamaicans,0,1,8,9
jamaiquinos,0,0,1,1
jamais,0,12,2,14
jamal,0,3,2,5
jaman,0,2,1,3
jamar,0,0,5,5
jamaroquai,0,1,0,1
jamas,0,6,0,6
jamb,5,0,0,5
jamba,0,1,0,1
jambe,0,4,0,4
jamberry,0,1,1,2
jambes,0,0,2,2
jambon,0,0,1,1
jamboree,0,0,2,2
jame,1,4,5,10
jameel,0,1,0,1
jameis,0,2,0,2
jamel,0,4,0,4
jamele,5,0,1,6
james,269,970,1072,2311
jamescharles,0,0,1,1
jamescorden,1,0,0,1
jameses,0,1,0,1
jamesfranco,1,0,0,1
jamesislife,0,1,0,1
jamess,0,0,3,3
jamesss,0,1,1,2
jamessss,0,0,2,2
jamesssss,0,1,0,1
jamestown,0,0,1,1
jamey,0,0,2,2
jamie,87,172,340,599
jamieeeee,0,0,1,1
jamies,0,0,5,5
jamilton,0,1,0,1
jaming,0,0,2,2
jamiroquai,0,1,1,2
jamis,0,2,0,2
jamjet,1,0,0,1
jamm,0,1,0,1
jammed,2,0,6,8
jammer,0,9,0,9
jammers,0,0,1,1
jammies,2,0,1,3
jammin,0,15,1,16
jamming,1,17,27,45
jammm,0,1,0,1
jammmm,2,1,0,3
jammmmm,0,0,2,2
jammmmmmm,0,2,0,2
jammmmmmmmm,0,1,0,1
jammmmmmmmsssssss,0,2,0,2
jammu,1,0,0,1
jammy,0,0,5,5
jamn,1,0,0,1
jamper,0,1,0,1
jamrock,0,0,1,1
jams,6,19,28,53
jamsey,0,0,1,1
jamylabolden,0,0,3,3
jamz,0,1,0,1
jamzzz,0,1,0,1
jan,1,16,7,24
jancy,0,31,15,46
jandy,0,0,4,4
jane,83,73,181,337
janee,0,0,1,1
janeiro,0,0,17,17
janell,0,1,0,1
janelle,0,5,5,10
janes,0,1,0,1
janet,11,53,79,143
janette,0,0,4,4
janeway,1,2,3,6
janfam,0,0,3,3
jang,0,2,0,2
jangan,0,2,1,3
jangbricks,0,1,0,1
janggut,0,0,1,1
jangle,0,1,5,6
jangling,0,3,0,3
jango,1,5,3,9
jangos,0,0,1,1
janice,1,5,5,11
janiel,0,2,0,2
janielllllllll,0,1,0,1
janikowski,0,1,0,1
janina,0,0,1,1
janis,0,0,6,6
janiter,0,2,0,2
janitor,5,4,11,20
janitorial,0,0,2,2
janitors,0,3,0,3
jank,0,1,2,3
janky,0,0,4,4
jannah,0,0,5,5
janney,0,0,1,1
jansen,8,9,1,18
jansport,0,1,0,1
janssen,1,0,0,1
jante,0,1,0,1
janu,0,1,0,1
januari,0,4,0,4
january,27,50,96,173
janusa,1,0,0,1
janya,0,7,1,8
jaozi,0,0,4,4
jap,1,1,3,5
japa,0,1,0,1
japaaaaaaannnn,0,1,0,1
japan,94,155,343,592
japanball,0,1,0,1
japaneese,0,0,1,1
japanese,101,138,316,555
japaneses,4,0,0,4
japantown,0,0,3,3
japenese,1,2,4,7
japense,0,0,1,1
japing,0,0,2,2
japones,0,2,0,2
japoneses,0,0,1,1
japs,0,0,10,10
japsen,0,0,1,1
jaqueese,0,0,5,5
jaquelyn,1,0,0,1
jar,25,36,84,145
jara,1,4,0,5
jard,1,0,0,1
jardashian,0,1,0,1
jardin,0,0,1,1
jarecki,1,0,0,1
jared,6,22,38,66
jarek,0,6,0,6
jareld,0,2,0,2
jaren,0,6,4,10
jargon,0,0,2,2
jarheads,2,0,0,2
jarig,0,4,0,4
jarige,0,1,1,2
jarjar,0,1,0,1
jarod,0,1,1,2
jaromir,0,0,2,2
jarrasic,0,1,0,1
jarre,0,0,2,2
jarred,0,0,6,6
jarret,0,3,0,3
jarring,12,0,14,26
jarringly,0,0,1,1
jarrolds,0,6,0,6
jarry,0,2,0,2
jars,5,3,27,35
jart,1,8,36,45
jarun,0,1,1,2
jarvis,0,2,0,2
jas,0,0,2,2
jasbeen,0,0,1,1
jasdkjfdhfhjhlkfrh,1,0,0,1
jash,0,1,2,3
jasjajajajaja,0,1,0,1
jasmin,3,1,8,12
jasmine,11,28,53,92
jasmines,1,0,0,1
jasminnnnnnnnnnnnnn,0,0,2,2
jasmyn,1,0,0,1
jason,88,135,252,475
jasonasopken,0,1,0,1
jaspal,0,0,1,1
jaspar,0,4,0,4
jasssss,0,1,0,1
jassy,0,1,0,1
jaster,4,0,0,4
jastin,1,0,0,1
jati,5,0,0,5
jatt,0,1,0,1
jatuh,0,0,1,1
jauh,0,0,1,1
jaume,0,1,0,1
jaundice,0,8,0,8
jaune,0,7,0,7
jaunty,0,3,0,3
jauregui,0,4,1,5
jaushatree,0,0,2,2
jauz,3,1,0,4
java,4,4,5,13
javais,0,1,0,1
javaris,1,0,0,1
javascript,0,0,2,2
jave,0,0,1,1
javelin,1,1,0,2
javelina,0,0,1,1
javier,7,10,9,26
jaw,18,32,64,114
jawa,0,1,1,2
jawab,0,1,0,1
jawbones,0,1,0,1
jawbreaker,0,2,0,2
jawbz,0,2,0,2
jawd,0,0,1,1
jawed,3,0,0,3
jawjacking,1,0,0,1
jawline,4,13,14,31
jawlines,0,1,0,1
jawn,2,3,5,10
jawrsey,0,0,1,1
jaws,5,13,5,23
jawsey,0,0,1,1
jax,1,0,3,4
jaxon,0,5,3,8
jaxson,0,0,1,1
jaxx,0,0,9,9
jaxz,6,0,0,6
jay,148,207,415,770
jayanti,0,0,4,4
jaybird,0,2,4,6
jaybirds,0,1,0,1
jayce,0,3,0,3
jaycee,0,0,1,1
jayden,1,0,2,3
jaydene,0,0,1,1
jayhawks,0,0,2,2
jayhooppppppppp,0,1,0,1
jaykae,0,1,0,1
jaylen,1,0,0,1
jayne,0,4,4,8
jays,0,3,4,7
jaysus,0,4,1,5
jayuya,1,0,0,1
jaywalking,0,1,0,1
jaywick,0,3,0,3
jayz,7,10,22,39
jayzee,1,0,0,1
jayzs,2,0,0,2
jayztwocents,0,1,1,2
jayzus,1,0,0,1
jayzuz,1,0,0,1
jaz,0,1,5,6
jazeera,5,1,0,6
jazeere,6,0,0,6
jazelle,0,1,3,4
jazera,0,0,6,6
jazmin,0,1,0,1
jazmine,0,0,5,5
jazz,13,28,63,104
jazza,7,11,8,26
jazzarb,0,7,0,7
jazzas,0,2,0,2
jazzercise,0,0,1,1
jazzillion,0,0,2,2
jazzy,1,1,3,5
jazzybum,2,1,0,3
jb,7,10,11,28
jbalbin,0,0,1,1
jbalvin,0,14,0,14
jbeiber,0,0,1,1
jbern,0,3,0,3
jbl,0,10,3,13
jc,2,8,15,25
jcb,0,0,5,5
jchdfxfhc,0,1,0,1
jcjznskdhnjzus,1,0,0,1
jcole,0,2,0,2
jcpenney,0,0,1,1
jcpenny,0,1,0,1
jcpennys,0,0,1,1
jcrew,2,0,0,2
jcrois,0,2,0,2
jcv,1,0,0,1
jcvd,4,5,0,9
jcvtpwq,0,1,0,1
jd,1,6,1,8
jdam,0,1,0,1
jddf,0,1,0,1
jde,0,0,1,1
jdhdjdhcjdbcbjdc,0,0,1,1
jdhsjjs,0,1,0,1
jdiej,0,2,0,2
jdjcjdncjnf,0,0,1,1
jdjddjdjsjsjddjr,0,1,0,1
jdjdjdbdb,0,0,1,1
jdjsiavbjskdbdjakabs,0,1,0,1
jdkdk,0,2,0,2
jdkdnd,0,0,1,1
jdlld,0,1,0,1
jdm,1,0,0,1
jdncvdscknidhsncvf,0,1,0,1
jdnfiehfksb,0,0,1,1
jdnxjdbsusbsj,0,1,0,1
jdore,0,4,0,4
jdsakjadskidajds,1,0,0,1
jdsfhlkjdnovritschfh,0,1,0,1
jdurhegxgcjbrudiskskskodkfnbeudjsnfhjfjridjdjcidjdicj,0,1,0,1
jdxa,0,0,1,1
je,42,302,115,459
jea,0,1,0,1
jeaden,0,0,1,1
jeagars,2,0,0,2
jeager,1,1,1,3
jeagers,0,0,2,2
jeahahaha,0,1,0,1
jealous,87,156,450,693
jealouse,0,1,0,1
jealousing,2,0,0,2
jealously,4,0,3,7
jealousy,19,0,28,47
jealousyenvyhungrywolveseatmealive,0,0,1,1
jealuos,0,0,2,2
jean,6,21,47,74
jeana,2,1,0,3
jeanette,0,0,7,7
jeanie,0,1,0,1
jeanies,0,5,0,5
jeanne,0,0,2,2
jeannie,7,1,5,13
jeans,96,162,369,627
jear,0,0,1,1
jears,0,0,1,1
jeaulous,0,1,0,1
jeb,4,3,3,10
jebal,0,1,0,1
jebany,0,1,0,1
jebus,3,0,0,3
jeckle,1,0,0,1
jed,3,12,0,15
jedai,0,0,1,1
jeday,1,6,1,8
jede,0,0,2,2
jedem,0,15,0,15
jeden,1,2,7,10
jeder,0,10,2,12
jedesmal,0,1,0,1
jedi,78,61,116,255
jedia,0,0,1,1
jedis,0,1,0,1
jedn,0,4,0,4
jedna,0,4,0,4
jednak,0,10,0,10
jedno,0,2,0,2
jednym,0,3,0,3
jedoch,0,0,1,1
jedynie,0,5,0,5
jedynki,0,3,0,3
jee,0,2,0,2
jeebers,0,1,0,1
jeebies,0,2,1,3
jeebs,0,1,0,1
jeebus,0,5,1,6
jeebuz,0,1,0,1
jeeedddd,0,0,1,1
jeeeeeeesus,0,1,0,1
jeeeeeeesuuuuuus,0,4,0,4
jeeeeeezzzzz,0,2,0,2
jeeeeersey,0,0,6,6
jeeeeesssssuuuuuus,0,0,1,1
jeeeeezzz,0,0,1,1
jeeeessuuuusssss,0,0,1,1
jeeeew,0,2,0,2
jeeeez,0,2,0,2
jeeesus,4,0,0,4
jeeez,0,5,1,6
jeeezzuzzzz,0,0,6,6
jeeezzz,0,9,0,9
jeef,0,2,1,3
jeen,0,0,1,1
jeep,6,3,1,10
jeepers,3,17,2,22
jeepney,0,0,1,1
jeeps,0,0,1,1
jeer,0,0,1,1
jeering,0,0,1,1
jeers,0,0,1,1
jeesh,0,6,0,6
jeesus,1,0,1,2
jeey,0,0,1,1
jeez,51,72,67,190
jeeze,0,1,2,3
jeezo,5,0,0,5
jeezus,5,0,2,7
jeezuz,1,0,0,1
jeezy,2,11,2,15
jeezzz,0,3,0,3
jefe,0,3,0,3
jefef,0,1,0,1
jefes,0,1,0,1
jeff,19,129,47,195
jeffalos,0,0,4,4
jefferee,1,3,1,5
jefferies,0,0,2,2
jefferson,0,3,0,3
jeffersons,0,1,0,1
jeffery,5,4,9,18
jefferyst,0,0,1,1
jefff,0,1,0,1
jefffffffff,0,1,0,1
jeffie,1,0,0,1
jeffieeeeee,0,1,0,1
jeffords,0,1,0,1
jeffre,1,1,0,2
jeffree,13,37,92,142
jeffreeatar,0,0,1,1
jeffreeeeeeeeeeeeee,0,1,0,1
jeffrees,2,0,2,4
jeffreestar,1,0,1,2
jeffres,0,0,1,1
jeffrey,1,9,18,28
jeffreys,1,0,0,1
jeffries,0,5,5,10
jeffrri,2,0,0,2
jeffry,0,2,0,2
jeffy,0,6,0,6
jefree,1,7,15,23
jefreeeee,0,0,1,1
jefrees,0,0,3,3
jefreestar,0,1,0,1
jeg,0,1,0,1
jegging,0,0,1,1
jeggings,2,0,10,12
jeggins,0,0,2,2
jego,0,3,0,3
jeh,1,0,0,1
jehova,2,0,3,5
jehovah,2,3,13,18
jehzu,0,0,2,2
jeitinho,1,0,0,1
jeito,1,2,0,3
jeje,2,10,3,15
jejeje,0,10,0,10
jejejej,0,0,2,2
jejejeje,0,1,1,2
jejejejeje,0,2,0,2
jejejejejeje,0,0,1,1
jejejejje,0,1,0,1
jejejeremy,0,4,0,4
jejejjeje,0,5,0,5
jejje,0,2,0,2
jejku,0,2,0,2
jekyl,1,0,0,1
jekyll,0,1,2,3
jel,0,0,1,1
jelani,0,1,0,1
jelaous,1,0,0,1
jelas,0,1,0,1
jele,0,1,0,1
jelek,0,4,0,4
jelenek,0,0,1,1
jeleous,0,1,0,1
jelian,0,0,2,2
jell,4,3,1,8
jelle,0,1,0,1
jelli,0,1,0,1
jellies,0,1,0,1
jellif,0,6,0,6
jello,10,21,3,34
jelly,16,59,118,193
jellybean,5,1,1,7
jellybeans,0,1,0,1
jellyfish,4,11,51,66
jellys,0,0,1,1
jelous,0,2,5,7
jelouse,0,2,2,4
jelsa,0,2,0,2
jem,0,5,11,16
jemals,0,2,0,2
jemand,0,1,0,1
jemato,0,1,0,1
jemele,9,10,17,36
jemetria,0,6,1,7
jemi,1,1,2,4
jemima,0,2,0,2
jemisin,0,0,1,1
jemison,0,0,2,2
jemma,20,141,382,543
jemmas,0,0,5,5
jemmi,1,4,1,6
jemms,0,0,1,1
jems,0,0,1,1
jemte,0,1,0,1
jen,8,22,79,109
jenchenchik,1,0,0,1
jenci,1,0,0,1
jenderman,0,3,0,3
jener,0,1,0,1
jeng,0,0,1,1
jenga,2,5,10,17
jeni,0,1,0,1
jenifer,4,2,1,7
jeniffer,1,1,0,2
jenis,0,0,1,1
jenkees,0,1,0,1
jenkins,11,23,28,62
jenluvsreviews,2,0,0,2
jenn,3,26,77,106
jenna,55,147,157,359
jennaaaaa,0,1,0,1
jennaaaaaa,0,0,1,1
jennamarbles,1,2,0,3
jennas,1,18,10,29
jennaske,0,2,0,2
jenner,66,74,82,222
jennerrrrr,0,3,0,3
jenners,1,1,2,4
jenni,0,7,0,7
jennie,0,0,1,1
jennifer,47,123,184,354
jenniferl,0,0,1,1
jenniferlopez,0,0,1,1
jennifers,0,1,1,2
jennings,0,1,5,6
jenny,54,71,131,256
jennys,0,0,4,4
jennywise,0,4,0,4
jenom,0,3,0,3
jenounass,1,0,0,1
jens,0,1,0,1
jensen,0,4,4,8
jenson,0,0,1,1
jeo,0,2,1,3
jeof,0,4,0,4
jeogi,0,1,0,1
jeojeun,0,0,3,3
jeon,0,2,0,2
jeong,0,0,1,1
jeonghan,0,23,28,51
jeonghannie,0,1,0,1
jeonghannieeeee,0,1,0,1
jeongmal,0,0,1,1
jeongyeon,2,17,9,28
jeongyeonieeeeee,0,1,0,1
jeongyeonn,0,1,0,1
jeongyeons,0,1,0,1
jeonyeoniee,0,0,1,1
jeopardising,1,0,1,2
jeopardize,1,1,1,3
jeopardized,2,0,3,5
jeopardizing,0,0,1,1
jeopardy,0,2,1,3
jeporady,1,0,1,2
jepsen,0,2,9,11
jeque,0,3,0,3
jequemate,0,1,0,1
jercy,5,0,0,5
jered,0,1,0,1
jerek,0,5,0,5
jeremain,2,0,0,2
jeremiah,4,3,12,19
jeremih,5,9,3,17
jeremihs,0,0,1,1
jeremy,120,161,150,431
jeribo,0,0,2,2
jericho,9,30,17,56
jerichos,0,5,0,5
jerid,0,0,1,1
jerika,1,1,1,3
jerin,0,1,0,1
jerk,52,65,62,179
jerked,0,3,6,9
jerker,0,4,2,6
jerkfest,3,0,0,3
jerkin,0,1,0,1
jerking,4,1,14,19
jerkoffs,0,3,0,3
jerks,7,2,20,29
jerky,1,1,12,14
jerma,0,1,0,1
jermaine,0,0,1,1
jermi,0,8,0,8
jermiah,0,2,2,4
jermy,0,1,1,2
jero,0,0,4,4
jerobeam,0,5,6,11
jerome,0,3,0,3
jerrell,0,1,0,1
jerrico,0,3,0,3
jerrika,0,0,1,1
jerry,39,34,50,123
jerryrigeverything,0,1,2,3
jerrys,0,0,6,6
jersey,22,13,64,99
jerseyjersey,0,1,0,1
jerseys,1,0,6,7
jersie,0,0,2,2
jersyite,0,1,0,1
jerusalem,0,2,4,6
jes,0,12,3,15
jeseee,0,1,0,1
jeseeezuz,0,0,1,1
jeseus,0,3,0,3
jeshua,0,1,0,1
jesli,0,2,0,2
jess,17,49,131,197
jesse,13,44,41,98
jesses,0,0,3,3
jessfam,0,2,0,2
jessi,18,37,75,130
jessica,35,109,148,292
jessicaaa,0,4,0,4
jessicaaaaaaa,0,8,0,8
jessie,23,85,125,233
jessieee,0,0,4,4
jessies,0,8,0,8
jessii,0,0,1,1
jessriel,0,1,0,1
jesss,0,1,1,2
jesssfam,0,0,2,2
jessss,0,0,1,1
jesssssss,0,0,2,2
jessy,0,9,12,21
jessyboy,0,1,0,1
jessyyyyy,0,1,0,1
jest,5,86,10,101
jeste,0,4,0,4
jestem,0,32,4,36
jester,1,9,5,15
jesters,1,2,0,3
jestes,0,4,0,4
jestescie,0,1,0,1
jesuit,0,2,4,6
jesus,752,568,1497,2817
jesy,17,28,24,69
jesys,0,4,0,4
jesyyyyy,0,1,0,1
jeszcze,0,22,0,22
jet,48,68,74,190
jeta,0,2,0,2
jetboat,0,1,0,1
jetdesertfox,0,1,0,1
jete,0,1,0,1
jeter,0,3,0,3
jetlag,1,0,5,6
jetlagged,0,0,1,1
jetpack,0,4,1,5
jetpacks,0,0,2,2
jets,5,11,24,40
jetski,0,0,1,1
jetson,0,4,1,5
jetstream,3,0,0,3
jett,0,0,1,1
jettisoned,1,0,0,1
jetzt,0,8,0,8
jeu,0,5,4,9
jeune,0,7,0,7
jeuner,0,5,1,6
jeus,1,0,0,1
jeux,0,8,0,8
jev,0,2,0,2
jevdud,0,1,0,1
jevjevhd,0,1,0,1
jew,104,76,97,277
jewbba,0,1,0,1
jewbc,0,0,3,3
jewed,0,8,0,8
jewel,3,9,11,23
jeweled,0,4,1,5
jewelers,3,0,0,3
jewelery,0,0,6,6
jewelerylooks,0,0,3,3
jewellers,0,0,6,6
jewellery,2,7,66,75
jewelries,0,0,2,2
jewelry,17,14,81,112
jewels,7,11,22,40
jewess,1,0,2,3
jewish,54,72,84,210
jewishmedia,1,0,0,1
jewland,0,1,0,1
jewlery,0,1,0,1
jewllery,0,0,6,6
jewry,1,6,0,7
jews,85,47,158,290
jewsarenotwhite,0,1,0,1
jewsteins,0,0,1,1
jewtube,3,1,5,9
jeww,0,1,0,1
jewz,2,0,0,2
jey,0,3,0,3
jez,2,1,1,4
jezebel,1,0,0,1
jezuhs,0,0,2,2
jezus,1,0,2,3
jezz,0,2,1,3
jezza,8,8,14,30
jezzus,0,0,2,2
jezzy,0,0,1,1
jezzzzzzz,1,0,0,1
jf,0,0,2,2
jfbdknfk,0,0,1,1
jfc,2,9,18,29
jffjnwhfjdndhdf,0,1,0,1
jfk,10,3,28,41
jg,0,3,11,14
jgagagbmqkakksjjsnesjjjsjwjhahsuwkdngrioendnjdjdnchek,0,1,0,1
jgay,0,0,1,1
jgn,0,1,0,1
jgzhkghk,0,1,0,1
jh,0,0,9,9
jha,0,1,0,1
jheeeeeeeeeeeeeeeeeeeeeeeeezzzzzzzzzzzzz,0,1,0,1
jheeeeeeeeeeze,0,0,2,2
jheeeeeeez,0,1,0,1
jheeeeeez,1,0,0,1
jheeeeese,0,1,0,1
jheeeeez,0,4,0,4
jheeeeeze,0,5,0,5
jheeeezzzzz,0,1,0,1
jheeez,1,0,0,1
jheez,0,14,9,23
jheeze,0,7,0,7
jhen,0,2,19,21
jhene,9,14,77,100
jheneaikobeats,0,1,0,1
jheri,1,3,0,4
jhghhg,0,1,0,1
jhhhhhhhhhhhh,0,3,0,3
jhim,0,0,2,2
jhin,0,0,2,2
jhinhnh,0,2,0,2
jhon,0,9,0,9
jhonny,0,1,0,1
jhooooooooooooooooooooope,0,2,0,2
jhoooooooooooope,1,0,0,1
jhoooooooooope,0,1,0,1
jhooooooooope,0,1,0,1
jhoopppeeee,0,1,0,1
jhoopppppeeeeeeeee,0,1,0,1
jhope,4,18,19,41
jhopeeeeeeeeeeeeeeeee,0,1,0,1
jhopeeeeeeeeeeeeeeeeeeee,0,2,0,2
jhopeeeeeeeeeeeeeeeeeeeeeee,0,1,0,1
jhopes,0,1,0,1
jhopie,0,3,0,3
jhs,0,0,1,1
jhus,0,2,0,2
ji,0,5,5,10
jia,0,0,5,5
jiaaaaoooozi,0,0,6,6
jibber,0,0,4,4
jibberish,0,5,0,5
jiberish,0,0,6,6
jibes,0,0,5,5
jibeun,0,1,0,1
jicheol,0,0,3,3
jichyeoseo,0,1,0,1
jick,0,0,2,2
jidenna,0,1,0,1
jieun,0,1,0,1
jif,1,6,0,7
jifs,0,1,0,1
jig,1,0,0,1
jiga,1,0,0,1
jigaboo,0,3,0,3
jigaboos,1,0,0,1
jigetji,0,1,0,1
jigeutjigeuthaeseo,0,1,0,1
jigga,1,11,9,21
jiggaman,0,0,6,6
jiggamybrother,0,0,2,2
jiggamynigga,0,0,2,2
jiggawatts,0,7,0,7
jiggaz,0,1,0,1
jiggerbug,0,0,1,1
jigging,0,0,2,2
jiggle,1,9,1,11
jiggled,5,0,0,5
jiggles,0,0,1,1
jiggling,2,0,3,5
jiggly,1,9,1,11
jiggy,1,0,0,1
jiglly,0,1,0,1
jignored,0,1,0,1
jigsaw,5,19,19,43
jigsaws,0,0,4,4
jihad,1,0,11,12
jihadi,3,1,5,9
jihadis,5,0,5,10
jihadist,1,0,0,1
jihadists,5,0,0,5
jihoon,4,5,4,13
jihyo,7,19,15,41
jihyooo,0,1,0,1
jihyos,0,1,0,1
jiiiiiiiii,0,3,0,3
jiiiiiiiiiiiiiiiiiiiiiiiiiiiiiiiiiiiiiiiiiiiiiiiiiiiiiiiiiiiiinnnnnnnnnnnnnnnnnnnnnnnnnnnnnnn,0,0,2,2
jiiiiiiiiiiin,0,1,0,1
jij,1,15,2,18
jiji,0,1,0,1
jijijijij,0,1,0,1
jijo,0,6,0,6
jilatmemek,0,2,0,2
jiles,0,1,0,1
jill,3,3,13,19
jillian,0,1,0,1
jim,394,319,815,1528
jimbo,1,3,0,4
jimcarreyisback,0,1,0,1
jimenez,0,0,1,1
jimetria,0,0,2,2
jimi,2,5,0,7
jimiiin,0,1,0,1
jimin,7,71,58,136
jimineee,0,1,0,1
jiminka,0,1,0,1
jiminnnn,0,1,0,1
jiminnnnn,0,1,0,1
jiminnnnnnnnnnn,0,1,0,1
jimins,2,7,8,17
jiminy,1,0,1,2
jimison,0,9,9,18
jimme,0,0,1,1
jimmi,0,1,1,2
jimmie,1,8,0,9
jimmies,1,0,3,4
jimminy,0,3,0,3
jimmmmmmmmmmmmmyyyyyyyyyyyy,0,1,0,1
jimmy,205,302,440,947
jimmykimmelisanidiot,0,1,0,1
jimmys,2,1,9,12
jimmyy,0,1,0,1
jimnastik,0,2,0,2
jimout,0,1,0,1
jimquisition,2,3,0,5
jims,2,21,15,38
jimsey,0,1,0,1
jin,9,51,59,119
jinagasseo,0,1,0,1
jinder,1,5,0,6
jindrich,1,0,0,1
jing,0,1,0,1
jingle,5,6,18,29
jingles,0,1,0,1
jingling,0,0,4,4
jingoistic,0,0,1,1
jiniadefoe,0,2,0,2
jinja,0,0,1,1
jinjja,1,1,0,2
jinki,0,1,0,1
jinn,0,1,2,3
jinnnnnnnnnnnnnn,0,1,0,1
jinno,0,2,0,2
jinns,1,0,0,1
jinny,6,0,0,6
jinsimi,0,1,0,1
jinx,1,5,8,14
jinxed,0,0,6,6
jinyoung,1,14,17,32
jio,0,2,0,2
jipped,0,0,2,2
jippin,0,0,1,1
jiren,0,1,3,4
jirin,0,0,3,3
jirl,0,0,2,2
jiro,0,3,7,10
jisoo,3,4,7,14
jisooo,0,0,1,1
jisooooooooo,0,0,2,2
jisoos,0,0,1,1
jist,7,2,3,12
jistin,0,1,0,1
jit,1,1,0,2
jitb,0,0,6,6
jitsu,5,4,15,24
jitt,0,1,0,1
jitterbug,3,0,2,5
jitteriness,0,0,2,2
jitters,0,1,0,1
jittery,1,0,3,4
jiu,5,3,14,22
jive,0,7,7,14
jives,0,0,7,7
jiwa,0,1,0,1
jiwon,0,1,1,2
jiwona,0,0,1,1
jiyoon,0,0,1,1
jiyoung,0,0,3,3
jizz,7,28,16,51
jizzard,0,4,0,4
jizzed,1,6,4,11
jizzing,0,13,1,14
jizzle,0,9,0,9
jj,38,53,41,132
jjaa,0,4,0,4
jjajjajajaj,0,6,0,6
jjang,0,3,2,5
jjanggggg,0,1,0,1
jjba,1,0,0,1
jjeje,0,1,0,1
jjim,0,0,1,1
jjj,0,0,1,1
jjjjaaammmeeesssss,0,0,1,1
jjjjja,0,1,0,1
jjjjjjjjjjjjjjjjjjjjjjjjjjjjjjjkkkkkkkkkkkkkkkllllllllllllllll,0,1,0,1
jjochgo,0,2,0,2
jjogi,0,1,0,1
jjones,0,0,1,1
jjp,0,0,3,3
jjr,3,5,55,63
jjs,0,3,0,3
jjst,1,0,0,1
jjust,0,0,1,1
jk,34,66,165,265
jkeejjdjuxjsijxuscbsgvveqidqjskamxiadnusnfenfuenfujdufjdidjeidnsyfbhfyenxiqksoqls,0,1,0,1
jkfilms,0,2,0,2
jkl,0,0,1,1
jknews,0,5,3,8
jkparty,0,2,0,2
jkrndfkrnrbdhfjgjrbhrjfnfbtbrrhrjtbtbtbrb,0,0,7,7
jks,1,5,1,7
jl,6,7,22,35
jla,0,0,1,1
jlaservideo,0,7,0,7
jlaw,14,4,16,34
jlawwww,0,0,2,2
jlgudz,0,0,6,6
jlo,3,34,45,82
jls,0,0,12,12
jlu,0,0,3,3
jlziejn,0,0,1,1
jmany,0,2,0,2
jmc,0,8,0,8
jme,0,7,0,7
jmk,0,1,0,1
jmo,0,0,1,1
jmoney,0,1,0,1
jn,0,2,0,2
jncos,0,1,0,1
jnfadh,0,1,0,1
jnr,0,1,0,1
jo,5,15,55,75
joahaeyo,0,1,0,1
joakim,0,0,3,3
joan,0,5,18,23
joana,0,2,4,6
joann,4,0,1,5
joanna,7,27,51,85
joannaaaaa,0,0,4,4
joannas,0,1,0,1
joanne,3,29,26,58
joanns,0,0,6,6
joanthan,0,0,2,2
joaquin,1,0,4,5
job,534,457,3892,4883
jobbat,0,0,1,1
jobbbb,0,0,1,1
jobbbbb,0,0,1,1
jobbed,0,1,0,1
jobber,1,0,2,3
jobbers,0,0,1,1
jobbing,0,0,2,2
jobbs,0,0,2,2
jobby,0,5,3,8
jobless,3,1,6,10
jobros,0,0,3,3
jobs,139,56,290,485
joburg,1,0,0,1
jocalyn,0,1,0,1
jocasta,0,0,4,4
jocelyn,0,6,1,7
jock,0,0,4,4
jockey,1,2,0,3
jockeys,0,0,4,4
jockin,1,0,1,2
jocking,0,0,2,2
jocks,7,1,0,8
jocksalltheway,0,0,1,1
jockstrap,2,0,3,5
jod,0,2,4,6
joda,0,4,0,4
jodan,0,1,0,1
jodas,0,5,0,5
joddr,0,1,0,1
jode,0,2,0,2
jodeeer,0,2,0,2
joder,0,12,5,17
joderrrr,0,0,1,1
jodi,1,4,7,12
jodido,0,9,2,11
jodie,1,2,2,5
jodiendoles,0,5,0,5
jodigan,0,1,0,1
jodorowski,0,0,1,1
jodorowsky,1,0,0,1
joe,325,572,565,1462
joedavola,0,0,3,3
joee,0,1,0,1
joeee,0,0,1,1
joeeeeeee,0,1,0,1
joeeeexx,1,0,0,1
joeeyyyyyyy,0,1,0,1
joegogang,0,3,0,3
joel,7,59,51,117
joell,0,0,16,16
joellortiz,0,0,1,1
joels,0,5,0,5
joemalia,0,1,3,4
joes,7,24,36,67
joesopinionblog,2,0,0,2
joesssss,0,1,0,1
joestar,0,0,1,1
joeun,0,1,0,1
joey,58,146,99,303
joeys,5,6,0,11
joeysworldtour,0,1,0,1
joeywoodz,0,2,0,2
joeyworldtours,0,1,0,1
jofee,0,4,0,4
joffery,0,0,1,1
joffey,2,0,0,2
joffrey,0,2,2,4
jofrey,0,1,0,1
jog,1,7,15,23
joga,0,11,1,12
jogadores,0,1,0,1
jogando,0,4,0,4
jogetnya,0,3,0,3
jogged,1,0,0,1
jogger,11,4,2,17
joggers,6,13,20,39
jogging,1,0,4,5
joggling,1,0,0,1
jogo,0,18,1,19
jogou,0,5,0,5
jogu,0,2,0,2
joh,5,0,0,5
johancruf,0,1,0,1
johann,0,0,1,1
johanna,4,0,6,10
johanne,0,0,3,3
johannson,0,0,2,2
johansen,0,1,0,1
johanssen,0,1,0,1
johansson,0,6,2,8
johathon,0,0,1,1
johayo,0,0,1,1
johdiey,0,1,0,1
johhny,5,0,0,5
johhy,1,0,0,1
john,323,494,780,1597
johnathan,15,13,35,63
johnathans,0,0,3,3
johnathen,0,0,7,7
johnathon,8,6,6,20
johnislegend,0,0,1,1
johnislegendary,0,0,1,1
johnleguizamo,0,0,1,1
johnnie,0,1,9,10
johnnnn,0,0,2,2
johnny,43,93,83,219
johno,1,0,0,1
johns,2,1,12,15
johnson,43,53,73,169
johnston,1,6,2,9
johny,0,1,7,8
johnyyyyyy,0,3,0,3
johve,0,1,0,1
joi,0,2,11,13
join,108,173,305,586
joined,21,43,81,145
joiner,0,0,2,2
joining,11,17,75,103
joinning,0,0,1,1
joins,10,14,30,54
joint,13,30,67,110
jointed,0,1,1,2
jointedness,0,4,0,4
jointhefamily,0,0,1,1
joints,22,20,76,118
jojen,1,1,0,2
joji,3,8,0,11
jojo,16,48,15,79
jojoba,0,1,0,1
jojoke,0,1,0,1
jojos,0,1,2,3
jojoworld,0,1,0,1
jojs,0,1,0,1
jojun,0,2,0,2
jokbai,0,1,0,1
joke,492,454,991,1937
joked,7,2,4,13
jokefa,4,0,0,4
jokeing,5,0,1,6
jokeman,0,1,0,1
joker,8,77,79,164
jokers,1,10,11,22
jokes,138,133,384,655
jokess,0,1,0,1
jokey,0,1,7,8
joking,49,41,137,227
jokingly,2,0,7,9
jokinh,0,1,0,1
joko,0,0,1,1
joleen,0,0,1,1
joleys,0,1,0,1
jolgorio,0,0,2,2
joli,2,5,2,9
jolibee,0,1,1,2
jolie,17,32,40,89
jolla,1,0,0,1
jollibee,0,12,2,14
jolly,3,10,26,39
jolson,2,0,0,2
jolt,0,0,2,2
jolted,0,0,1,1
joly,0,0,5,5
jolys,1,0,12,13
jom,0,0,3,3
jomblo,0,1,1,2
jon,76,86,186,348
jonah,1,15,9,25
jonas,17,82,98,197
jonathan,49,123,391,563
jonathen,0,1,0,1
jonathon,26,10,55,91
jone,0,1,4,5
jonerys,6,0,0,6
jones,63,145,179,387
joneses,1,0,1,2
jonez,0,0,2,2
jong,12,28,10,50
jonge,0,1,0,1
jongen,0,1,0,1
jongens,0,1,0,1
jongerenwerk,1,0,0,1
jonghan,0,1,0,1
jonghyun,1,0,0,1
jongkook,0,1,0,1
jongs,0,1,0,1
jonh,0,4,1,5
joni,0,0,7,7
jonley,1,0,0,1
jonni,1,0,0,1
jonno,0,12,2,14
jonnor,0,0,1,1
jonny,1,13,14,28
jonnys,0,0,1,1
jonothan,0,0,2,2
jons,0,0,1,1
jonsas,0,0,1,1
jontron,1,2,19,22
jony,0,2,1,3
jonye,0,12,11,23
jonze,0,7,0,7
joo,0,5,2,7
jooey,0,2,0,2
joogus,0,2,0,2
joogy,0,2,0,2
joohhhnnnnnn,0,5,0,5
jooish,0,7,0,7
jool,0,0,2,2
jools,2,0,7,9
joom,0,1,3,4
joon,0,0,6,6
joondalup,0,0,4,4
joone,0,0,3,3
joonie,0,1,0,1
joonkkook,0,0,1,1
joons,0,0,4,4
joordaaans,0,1,0,1
joos,0,5,0,5
joox,0,2,0,2
jop,0,0,1,1
joplin,0,0,5,5
jopo,0,1,0,1
jops,1,0,0,1
jorales,0,4,0,4
jordaans,0,1,0,1
jordan,35,48,56,139
jordana,1,0,1,2
jordans,4,23,3,30
jorden,0,1,0,1
jordi,0,1,11,12
jordigen,0,1,0,1
jordis,0,0,2,2
jorge,0,5,3,8
jorginho,0,5,0,5
jornada,0,5,0,5
jornadas,0,5,0,5
jornalism,0,0,2,2
jornalistic,0,0,3,3
jorts,0,0,4,4
jos,3,0,3,6
josaline,0,1,0,1
jose,128,81,122,331
josef,0,1,0,1
josefina,0,1,0,1
joseline,0,0,1,1
josema,0,1,0,1
joseoh,0,0,1,1
josep,0,1,0,1
joseph,20,17,40,77
josephine,1,0,5,6
joses,1,0,0,1
josh,69,117,163,349
joshgordon,0,0,5,5
joshhhhhhhhhhhhhhhhhhhhhhhh,0,2,0,2
joshi,0,0,1,1
joshlia,0,2,0,2
joshpalerlin,0,1,0,1
joshua,11,46,69,126
joshuaaa,0,0,1,1
josie,2,5,11,18
joslin,1,1,1,3
joslyn,0,4,2,6
josph,1,0,0,1
joss,4,6,10,20
josselin,0,1,0,1
jossssshh,0,0,1,1
jost,0,1,0,1
josua,0,0,1,1
josue,0,0,5,5
josuke,0,2,0,2
jot,0,0,8,8
jota,0,14,35,49
jotelina,0,1,0,1
joto,5,0,0,5
jou,0,26,7,33
joudan,0,3,0,3
joue,0,10,0,10
jouer,0,10,10,20
joueur,0,10,2,12
joueurs,0,0,1,1
joueuses,0,4,0,4
joule,2,0,16,18
joules,2,0,0,2
joumou,0,3,1,4
joung,0,0,1,1
jour,19,7,5,31
jourdans,3,0,0,3
journ,1,5,1,7
journal,0,13,24,37
journaling,3,4,4,11
journalism,17,7,25,49
journalismrights,0,1,0,1
journalist,9,4,22,35
journalistic,3,0,4,7
journalists,22,5,30,57
journalling,0,0,6,6
journals,1,0,5,6
journey,49,35,409,493
journeys,4,1,15,20
journies,0,0,2,2
journo,0,1,1,2
journy,0,0,8,8
jours,0,3,3,6
joutuber,0,1,0,1
jouw,0,3,0,3
joven,0,11,0,11
jovi,0,8,2,10
jovic,0,0,1,1
jovita,1,0,0,1
jovs,0,0,2,2
jow,0,4,1,5
jox,0,0,1,1
joy,20,0,607,627
joya,6,0,1,7
joycasino,0,0,3,3
joyce,2,10,6,18
joycon,0,1,1,2
joycons,0,2,9,11
joyful,1,2,37,40
joyfull,0,0,1,1
joyfully,0,0,3,3
joyfulness,0,0,1,1
joyless,0,0,6,6
joylys,0,0,3,3
joyn,0,2,0,2
joyner,1,0,0,1
joyous,0,4,11,15
joyously,0,0,2,2
joyrd,0,3,0,3
joyride,0,1,1,2
joys,1,6,16,23
joystick,0,3,4,7
joythanks,0,3,0,3
joytoys,3,0,0,3
joyyyyyy,0,1,0,1
jozef,1,0,0,1
jp,48,119,73,240
jpan,0,1,0,1
jparfan,0,0,1,1
jpeg,0,3,2,5
jpg,0,21,0,21
jpn,0,0,1,1
jpop,0,1,1,2
jpp,0,2,0,2
jppppppppp,0,1,0,1
jps,0,3,12,15
jq,3,0,0,3
jqcksfilms,0,1,0,1
jr,24,59,93,176
jra,0,2,0,2
jrant,0,3,0,3
jrassic,0,1,0,1
jre,1,1,4,6
jrekml,0,1,0,1
jrffestar,0,0,1,1
jrichardsingleton,0,4,0,4
jring,0,6,0,6
jrk,0,0,1,1
jrlm,5,0,0,5
jrotc,0,1,0,1
jrpg,0,0,1,1
jrqpi,0,0,16,16
jrrkiriddiriri,0,2,0,2
js,8,9,30,47
jsakk,0,0,3,3
jsbsksbaksbsosnasbwk,0,1,0,1
jsczuxvaksvsgsvajsvsjvdvajavsjg,0,0,1,1
jshdfghjsgajhg,0,5,0,5
jshsb,0,1,0,1
jsjanajakqkqjwjsj,0,1,0,1
jsjs,0,3,0,3
jsjsjjei,0,0,1,1
jsjsjsj,0,1,0,1
jsjsjsjsj,0,1,0,1
jsjsnsnns,0,2,0,2
jska,0,4,0,4
jskdksksk,0,5,0,5
jst,14,3,1,18
jsuis,0,4,0,4
jsut,2,0,1,3
jt,14,8,8,30
jtbc,0,61,1,62
jtm,0,4,0,4
jtribe,0,0,3,3
jts,0,0,1,1
ju,0,49,27,76
juampa,0,2,0,2
juan,4,24,23,51
juana,0,0,2,2
juanantonio,1,0,0,1
juanita,2,0,7,9
juanluisguerra,0,0,1,1
juanpa,0,2,1,3
juaquine,0,1,0,1
juar,0,6,0,6
juara,0,1,0,1
juas,0,3,0,3
juat,0,1,2,3
jub,14,70,40,124
jubal,0,0,1,1
jubbbb,0,1,0,1
jubbbbb,0,1,0,1
jube,0,6,0,6
jubelee,3,0,0,3
jubilee,1,16,3,20
jubilees,0,0,1,1
jubjub,0,6,0,6
jubjubwantrubrub,0,1,0,1
jublie,0,0,5,5
jubs,0,0,1,1
juce,0,0,4,4
juciy,0,0,6,6
jucy,0,1,0,1
juda,0,0,6,6
judah,0,3,3,6
judaism,2,2,6,10
judas,0,7,16,23
judd,15,0,4,19
jude,14,9,5,28
juden,0,4,0,4
judeo,0,0,2,2
judes,0,1,0,1
judge,128,99,269,496
judged,21,2,25,48
judgement,13,12,77,102
judgemental,12,0,17,29
judgements,0,2,1,3
judgepat,0,0,1,1
judges,55,27,141,223
judget,0,0,1,1
judging,40,16,127,183
judgingly,0,0,5,5
judgment,21,4,24,49
judgmental,14,0,14,28
judgments,1,0,2,3
judgy,0,2,1,3
judi,0,49,63,112
judicial,0,1,3,4
judiciary,0,0,1,1
judicious,7,0,0,7
judie,7,0,0,7
judith,1,1,18,20
judo,0,0,3,3
judt,0,0,1,1
judul,0,1,0,1
judus,0,5,0,5
judwaa,0,1,0,1
judy,20,24,24,68
jue,1,0,0,1
juega,0,35,2,37
juegan,0,25,1,26
juegas,0,4,0,4
juego,0,62,18,80
juegos,11,23,4,38
juegue,0,13,0,13
jueguen,0,8,0,8
juergen,0,1,0,1
juevos,0,0,1,1
jug,5,15,7,27
juga,0,10,3,13
jugada,0,3,0,3
jugadas,0,6,1,7
jugado,0,18,0,18
jugador,1,91,3,95
jugadorazo,0,10,0,10
jugadores,9,48,2,59
jugalo,8,0,0,8
jugalos,0,0,3,3
jugamos,0,4,1,5
jugando,0,18,1,19
jugar,0,116,0,116
jugarle,0,1,0,1
jugaron,0,6,0,6
jugde,0,0,2,2
jugdes,0,0,6,6
juge,0,3,0,3
jugent,0,2,0,2
jugg,0,1,0,1
juggalettes,0,0,7,7
juggalo,18,6,24,48
juggaloe,0,0,4,4
juggaloes,8,0,4,12
juggalonation,0,3,0,3
juggalos,6,10,37,53
juggernaughtoz,0,0,1,1
juggernauts,0,1,0,1
jugghead,0,1,0,1
juggie,0,2,2,4
juggies,0,1,0,1
juggle,1,3,11,15
jugglesticks,0,2,0,2
juggling,0,3,9,12
juggly,0,0,1,1
juggy,0,4,0,4
jughead,1,27,3,31
jugo,0,12,0,12
jugones,0,1,0,1
jugs,0,1,2,3
jugular,0,1,0,1
jugulars,0,2,0,2
juh,0,1,0,1
jui,0,0,1,1
juicccyyyyy,0,2,0,2
juice,33,95,91,219
juiced,0,0,4,4
juicer,0,1,1,2
juices,2,4,14,20
juiceyyyyy,0,1,0,1
juicier,1,0,4,5
juiciest,0,0,1,1
juicing,0,0,12,12
juicio,0,0,3,3
juicios,0,3,0,3
juicy,39,104,59,202
juicyy,0,1,0,1
juicyyy,0,2,0,2
juicyyyyy,0,0,4,4
juicyyyyyyy,0,2,0,2
juicyyyyyyyyyy,0,1,0,1
juiicyyy,0,1,0,1
juiiiccyyyyy,0,3,0,3
juilan,0,1,0,1
juilia,0,0,1,1
juipter,0,1,0,1
juist,0,0,1,1
jujitsu,0,0,3,3
jujst,0,0,1,1
juju,0,2,0,2
jujube,0,4,11,15
juke,4,1,0,5
jukebox,0,2,0,2
jukin,1,1,0,2
jukinmedia,0,1,0,1
jula,0,0,1,1
julaaaaaaaaay,0,1,0,1
julein,0,1,0,1
jules,0,6,2,8
julhreeze,0,4,0,4
julia,29,125,147,301
julian,7,25,39,71
juliana,0,1,0,1
julianna,0,2,0,2
julianne,0,3,2,5
julianroberts,0,1,0,1
julians,0,0,1,1
julianstayednin,0,2,0,2
julias,0,8,1,9
julie,1,4,11,16
juliedombo,0,0,3,3
julieeeeeeeeennnnnnmnaaaaaaah,0,1,0,1
julien,34,95,156,285
julienahhhhhh,0,1,0,1
juliennnna,0,1,0,1
juliens,0,8,4,12
julienuh,0,3,0,3
juliet,3,2,5,10
juliette,1,2,2,5
juliiaa,0,1,0,1
julio,4,20,1,25
julioooo,0,1,0,1
julius,0,1,0,1
jullian,0,1,0,1
julliard,0,0,1,1
jullie,0,9,3,12
july,32,13,82,127
jum,0,2,0,2
jumanji,17,10,41,68
jumb,1,0,0,1
jumba,0,1,0,1
jumble,1,3,1,5
jumbled,6,0,4,10
jumblers,0,1,0,1
jumbo,3,0,9,12
jumbos,0,0,1,1
jumbuling,0,0,1,1
jumou,0,1,0,1
jump,171,163,347,681
jumpcut,0,0,4,4
jumpcuts,0,0,1,1
jumped,47,51,71,169
jumper,84,145,534,763
jumpers,23,12,111,146
jumpin,2,2,0,4
jumping,79,55,126,260
jumpman,0,2,0,2
jumprope,0,1,0,1
jumps,37,24,81,142
jumpscare,5,1,6,12
jumpscares,4,2,21,27
jumpshot,0,0,1,1
jumpstart,1,0,0,1
jumpsuit,1,11,60,72
jumpsuits,0,0,5,5
jumpy,14,1,14,29
jumunji,0,0,2,2
jumyeon,0,3,0,3
jun,21,36,87,144
juncker,6,6,0,12
juncos,0,0,2,2
junction,7,12,16,35
juncture,0,0,1,1
juncurryahn,0,0,1,1
june,31,8,51,90
juneau,0,0,2,2
junel,5,0,0,5
jung,0,11,12,23
junge,0,0,7,7
junghwan,0,1,0,1
junghyun,0,0,1,1
jungkook,14,48,36,98
jungkookah,0,2,0,2
jungkooks,0,0,1,1
jungle,9,22,49,80
jungleland,0,2,0,2
jungler,0,0,3,3
jungles,4,1,7,12
junglinge,0,0,2,2
jungpal,0,0,1,1
jungs,0,1,0,1
jungshook,0,12,2,14
jungshooked,0,1,0,1
jungyeon,0,8,1,9
jungyeoniee,0,0,1,1
junhao,0,1,0,1
junhui,3,4,0,7
junhyung,0,1,10,11
juni,0,3,0,3
junie,0,1,1,2
junimea,0,1,0,1
junio,0,1,1,2
junior,6,28,46,80
juniors,1,0,0,1
junipeiro,0,0,2,2
juniper,0,0,1,1
junipero,5,6,21,32
junk,24,33,107,164
junkfood,0,2,2,4
junkie,11,6,28,45
junkies,8,3,23,34
junkless,3,0,0,3
junkman,0,0,3,3
junkrad,0,0,3,3
junkrat,0,10,7,17
junks,0,0,1,1
junky,1,0,1,2
junkyard,0,0,4,4
junmyeon,0,1,0,1
junnie,0,0,1,1
junnnnnnnnnn,0,1,0,1
juno,4,13,45,62
junqueras,0,2,0,2
juns,0,3,3,6
junskitchen,0,7,0,7
junstice,0,1,0,1
junta,1,5,2,8
junte,0,3,1,4
junten,0,1,0,1
juntis,0,1,0,1
junto,0,2,10,12
juntos,1,32,1,34
junuray,0,1,0,1
juny,0,0,1,1
juo,0,1,0,1
juping,0,0,1,1
jupitee,0,1,0,1
jupiter,2,11,6,19
jur,0,0,2,2
jurado,0,1,0,1
jurassic,9,23,46,78
jurava,0,1,0,1
jurgen,0,11,24,35
juri,0,6,0,6
juries,0,1,0,1
juris,0,1,0,1
jurisdiction,5,1,1,7
jurisdictions,1,0,1,2
juro,1,6,3,10
jurrasic,3,1,2,6
jurrigan,0,0,1,1
jurrrr,0,0,1,1
jurry,0,2,0,2
jury,3,2,13,18
jus,38,40,56,134
juseyo,0,1,2,3
jusg,0,0,1,1
jusko,0,2,0,2
jusqu,1,0,3,4
jusr,0,1,0,1
jusrt,0,0,1,1
juss,0,1,6,7
jussa,0,0,1,1
jussayim,1,0,0,1
jusssaying,0,0,3,3
jussssst,0,1,0,1
just,11748,9074,33083,53905
justa,0,0,3,3
justasinger,0,0,2,2
justblaze,0,0,1,1
justce,0,1,0,1
justchris,0,1,0,1
juste,1,47,8,56
justed,0,0,4,4
justene,0,1,0,1
justfab,0,4,11,15
justice,124,82,260,466
justicedemocrats,1,0,0,1
justiceforbarb,0,1,0,1
justiceforthatbitchfromlastseason,0,1,0,1
justicefortopsy,0,3,0,3
justiceforwiredheadphones,0,3,0,3
justicia,0,9,0,9
justie,0,0,2,2
justifiable,2,0,4,6
justifiably,1,0,5,6
justificar,6,3,0,9
justification,1,0,19,20
justifications,0,0,2,2
justified,28,0,30,58
justifies,5,1,3,9
justify,43,17,117,177
justifying,8,1,3,12
justiiineee,0,0,2,2
justin,47,171,124,342
justine,31,45,74,150
justines,0,0,1,1
justinnnnnn,0,0,5,5
justino,0,0,1,1
justins,3,1,0,4
justkiddingparty,0,4,0,4
justmeok,0,3,0,3
justnyc,0,0,4,4
justo,0,19,0,19
justreally,4,0,0,4
justru,0,0,1,1
justs,0,0,2,2
justthebeginning,0,0,4,4
justvas,0,0,4,4
justwow,0,1,0,1
jusus,0,0,1,1
jusy,0,0,4,4
jut,0,0,3,3
juta,0,1,5,6
juthith,0,2,0,2
jutro,3,0,0,3
jutsu,1,1,1,3
jutting,0,0,6,6
jutu,0,1,0,1
jutubie,0,2,0,2
juture,0,2,0,2
juust,0,3,0,3
juuussttt,0,0,1,1
juuust,2,0,0,2
juuuussssstttt,0,0,4,4
juuuust,0,1,1,2
juuuuuuust,0,0,1,1
juuuuuuuuuuuicy,0,3,0,3
juuuuuuuuuuuulieeeeeeeeeeeeenuhhhhhhhhhhhhhhhhhh,0,1,0,1
juvaderm,1,0,0,1
juve,2,30,12,44
juvee,0,1,0,1
juvenile,13,0,14,27
juventino,0,2,0,2
juventus,0,9,17,26
juventusu,0,0,1,1
juvetorino,0,2,0,2
juvias,0,0,4,4
juvie,1,2,7,10
juvilen,3,0,0,3
juxtaposition,0,0,6,6
juylia,0,0,2,2
juz,0,8,9,17
jv,0,4,0,4
jw,3,2,1,6
jwb,0,1,0,1
jwisa,0,1,0,1
jwo,0,6,0,6
jws,0,1,0,1
jx,0,0,2,2
jxmxkxmxk,0,1,0,1
jyd,0,0,1,1
jyj,1,0,0,1
jyn,0,0,1,1
jynx,0,0,2,2
jyp,7,4,21,32
jype,0,0,4,4
jypnation,0,0,1,1
jyppppp,0,1,0,1
jyst,0,0,1,1
jz,1,3,1,5
jzbdjsbsj,0,1,0,1
jzero,0,1,0,1
jzzksjjsbskdns,0,7,0,7
ka,14,108,35,157
kaaaseetaaaa,0,1,0,1
kaajhqowhwosjdbdlosiahdldjslahdxjbxxlajshdospwjdwowjdhd,0,1,0,1
kaak,0,5,0,5
kaasi,0,0,8,8
kaati,0,1,0,1
kabab,0,2,4,6
kabar,0,2,0,2
kabayan,0,0,1,1
kabbie,0,0,6,6
kabdoabdkas,0,0,3,3
kablewy,0,1,0,1
kabobs,0,1,2,3
kaboodle,0,0,4,4
kaboodles,0,0,1,1
kabooom,0,1,0,1
kabootle,0,0,1,1
kabroncentation,0,0,4,4
kabrow,0,0,4,4
kabul,0,3,0,3
kabuto,0,1,0,1
kac,0,1,0,1
kacak,0,1,0,1
kacey,1,0,1,2
kacha,0,2,0,2
kaching,2,0,0,2
kachowski,0,0,1,1
kadar,0,3,0,3
kadarshians,0,1,0,1
kadaway,2,0,0,2
kade,0,1,0,1
kadijah,0,0,1,1
kadikoy,0,0,2,2
kadin,0,9,0,9
kadinlar,0,2,0,2
kadshab,0,1,0,1
kae,0,1,0,1
kaebiw,0,1,0,1
kael,0,1,0,1
kaelyshe,0,0,1,1
kaemon,1,0,0,1
kaep,8,5,14,27
kaepernick,71,9,73,153
kafa,0,0,1,1
kafasini,0,1,0,1
kafay,0,1,0,1
kafaya,0,0,1,1
kaffers,0,0,3,3
kafir,1,0,0,1
kafka,0,2,7,9
kagebunshin,0,1,0,1
kaguya,3,0,0,3
kah,2,1,0,3
kaha,0,4,0,4
kahbib,0,0,2,2
kahe,0,1,0,1
kahibangan,2,0,0,2
kahil,0,0,1,1
kahl,0,1,2,3
kahled,0,0,1,1
kahlua,2,5,0,7
kahn,0,23,2,25
kahoot,0,1,0,1
kahraman,0,2,0,2
kahuna,1,0,0,1
kahunas,0,0,1,1
kai,5,13,3,21
kaia,0,1,0,1
kaiba,2,0,0,2
kaijin,2,0,0,2
kaiju,4,18,2,24
kaijus,1,0,4,5
kaiko,0,0,1,1
kailangan,2,0,0,2
kailyn,0,1,0,1
kain,5,4,0,9
kaine,0,1,0,1
kainis,0,0,1,1
kainisssss,0,1,0,1
kaiser,0,3,5,8
kaitelynn,0,1,0,1
kaiteriteri,0,1,0,1
kaitlyn,2,1,5,8
kaity,0,1,0,1
kaityln,0,5,0,5
kaiyote,0,0,1,1
kaizo,0,2,0,2
kajal,0,0,3,3
kajigger,5,0,0,5
kajja,0,4,0,4
kak,0,2,0,2
kaka,0,1,2,3
kakaaaaakkk,0,1,0,1
kakak,0,0,1,1
kakaka,0,1,0,1
kakakaka,0,1,0,1
kakao,0,0,1,1
kakarot,0,1,0,1
kakashi,0,1,0,1
kakatuwa,0,0,1,1
kakdnsksk,0,1,0,1
kake,1,1,0,2
kakies,0,0,1,1
kako,0,2,0,2
kaksna,0,0,1,1
kaksnsishbekjjwm,0,1,0,1
kaku,0,0,1,1
kal,3,2,5,10
kala,0,0,1,1
kalab,0,3,0,3
kaladesh,0,1,0,1
kalahari,0,0,4,4
kalahi,2,0,0,2
kalani,0,1,0,1
kalap,0,1,0,1
kalashnikow,0,0,1,1
kalau,0,2,1,3
kalb,0,0,1,1
kald,0,3,0,3
kaldareta,1,0,0,1
kalderan,0,2,0,2
kaldir,0,2,0,2
kale,2,0,8,10
kaleb,1,0,0,1
kaleci,0,0,1,1
kalecilik,0,0,1,1
kalecinin,0,1,0,1
kaleidoscope,0,0,4,4
kaleo,0,1,0,1
kalergi,0,0,1,1
kaleye,0,0,1,1
kalgan,1,0,0,1
kali,0,13,3,16
kalian,0,4,0,4
kalief,1,0,0,1
kalifa,0,1,0,1
kalimutan,0,1,0,1
kalista,0,6,0,6
kaliteli,0,25,0,25
kalkar,0,10,0,10
kalkbrenner,0,0,2,2
kall,0,1,0,1
kalm,0,4,0,4
kalma,0,2,0,2
kalmaku,0,0,1,1
kalo,0,4,5,9
kaloka,0,1,0,1
kalou,0,1,0,1
kalp,0,2,0,2
kalsnfjamdjrk,1,0,0,1
kaltaginin,0,1,0,1
kalvin,2,0,0,2
kalyan,0,0,1,1
kalye,0,0,1,1
kalyeserye,0,6,0,6
kam,0,0,4,4
kama,4,0,0,4
kamail,0,0,1,1
kamaiyah,0,0,1,1
kamari,0,2,0,2
kamasi,4,0,0,4
kamasutra,0,0,1,1
kambal,0,0,1,1
kame,0,2,0,2
kameas,0,1,0,1
kamegai,0,0,2,2
kamel,0,0,1,1
kamen,0,3,0,3
kamenov,0,5,0,5
kamer,0,4,4,8
kamera,0,6,0,6
kameshki,0,2,0,2
kamface,0,0,1,1
kami,0,8,3,11
kamikakushi,0,0,1,1
kamikaze,0,0,1,1
kamino,0,2,1,3
kamma,0,0,1,1
kammel,0,1,0,1
kamodo,0,0,2,2
kampioen,0,2,0,2
kampmann,0,0,6,6
kamri,0,1,0,1
kamryn,0,0,1,1
kamu,2,3,1,6
kamui,0,0,1,1
kamusta,0,0,5,5
kan,5,56,8,69
kana,0,16,2,18
kanaaaaaaaaaaaaaaaaaaaal,0,1,0,1
kanaal,0,0,2,2
kanaaltje,0,1,0,1
kanal,0,4,0,4
kanale,0,3,0,3
kanalen,0,1,0,1
kanalima,0,2,0,2
kanan,0,1,0,1
kanasas,1,0,0,1
kanatland,0,1,0,1
kanatlandirir,0,2,0,2
kandee,0,1,11,12
kandoo,0,0,1,1
kandor,0,0,1,1
kandosa,0,0,1,1
kane,39,64,168,271
kanebrown,0,0,3,3
kanebrownvevo,0,0,1,1
kaneee,0,2,2,4
kaneki,0,2,0,2
kaneko,0,0,4,4
kanes,1,18,5,24
kang,7,17,1,25
kanga,0,0,1,1
kangana,0,1,2,3
kangaroo,3,5,2,10
kangaroos,0,3,1,4
kangaskhan,0,2,0,2
kangen,0,0,2,2
kangimoos,0,0,1,1
kangz,4,1,4,9
kanina,0,1,0,1
kanji,0,1,2,3
kanken,0,2,12,14
kankilerimle,0,3,0,3
kanli,0,1,0,1
kann,0,7,0,7
kanna,0,5,1,6
kanneka,0,1,0,1
kannst,0,4,0,4
kano,1,0,0,1
kanookla,0,4,1,5
kans,0,3,4,7
kansans,5,0,0,5
kansas,18,12,25,55
kansei,0,1,0,1
kanser,0,2,2,4
kant,0,0,3,3
kanta,0,1,0,1
kante,3,40,35,78
kantelu,0,2,0,2
kanter,0,1,0,1
kany,0,8,0,8
kanya,2,0,0,2
kanye,37,82,154,273
kanyes,3,2,2,7
kanyewest,0,0,3,3
kanza,0,3,10,13
kanzah,0,2,0,2
kaori,0,12,0,12
kaoroke,0,0,1,1
kaose,0,6,0,6
kap,16,6,39,61
kapa,0,2,0,2
kapag,0,1,1,2
kapampangan,0,0,3,3
kapan,0,5,0,5
kapany,0,0,4,4
kapapanood,0,0,1,1
kapat,0,1,0,1
kapatid,0,1,1,2
kapely,0,0,1,1
kapera,0,0,1,1
kaperdick,0,0,1,1
kapernick,5,7,4,16
kapernicks,0,0,1,1
kapernik,0,0,2,2
kapit,0,7,0,7
kapiti,0,4,0,4
kaplan,0,3,2,5
kapolei,0,0,1,1
kapone,0,4,0,4
kapoor,0,0,1,1
kapot,0,4,1,5
kappa,6,7,6,19
kappapride,0,1,0,1
kaprizina,0,0,2,2
kapuka,0,1,0,1
kapuscinski,0,0,6,6
kaput,0,1,0,1
kapwa,0,2,0,2
kar,1,12,6,19
kara,0,1,4,5
karabagh,0,0,1,1
karakter,0,5,0,5
karalha,2,0,0,2
karambit,0,2,0,2
karan,8,14,5,27
karao,0,2,0,2
karaok,0,1,0,1
karaoke,34,70,64,168
karar,0,1,0,1
karari,0,1,0,1
kararlari,0,1,0,1
karate,3,15,7,25
karats,0,0,2,2
karau,0,1,0,1
karcie,0,1,0,1
kard,0,2,1,3
kardarshians,0,3,0,3
kardas,0,1,0,1
kardasashian,0,0,1,1
kardash,1,1,0,2
kardashen,0,0,1,1
kardashian,57,79,80,216
kardashians,49,36,48,133
kardashianz,0,1,0,1
kardasian,0,0,1,1
kardasians,0,5,0,5
kardassian,2,0,0,2
karde,0,7,0,7
kardeslerim,0,1,0,1
kardi,2,0,0,2
kardnal,0,1,0,1
kardsashian,0,1,0,1
kareem,1,0,0,1
karelia,0,3,0,3
karen,56,32,41,129
karena,0,3,0,3
karenbeu,0,2,0,2
karenbritchick,0,8,6,14
kareoke,1,1,0,2
karhma,0,1,0,1
kari,0,0,6,6
karibu,0,4,0,4
karima,0,0,3,3
karimjovian,0,0,2,2
karina,0,5,2,7
karius,3,0,0,3
karjenner,0,1,0,1
karkat,0,0,4,4
karl,3,19,9,31
karla,0,2,0,2
karlar,0,1,0,1
karlberg,0,1,0,1
karli,0,3,0,3
karlie,0,0,10,10
karlisle,1,0,0,1
karloff,0,1,1,2
karly,0,0,6,6
karma,34,37,38,109
karmel,0,0,6,6
karna,2,0,0,2
karny,0,1,0,1
karo,0,1,0,1
karoke,0,1,0,1
karol,0,3,0,3
karolina,4,0,0,4
karon,0,1,0,1
karot,0,0,2,2
karren,0,1,0,1
karriere,0,3,0,3
karrn,0,1,0,1
karruche,0,0,2,2
karruchewrong,0,0,2,2
karrueche,0,1,0,1
karsilanir,0,1,0,1
kart,2,23,11,36
karta,0,2,0,2
kartacak,0,1,0,1
kartal,0,14,1,15
kartalim,0,1,0,1
kartallar,0,1,0,1
kartastrophe,0,2,0,2
karte,0,1,0,1
kartel,5,11,14,30
kartels,0,2,0,2
karti,0,2,0,2
karting,0,0,7,7
kartom,0,3,0,3
kartrashian,0,1,0,1
kartrashians,0,0,1,1
karts,1,1,4,6
karura,0,0,1,1
kas,0,3,0,3
kasabian,0,1,0,1
kasama,0,0,2,2
kasaoasisish,0,0,1,1
kasdfljlsdfjk,0,0,3,3
kaseeee,0,1,0,1
kasey,1,0,0,1
kash,0,1,0,1
kashar,0,1,0,1
kashia,0,0,1,1
kashin,0,0,1,1
kashmir,7,0,5,12
kashmiries,3,0,0,3
kashuk,0,0,3,3
kashyyk,0,1,0,1
kashyyyk,0,1,0,1
kasi,0,0,1,1
kasia,0,4,0,4
kasih,0,13,0,13
kasita,0,1,0,1
kasitas,0,1,0,1
kasiu,0,2,0,2
kasjoabdoqhdoabsos,2,0,0,2
kaskade,0,0,1,1
kaskdkcif,0,1,0,1
kasmal,0,3,0,3
kasmhir,3,0,0,3
kasmr,0,0,1,1
kaso,0,1,0,1
kaspbrak,0,2,0,2
kasper,0,1,0,1
kassidy,0,2,0,2
kasten,0,4,0,4
kastje,0,1,0,1
kastle,0,0,1,1
kasu,2,0,0,2
kaszanka,0,0,2,2
kaszk,0,2,0,2
kaszka,0,2,0,2
kat,16,30,31,77
kata,0,0,2,2
katakana,0,0,1,1
katana,1,3,0,4
katanas,0,0,3,3
katarina,2,0,2,4
katarzyna,0,2,0,2
katch,0,0,2,2
katcher,0,0,1,1
kate,48,186,281,515
katelyn,0,5,0,5
katelynn,0,2,0,2
kates,0,1,0,1
katey,0,0,1,1
katfished,0,1,0,1
kathak,0,1,2,3
katharine,1,0,0,1
katheelen,0,1,0,1
katherena,0,0,1,1
katherine,0,7,2,9
katheryn,0,0,2,2
kathleen,10,7,5,22
kathleenlights,0,2,2,4
kathryn,3,1,0,4
kathy,18,0,5,23
kathygriffen,1,0,0,1
kati,2,8,64,74
katia,2,2,2,6
katie,13,31,70,114
katieee,0,1,0,1
katieeeee,0,1,0,1
katiiii,0,0,3,3
katilacak,0,1,0,1
katipunero,0,0,2,2
katniss,0,9,1,10
katoren,0,0,1,1
katrina,9,1,5,15
kats,1,4,1,6
katsaridaphobia,0,1,0,1
katsuyori,0,1,0,1
katt,4,0,2,6
kattaa,0,1,0,1
kattan,0,2,0,2
katty,0,0,1,1
katy,37,145,239,421
katya,0,8,4,12
katycat,0,0,5,5
katycatforever,0,0,2,2
katydid,0,0,1,1
katyperry,0,0,1,1
katys,0,3,0,3
katyyy,2,0,0,2
katz,0,1,0,1
katzte,0,5,0,5
kau,0,2,0,2
kauai,2,4,2,8
kauer,0,0,1,1
kauffman,2,0,0,2
kaufman,5,2,12,19
kaughmann,1,0,0,1
kauia,0,1,0,1
kaum,0,1,0,1
kaunti,0,0,1,1
kaur,0,0,1,1
kaushal,0,6,0,6
kavanduck,0,0,1,1
kavari,0,1,0,1
kaveh,6,0,0,6
kaven,1,0,0,1
kavin,1,0,0,1
kavos,0,10,2,12
kawa,0,12,0,12
kawaii,3,35,38,76
kawaiii,0,2,0,2
kawaiiiiiiiii,0,0,3,3
kawaiisweetworld,0,0,4,4
kawaisweetworld,0,0,4,4
kawali,1,0,0,1
kawan,0,2,0,2
kawasaki,2,1,0,3
kawhi,0,1,1,2
kawie,0,2,0,2
kaws,0,4,0,4
kay,7,13,34,54
kaya,0,7,6,13
kayak,1,12,18,31
kayaked,0,0,6,6
kayaker,0,4,0,4
kayaking,0,8,0,8
kayaks,0,6,3,9
kayanya,0,0,1,1
kayate,4,0,0,4
kaybediyor,0,1,0,1
kaycee,0,1,0,1
kaye,0,1,0,1
kayfabe,5,0,0,5
kayla,1,2,7,10
kayleighs,0,3,0,3
kayley,1,1,1,3
kayli,0,0,5,5
kaylie,0,0,5,5
kayne,6,2,4,12
kayo,0,5,0,5
kayong,0,0,1,1
kaysa,0,0,1,1
kayso,0,2,0,2
kayu,0,0,1,1
kayven,1,0,0,1
kayyy,0,1,0,1
kaz,0,1,1,2
kazakhstan,0,7,7,14
kazama,0,3,0,3
kazand,0,3,0,3
kazandigi,0,0,1,1
kazandilar,0,0,1,1
kazapski,0,2,0,2
kazar,1,0,0,1
kazatsky,0,2,0,2
kazdan,0,1,0,1
kaze,2,1,2,5
kazersky,1,0,0,1
kazett,0,0,1,1
kazetta,0,0,3,3
kazi,0,0,1,1
kazincsky,1,0,0,1
kazmefisho,1,0,0,1
kazooie,0,0,1,1
kazotsky,0,2,0,2
kazursgestalt,0,1,0,1
kazurzur,0,1,0,1
kb,5,18,27,50
kbar,0,0,2,2
kbbtv,0,4,0,4
kbeauty,0,0,3,3
kben,0,0,1,1
kbit,0,0,3,3
kbp,3,0,2,5
kbps,3,0,59,62
kbrean,0,1,0,1
kbron,0,4,0,4
kbs,0,6,7,13
kbtv,0,1,0,1
kc,4,15,29,48
kcal,0,51,4,55
kcbestsongever,0,4,0,4
kcid,0,2,0,2
kclzdh,0,0,1,1
kcmsmm,0,4,0,4
kcnvrektnqc,0,4,0,4
kcole,5,0,0,5
kd,25,37,64,126
kdb,14,1,11,26
kdcirt,0,1,0,1
kdhkaaihdj,0,3,0,3
kdjfkdjfksdhd,0,1,0,1
kdo,0,3,0,3
kdog,0,1,0,1
kdot,0,7,4,11
kdrama,0,3,6,9
kdramas,0,2,0,2
ke,1,46,22,69
keane,2,7,16,25
keanton,1,0,0,1
keanu,1,3,12,16
keap,1,0,0,1
kearney,0,3,0,3
keath,1,0,0,1
keaton,0,6,14,20
kebab,3,25,7,35
kebabs,0,10,0,10
kebanyakan,0,1,1,2
keboard,0,1,0,1
kechup,0,1,0,1
ked,1,1,4,6
kedai,0,0,1,1
kedaiemas,0,0,5,5
kedaiemasbergerak,0,0,1,1
kedaiemaset,0,0,1,1
kedaiemaslelong,0,0,1,1
kedaiemasmurah,0,0,1,1
kedaiemasonline,0,0,1,1
kedaiemassripuchong,0,0,1,1
kedavra,0,2,0,2
kedem,1,0,0,1
kee,0,1,0,1
keeeeeeeeeeeeeeeeeeeeeeppppppppppppppp,0,1,0,1
keeeeen,0,4,0,4
keef,1,1,15,17
keefe,0,0,1,1
keegan,1,6,6,13
keek,0,1,1,2
keel,7,0,2,9
keeled,1,0,0,1
keelhauled,4,4,0,8
keels,0,0,1,1
keely,1,0,0,1
keem,0,4,0,4
keemledge,0,3,0,3
keemstar,0,7,1,8
keen,12,12,71,95
keenan,2,2,2,6
keenly,0,0,1,1
keeo,0,0,2,2
keep,1314,1278,6674,9266
keepamericagreat,0,0,1,1
keepass,5,0,0,5
keepbeingyou,0,0,2,2
keepem,0,0,4,4
keeper,9,42,85,136
keepers,1,16,13,30
keepeth,0,0,19,19
keepfitgoals,0,0,2,2
keepie,2,1,0,3
keepin,2,1,29,32
keeping,91,64,521,676
keeplookingup,0,1,0,1
keeppounding,0,5,0,5
keeps,164,116,463,743
keepsakes,1,0,6,7
keept,1,1,2,4
keepthelightslow,1,0,0,1
keeptrying,0,1,0,1
keer,0,10,1,11
keera,0,0,4,4
keertje,0,1,0,1
kefalonia,0,0,5,5
kefe,0,1,0,1
kefka,0,1,0,1
keg,0,0,6,6
kegal,0,0,9,9
kegata,0,3,0,3
keh,0,0,1,1
kehhh,0,1,0,1
kehlani,7,31,50,88
kehnie,0,0,1,1
kei,0,2,0,2
kein,0,4,3,7
keine,0,1,0,1
keir,0,6,13,19
keira,8,15,37,60
keirs,0,1,0,1
keisbd,0,0,1,1
keish,0,0,3,3
keisha,11,29,7,47
keisuke,4,5,7,16
keita,0,16,17,33
keitel,1,0,0,1
keith,19,54,22,95
keitt,0,1,0,1
keiynan,0,1,0,1
kejezto,0,1,0,1
kek,2,11,13,26
keke,0,1,4,5
kekeke,0,1,0,1
kekistan,0,0,21,21
kekistani,0,1,0,1
keknya,0,1,0,1
keks,0,0,1,1
kel,1,8,0,9
kelbold,1,0,0,1
kelechi,0,0,1,1
keli,0,5,0,5
kelin,0,0,4,4
kelk,0,0,8,8
kell,0,2,0,2
kellan,1,0,0,1
kellegendary,0,0,5,5
kellemes,0,3,0,3
keller,9,5,7,21
kellerman,2,14,4,20
kelley,2,0,12,14
kellie,0,1,4,5
kelllllly,0,1,0,1
kellner,0,0,4,4
kellogg,1,0,3,4
kelloggs,0,0,3,3
kells,2,5,4,11
kellss,0,1,0,1
kelly,148,145,288,581
kellyclarkson,0,0,4,4
kellymom,0,0,2,2
kellys,0,0,8,8
kellywise,0,0,4,4
kellz,3,0,0,3
kelp,0,1,0,1
kels,0,1,0,1
kelsey,7,5,3,15
kelseyyyy,0,1,0,1
kelsi,0,0,1,1
keluar,0,1,0,1
kelulusan,0,0,1,1
kelvin,0,7,2,9
kelxi,0,2,0,2
kelyf,0,0,4,4
kelz,0,1,0,1
kem,0,3,0,3
kemah,0,1,0,1
kemba,0,1,0,1
kembali,0,1,0,1
kembalikan,2,0,0,2
keming,0,3,0,3
kemmel,0,4,0,4
kemmelsiniz,0,0,2,2
kemper,0,4,0,4
ken,35,52,75,162
kenal,0,3,0,3
kenan,2,3,6,11
kenangan,0,0,1,1
kenann,0,0,1,1
kenapa,0,9,2,11
kend,0,1,0,1
kenda,0,0,1,1
kendaaaaaall,0,1,0,1
kendal,6,2,10,18
kendall,61,88,99,248
kendalls,0,1,0,1
kendama,0,7,6,13
kendare,0,0,1,1
kendell,0,2,4,6
kendellll,0,3,0,3
kendi,0,2,0,2
kendini,0,3,0,3
kendleton,0,1,0,1
kendosa,0,0,2,2
kendrick,20,41,51,112
kendricks,0,0,4,4
kendull,3,0,0,3
kenedy,0,0,4,4
kenek,0,1,0,1
kenia,0,0,4,4
kenm,0,0,2,2
kenma,0,1,0,1
kenn,0,1,2,3
kennan,0,1,0,1
kennat,0,0,3,3
kenne,0,3,0,3
kennedy,11,1,21,33
kennedys,0,4,1,5
kenneka,0,0,3,3
kennel,0,6,7,13
kenneling,0,0,2,2
kenneth,1,12,8,21
kennewick,0,0,1,1
kennot,0,0,3,3
kennt,0,1,0,1
kenny,16,35,41,92
kenobi,5,3,2,10
kenootjes,0,1,0,1
kenra,0,0,3,3
kens,0,4,1,5
kensei,0,0,1,1
kenshi,0,6,2,8
kenshin,4,0,0,4
kensington,0,1,0,1
kensley,0,1,0,1
kent,3,18,14,35
kentucky,0,1,12,13
kenway,0,1,4,5
kenwood,0,6,7,13
kenya,3,10,7,20
kenyans,0,0,2,2
kenyatta,0,9,12,21
kenyon,1,0,1,2
kenza,1,1,10,12
kenzie,1,0,0,1
kenzieg,0,2,0,2
kenzo,0,11,6,17
kenzos,3,0,0,3
keo,0,3,0,3
keoghan,0,0,5,5
keone,0,0,1,1
keown,0,0,4,4
kep,0,0,1,1
kepest,0,1,0,1
keps,2,0,0,2
kept,234,146,676,1056
kepts,5,0,1,6
ker,0,3,5,8
kerala,0,0,3,3
keras,0,0,1,1
keratin,0,0,7,7
kerb,0,0,5,5
kerbal,0,3,13,16
kerch,0,0,1,1
kerchief,3,0,0,3
kerching,3,0,0,3
kerea,0,1,0,1
kereeeeeeen,0,1,0,1
kereeeeem,0,1,0,1
kereeennn,0,1,0,1
kereennn,0,1,0,1
keren,0,24,6,30
kerennn,0,1,0,1
kereta,0,0,1,1
kerfuffle,0,0,4,4
keri,0,0,1,1
keriting,0,1,0,1
kerja,0,0,1,1
kerjasama,0,0,1,1
kerkujj,0,1,0,1
kermeme,1,0,0,1
kermet,0,0,2,2
kermie,0,1,0,1
kermit,13,35,23,71
kermits,0,0,1,1
kermode,0,0,1,1
kern,2,1,1,4
kernel,20,2,42,64
kero,0,0,2,2
kerosine,0,0,1,1
kerouac,0,0,1,1
kerp,1,0,0,1
kerr,1,5,0,6
kerrick,1,0,0,1
kerry,4,0,0,4
kers,1,0,0,1
kershaw,0,1,0,1
kertsey,0,0,1,1
kes,0,6,0,6
kesedihan,0,0,1,1
kesha,6,32,108,146
keshamore,0,1,0,1
keshas,0,1,1,2
keshia,0,0,4,4
keshlemore,0,1,0,1
kesiliyor,0,1,0,1
kesiyor,0,1,0,1
kessler,0,0,1,1
ket,0,1,0,1
ketamine,0,0,1,1
ketchum,0,4,0,4
ketchup,9,26,12,47
ketemu,0,1,1,2
keth,0,1,0,1
keto,0,1,3,4
ketoacidocis,2,0,0,2
ketogenic,1,0,0,1
ketosis,0,2,0,2
kettle,9,0,27,36
kettledrum,0,0,1,1
kev,6,7,2,15
keven,1,2,0,3
kevin,124,282,350,756
kevinhart,2,0,0,2
kevinho,0,1,1,2
kevinownen,0,2,0,2
kevlar,3,6,0,9
kevoon,0,4,0,4
kevyn,0,4,6,10
kew,0,0,1,1
kewl,0,8,2,10
kewpie,4,0,0,4
key,119,131,341,591
keyblade,0,1,0,1
keyboad,0,1,0,1
keyboard,31,64,149,244
keyboardist,0,1,1,2
keyboards,8,6,28,42
keyboarhdhdhdhhdbdbdbdhdgdyhnsnnnmakoosjeywieoelambxcs,0,0,1,1
keyboars,0,0,1,1
keyboashgownsgaidnfkgiejwfaifbsgwisg,0,1,0,1
keyboufdbsejbgjlngfcbvdhbkdhggjvdjkhnpbfhjdkn,0,0,1,1
keycaps,0,0,1,1
keychain,0,0,3,3
keyed,0,4,0,4
keyers,0,0,2,2
keyholders,0,0,4,4
keyifle,0,1,0,1
keyim,0,1,0,1
keyisha,0,10,0,10
keyless,0,0,5,5
keylor,0,6,0,6
keymaria,0,0,2,2
keynes,0,1,9,10
keynote,0,11,11,22
keyon,0,1,0,1
keypad,0,0,3,3
keypress,0,0,1,1
keyring,0,0,2,2
keys,28,59,169,256
keysha,3,0,0,3
keyshia,13,32,82,127
keyssss,0,0,2,2
keystroke,0,0,2,2
keyword,0,0,9,9
keywords,1,2,12,15
kez,0,3,0,3
kezel,0,4,0,4
kf,0,1,1,2
kfc,14,33,16,63
kfmfkd,0,6,0,6
kfozblzp,0,0,6,6
kg,7,30,73,110
kgak,0,1,0,1
kgb,0,0,16,16
kgk,0,1,0,1
kgktugjhjfjfcngjgngjmgkgmgufngjgmgifkgj,0,2,0,2
kgs,0,0,1,1
kgyo,0,1,0,1
kh,0,30,3,33
kha,0,1,0,1
khaaa,0,1,0,1
khaaaaaaaaaaaaaaaaaaaaaaaaaaaaaaaaaaaaaaaaaaaaaaaaaaaaaaaaaaleeeeeeeeeeeeeeeeeeeeeeeeeeeeeeeeeeeeeeeeeeeeeeeeeeeeeeeeeeeeeeeeeeeeeeeeeeeeeeeeeeeeeeeeeeeeeeeeeeeeeeeeeeeeeeeeeeed,0,1,0,1
khabib,4,14,7,25
khabibtime,2,0,0,2
khachapuri,0,1,0,1
khaked,0,1,0,1
khaki,0,6,14,20
khakis,1,4,3,8
khal,0,11,3,14
khaled,7,25,27,59
khaleesi,6,5,9,20
khalesi,0,0,1,1
khalessi,1,1,0,2
khali,0,2,0,2
khalid,1,12,4,17
khalifa,2,18,7,27
khalil,0,2,0,2
khallesi,2,0,0,2
khama,5,0,0,5
khan,48,29,43,120
khandi,0,1,2,3
khanisms,0,0,4,4
khannabaunsit,0,1,0,1
khant,7,0,0,7
kharaper,0,0,2,2
kharkiv,1,0,0,1
kharkivska,1,0,0,1
kharma,1,0,0,1
khas,0,0,3,3
khaza,0,1,1,2
khazar,0,0,1,1
khe,0,5,1,6
khefifa,0,1,0,1
kheils,0,0,1,1
kher,0,0,1,1
khhmanurg,0,1,0,1
khiel,0,1,0,1
khiphop,0,0,1,1
khlo,0,4,0,4
khloe,4,9,11,24
khm,0,1,0,1
khmer,0,1,2,3
khols,0,3,0,3
khosrowshahi,4,0,0,4
khourts,0,0,2,2
khrigan,0,7,0,7
khris,0,0,5,5
khs,0,0,15,15
khu,0,2,0,2
khufajado,0,2,0,2
khutoryansky,0,0,1,1
khyan,6,0,0,6
khz,9,13,48,70
ki,6,54,7,67
kia,2,0,0,2
kiaju,0,0,1,1
kian,0,2,0,2
kiara,0,1,0,1
kiavier,0,6,0,6
kibble,0,3,4,7
kichen,0,2,0,2
kick,127,95,304,526
kickass,0,12,2,14
kickbacks,0,0,1,1
kickball,1,0,0,1
kickboxing,0,0,6,6
kicked,66,58,98,222
kicker,0,0,7,7
kickers,5,0,0,5
kickflip,0,4,1,5
kickin,4,0,4,8
kicking,32,17,57,106
kickoffs,0,2,0,2
kicks,38,38,79,155
kicksen,0,5,0,5
kickstart,0,0,7,7
kickstarted,0,0,1,1
kickstarter,12,19,29,60
kickstarts,0,0,1,1
kickthepj,2,4,9,15
kickthestickz,0,1,0,1
kicten,0,1,0,1
kicxin,6,0,0,6
kid,560,474,1193,2227
kida,0,1,1,2
kidapult,0,1,0,1
kidd,0,6,11,17
kiddie,1,1,5,7
kiddies,1,7,5,13
kiddiewise,0,2,0,2
kiddin,1,1,1,3
kidding,93,77,168,338
kiddo,2,6,16,24
kiddos,0,0,19,19
kidds,1,0,0,1
kiddy,0,2,4,6
kidfury,0,0,1,1
kidly,0,0,2,2
kidman,10,18,7,35
kidmans,1,0,0,1
kidnap,11,5,14,30
kidnaped,0,1,1,2
kidnapped,9,11,40,60
kidnapper,0,1,0,1
kidnappers,15,0,1,16
kidnapping,11,3,4,18
kidnappings,2,0,1,3
kidnaps,5,0,0,5
kidney,43,29,49,121
kidneygreat,0,1,0,1
kidneys,32,14,6,52
kido,0,1,0,1
kidrock,1,0,0,1
kidrockforsenate,0,3,0,3
kids,820,640,2191,3651
kidsk,0,0,6,6
kidsss,0,0,5,5
kidston,0,0,5,5
kidualt,0,1,0,1
kidz,0,0,1,1
kie,0,2,0,2
kiedy,0,12,4,16
kiedykolwiek,0,5,0,5
kief,0,1,0,1
kiehl,0,0,4,4
kiehls,0,0,2,2
kiekskskjsjs,0,1,0,1
kiem,0,7,0,7
kien,0,0,1,1
kier,0,0,6,6
kiera,8,10,128,146
kierakrafts,0,1,0,1
kieran,5,1,1,7
kiere,0,2,1,3
kieren,0,4,0,4
kieres,0,1,0,1
kiero,0,2,0,2
kieth,4,1,0,5
kiev,1,8,8,17
kiff,1,7,0,8
kiffe,0,3,0,3
kig,0,1,0,1
kigga,0,1,0,1
kiggety,0,1,0,1
kiha,0,2,0,2
kii,0,0,1,1
kiiiiiiiiiiiid,1,0,0,1
kiiiill,0,0,2,2
kiiiilllled,0,0,1,1
kiiillllsss,0,1,0,1
kiinde,0,3,0,3
kij,0,0,2,2
kijk,0,15,5,20
kijken,0,2,0,2
kijkt,0,2,0,2
kik,1,5,2,8
kikaku,0,1,0,1
kike,36,11,2,49
kikedescending,0,0,1,1
kikes,5,4,2,11
kikewood,0,0,2,2
kiki,0,2,0,2
kikil,0,1,0,1
kiko,0,10,6,16
kiksen,0,1,0,1
kikwang,0,1,0,1
kikwear,0,0,1,1
kila,0,0,1,1
kilanova,0,0,8,8
kild,0,3,0,3
kildal,1,0,0,1
kildall,0,0,1,1
kile,0,2,0,2
kilers,0,0,2,2
kilig,0,4,9,13
kiligggggs,0,0,1,1
kilimanjaro,0,1,0,1
kilka,0,4,0,4
kilkenny,0,1,0,1
kilku,0,0,1,1
kill,720,727,974,2421
killa,3,1,2,6
killah,4,0,0,4
killaj,0,4,0,4
killary,5,1,7,13
killasssssssssssss,0,0,3,3
killawatt,7,0,14,21
killbill,0,1,0,1
killed,1010,29,594,1633
killeddddd,0,0,1,1
killem,3,9,5,17
killen,0,1,0,1
killer,83,148,191,422
killers,31,34,53,118
killersss,0,1,0,1
killerwhales,0,3,0,3
killes,0,1,0,1
killian,0,0,2,2
killin,11,57,22,90
killing,275,321,522,1118
killingme,0,0,3,3
killings,12,0,16,28
killjoy,0,3,3,6
killl,0,1,0,1
killled,0,1,0,1
killll,0,0,2,2
killllin,0,1,0,1
killlll,0,0,1,1
killlllled,1,0,0,1
killmethenkillmeagain,0,0,1,1
killminati,0,0,1,1
killn,0,0,1,1
killowog,0,0,1,1
kills,92,104,176,372
killstar,0,2,6,8
killtheiphone,0,1,0,1
killthekardashians,0,1,0,1
killthelamas,0,1,0,1
killwatt,0,0,1,1
killy,0,2,0,2
killyoutube,0,2,0,2
killz,0,1,0,1
kilmer,0,0,1,1
kiln,3,2,4,9
kilo,2,4,5,11
kilogram,1,16,20,37
kilograms,2,2,1,5
kilometer,0,0,3,3
kilometers,1,0,0,1
kilometre,1,0,0,1
kilometres,1,0,1,2
kilonova,0,1,0,1
kilos,0,6,14,20
kilotons,0,1,2,3
kilowatt,0,8,4,12
kilowatts,0,0,2,2
kils,0,1,0,1
kilt,0,16,10,26
kilton,1,0,0,1
kilye,0,3,0,3
kim,93,205,233,531
kimail,0,1,0,1
kimak,0,1,0,1
kimball,0,0,5,5
kimballs,1,0,0,1
kimbap,0,1,2,3
kimbell,0,0,1,1
kimberley,1,0,0,1
kimberly,3,7,0,10
kimblee,0,1,0,1
kimbo,2,0,0,2
kimbob,0,0,1,1
kimbra,1,0,2,3
kimchi,0,7,7,14
kimda,1,0,0,1
kimde,0,1,0,1
kimdir,0,2,0,2
kime,0,1,0,1
kimee,0,1,0,1
kimha,0,1,0,1
kimhanbin,0,0,1,1
kimi,0,6,6,12
kimie,1,0,0,1
kimk,0,4,0,4
kimmch,0,5,0,5
kimmel,116,109,231,456
kimmell,0,1,1,2
kimmels,2,2,3,7
kimmey,1,0,0,1
kimmi,0,0,1,1
kimmich,0,8,8,16
kimmil,0,0,1,1
kimmles,0,1,0,1
kimmo,0,0,2,2
kimmy,4,8,7,19
kimochi,0,1,0,1
kimojis,0,0,3,3
kimos,0,1,0,1
kimpossible,0,2,0,2
kims,0,0,8,8
kimtaehyung,0,1,0,1
kin,2,4,8,14
kina,0,1,0,1
kinapping,0,1,0,1
kinas,0,3,0,3
kind,363,9,3775,4147
kinda,594,501,1217,2312
kindaaa,1,0,0,1
kinder,1,11,4,16
kinderen,0,3,2,5
kindergarden,1,3,0,4
kindergarten,5,8,21,34
kindergarteners,0,0,1,1
kindergartners,0,0,1,1
kinderrechte,0,0,1,1
kindest,0,0,4,4
kindhearted,0,0,1,1
kindle,3,0,5,8
kindling,0,1,1,2
kindly,4,0,46,50
kindness,4,1,56,61
kindnof,1,0,1,2
kindof,0,4,0,4
kindofa,3,0,0,3
kindred,0,0,8,8
kindreds,6,0,1,7
kinds,71,47,172,290
kindve,2,0,0,2
kindz,0,1,0,1
kinect,0,1,0,1
kinecting,0,1,0,1
kinematografii,0,2,0,2
kinetic,0,12,12,24
kinfenwa,0,3,0,3
kinfolk,0,1,3,4
king,300,633,661,1594
kingda,0,0,11,11
kingdd,0,0,2,2
kingdom,89,68,133,290
kingdoms,1,3,10,14
kingg,0,1,0,1
kinggg,0,1,0,1
kingggg,0,2,0,2
kinggggggggggggggggg,0,1,0,1
kingguwop,1,1,0,2
kingian,0,0,1,1
kingjojopolo,0,1,0,1
kingkiller,0,0,2,2
kingman,0,4,2,6
kingmankey,0,1,0,1
kingmg,0,3,0,3
kingofasist,0,0,2,2
kingofthechicken,0,0,1,1
kingomheartsthree,0,1,0,1
kingpin,1,4,7,12
kingronaldo,0,0,1,1
kings,76,73,97,246
kingsglave,0,1,0,1
kingsley,1,5,5,11
kingsman,8,17,80,105
kingsmen,0,1,8,9
kingsofeurope,0,1,0,1
kingston,0,0,4,4
kingstonfrazier,0,0,3,3
kinh,0,5,0,5
kinikilig,0,1,1,2
kinison,0,2,4,6
kiniving,0,0,1,1
kink,2,6,23,31
kinki,0,5,0,5
kinkin,0,1,0,1
kinks,0,1,0,1
kinky,3,14,18,35
kinmel,0,0,2,2
kinnison,0,1,3,4
kinnock,3,0,0,3
kino,0,3,0,3
kinofilm,0,2,0,2
kinoshita,0,0,3,3
kinsa,0,0,8,8
kinship,0,0,6,6
kinte,2,0,0,2
kints,0,6,0,6
kinuf,0,7,0,7
kinza,0,2,11,13
kioken,0,0,2,2
kior,3,0,0,3
kiosk,0,0,1,1
kip,0,0,1,1
kiper,0,18,0,18
kipipi,0,1,0,1
kipkay,0,1,0,1
kipling,2,0,2,4
kipple,0,3,0,3
kippur,0,3,0,3
kips,0,0,1,1
kira,0,4,0,4
kirain,0,1,0,1
kirakira,0,1,0,1
kirana,0,2,0,2
kirby,1,0,18,19
kiri,0,1,0,1
kirie,0,1,0,1
kirin,0,0,1,1
kirk,13,35,19,67
kirkard,0,1,0,1
kirke,0,1,0,1
kirkkneezyonthebeat,0,1,0,1
kirkland,0,0,1,1
kirkman,0,0,2,2
kirs,0,1,1,2
kirstan,0,0,1,1
kirsten,0,8,5,13
kirstie,0,4,20,24
kirstiiiieeee,0,1,0,1
kirstin,4,7,35,46
kirsty,0,10,6,16
kiru,2,0,0,2
kirwani,0,0,2,2
kis,0,5,0,5
kisah,0,0,4,4
kiserar,1,0,0,1
kises,0,0,1,1
kishore,0,0,5,5
kismet,1,0,0,1
kiss,87,211,378,676
kissable,1,1,1,3
kissbing,0,0,7,7
kissbings,0,0,7,7
kissed,13,18,53,84
kisser,3,0,3,6
kisses,9,31,190,230
kissessss,0,2,0,2
kissessssssssss,0,0,1,1
kissimmee,0,0,1,1
kissin,0,5,0,5
kissing,20,40,64,124
kissinger,1,0,4,5
kisss,0,1,0,1
kissssss,0,3,0,3
kisssssssssssssssssssssssssssssssssssssssssssssssssssssssssssssssssssssssssssssssssssssssssssssssssssssssssssssssssssssssssssss,0,3,0,3
kissy,1,0,0,1
kistin,0,0,2,2
kisure,0,0,5,5
kit,37,72,180,289
kita,0,1,2,3
kitana,0,6,0,6
kitchen,67,99,231,397
kitchener,0,1,0,1
kitchens,0,0,21,21
kitchenware,0,0,6,6
kite,3,18,11,32
kiteih,0,1,0,1
kites,0,5,11,16
kitfo,0,0,1,1
kitkat,3,10,1,14
kitlesek,0,2,0,2
kitni,1,0,0,1
kits,2,9,15,26
kitsh,0,1,0,1
kitt,0,2,0,2
kitteh,0,4,3,7
kitten,24,38,116,178
kittens,31,71,103,205
kitters,0,0,1,1
kittie,2,0,1,3
kitties,0,0,27,27
kitttttyyys,0,0,1,1
kitttyyyyyyy,0,1,0,1
kitty,50,46,75,171
kiwi,2,6,19,27
kiwiness,0,0,1,1
kiwis,0,7,2,9
kiyoko,1,6,11,18
kiyoooo,0,1,0,1
kizer,0,0,2,2
kizz,0,0,1,1
kj,27,109,94,230
kjaer,0,0,11,11
kjajajjajaja,0,2,0,2
kjear,0,0,5,5
kjfgi,0,1,0,1
kjjj,0,0,1,1
kjjnjnh,0,2,0,2
kjnrtgwlhuibfgdlibghouyx,0,1,0,1
kjo,0,1,0,1
kjs,0,7,2,9
kjshfkajdfhakdgbkaljdf,0,0,1,1
kjv,2,8,16,26
kjva,0,0,3,3
kjxhjdhskjvsl,1,0,0,1
kk,1,13,9,23
kkali,0,1,0,1
kkandbabyj,0,2,3,5
kkeugo,0,1,0,1
kkeute,0,1,0,1
kking,0,0,4,4
kkjjlkkk,0,1,0,1
kkk,32,26,30,88
kkkk,0,15,2,17
kkkkjnjkfhufufvirx,0,2,0,2
kkkkk,1,16,0,17
kkkkkeeeppp,0,5,0,5
kkkkkjkjk,0,3,0,3
kkkkkk,0,16,0,16
kkkkkkk,2,7,4,13
kkkkkkkk,0,2,0,2
kkkkkkkkk,0,3,0,3
kkkkkkkkkk,0,1,8,9
kkkkkkkkkkkkk,0,0,2,2
kkkkkkkkkkkkkk,0,8,0,8
kkkkkkkkkkkkkkk,1,0,0,1
kkkkkkkkkkkkkkkk,0,1,0,1
kkkkkkkkkkkkkkkkkkkkk,0,1,0,1
kkkkkkkkkkkkkkkkkkkkkkkkkkkkkkkkkkkkkkkkkkkkkkkkkkkkkkkkkkkkkkkkkkkkkkkkkkkkkkkkkkkkkkkkkkkkkkkkkkkkkkkkkkkkkkkkkkkkkkkkkkkkkkkkkkkkkkkkkkkkkkkkkkkkkkkkkkkkkkkkkkkkkkkkkkkkkkkkkkkkkkkkkkkkkkkkkkkkkkkkkkkkkkkkkkkkkkkkkkkkkkkkkkkkkkkkkkkkkkkkkkkkkkkkkkkkkkkkkkkkkkkkkkkkkkkkkkkkkkkkkkkkkkkkkkkkkkkkkkkkkkkkkkkkkkkkkkkkkkkkkkkkkkkkkkkkkkkkkkkkkkkkkkkkkkkkkkkkkkkkkkkkkkkkkkkkkkkkkkkkkkkkkkkkkkkkkkkkkkkkkkkkkkkkkkkkkkkkkkkkkkkkkkkkkkkkkkkkkkkkkkkkkkkkkkkkkkkkkkkkkkkkkkkkkkkkkkkkkkkkkkkkkkkkkkkkkkkkkkkkkkkkkkkkkkkkkkkkkkkkkkkkkkkkkkkkkkkkkkkkkkkkkkkkkkkkkkkkkkkkkkkkkkkkkkkkkkkkkkkkkkkkkkkkkkkkkkkkkkkkkkkkkkkkkkkkkkkkkkkkkkkkkkkkkkkkkkkkkkkkkkkkkkkkkkkkkkkkkkkkkkkkkkkkkkkkkkkkkkkkkkkkkkkkkkkkkkkkkkkkkkkkkkkkkkkkkkkkkkkkkkkkkkkkkkkkkkkkkkkkkkkkkkkkkkkkkkkkkkkkkkkkkkkkkkkkkkkkkkkkkkkkkkkkkkkkkkkkkkkkkkkkkkkkkkkkkkkkkkkkkkkkkkkkkkkkkkkkkkkkkkkkkkkkkkkkkkkkkkkkkkkkkkkkkkkkkkkkkkkkkkkkkkkkkkkkkkkkkkkkkkkkkkkkkkkkkkkkkkkkkkkkkkkkkkkkkkkkkkkkkkkkkkkkkkkkkkkkkkkkkkkkkkkkkkkkkkkkkkkkkkkkkkkkkkkkkkkkkkkkkkkkkkkkkkkkkkkkkkkkkkkkkkkkkkkkkkkkkkkkkkkkkkkkkkkkkkkkkkkkkkkkkkkkkkkkkkkkkkkkkkkkkkkkkkkkkkkkkkkkkkkkkkkkkkkkkkkkkkkkkkkkkkkkkkkkkkkkkkkkkkkkkkkkkkkkkkkkkkkkkkkkkkkkkkkkkkkkkkkkkkkkkkkkkkkkkkkkkkkkkkkkkkkkkkkkkkkkkkkkkkkkkkkkkkkkkkkkkkkkkkkkkkkkkkkkkkkkkkkkkkkkkkkkkkkkkkkkkkkkkkkkkkkkkkkkkkkkkkkkkkkkkkkkkkkkkkkkkkkkkkkkkkkkkkkkkkkkkkkkkkkkkkkkkkkkkkkkkkkkkkkkkkkkkkkkkkkkkkkkkkkkkkkkkkkkkkkkkkkkkkkkkkkkkkkkkkkkkkkkkkkkkkkkkkkkkkkkkkkkkkkkkkkkkkkkkkkkkkkkkkkkkkkkkkkkkkkkkkkkkkkkkkkkkkkkkkkkkkkkkkkkkkkkkkkkkkkkkkkkkkkkkkkkkkkkkkkkkkkkkkkkkkkkkkkkkkkkkkkkkkkkkkkkkkkkkkkkkkkkkkkkkkkkkkkkkkkkkkkkkkkkkkkkkkkkkkkkkkkkkkkkkkkkkkkkkkkkkkkkkkkkkkkkkkkkkkkkkkkkkkkkkkkkkkkkkkkkkkkkkkkkkkkkkkkkkkkkkkkkkkkkkkkkkkkkkkkkkkkkkkkkkkkkkkkkkkkkkkkkkkkkkkkkkkkkkkkkkkkkkkkkkkkkkkkkkkkkkkkkkkkkkkkkkkkkkkkkkkkkkkkkkkkkkkkkkkkkkkkkkkkkkkkkkkkkkkkkkkkkkkkkkkkkkkkkkkkkkkkkkkkkkkkkkkkkkkkkkkkkkkkkkkkkkkkkkkkkkkkkkkkkkkkkkkkkkkkkkkkkkkkkkkkkkkkkkkkkkkkkkkkkkkkkkkkkkkkkkkkkkkkkkkkkkkkkkkkkkkkkkkkkkkkkkkkkkkkkkkkkkkkkkkkkkkkkkkkkkkkkkkkkkkkkkkkkkkkkkkkkkkkkkkkkkkkkkkkkkkkkkkkkkkkkkkkkkkkkkkkkkkkkkkkkkkkkkkkkkkkkkkkkkkkkkkkkkkkkkkkkkkkkkkkkkkkkkkkkkkkkkkkkkkkkkkkkkkkkkkkkkkkkkkkkkkkkkkkkkkkkkkkkkkkkkkkkkkkkkkkkkkkkkkkkkkkkkkkkkkkkkkkkkkkkkkkkkkkkkkkkkkkkkkkkkkkkkkkkkkkkkkkkkkkkkkkkkkkkkkkkkkkkkkkkkkkkkkkkkkkkkkkkkkkkkkkkkkkkkkkkkkkkkkkkkkkkkkkkkkkkkkkkkkkkkkkkkkkkkkkkkkkkkkkkkkkkkkkkkkkkkkkkkkkkkkkkkkkkkkkkkkkkkkkkkkkkkkkkkkkkkkkkkkkkkkkkkkkkkkkkkkkkkkkkkkkkkkkkkkkkkkkkkkkkkkkkkkkkkkkkkkkkkkkkkkkkkkkkkkkkkkkkkkkkkkkkkkkkkkkkkkkkkkkkkkkkkkkkkkkkkkkkkkkkkkkkkkkkkkkkkkkkkkkkkkkkkkkkkkkkkkkkkkkkkkkkkkkkkkkkkkkkkkkkkkkkkkkkkkkkkkkkkkkkkkkkkkkkkkkkkkkkkkkkkkkkkkkkkkkkkkkkkkkkkkkkkkkkkkkkkkkkkkkkkkkkkkkkkkkkkkkkkkkkkkkkkkkkkkkkkkkkkkkkkkkkkkkkkkkkkkkkkkkkkkkkkkkkkkkkkkkkkkkkkkkkkkkkkkkkkkkkkkkkkkkkkkkkkkkkkkkkkkkkkkkkkkkkkkkkkkkkkkkkkkkkkkkkkkkkkkkkkkkkkkkkkkkkkkkkkkkkkkkkkkkkkkkkkkkkkkkkkkkkkkkkkkkkkkkkkkkkkkkkkkkkkkkkkkkkkkkkkkkkkkkkkkkkkkkkkkkkkkkkkkkkkkkkkkkkkkkkkkkkkkkkkkkkkkkkkkkkkkkkkkkkkkkkkkkkkkkkkkkkkkkkkkkkkkkkkkkkkkkkkkkkkkkkkkkkkkkkkkkkkkkkkkkkkkkkkkkkkkkkkkkkkkkkkkkkkkkkkkkkkkkkkkkkkkkkkkkkkkkkkkkkkkkkkkkkkkkkkkkkkkkkkkkkkkkkkkkkkkkkkkkkkkkkkkkkkkkkkkkkkkkkkkkkkkkkkkkkkkkkkkkkkkkkkkkkkkkkkkkkkkkkkkkkkkkkkkkkkkkkkkkkkkkkkkkkkkkkkkkkkkkkkkkkkkkkkkkkkkkkkkkkkkkkkkkkkkkkkkkkkkkkkkkkkkkkkkkkkkkkkkkkkkkkkkkkkkkkkkkkkkkkkkkkkkkkkkkkkkkkkkkkkkkkkkkkkkkkkkkkkkkkkkkkkkkkkkkkkkkkkkkkkkkkkkkkkkkkkkkkkkkkkkkkkkkkkkkkkkkkkkkkkkkkkkkkkkkkkkkkkkkkkkkkkkkkkkkkkkkkkkkkkkkkkkkkkkkkkkkkkkkkkkkkkkkkkkkkkkkkkkkkkkkkkkkkkkkkkkkkkkkkkkkkkkkkkkkkkkkkkkkkkkkkkkkkkkkkkkkkkkkkkkkkkkkkkkkkkkkkkkkkkkkkkkkkkkkkkkkkkkkkkkkkkkkkkkkkkkkkkkkkkkkkkkkkkkkkkkkkkkkkkkkkkkkkkkkkkkkkkkkkkkkkkkkkkkkkkkkkkkkkkkkkkkkkkkkkkkkkkkkkkkkkkkkkkkkkkkkkkkkkkkkkkkkkkkkkkkkkkkkkkkkkkkkkkkkkkkkkkkkkkkkkkkkkkkkkkkkkkkkkkkkkkkkkkkkkkkkkkkkkkkkkkkkkkkkkkkkkkkkkkkkkkkkkkkkkkkkkkkkkkkkkkkkkkkkkkkkkkkkkkkkkkkkkkkkkkkkkkkkkkkkkkkkkkkkkkkkkkkkkkkkkkkkkkkkkkkkkkkkkkkkkkkkkkkkkkkkkkkkkkkkkkkkkkkkkkkkkkkkkkkkkkkkkkkkkkkkkkkkkkkkkkkkkkkkkkkkkkkkkkkkkkkkkkkkkkkkkkkkkkkkkkkkkkkkkkkkkkkkkkkkkkkkkkkkkkkkkkkkkkkkkkkkkkkkkkkkkkkkkkkkkkkkkkkkkkkkkkkkkkkkkkkkkkkkkkkkkkkkkkkkkkkkkkkkkkkkkkkkkkkkkkkkkkkkkkkkkkkkkkkkkkkkkkkkkkkkkkkkkkkkkkkkkkkkkkkkkkkkkkkkkkkkkkkkkkkkkkkkkkkkkkkkkkkkkkkkkkkkkkkkkkkkkkkkkkkkkkkkkkkkkkkkkkkkkkkkkkkkkkkkkkkkkkkkkkkkkkkkkkkkkkkkkkkkkkkkkkkkkkkkkkkkkkkkkkkkkkkkkkkkkkkkkkkkkkkkkkkkkkkkkkkkkkkkkkkkkkkkkkkkkkkkkkkkkkkkkkkkkkkkkkkkkkkkkkkkkkkkkkkkkkkkkkkkkkkkkkkkkkkkkkkkkkkkkkkkkkkkkkkkkkkkkkkkkkkkkkkkkkkkkkkkkkkkkkkkkkkkkkkkkkkkkkkkkkkkkkkkkkkkkkkkkkkkkkkkkkkkkkkkkkkkkkkkkkkkkkkkkkkkkkkkkkkkkkkkkkkkkkkkkkkkkkkkkkkkkkkkkkkkkkkkkkkkkkkkkkkkkkkkkkkkkkkkkkkkkkkkkkkkkkkkkkkkkkkkkkkkkkkkkkkkkkkkkkkkkkkkkkkkkkkkkkkkkkkkkkkkkkkkkkkkkkkkkkkkkkkkkkkkkkkkkkkkkkkkkkkkkkkkkkkkkkkkkkkkkkkkkkkkkkkkkkkkkkkkkkkkkkkkkkkkkkkkkkkkkkkkkkkkkkkkkkkkkkkkkkkkkkkkkkkkkkkkkkkkkkkkkkkkkkkkkkkkkkkkkkkkkkkkkkkkkkkkkkkkkkkkkkkkkkkkkkkkkkkkkkkkkkkkkkkkkkkkkkkkkkkkkkkkkkkkkkkkkkkkkkkkkkkkkkkkkkkkkkkkkkkkkkkkkkkkkkkkkkkkkkkkkkkkkkkkkkkkkkkkkkkkkkkkkkkkkkkkkkkkkkkkkkkkkkkkkkkkkkkkkkkkkkkkkkkkkkkkkkkkkkkkkkkkkkkkkkkkkkkkkkkkkkkkkkkkkkkkkkkkkkkkkkkkkkkkkkkkkkkkkkkkkkkkkkkkkkkkkkkkkkkkkkkkkkkkkkk,0,1,0,1
kkkksjshshdj,0,1,0,1
kkklan,0,0,5,5
kkklans,1,0,0,1
kkkunt,0,1,0,1
kkocheun,0,1,0,1
kkok,0,1,0,1
kkumboda,0,1,0,1
kkumeul,0,0,1,1
kkuneun,0,0,1,1
kkw,1,6,17,24
kl,4,12,6,22
kla,0,5,0,5
klaar,0,0,1,1
klackson,0,1,0,1
klad,0,1,0,1
klan,1,3,0,4
klans,0,0,3,3
klansman,7,0,0,7
klansmen,1,0,0,1
klanu,0,2,0,2
klappspaten,0,5,0,5
klappt,0,6,0,6
klar,0,2,0,2
klart,0,0,1,1
klas,0,4,0,4
klasa,0,2,0,2
klasie,0,4,0,4
klass,0,1,0,1
klasse,0,6,2,8
klassiker,0,1,0,1
klatscht,0,5,0,5
klaus,3,8,3,14
klavan,17,7,42,66
klaven,0,6,0,6
klaxon,0,1,1,2
klayton,0,1,0,1
klds,0,1,0,1
kleb,0,1,0,1
klebold,0,1,1,2
kleenex,11,7,11,29
kleffner,0,0,1,1
klein,3,36,17,56
kleine,1,1,0,2
kleiners,0,1,0,1
kleines,0,2,0,2
kleinneeboy,0,1,0,1
kleins,0,2,2,4
kleinschmidt,0,0,2,2
klepie,0,1,0,1
kler,0,3,0,3
klick,1,0,1,2
klicks,0,0,1,1
klien,0,7,0,7
klikes,1,0,0,1
kline,5,0,0,5
klingon,4,7,8,19
klingons,1,3,7,11
klingt,0,5,0,5
klip,0,1,0,1
klipet,0,4,0,4
klippel,0,0,1,1
klips,0,0,1,1
klipte,0,0,1,1
klipz,0,1,0,1
klitschko,6,0,0,6
klm,0,3,0,3
klo,0,0,5,5
klockrent,0,1,0,1
kloe,0,0,2,2
klondike,3,12,4,19
klonopin,0,0,2,2
klons,0,0,1,1
kloop,6,11,8,25
klop,12,12,5,29
klopp,156,96,372,624
kloppout,0,11,0,11
klopps,2,2,0,4
kloss,0,0,11,11
klots,0,0,5,5
klove,0,0,1,1
klowns,1,0,0,1
kls,4,0,0,4
kltu,0,1,0,1
kluar,0,1,0,1
klub,0,5,0,5
klum,0,7,11,18
kluupkluup,0,2,0,2
klux,3,0,0,3
klyain,0,0,1,1
km,21,26,46,93
kma,0,0,1,1
kmac,0,2,0,2
kmail,1,0,0,1
kmania,1,0,0,1
kmao,0,0,1,1
kmckhnx,0,1,0,1
kmh,0,1,0,1
kmila,0,5,0,5
kml,1,0,0,1
kmn,0,1,0,1
kmph,0,1,0,1
kms,12,16,4,32
kmsl,0,0,2,2
kmt,4,1,1,6
kmusic,0,1,0,1
kn,0,11,1,12
kna,0,5,0,5
knack,6,12,9,27
knackered,4,0,4,8
knacks,0,0,6,6
knaller,0,6,0,6
knam,0,1,0,1
knap,0,1,1,2
knappkin,0,0,1,1
knashers,0,0,6,6
knausg,1,0,0,1
knce,0,0,1,1
knd,0,2,3,5
kne,0,9,1,10
knead,0,4,1,5
kneading,0,5,5,10
kneads,1,0,0,1
knebworth,1,0,0,1
knee,134,144,226,504
kneecap,1,3,0,4
kneecaps,0,0,3,3
kneed,0,0,1,1
kneegro,0,0,12,12
kneegros,0,0,4,4
kneegrowbedwench,0,0,1,1
kneeing,2,0,0,2
kneel,37,21,88,146
kneeled,7,2,13,22
kneeleers,0,3,0,3
kneelers,8,0,0,8
kneelfl,0,0,4,4
kneeling,86,14,136,236
kneels,0,2,2,4
kneeness,0,1,0,1
knees,52,24,92,168
kneesh,0,1,0,1
kneewww,1,0,0,1
kneez,0,1,0,1
kneezy,4,1,0,5
knell,0,0,6,6
knelling,0,0,4,4
knelt,6,0,0,6
kneos,0,1,0,1
knew,547,583,1643,2773
kng,1,0,0,1
knick,0,17,6,23
knickers,4,1,4,9
knicks,0,0,3,3
knidci,0,1,0,1
knievel,4,0,0,4
knife,97,111,214,422
knifed,0,0,1,1
knifeeee,0,1,0,1
knifes,7,6,4,17
knighley,0,0,4,4
knighmd,0,0,1,1
knight,56,158,81,295
knighted,6,7,2,15
knighthood,0,8,0,8
knightkey,0,2,0,2
knightley,0,12,14,26
knightly,1,2,17,20
knights,12,1,5,18
knightttt,0,2,0,2
knikt,0,0,1,1
knit,1,2,44,47
knits,5,0,1,6
knitted,0,0,15,15
knitting,0,0,6,6
knitwear,8,0,4,12
knive,1,0,0,1
knives,7,21,17,45
kniving,0,0,1,1
kniw,0,0,1,1
knk,0,0,1,1
knkw,0,1,0,1
knmow,0,2,0,2
kno,24,17,35,76
knob,7,51,19,77
knobs,0,0,10,10
knock,83,60,138,281
knockdown,6,0,0,6
knocked,53,21,78,152
knocker,0,1,2,3
knockers,0,1,6,7
knockerz,0,1,0,1
knockin,0,0,4,4
knocking,39,33,45,117
knockoff,6,9,5,20
knockoffs,0,0,12,12
knockout,1,11,15,27
knocks,9,9,23,41
knoe,2,1,0,3
knoes,0,6,0,6
knolagble,0,0,8,8
knoledge,1,0,0,1
knoll,2,5,4,11
knollendam,0,1,0,1
knolling,0,0,9,9
knoooo,0,0,1,1
knooooooooow,0,0,1,1
knooooow,0,0,8,8
knooow,1,0,0,1
knoow,1,0,0,1
knot,7,6,11,24
knots,7,0,16,23
knotsss,0,0,5,5
knottt,0,0,1,1
know,5020,4827,15019,24866
knowable,0,1,0,1
knowcloset,6,0,0,6
knowed,0,1,0,1
knowel,0,0,1,1
knowes,0,1,0,1
knowi,0,1,0,1
knowin,0,0,5,5
knowing,168,69,510,747
knowingly,12,4,4,20
knowitall,0,1,0,1
knowking,0,0,1,1
knowledgable,0,0,11,11
knowledge,97,35,332,464
knowledgeable,4,0,13,17
knowledgeeeee,0,0,1,1
knowlege,0,0,5,5
knowles,1,0,1,2
knowly,1,0,0,1
known,184,116,493,793
knows,415,351,1032,1798
knowwahimsayin,0,1,0,1
knowww,0,3,0,3
knowwwww,0,0,1,1
knoxville,1,0,0,1
knuck,0,1,0,1
knuckels,3,0,0,3
knuckle,6,5,27,38
knuckleball,0,1,1,2
knucklehead,0,0,1,1
knuckles,2,1,8,11
knuckling,0,0,2,2
knucle,0,1,0,1
knutt,1,0,0,1
knuw,0,2,0,2
knuws,0,1,0,1
knw,2,7,15,24
knwo,4,0,0,4
knws,0,0,1,1
knym,0,1,0,1
ko,38,90,95,223
koa,0,0,4,4
koala,0,1,4,5
koalah,0,3,0,3
koalas,0,1,1,2
koali,0,1,1,2
kobach,0,2,0,2
kobain,0,1,0,1
kobalt,0,0,1,1
kobayashi,0,4,3,7
kobe,3,15,18,36
kobes,1,0,0,1
koblenz,0,0,3,3
kobold,0,3,0,3
kobzeff,0,0,4,4
koc,0,1,0,1
kocak,0,1,0,1
kocaniz,0,1,0,1
kocchi,0,1,0,1
koch,0,0,7,7
kocham,0,10,0,10
kochamy,0,3,0,3
kochinelle,0,0,5,5
kocmo,0,1,0,1
kod,0,7,1,8
koda,0,1,1,2
kodack,5,6,1,12
kodacks,0,1,0,1
kodak,166,231,155,552
kodakblack,0,0,1,1
kodakk,0,1,0,1
kodakkkk,0,0,1,1
kodaks,4,8,5,17
kodal,0,0,1,1
kodaline,0,3,2,5
kodax,0,0,1,1
kodi,0,0,2,2
kodiak,0,1,5,6
kodiang,0,0,1,1
kodish,2,0,0,2
kodjoe,0,0,2,2
kodumun,0,4,0,4
kodwack,0,1,0,1
kody,0,3,1,4
koed,0,0,1,1
koeien,0,0,2,2
koel,0,1,0,1
koelner,0,2,0,2
koeman,0,11,0,11
koenigsegg,1,1,0,2
kof,0,1,0,1
koffer,0,0,1,1
koffy,1,0,0,1
kofi,0,1,0,1
kogan,0,0,2,2
kogelo,0,1,0,1
kogucik,0,3,0,3
koh,0,0,10,10
kohala,0,0,1,1
koharu,0,15,12,27
koharuuu,0,1,0,1
koharuuuuu,1,0,0,1
koharuuuuuuuuuu,0,0,1,1
kohei,0,17,16,33
koheis,0,1,0,1
kohlberg,0,0,2,2
kohle,0,1,0,1
kohls,0,4,0,4
koho,0,0,1,1
kohonen,0,1,0,1
kohut,1,0,0,1
koi,0,3,16,19
koing,0,0,3,3
koizumi,0,0,5,5
koji,0,6,8,14
kojima,0,1,2,3
kok,0,5,1,6
kokain,0,0,4,4
koke,0,1,0,1
kokie,0,0,4,4
koko,1,3,1,5
kokobop,0,1,0,1
kokomo,0,1,0,1
kokoro,0,6,0,6
koksal,0,1,0,1
kola,0,3,5,8
kolasanic,0,4,0,4
kolasinac,2,3,27,32
kolasinic,0,5,0,5
kolasniac,2,0,0,2
kolbert,0,0,6,6
kolder,2,2,0,4
kole,5,2,0,7
kolea,0,0,1,1
koleg,0,2,0,2
kolei,0,2,0,2
kolejna,0,4,0,4
kolejny,0,6,0,6
kolekcji,0,3,0,3
kolem,0,0,1,1
kolezanka,0,0,1,1
kolija,0,0,4,4
kolin,0,2,0,2
kolintang,0,6,0,6
kolja,2,8,7,17
kolkata,0,0,1,1
kollege,0,5,0,5
koln,0,13,7,20
kolo,0,6,0,6
koloa,1,0,1,2
kolob,0,4,0,4
kom,0,2,0,2
komang,0,1,0,1
kombaaaaat,0,1,0,1
komback,0,1,0,1
kombat,7,21,10,38
kombucha,2,0,6,8
komen,0,7,3,10
komentaren,0,5,0,5
komentarzy,0,3,0,3
komentator,0,2,0,2
komik,0,2,0,2
komisen,0,0,1,1
komm,0,6,1,7
kommadant,0,0,2,2
kommandant,0,3,0,3
kommandante,0,1,0,1
kommatara,0,1,0,1
kommen,1,3,0,4
kommentar,0,1,3,4
kommentare,1,0,0,1
kommt,0,8,0,8
komo,0,1,0,1
komodo,0,7,1,8
komoly,0,3,0,3
komon,0,6,0,6
komoto,2,0,0,2
kompany,0,0,21,21
komplain,0,0,1,1
kompleks,0,2,0,2
komposer,0,0,1,1
komptons,0,1,0,1
komrad,0,2,0,2
komskills,0,2,0,2
komt,0,4,0,4
komu,0,2,0,2
kon,0,4,3,7
kona,0,0,2,2
konami,4,3,6,13
konan,21,23,20,64
kondo,0,0,3,3
kondycji,0,2,0,2
konena,0,1,0,1
kones,0,0,4,4
konesegg,0,0,1,1
konez,0,2,0,2
kong,18,56,109,183
kongggg,0,0,6,6
kongo,0,0,1,1
kongre,0,2,0,2
kongroo,0,1,0,1
kongs,0,0,1,1
koni,0,1,0,1
koniec,0,2,0,2
konika,0,1,0,1
koning,0,0,1,1
konkers,0,5,0,5
konnichiwa,0,2,0,2
konnte,0,0,4,4
konor,0,1,0,1
konsequenz,0,0,2,2
konser,0,1,0,1
konshens,0,0,1,1
konsol,0,3,0,3
konstant,0,0,1,1
konstantinidis,0,0,22,22
kontakcie,0,0,1,1
kontakty,0,2,0,2
konti,0,1,0,1
konting,0,3,0,3
kontol,0,2,0,2
kontrol,0,6,0,6
kontrolado,0,1,0,1
konu,0,4,1,5
konw,0,1,0,1
koo,2,13,3,18
kook,0,5,1,6
kookie,3,6,11,20
kookoo,0,0,2,2
kooks,0,0,1,1
kooky,0,0,1,1
kool,24,51,18,93
koolaid,0,5,0,5
koolaide,3,0,0,3
koolaided,0,1,0,1
kooler,0,4,0,4
koonsor,0,1,0,1
koooo,0,0,2,2
koooooooooooool,2,0,0,2
koop,0,3,0,3
koopa,0,0,11,11
kooshy,0,3,0,3
koozie,0,1,0,1
kop,0,0,4,4
kopari,0,0,1,1
koparie,0,0,1,1
kope,0,0,1,1
kopel,0,0,2,2
kopen,1,8,1,10
kopet,0,7,0,7
kopf,0,7,0,7
kopijuot,0,1,0,1
koppabergs,7,0,0,7
kopuyoruz,0,3,0,3
koq,0,1,0,1
kora,1,0,2,3
koran,7,4,3,14
koranic,0,3,0,3
korans,5,0,0,5
koray,0,0,4,4
korban,0,2,0,2
kordei,1,1,0,2
korea,75,125,257,457
koreaboo,0,1,0,1
koreaboos,0,2,0,2
korean,55,121,254,430
koreanenglishmen,0,0,2,2
koreanos,0,1,0,1
koreans,3,3,13,19
koreas,5,1,0,6
korekcj,0,0,3,3
koreo,0,0,2,2
koreografi,1,0,0,1
korey,0,0,3,3
korfu,0,0,2,2
korg,7,10,14,31
korgs,0,0,5,5
koria,1,1,0,2
korilakkuma,0,3,0,3
korn,1,5,0,6
korner,0,3,0,3
korosu,0,1,0,1
korra,0,1,0,1
korres,1,1,22,24
kors,0,4,1,5
korslay,0,0,1,1
korte,0,1,0,1
kortney,6,4,10,20
kortneys,0,6,0,6
korumas,0,3,0,3
korver,0,0,1,1
kory,1,0,3,4
kos,1,0,4,5
koscheck,1,0,0,1
koschek,0,0,1,1
koscielny,0,3,0,3
kosh,0,1,0,1
koshcheck,0,4,0,4
kosher,8,7,19,34
koshey,1,2,0,3
koshi,0,1,0,1
koshuntape,0,1,0,1
koshy,8,131,25,164
koshyfam,0,0,1,1
koshys,1,0,1,2
koshyyyy,0,1,0,1
koshyyyyyyyy,0,1,0,1
koshyzzz,0,0,1,1
kosmetyczki,0,2,0,2
kosmetycznej,0,2,0,2
kosmetyk,0,2,0,2
kosmetyki,0,2,0,2
kosmic,0,0,1,1
kosmios,0,1,0,1
kosova,0,1,0,1
kosovapristina,0,0,1,1
kosovo,0,7,3,10
kost,0,3,0,3
kostcos,0,0,1,1
kostja,0,8,2,10
koston,0,0,1,1
kostritzer,0,0,1,1
koszmar,0,5,0,5
koszy,0,0,1,1
kot,0,5,0,5
kota,0,1,1,2
kotaku,0,6,11,17
kotcheenaellae,0,5,0,5
kotd,0,0,1,1
kotex,0,1,0,1
koth,0,0,2,2
kotha,0,0,6,6
kotor,3,2,0,5
kotu,0,1,0,1
kouign,0,12,0,12
koule,0,0,1,1
koulibaly,0,1,6,7
kour,0,0,5,5
kourney,0,4,0,4
kourntney,0,0,3,3
kourt,18,12,26,56
kourtney,48,137,217,402
kourtneys,11,0,11,22
kourtteny,0,3,0,3
kova,0,1,1,2
kovacic,0,0,1,1
kovacs,0,1,0,1
kovic,0,1,0,1
kow,0,1,0,1
kowicie,0,2,0,2
koyaanisqatsi,0,0,2,2
koyabashi,0,1,0,1
koyay,0,1,0,1
koye,0,0,2,2
koyim,0,4,3,7
koymu,0,1,0,1
koymuyonuz,0,2,0,2
koyu,0,3,1,4
koyun,0,2,0,2
kp,0,0,2,2
kpbs,3,0,0,3
kpezzy,0,1,0,1
kph,0,10,5,15
kpi,0,0,4,4
kpop,23,70,132,225
kpoper,0,2,0,2
kpopfan,0,0,1,1
kpopper,0,0,1,1
kprean,0,0,1,1
kps,0,6,3,9
kpuesto,0,2,0,2
kquisten,0,0,2,2
kr,0,3,6,9
krab,0,8,0,8
krabbb,0,1,0,1
krabby,0,5,1,6
krabs,4,8,3,15
kraby,0,1,0,1
kracc,0,0,1,1
krack,0,10,0,10
krackattack,0,3,0,3
kracks,0,0,4,4
krae,0,12,0,12
kraft,3,1,2,6
kraftwerk,2,0,0,2
kraig,1,0,0,1
krait,0,0,2,2
kraken,0,2,10,12
krakens,0,2,0,2
krakow,0,0,6,6
kral,0,1,1,2
kralsan,0,4,0,4
kramer,0,3,1,4
krampus,3,0,0,3
kranasti,0,1,0,1
krang,0,1,0,1
kranken,0,0,6,6
krap,0,5,0,5
krapdick,0,6,0,6
krasinski,3,0,9,12
krasivo,0,1,0,1
krasnodar,0,0,1,1
krass,0,2,1,3
krasses,0,0,1,1
kratom,0,1,0,1
kratos,0,0,2,2
kratt,0,1,1,2
kratts,0,0,3,3
kratze,0,5,0,5
krause,1,2,0,3
krauss,0,1,6,7
kraut,2,0,0,2
krauts,2,0,4,6
krav,0,2,0,2
kravitz,0,0,2,2
krayt,0,8,0,8
krayzee,4,0,0,4
krayzie,0,0,2,2
krazy,0,4,1,5
kreacher,0,0,2,2
kreacji,0,2,0,2
kream,0,8,0,8
kreame,0,0,1,1
kreativeti,0,4,0,4
kreddy,0,1,0,1
kree,0,2,0,2
kreeg,0,2,1,3
kreeps,0,0,2,2
kreepy,0,3,0,3
kreiger,0,1,0,1
krelboyne,0,0,1,1
kreme,4,4,4,12
kremlin,0,0,4,4
krep,2,0,0,2
krepo,0,1,0,1
krept,27,51,19,97
kreptel,0,8,0,8
krepts,0,3,1,4
kreuz,0,0,4,4
kreuzberg,0,0,1,1
krew,0,0,1,1
krewella,0,0,1,1
kreygasm,0,6,0,6
krib,1,0,0,1
kricksgezaggt,0,2,0,2
kriecht,0,4,0,4
krieg,0,2,0,2
krijg,0,7,5,12
krijgen,0,4,4,8
krijgt,0,1,0,1
krillin,0,0,1,1
krilling,0,1,0,1
krim,0,1,0,1
kring,1,0,0,1
kringle,0,0,1,1
kripalu,0,1,0,1
kripke,0,0,5,5
kripy,0,3,0,3
kris,46,205,251,502
krishna,0,6,2,8
krispen,0,1,0,1
krispie,0,1,0,1
krispies,0,1,0,1
krispy,3,9,4,16
krisss,0,5,1,6
krissss,0,14,0,14
krissssss,0,1,0,1
krissy,2,0,0,2
krist,0,2,0,2
kristal,0,8,0,8
kristan,0,2,1,3
kristen,12,65,70,147
kristens,3,2,3,8
kristi,5,0,6,11
kristin,2,13,0,15
kristine,0,5,3,8
kristins,0,0,2,2
kristopherson,0,1,0,1
kristy,0,8,5,13
kriswu,0,1,1,2
krittapak,0,0,1,1
kriz,0,0,2,2
krl,0,2,0,2
krn,0,0,5,5
kro,0,7,0,7
kroenke,0,0,8,8
kroes,0,0,4,4
krog,0,1,0,1
kroger,0,1,8,9
krogers,0,0,3,3
kroll,19,45,82,146
kromatik,0,0,1,1
kronan,0,2,0,2
krone,4,0,0,4
kronk,0,1,0,1
kronke,1,0,0,1
kronkeout,0,1,0,1
kronos,0,0,7,7
kroos,0,5,11,16
kropki,0,2,0,2
kroq,2,3,0,5
kross,0,0,1,1
krostki,0,2,0,2
krosty,0,2,0,2
krotki,0,3,0,3
krover,0,0,3,3
krr,1,0,0,1
krrriiissss,0,0,1,1
krryjymey,0,4,0,4
krs,0,4,4,8
krueger,2,1,0,3
kruez,0,0,4,4
kruger,3,7,5,15
krugtestat,0,0,1,1
kruk,0,2,0,2
krule,5,20,6,31
krules,0,0,2,2
krunchys,0,6,0,6
krupt,0,5,0,5
krush,0,3,5,8
krusty,0,9,0,9
krutch,0,1,0,1
krycek,4,12,0,16
kryie,3,0,0,3
krylo,0,0,1,1
krylon,0,0,8,8
kryolan,0,4,1,5
krypton,0,0,2,2
kryptonian,0,1,0,1
kryptonite,2,3,9,14
kryptons,0,0,1,1
krystal,1,0,0,1
krystalstaxx,0,1,0,1
krzy,0,2,0,2
krzywo,0,2,0,2
ks,1,4,11,16
ksa,0,0,5,5
ksanvsdvs,0,1,0,1
ksc,0,7,0,7
ksek,0,1,0,1
ksekten,0,1,0,1
ksele,0,3,0,3
kshh,0,1,0,1
kshmr,2,10,10,22
ksi,97,117,69,283
ksigotbaited,0,1,0,1
ksih,0,1,0,1
ksis,0,1,0,1
ksita,0,2,0,2
ksites,0,0,1,1
ksksk,0,1,0,1
ksmr,0,0,1,1
kst,0,4,10,14
ksze,0,4,0,4
kszego,0,2,0,2
kszy,0,2,0,2
kt,8,58,6,72
kta,0,4,0,4
ktbffh,4,14,18,36
ktc,0,0,1,1
kter,0,0,1,1
ktfo,4,0,0,4
kth,0,8,0,8
kthanxbye,0,0,1,1
kti,0,0,8,8
ktij,0,1,0,1
ktla,0,0,3,3
ktm,0,0,1,1
ktnv,0,4,0,4
kto,0,39,0,39
ktober,0,2,0,2
kts,1,0,1,2
ktxvb,2,0,0,2
ktznq,0,1,0,1
ku,3,4,13,20
kuai,0,3,0,3
kualesma,0,1,0,1
kualitas,0,2,0,2
kuanto,0,1,0,1
kuasa,0,2,0,2
kubala,0,1,0,1
kublai,0,2,0,2
kubo,1,15,5,21
kubre,3,0,0,3
kubrick,8,8,13,29
kuck,0,1,0,1
kuckian,0,2,0,2
kudasai,0,0,1,1
kudjoe,0,3,0,3
kudo,0,0,1,1
kudos,22,36,104,162
kudurun,0,4,0,4
kudus,0,0,2,2
kuenssberg,0,0,3,3
kuffirs,0,0,1,1
kugelblitz,0,1,0,1
kuh,0,2,0,2
kuha,0,1,0,1
kuhn,0,1,1,2
kuikly,0,0,1,1
kuinazas,0,0,1,1
kuj,0,13,0,13
kuje,0,2,0,2
kujo,2,0,0,2
kujt,0,1,0,1
kuk,0,1,0,1
kuka,1,3,7,11
kukambas,0,0,1,1
kukas,0,0,1,1
kukri,1,4,3,8
kukuku,0,1,0,1
kukur,0,0,1,1
kul,0,1,1,2
kula,0,1,0,1
kulakl,0,2,0,2
kulakovest,0,5,0,5
kulang,0,2,0,2
kule,0,1,0,1
kulet,0,1,0,1
kulick,0,0,1,1
kulit,0,0,1,1
kulken,4,0,0,4
kull,0,2,0,2
kultowany,0,2,0,2
kulu,0,0,10,10
kum,0,2,0,2
kumail,41,57,92,190
kumaillllll,0,2,0,2
kumails,1,2,4,7
kumal,1,1,0,2
kumali,0,1,0,1
kumall,0,0,1,1
kumar,0,0,1,1
kumari,0,0,7,7
kumi,0,0,1,1
kun,2,8,8,18
kunal,0,0,2,2
kunchar,0,0,1,1
kundalini,0,4,0,4
kung,4,13,9,26
kungs,7,28,38,73
kunin,0,1,0,1
kunis,3,6,4,13
kunnen,0,7,3,10
kuno,3,0,0,3
kunta,2,0,0,2
kunts,0,0,5,5
kununa,0,1,0,1
kuortney,0,0,2,2
kupa,0,2,0,2
kupasi,0,2,0,2
kupasina,0,1,0,1
kupayi,0,2,0,2
kupi,0,5,0,5
kurac,0,1,0,1
kuracj,0,0,2,2
kuracje,0,2,0,2
kuracji,0,0,2,2
kurang,0,3,0,3
kurau,0,1,0,1
kurban,0,4,0,4
kurcze,0,6,0,6
kurde,0,4,0,4
kurdish,2,1,0,3
kurdistan,0,2,2,4
kurds,5,2,0,7
kurgz,0,0,1,1
kurgzgesagt,0,1,0,1
kurian,0,6,0,6
kurkova,3,0,0,3
kurkure,0,0,1,1
kurly,0,0,1,1
kurort,0,0,3,3
kurosawa,0,0,3,3
kurou,0,1,0,1
kurrrwwaaaa,0,2,0,2
kurt,11,36,89,136
kurtar,0,1,0,1
kurts,1,0,0,1
kurtsisnevrve,0,1,0,1
kurtuldum,0,0,1,1
kurtulmak,0,1,0,1
kurtzgesagt,0,1,0,1
kurtzman,1,0,0,1
kuru,23,10,18,51
kurus,0,1,0,1
kurusan,0,1,0,1
kuruussss,0,1,0,1
kurve,0,2,0,2
kurvetina,0,1,0,1
kurwa,0,15,0,15
kuryente,1,0,0,1
kurylenko,1,0,0,1
kurz,0,0,4,4
kurzawa,0,4,0,4
kurze,0,17,0,17
kurzegast,0,1,0,1
kurzegesagt,0,2,0,2
kurzen,0,6,0,6
kurzesagt,0,0,3,3
kurzgegast,0,2,0,2
kurzgesagt,7,37,37,81
kurzgesasgt,0,1,0,1
kurzgkfjljetagt,0,0,1,1
kurzgrsagt,0,0,1,1
kus,1,0,0,1
kush,0,4,10,14
kushner,0,1,7,8
kusic,0,0,1,1
kusin,0,1,0,1
kutabare,2,0,0,2
kutcher,0,1,1,2
kutsama,0,3,0,3
kutt,0,0,1,1
kuuuaakkk,0,1,0,1
kuuuuuuuuuu,0,1,0,1
kuv,1,0,0,1
kuwait,4,3,8,15
kuwtk,0,0,6,6
kuya,1,21,26,48
kuyyyyyy,0,1,0,1
kuz,1,2,2,5
kuzco,0,1,2,3
kuzcos,0,0,1,1
kuzegstat,0,1,0,1
kuzma,1,0,1,2
kv,0,1,2,3
kver,0,4,0,4
kvetinacich,0,0,1,1
kvron,0,4,0,4
kw,2,4,8,14
kwadracie,0,0,3,3
kwal,1,0,0,1
kwam,0,2,0,2
kwame,0,2,0,2
kwamen,0,1,0,1
kwan,0,3,6,9
kwave,0,0,1,1
kweeeeeeeeeeeeeeeeeeeeeeeeeeeeeeen,0,1,0,1
kweeeeeeen,1,0,0,1
kweeeeennn,0,1,0,1
kweeen,0,1,0,1
kweeennn,0,7,0,7
kween,1,9,7,17
kweer,4,0,0,4
kweeva,0,1,0,1
kweku,0,1,0,1
kweli,0,1,2,3
kwestii,0,2,0,2
kweva,0,1,0,1
kwh,2,0,1,3
kwijibo,0,1,0,1
kwil,0,1,0,1
kwistan,0,3,0,3
kwistans,0,1,0,1
kwisten,0,61,10,71
kwistennn,0,1,0,1
kwistennnn,0,2,0,2
kwistennnnnnnn,0,2,0,2
kwistens,0,4,2,6
kwistin,0,4,2,6
kwiza,0,0,3,3
kwjakqmkqmakwmkqanjsnwkqns,0,1,0,1
kwnwskabdn,0,1,0,1
kwon,0,0,3,3
kwwuisssteeeen,0,3,0,3
kxd,0,1,0,1
ky,1,14,7,22
kyaaa,0,3,0,3
kyaaaa,0,0,1,1
kyaaaaaaaaa,0,1,0,1
kyaaah,0,1,0,1
kyan,1,0,0,1
kyber,0,8,2,10
kyeopta,0,2,0,2
kyereh,0,0,1,1
kyf,0,1,0,1
kygo,10,48,81,139
kygolife,0,1,0,1
kygooo,0,0,1,1
kygos,0,0,1,1
kyiv,1,5,6,12
kyklades,0,0,3,3
kyky,0,1,0,1
kyla,1,2,1,4
kylan,0,5,0,5
kyle,21,47,79,147
kyleia,3,0,0,3
kyler,1,0,0,1
kylian,3,14,3,20
kylie,62,62,179,303
kylies,4,0,8,12
kylips,3,0,0,3
kylo,178,106,168,452
kylon,0,0,3,3
kyloren,0,1,0,1
kylos,0,7,0,7
kymberley,0,0,1,1
kyne,0,0,1,1
kyngsolo,0,0,2,2
kyocera,0,0,9,9
kyode,0,0,1,1
kyok,0,1,0,1
kyoto,0,6,13,19
kyoukai,0,1,0,1
kypris,2,1,0,3
kyra,0,6,4,10
kyri,3,0,0,3
kyriacos,0,5,0,5
kyrie,31,42,84,157
kyros,1,0,0,1
kys,20,74,4,98
kyser,0,0,1,1
kythira,0,0,3,3
kytky,0,0,1,1
kytzer,1,0,0,1
kyut,0,0,2,2
kyute,0,1,0,1
kyutie,0,1,0,1
kyutt,1,0,0,1
kyuubi,0,0,1,1
kz,0,1,0,1
la,422,3040,968,4430
laa,0,7,0,7
laaa,0,6,0,6
laaaaaaaaaaaaaaaaaane,1,0,0,1
laaaaaaaaaaate,1,0,0,1
laaaaaame,0,3,0,3
laaaaaaughing,0,0,1,1
laaaaame,1,0,0,1
laaaaauuuung,0,2,0,2
laaaauuuurrrrreenn,0,1,0,1
laaaauv,0,1,0,1
laaaawd,0,0,1,1
laaaawwwwwwddddd,0,0,1,1
laaatiinoooooossss,0,4,0,4
laaksonen,0,3,0,3
laat,0,2,0,2
laav,0,0,1,1
lab,15,13,76,104
labas,0,2,0,2
labbie,0,1,0,1
label,36,33,86,155
labeled,16,6,18,40
labeling,1,0,8,9
labelled,4,8,11,23
labelling,0,4,0,4
labello,0,2,0,2
labels,11,0,36,47
labeouf,1,0,4,5
labial,0,2,0,2
labiales,0,1,0,1
labib,1,0,0,1
labios,0,2,0,2
lable,3,4,0,7
lablemate,0,0,1,1
lables,1,0,0,1
labo,0,1,0,1
labolatoly,0,0,1,1
laboon,0,1,0,1
labor,16,14,66,96
laboral,0,5,0,5
laboratories,1,0,1,2
laboratorios,0,2,0,2
laboratory,0,3,12,15
labored,0,0,3,3
laborer,0,0,1,1
labores,0,5,0,5
laborioso,0,4,0,4
laborious,0,0,5,5
labors,0,0,8,8
labotomized,1,0,0,1
labour,30,18,62,110
laboured,0,0,5,5
labourers,1,0,0,1
labours,0,0,3,3
labouski,0,0,2,2
labowshi,1,0,0,1
labowsky,0,1,0,1
labrador,3,2,0,5
labron,0,2,0,2
labrotory,0,0,1,1
labryinth,0,1,0,1
labs,0,9,18,27
laburar,0,1,0,1
labyrinth,0,2,10,12
lac,0,0,1,1
laca,0,9,19,28
lacamoire,0,0,4,4
lacazett,0,5,0,5
lacazette,8,19,21,48
lacazzette,0,0,5,5
lacca,0,0,5,5
lace,43,40,158,241
laced,3,0,7,10
lacefront,0,6,0,6
lacerations,1,0,0,1
laces,1,7,8,16
laceup,0,0,7,7
lacey,0,2,3,5
lach,0,7,0,7
lachen,0,6,0,6
lachey,0,1,0,1
lachine,0,1,0,1
lachkick,0,1,0,1
laci,0,1,0,1
lacie,0,0,1,1
lacienega,0,0,2,2
lacing,0,4,1,5
lack,179,84,457,720
lackdike,0,3,0,3
lacked,2,3,24,29
lackey,6,0,0,6
lacking,28,14,87,129
lackluster,5,0,18,23
lacklustre,0,0,7,7
lacks,32,1,42,75
laconian,0,0,3,3
lacquer,0,3,2,5
lacraaaaa,0,2,0,2
lacrae,1,0,3,4
lacrando,0,1,0,1
lacras,0,2,0,2
lacre,0,2,0,2
lacreeeeeeee,0,1,0,1
lacrimosa,0,5,0,5
lacro,0,1,0,1
lacroy,0,1,0,1
lactaid,0,1,0,1
lactating,0,1,3,4
lactation,0,0,7,7
lactic,0,1,6,7
lactose,25,3,45,73
lacunes,0,0,4,4
laczkiem,0,1,0,1
lad,40,71,173,284
lada,0,0,2,2
ladbible,0,0,6,6
ladd,0,0,1,1
laddah,0,1,0,1
ladddddd,0,1,0,1
ladder,17,36,55,108
ladders,0,0,3,3
laddish,2,0,0,2
ladds,0,1,0,1
laddssss,0,3,0,3
laden,29,3,6,38
ladenegada,0,0,1,1
ladie,0,0,5,5
ladies,82,91,479,652
ladiesand,1,0,0,1
ladle,9,0,2,11
ladleful,0,0,5,5
ladling,1,0,0,1
ladne,0,3,0,3
lado,0,23,6,29
lados,1,4,0,5
ladowc,0,2,0,2
ladr,0,4,0,4
ladrake,0,1,0,1
ladren,0,1,0,1
ladron,0,5,0,5
ladrona,0,6,0,6
ladrones,6,6,2,14
lads,18,60,148,226
ladu,0,2,0,2
lady,277,195,787,1259
ladyanakin,0,0,1,1
ladybird,0,5,2,7
ladyboy,0,0,5,5
ladybug,14,32,9,55
ladybugs,0,6,7,13
ladyhood,0,1,0,1
ladylike,0,7,7,14
ladys,0,0,5,5
ladytron,0,4,0,4
lae,0,0,1,1
lafanda,1,0,0,1
lafare,0,0,1,1
lafayatte,0,0,2,2
lafayette,2,0,15,17
laferrari,0,0,1,1
laff,0,0,10,10
laffed,0,0,1,1
laffing,0,1,0,1
laffle,0,0,1,1
laffs,0,0,3,3
laflame,0,7,0,7
laflare,0,1,0,1
laforge,0,2,1,3
laformula,0,17,1,18
laformulalamejorcancion,0,1,0,1
laformulalike,0,1,0,1
lafourcade,0,1,0,1
lafremiere,0,2,0,2
lafya,0,1,0,1
lag,12,18,34,64
laga,0,7,0,7
lagaaan,0,2,0,2
lagaan,0,2,1,3
lagan,0,0,1,1
laganja,3,1,2,6
lagend,0,0,1,1
lager,0,2,5,7
lagerfeld,0,0,1,1
laggan,0,2,4,6
lagged,7,4,2,13
lagging,8,6,0,14
laggy,1,4,1,6
lagi,8,9,0,17
laging,1,2,0,3
lagirl,0,0,3,3
lago,0,0,4,4
lagoat,0,1,0,1
lagoon,4,6,3,13
lagos,0,6,0,6
lagrim,0,2,0,2
lagrimas,0,4,2,6
lags,0,1,4,5
lagth,0,0,8,8
lagu,0,3,17,20
laguage,0,0,1,1
laguages,0,0,1,1
laguardia,3,3,7,13
lague,0,1,0,1
lagumu,0,1,0,1
laguna,0,0,5,5
lagunya,0,6,1,7
lagusan,0,1,0,1
lah,1,1,1,3
laha,0,0,3,3
lahfkahflsbifhwienslfjkw,0,1,0,1
lahh,0,0,2,2
lahi,0,2,1,3
lahing,0,0,1,1
lahm,0,0,5,5
lahore,0,0,3,3
lahpet,0,0,1,1
lahren,0,8,1,9
lai,0,1,2,3
laid,32,20,124,176
laidback,1,0,8,9
laiffff,0,1,0,1
laifu,0,2,0,2
laigi,0,1,0,1
laik,0,8,0,8
laila,1,4,0,5
laim,0,6,1,7
lain,0,3,4,7
lair,9,2,9,20
laisse,0,1,0,1
laisser,0,5,0,5
laisseront,0,0,1,1
laissez,2,0,2,4
lait,0,4,0,4
laitiers,2,0,0,2
laizans,0,2,0,2
laizon,0,1,0,1
lajas,0,0,2,2
lajk,0,6,0,6
lake,33,44,108,185
lakebottom,0,1,0,1
laked,0,1,0,1
lakeland,0,0,1,1
laker,0,1,9,10
lakerrrsssssss,0,1,0,1
lakers,7,8,8,23
lakes,2,3,9,14
lakeshore,0,0,4,4
lakeside,0,0,2,2
lakewood,1,0,0,1
lakh,0,3,0,3
lakhs,0,0,1,1
lakini,0,1,0,1
lakonian,0,0,1,1
laksa,0,2,0,2
lala,2,15,29,46
lalaalala,0,0,1,1
lalabu,0,3,0,3
lalala,7,0,0,7
lalalaki,0,1,0,1
lalalalaaaa,0,1,0,1
lalalalaaaaa,0,1,0,1
lalalalaaaaaa,0,1,0,1
lalalalal,0,4,0,4
lalalalala,1,3,1,5
lalalalalala,0,1,1,2
lalalalalalalala,0,1,0,1
lalalalalalallala,0,1,0,1
lalalalallalalalalql,0,0,5,5
lalalalaloooooser,0,0,1,1
lalaland,0,8,2,10
lalallalalalalalallalalalal,0,0,1,1
laleleri,0,1,0,1
lalet,0,1,0,1
laliga,4,15,8,27
laligayoutube,0,2,0,2
lallana,1,0,10,11
lalo,1,1,0,2
lalonde,0,1,6,7
lam,0,14,1,15
lama,0,1,3,4
lamaprd,0,1,0,1
lamar,2,10,23,35
lamas,2,4,2,8
lamb,5,49,59,113
lamba,0,1,0,1
lambast,0,0,1,1
lambchop,0,0,5,5
lambert,0,9,0,9
lambily,0,1,0,1
lambo,6,18,4,28
lamborghini,2,5,4,11
lambos,0,2,0,2
lambourgini,1,0,0,1
lambs,1,20,3,24
lambsauuuuuccceee,0,1,0,1
lame,314,14,88,416
lameeeeee,0,0,6,6
lamefalos,0,1,0,1
lamehuevos,0,5,0,5
lamela,16,0,0,16
lamello,0,0,4,4
lamelo,9,8,3,20
lameness,0,0,3,3
lament,0,0,13,13
lamentable,0,15,0,15
lamentablemente,0,5,0,5
lamentables,0,3,0,3
lamenting,1,0,1,2
lamer,1,0,5,6
lames,0,1,4,5
lamest,1,2,2,5
lamestream,0,0,5,5
lamigtons,0,1,0,1
lamikayla,0,3,0,3
laminate,1,1,7,9
laminated,1,0,0,1
laminating,1,0,0,1
lamington,0,5,0,5
lamingtons,1,1,1,3
lammas,0,2,0,2
lamo,0,3,2,5
lamooo,0,0,1,1
lamooooo,0,0,1,1
lamorris,0,0,5,5
lamp,14,36,49,99
lampand,0,6,0,6
lampard,3,23,18,44
lamparoso,0,5,0,5
lampe,0,5,0,5
lamplighter,0,4,0,4
lampoon,1,0,1,2
lampooning,1,0,0,1
lampoons,0,0,1,1
lamps,2,8,5,15
lampshade,1,0,1,2
lampshades,0,0,2,2
lampsy,0,1,0,1
lan,6,36,11,53
lana,21,93,105,219
lanaa,0,1,0,1
lanaaa,0,0,1,1
lanaaaa,0,1,0,1
lanadelrey,0,1,0,1
lanapalooza,0,1,0,1
lanas,1,1,0,2
lanaster,3,0,0,3
lanasters,3,0,0,3
lanayru,1,0,0,1
lanc,3,2,44,49
lancashire,0,0,2,2
lancaster,1,1,2,4
lance,8,31,85,124
lancehead,0,1,0,1
lancelot,0,3,3,6
lancher,0,1,0,1
lancome,7,5,31,43
land,177,161,364,702
landau,0,0,1,1
landed,30,30,67,127
landend,0,2,0,2
landfall,1,0,4,5
landfill,2,0,7,9
landfills,0,1,7,8
landi,0,2,0,2
landing,86,23,164,273
landings,5,0,30,35
landis,2,5,0,7
landline,1,0,10,11
landlocked,0,0,3,3
landlord,2,2,2,6
landmark,0,0,2,2
landmarks,2,0,4,6
landmass,5,1,0,6
landmine,0,3,3,6
landmines,0,0,4,4
lando,2,1,9,12
landon,1,0,7,8
landowner,1,0,0,1
lands,13,9,38,60
landscape,6,2,22,30
landscapes,1,0,9,10
landsherson,6,0,0,6
landslide,1,3,5,9
landslides,1,0,0,1
landwhale,0,0,5,5
landyre,1,0,0,1
lane,52,39,50,141
laneige,0,0,15,15
lanes,15,4,13,32
lanez,0,2,2,4
lang,1,31,13,45
langage,0,0,2,2
langages,0,1,0,1
langdon,0,0,3,3
lange,0,6,13,19
langford,1,0,0,1
langley,1,1,1,3
langly,0,1,0,1
langoliers,0,2,0,2
langs,0,1,1,2
langsung,0,1,2,3
language,142,143,380,665
languages,11,26,127,164
languagr,0,0,4,4
langue,0,1,0,1
languor,0,1,0,1
lani,0,4,2,6
lanie,0,0,1,1
lanier,0,1,0,1
laniiiiii,0,1,0,1
laniiiiiiiii,0,1,0,1
lanister,0,6,0,6
lanita,0,1,0,1
lanjutkan,0,3,0,3
lanka,1,0,8,9
lankan,16,0,1,17
lanky,4,0,0,4
lanna,0,0,1,1
lanning,2,0,0,2
lannister,15,15,8,38
lannisterrrsssss,0,0,1,1
lannisters,0,6,0,6
lanny,0,0,1,1
lanois,0,2,1,3
lanoli,4,0,0,4
lanolin,4,0,9,13
lanolips,0,0,1,1
lansing,1,0,0,1
lansinoh,0,0,2,2
lansky,1,0,0,1
lanszini,1,0,0,1
lante,0,4,0,4
lantern,69,8,52,129
lanterns,5,117,5,127
lanthimos,5,10,6,21
lantran,1,0,0,1
lantus,2,0,0,2
lantz,0,2,0,2
lanured,0,0,1,1
lanvendaire,0,0,4,4
lany,0,6,0,6
lanyard,0,4,0,4
lanyards,0,0,2,2
lanza,2,1,1,4
lanzadas,0,0,2,2
lanzamiento,0,2,3,5
lanzaron,0,4,0,4
lanze,3,4,6,13
lanzo,1,0,0,1
lao,0,3,1,4
laoding,0,0,2,2
laos,7,3,0,10
laotian,0,0,1,1
laotians,0,0,8,8
laozi,2,0,0,2
lap,10,23,51,84
laparoscopy,0,0,4,4
lapart,0,2,0,2
lapcat,0,2,0,2
lapd,0,0,1,1
lapdance,0,1,0,1
lapel,0,1,0,1
lapierre,0,2,0,2
lapis,0,0,1,1
lapka,0,3,0,3
lapots,0,0,3,3
lapped,1,0,1,2
lappen,0,6,0,6
lapping,1,0,0,1
lappy,0,0,2,2
lapras,0,0,10,10
laps,0,0,12,12
lapse,1,4,20,25
lapsed,0,0,6,6
lapses,0,2,2,4
lapshin,0,0,5,5
lapsley,1,0,0,1
lapt,0,0,4,4
laptop,70,84,214,368
laptops,7,16,21,44
lapurrak,0,6,0,6
laquer,0,1,0,1
lar,0,25,2,27
lara,78,29,136,243
laracroft,0,1,0,1
laras,1,0,0,1
laray,0,0,1,1
lard,9,1,4,14
larda,0,3,0,3
lardan,0,1,0,1
lardo,0,0,1,1
lare,1,0,0,1
laredo,0,1,1,2
lares,0,4,4,8
larfs,0,1,0,1
larg,0,0,1,1
largarem,2,0,0,2
largarse,0,1,0,1
largas,0,4,0,4
large,135,0,469,604
largely,11,0,46,57
largement,0,5,0,5
larger,40,37,115,192
largesse,0,0,3,3
largest,30,63,86,179
largo,0,5,0,5
larie,0,1,0,1
larious,1,0,0,1
larobada,0,6,0,6
larp,0,0,3,3
larping,1,2,0,3
larry,45,53,70,168
lars,0,1,5,6
larsen,0,0,2,2
larson,0,3,0,3
larsson,0,3,4,7
lartern,0,0,2,2
larutan,1,0,0,1
larva,0,2,1,3
lary,1,0,0,1
laryngitis,5,0,0,5
larynxes,0,0,1,1
larz,0,4,0,4
las,102,495,203,800
lasagna,7,17,26,50
lasagnas,0,0,1,1
lasagne,0,2,0,2
lasange,0,0,1,1
lasbian,0,0,3,3
lascelles,0,0,1,1
lascia,0,1,0,1
lasciare,0,2,0,2
lasciate,0,1,0,1
lasciato,0,5,0,5
laser,108,137,210,455
lasercut,0,1,0,1
lasercuter,0,1,0,1
lasered,0,0,3,3
lasering,7,2,0,9
laserpointer,0,3,0,3
laserrr,0,1,0,1
lasers,10,18,35,63
lasertag,0,7,0,7
lasett,0,2,0,2
lasette,0,2,0,2
lasgina,0,1,0,1
lash,22,34,69,125
lashdealer,0,1,0,1
lashed,0,0,4,4
lashes,48,120,247,415
lashesss,0,0,1,1
lashing,13,0,1,14
lashline,0,0,2,2
laskas,0,0,2,2
lasplash,1,0,0,1
lass,4,1,0,5
lassen,0,4,0,4
lasses,0,0,1,1
lasseter,0,1,0,1
lassie,3,0,5,8
lassies,0,0,2,2
lasso,0,0,2,2
last,1335,1530,4267,7132
lasted,27,7,66,100
lastest,2,0,2,4
lastig,0,0,1,1
lastima,6,18,1,25
lastimar,0,1,0,1
lasting,22,4,29,55
lastly,7,0,18,25
lastpass,5,5,3,13
lasts,23,1,57,81
lasttt,0,0,1,1
lastweek,0,5,1,6
lasula,0,0,1,1
lasy,0,0,6,6
lat,0,37,6,43
latach,0,5,0,5
latch,10,0,21,31
latched,0,0,3,3
latches,0,0,1,1
latching,0,0,1,1
late,756,5,706,1467
lately,203,5,377,585
latelyyyy,0,1,0,1
laten,1,7,2,10
latency,0,0,9,9
latent,1,0,0,1
later,304,343,816,1463
laterais,0,5,0,5
lateral,3,1,5,9
laterally,1,0,0,1
latered,0,0,1,1
latern,1,1,0,2
lateroption,3,0,0,3
laterre,0,1,0,1
laters,3,0,1,4
lates,0,1,1,2
latesed,0,0,1,1
latesquad,0,6,0,6
latest,9,3,373,385
latex,7,19,22,48
lathe,0,3,0,3
lathena,0,1,0,1
lather,0,0,3,3
lathered,0,0,1,1
lathrop,1,0,0,1
latice,0,0,3,3
latifah,0,1,0,1
latihan,0,0,5,5
latin,10,19,75,104
latina,3,29,30,62
latinaaaa,0,2,0,2
latinas,2,4,3,9
latino,10,44,23,77
latinoam,0,7,1,8
latinoamerica,0,16,1,17
latinoamericana,0,1,4,5
latinoamericano,0,1,0,1
latinoamericanos,0,5,0,5
latinomericano,0,1,0,1
latinos,5,34,25,64
latinx,1,0,2,3
latinxs,0,0,1,1
latitude,0,1,0,1
latore,0,1,0,1
latoya,0,7,5,12
latrine,1,0,0,1
latro,0,0,1,1
latte,5,25,29,59
latter,19,2,42,63
latterman,0,0,2,2
lattes,4,3,6,13
laturtle,0,1,0,1
latverian,0,0,2,2
latvia,0,7,1,8
lau,0,0,8,8
laube,0,1,0,1
lauches,0,0,2,2
laud,1,0,0,1
laudato,0,0,1,1
lauded,0,0,1,1
lauder,33,53,110,196
lauderdale,0,1,1,2
lauderette,1,0,0,1
lauders,0,5,0,5
laudry,0,1,0,1
laugh,296,12,1874,2182
laughable,38,0,20,58
laughably,1,0,4,5
laughcrying,0,4,0,4
laughed,90,0,728,818
laugher,1,0,1,2
laughfter,1,0,0,1
laughhh,0,0,1,1
laughin,0,0,13,13
laughinfmdkdos,0,1,0,1
laughing,379,320,810,1509
laughinggg,0,1,0,1
laughinggggg,0,1,0,1
laughinhgggg,0,6,0,6
laughs,37,55,171,263
laught,0,5,7,12
laughted,0,0,2,2
laughter,77,75,193,345
laughters,0,0,2,2
laughting,0,0,1,1
laughtrack,3,0,0,3
laughtrip,0,0,1,1
lauhjgin,0,0,2,2
laun,0,1,0,1
launch,64,29,243,336
launched,20,16,61,97
launcher,6,10,6,22
launchers,0,0,8,8
launches,6,1,56,63
launchesss,0,0,2,2
launching,12,9,39,60
launchpad,0,4,2,6
launchpads,3,0,0,3
laundered,0,0,1,1
launderette,1,0,0,1
laundering,0,0,1,1
laundromat,0,0,5,5
laundry,10,10,23,43
launguage,0,4,0,4
launre,0,0,2,2
lauper,0,2,1,3
lauphing,0,1,0,1
laur,0,13,18,31
laura,21,78,202,301
lauralee,0,0,1,1
laurandiy,0,1,0,1
laurdiy,3,41,32,76
laurdiyvevo,0,1,0,1
laurdly,0,2,0,2
laureeeeeeeeeeeeeeeeeeeeeeeeennnnn,0,2,0,2
laureeeen,0,2,0,2
laureeennnnnnn,0,1,0,1
laurel,0,0,4,4
laurellesgbgiveaway,0,0,1,1
laurels,0,1,0,1
lauren,45,198,206,449
laurence,11,9,10,30
laurendiy,0,0,1,1
laurennnn,1,0,0,1
laurennnnn,0,1,0,1
laurennnnnnnn,0,0,1,1
laurennnnnnnnnnn,0,1,0,1
laurennnnnnnnnnnn,0,0,1,1
laurens,0,11,22,33
laurent,1,6,6,13
laurenzside,0,1,0,1
laurex,11,32,9,52
laurexy,0,3,0,3
lauridsen,0,1,0,1
laurie,0,1,22,23
laurin,0,0,4,4
laurmani,0,1,1,2
laurmouexpie,0,2,0,2
laurn,0,0,1,1
laurndry,0,1,0,1
laurrr,0,0,1,1
laurs,0,0,2,2
lauryn,0,0,3,3
lausanne,0,10,0,10
lautner,2,0,0,2
lautrec,0,0,3,3
lauuuuuuv,0,1,0,1
lauv,11,124,122,257
lauved,0,2,0,2
lauvin,0,2,3,5
lauving,0,6,0,6
lauvly,0,6,0,6
lauvvv,0,1,0,1
lauvvvv,0,1,0,1
lauw,0,0,1,1
lav,0,5,7,12
lava,60,177,170,407
lavaar,0,0,1,1
lavagirl,0,4,0,4
laval,0,0,1,1
lavali,0,1,0,1
lavan,1,0,0,1
lavande,0,2,0,2
lavander,0,6,0,6
lavandino,0,1,0,1
lavange,0,0,1,1
lavant,1,1,0,2
lavaqium,0,1,0,1
lavar,39,46,79,164
lavaron,0,1,0,1
lavars,1,0,1,2
lavas,0,0,2,2
lavato,3,3,3,9
lavatos,0,2,0,2
lavazza,0,0,1,1
lave,0,5,0,5
lavender,15,36,65,116
lavense,0,0,1,1
laver,0,2,1,3
laves,0,1,0,1
laviejaescuela,0,1,0,1
laview,0,1,0,1
lavigne,2,5,3,10
lavine,0,3,1,4
lavinia,0,0,2,2
lavish,2,1,8,11
lavishly,0,0,1,1
lavlier,0,1,0,1
lavoix,0,0,3,3
lavon,0,0,2,2
lavontaywhite,0,0,3,3
lavorare,0,1,0,1
lavoto,0,1,1,2
lavs,0,3,0,3
law,199,113,458,770
lawbreaking,1,0,0,1
lawbro,1,0,0,1
lawd,2,12,8,22
lawddd,0,0,1,1
lawdddddd,2,0,0,2
lawdness,0,1,0,1
lawdy,1,0,4,5
lawenforement,4,0,0,4
lawer,1,0,0,1
lawerence,0,1,2,3
lawful,0,0,10,10
lawfully,0,0,1,1
lawl,1,1,4,6
lawler,0,9,15,24
lawless,13,2,6,21
lawlessness,0,1,0,1
lawls,0,1,0,1
lawmakers,0,1,0,1
lawn,17,22,17,56
lawncompanysecrets,0,3,0,3
lawnmower,1,16,0,17
lawns,1,1,0,2
lawnzgnomes,0,3,0,3
lawnzzz,0,0,6,6
lawrence,45,75,173,293
lawrenceeeeeeeeeeeeeee,0,1,0,1
lawrences,0,0,2,2
lawrense,0,1,0,1
lawrzzzzzzzzzzzzzzzzzzzzz,0,4,0,4
laws,190,51,352,593
lawsuit,6,12,12,30
lawsuits,2,2,2,6
lawton,1,0,0,1
lawwdd,0,1,0,1
lawwwd,1,0,1,2
lawyer,18,7,48,73
lawyers,20,11,27,58
lax,0,8,6,14
laxative,0,5,6,11
laxatives,2,0,1,3
laxghing,0,8,0,8
laxy,0,0,1,1
lay,46,45,167,258
laya,0,2,0,2
layd,0,0,1,1
layed,0,2,1,3
layer,23,45,134,202
layered,4,1,35,40
layering,0,0,19,19
layers,24,39,48,111
layeth,0,0,1,1
layin,1,5,2,8
laying,26,10,102,138
layings,1,0,0,1
laykounnn,0,1,0,1
layla,0,1,0,1
laylay,0,4,0,4
layman,0,0,1,1
laymans,3,0,0,3
laymen,2,0,4,6
layors,0,1,0,1
layout,2,1,19,22
layouts,0,0,7,7
layover,0,3,0,3
layovers,0,0,1,1
lays,1,9,7,17
layshafiek,0,1,0,1
layton,4,10,34,48
laz,0,0,1,1
lazacazette,1,0,0,1
lazanya,0,1,0,1
lazars,0,1,0,1
laze,0,8,0,8
lazed,0,0,1,1
lazer,15,52,65,132
lazerer,0,8,0,8
lazers,2,0,0,2
lazey,0,1,0,1
lazi,0,1,0,1
laziest,3,1,9,13
lazily,3,0,2,5
lazim,0,2,0,2
laziness,1,2,5,8
lazing,0,1,0,1
lazio,1,8,7,16
lazstyftrrthicl,0,6,0,6
lazy,251,0,179,430
lazyboy,1,0,5,6
lazyyy,0,1,0,1
lb,9,35,80,124
lbc,0,3,0,3
lbd,3,0,0,3
lbdw,0,0,3,3
lbe,0,5,0,5
lber,0,0,3,3
lbgt,0,0,2,2
lbj,2,5,4,11
lbl,1,0,0,1
lbpoa,0,0,1,1
lbr,0,0,4,4
lbry,0,2,2,4
lbs,27,13,43,83
lbum,2,25,4,31
lbumes,0,0,1,1
lbvs,0,0,6,6
lbw,26,845,282,1153
lbwclub,0,0,5,5
lbwgang,0,15,0,15
lbwlbwlbwlbw,0,2,0,2
lbws,0,6,0,6
lbwsquad,1,13,11,25
lbww,0,0,3,3
lbwwww,0,2,5,7
lbwwwww,0,0,2,2
lc,0,7,8,15
lcb,8,0,5,13
lcd,0,2,12,14
lcds,0,0,2,2
lch,0,1,0,1
lck,0,0,1,1
lcm,0,0,6,6
lcs,0,0,3,3
lcuky,0,0,1,1
lculos,0,1,0,1
lcwaikiki,0,3,0,3
ld,0,6,11,17
ldac,0,0,5,5
ldc,0,0,4,4
ldkfjaoisdjfakjbglajfldajs,0,0,4,4
ldl,0,1,0,1
ldnfp,0,1,0,1
ldr,0,0,2,2
lds,0,0,7,7
ldshadowlady,1,5,0,6
ldshatowlady,0,2,0,2
le,110,887,221,1218
lea,2,15,24,41
leaaaaaaaaaaaaaaaaaaaaarn,0,0,1,1
leaaaaaaaaaaaaaaaaave,0,7,0,7
leaaaaave,0,0,1,1
leaat,0,5,0,5
leache,4,0,0,4
lead,151,91,347,589
leader,71,38,126,235
leaderboard,0,3,1,4
leaderboards,0,2,0,2
leaders,28,4,93,125
leadership,29,8,48,85
leadger,1,0,0,1
leading,60,18,119,197
leads,37,6,92,135
leaem,0,0,2,2
leaf,19,12,48,79
leafs,0,0,2,2
leafy,5,3,3,11
leagendary,0,0,2,2
leagly,0,0,1,1
league,208,234,786,1228
leagueeee,0,0,1,1
leagues,2,2,18,22
leah,6,14,16,36
leahue,0,0,6,6
leahy,0,4,0,4
leak,10,39,32,81
leakage,0,0,8,8
leaked,6,41,41,88
leaker,0,1,0,1
leakin,2,3,6,11
leaking,8,3,14,25
leaks,1,5,25,31
leaky,5,3,14,22
lean,31,37,59,127
leander,0,1,0,1
leandoer,1,2,2,5
leaned,0,3,5,8
leaning,34,3,32,69
leanings,0,0,5,5
leanne,1,0,0,1
leanord,0,2,0,2
leans,1,2,17,20
leant,0,0,2,2
leany,0,4,0,4
leap,10,12,36,58
leaped,0,1,4,5
leapered,0,0,1,1
leapers,0,0,5,5
leapfrog,0,0,1,1
leaping,2,0,0,2
leaps,5,0,5,10
lear,0,4,4,8
learm,4,0,0,4
learn,330,881,1369,2580
learnable,0,0,1,1
learnd,0,0,1,1
learned,120,91,530,741
learner,0,2,18,20
learners,0,0,8,8
learnin,0,2,0,2
learning,118,92,461,671
learnn,0,1,0,1
learns,4,4,31,39
learnt,4,38,113,155
leary,0,4,2,6
learzon,0,1,0,1
leas,0,3,7,10
lease,5,7,7,19
leased,0,6,0,6
leash,4,2,10,16
leashe,0,1,0,1
leashed,0,0,6,6
leashes,0,1,0,1
leashing,0,0,1,1
leasing,0,0,3,3
least,1484,17,1587,3088
leat,0,0,1,1
leatait,0,0,1,1
leathal,0,1,0,1
leather,16,63,111,190
leathered,0,0,1,1
leatherface,0,1,2,3
leatherman,3,0,0,3
leathers,0,0,1,1
leatherskinned,0,0,1,1
leathertavern,0,0,2,2
leatherwork,0,0,3,3
leauge,8,14,1,23
leave,568,447,1326,2341
leavealikeifyouliketheidea,0,0,2,2
leavearight,0,0,2,2
leavebritneyalon,0,3,0,3
leavecm,0,1,0,1
leaved,1,0,1,2
leaves,91,52,241,384
leavetbh,0,1,0,1
leavey,1,0,0,1
leavin,1,0,0,1
leaving,144,63,249,456
leavitt,0,2,0,2
lebance,0,0,1,1
lebanese,7,1,8,16
lebanon,15,2,7,24
lebay,0,1,0,1
lebayyyyyy,0,1,0,1
leben,0,2,0,2
lebeuf,0,1,0,1
lebih,0,0,5,5
lebkuchen,0,0,2,2
leblanc,0,9,2,11
leboeouf,0,0,1,1
lebouf,1,0,0,1
lebowkski,0,0,1,1
lebowski,15,17,61,93
lebowskifest,0,0,1,1
lebowsky,1,2,2,5
lebra,1,0,0,1
lebrick,1,0,1,2
lebron,51,62,154,267
lebrons,3,2,13,18
lebrowski,1,0,0,1
lebum,4,0,0,4
lebzeiten,0,3,0,3
lecduck,0,3,0,3
lech,0,2,0,2
leche,5,4,8,17
lecherous,0,5,1,6
leches,0,0,2,2
lechokes,0,0,1,1
lechon,1,0,0,1
lecia,0,0,1,1
leck,0,4,0,4
leconte,0,0,12,12
lecraa,0,0,1,1
lecrae,7,25,50,82
lecraes,0,0,7,7
lecrea,0,4,4,8
lecs,0,0,2,2
lecter,0,1,0,1
lector,0,7,0,7
lecture,16,11,24,51
lectured,9,1,3,13
lecturer,0,1,1,2
lecturers,0,0,7,7
lectures,2,1,20,23
lecturing,11,4,4,19
lecz,0,2,0,2
leczenie,0,4,0,4
leczeniu,0,2,0,2
led,30,28,94,152
leder,0,2,1,3
ledge,1,2,14,17
ledgened,0,2,0,2
ledger,2,6,12,20
ledgers,0,2,1,3
leds,0,1,5,6
lee,113,249,321,683
leech,8,2,16,26
leechers,0,0,1,1
leeches,0,9,0,9
leeching,1,4,5,10
leeco,0,3,0,3
leed,0,1,0,1
leedle,0,6,0,6
leedleedlee,0,0,1,1
leeds,20,15,52,87
leeeeagueee,0,6,0,6
leeeeeeeeze,0,1,0,1
leeeegs,0,1,0,1
leeets,0,1,0,1
leeexx,0,0,2,2
leeeyuuuum,0,1,0,1
leeft,0,0,1,1
leeftijd,0,1,0,1
leek,0,0,4,4
leeks,0,0,8,8
leena,3,0,28,31
leer,0,14,0,14
leered,0,2,0,2
lees,2,1,2,5
leesa,0,1,0,1
leesburg,3,0,0,3
leet,7,3,0,10
leete,0,4,0,4
leev,0,2,0,2
leeve,0,1,0,1
leevuhpewl,0,0,1,1
leeway,1,0,0,1
leeyum,0,1,0,1
leezy,3,0,0,3
lefcod,0,1,0,1
leff,0,4,0,4
leffete,0,3,0,3
lefffouttoffbhaddanbooojeee,0,5,0,5
lefitst,1,0,0,1
leflop,1,0,0,1
lefou,1,0,0,1
lefovers,0,1,0,1
left,810,563,1843,3216
leftards,1,4,2,7
lefted,3,0,0,3
lefteris,0,3,0,3
leftie,6,1,6,13
lefties,12,2,7,21
leftism,0,1,2,3
leftist,108,0,45,153
leftists,31,2,23,56
leftkunt,0,1,0,1
leftover,20,9,24,53
leftovers,13,1,9,23
lefts,3,0,2,5
leftwing,12,7,4,23
lefty,27,7,7,41
leftyism,0,0,1,1
leftys,6,7,1,14
leftyswhereuat,0,1,0,1
leg,103,92,204,399
legacy,27,16,88,131
legal,70,2,259,331
legaladvice,0,0,5,5
legalese,0,0,1,1
legalisation,0,0,1,1
legality,0,0,1,1
legalize,0,7,2,9
legalized,0,1,14,15
legalizing,1,0,1,2
legally,29,0,82,111
legand,0,0,2,2
legandary,0,0,1,1
legands,0,1,0,1
legde,0,0,4,4
lege,0,0,1,1
legeeeeend,0,1,0,1
legen,1,5,0,6
legend,215,756,658,1629
legenda,0,23,0,23
legendaric,1,0,0,1
legendario,0,2,0,2
legendarische,0,2,1,3
legendarnego,0,3,0,3
legendarry,0,0,1,1
legendary,2,0,286,288
legendarys,1,0,0,1
legendas,0,10,0,10
legenddd,0,0,1,1
legendddd,0,2,0,2
legenddidierdrogba,0,2,0,2
legende,0,6,0,6
legendery,0,2,0,2
legendharry,0,1,0,1
legends,37,144,133,314
legendsneverdie,1,2,2,5
legendsssssss,0,1,0,1
legendy,0,3,0,3
legendz,0,4,0,4
legged,4,6,9,19
leggens,1,0,0,1
leggete,0,1,0,1
leggggooooo,0,0,2,2
leggings,16,18,68,102
leggins,0,0,6,6
leggo,4,2,4,10
leggy,0,0,2,2
legilimency,2,0,0,2
legion,4,7,22,33
legions,1,4,2,7
legislate,3,0,10,13
legislated,1,0,0,1
legislating,0,0,2,2
legislation,21,4,40,65
legislative,0,4,5,9
legislators,0,0,8,8
legislature,0,0,1,1
legit,160,240,443,843
legitally,0,1,0,1
legitametly,2,0,1,3
legitimacy,0,0,3,3
legitimate,17,8,48,73
legitimately,18,21,65,104
legitimize,0,0,6,6
legitly,1,0,0,1
legittt,1,0,0,1
legjobb,0,1,0,1
legless,0,0,3,3
legned,0,2,0,2
legni,0,1,0,1
lego,15,84,152,251
legoat,0,0,1,1
legocakehelptheripy,0,1,0,1
legocakewoes,2,7,1,10
legocakewows,0,1,0,1
legod,0,1,0,1
legoghostbusters,0,0,5,5
legolas,0,4,0,4
legos,8,15,19,42
legrande,4,0,0,4
legs,132,112,239,483
legspace,1,0,0,1
legssss,0,5,0,5
legue,0,7,0,7
leguizamo,0,0,4,4
legwarmers,0,0,3,3
legwork,4,0,0,4
leh,0,2,0,2
leher,0,1,0,1
lehetett,0,1,0,1
lehoe,0,0,2,2
lei,0,2,0,2
leia,29,27,24,80
leianni,0,2,0,2
leibzing,0,1,0,1
leicester,18,53,30,101
leicht,0,0,1,1
leider,0,2,0,2
leigh,9,7,12,28
leighann,5,13,14,32
leighanne,1,0,0,1
leighton,0,5,1,6
leila,1,0,1,2
leilo,3,0,0,3
leipzig,0,7,6,13
leipzigi,0,1,0,1
leisten,1,0,0,1
leisure,5,3,2,10
leisurely,0,0,7,7
leites,0,1,0,1
leitmotif,0,0,15,15
leiutenant,0,0,1,1
leizigi,0,0,1,1
leizpig,0,1,0,1
lejlane,0,0,4,4
lejon,0,2,0,2
lejos,1,11,1,13
lekarza,0,4,0,4
lekcji,0,0,1,1
lekdijk,0,1,0,1
leki,0,2,0,2
lekkar,0,4,0,4
lekker,0,2,0,2
lekkere,0,1,0,1
lekki,0,3,0,3
lekow,0,2,0,2
lel,9,26,16,51
leland,6,0,0,6
lele,16,92,78,186
lelelz,0,1,0,1
lelepons,0,1,1,2
leles,0,1,2,3
leli,0,3,0,3
leliel,0,0,1,1
lelijk,0,0,1,1
lelo,0,1,0,1
lelogicielou,0,1,0,1
lelouch,0,0,1,1
lelouche,0,0,1,1
lels,0,0,2,2
lemak,0,3,0,3
lemans,2,0,0,2
lemar,0,6,6,12
lembra,0,14,2,16
lembrar,0,8,0,8
lembro,0,0,1,1
lembrou,0,9,0,9
leme,0,1,0,1
lemelo,4,0,0,4
lement,0,0,2,2
lemi,0,5,0,5
lemme,17,31,55,103
lemmings,2,0,4,6
lemmino,1,0,0,1
lemmy,0,0,2,2
lemon,15,42,68,125
lemonade,12,19,9,40
lemonaid,0,0,1,1
lemongrass,0,0,5,5
lemons,0,5,2,7
len,0,14,3,17
lena,14,7,20,41
lenard,1,0,0,1
lend,1,5,10,16
lenda,0,3,0,3
lendaaaaaa,0,1,0,1
lendemain,3,0,2,5
lendges,0,1,0,1
lending,0,0,6,6
lendo,0,1,0,1
lends,0,2,4,6
lengendarium,0,0,1,1
lengendary,0,5,0,5
lenght,2,0,2,4
lenghts,0,0,1,1
length,28,48,224,300
lengthen,3,0,0,3
lengthening,0,0,1,1
lengths,20,0,12,32
lengthy,1,3,7,11
lengua,0,7,2,9
lenguage,0,0,2,2
lenguaje,0,12,0,12
leniency,0,0,2,2
lenient,0,0,6,6
lenin,0,0,6,6
leninist,0,0,1,1
lenk,0,0,5,5
lennon,9,19,13,41
lennox,0,1,6,7
lenny,3,4,14,21
leno,11,0,10,21
lenon,0,1,0,1
lenovo,8,4,5,17
lenox,0,1,0,1
lens,39,20,63,122
lense,4,1,10,15
lenses,15,28,87,130
lensflare,1,0,0,1
lensflared,0,0,1,1
lensmen,2,0,0,2
lent,0,3,4,7
lenta,0,4,0,4
lentach,0,2,0,2
lentar,0,1,0,1
lentern,1,0,0,1
lentils,0,0,15,15
lento,64,6,6,76
lentos,0,0,2,2
lentur,0,1,0,1
lenzini,0,0,1,1
leo,12,42,37,91
leogang,3,0,0,3
leon,13,13,32,58
leona,0,6,1,7
leonard,5,45,88,138
leonardo,4,14,17,35
leone,2,1,2,5
leonidas,0,1,4,5
leonidis,0,6,0,6
leopard,4,15,66,85
leopards,1,0,5,6
leope,0,2,0,2
leopold,0,1,0,1
leotard,0,5,0,5
leotardo,0,6,3,9
leovold,0,0,1,1
leper,7,0,8,15
leperish,0,0,1,1
lepers,1,0,0,1
lepiej,0,4,0,4
lepin,0,0,3,3
lepore,0,1,0,1
leppard,5,0,2,7
lepracoons,0,0,1,1
leprechaun,1,0,21,22
lepszy,0,3,0,3
lepto,0,0,3,3
lepull,0,1,0,1
lequeen,0,3,0,3
ler,0,3,0,3
leraunt,0,0,1,1
leren,0,1,0,1
leri,0,1,0,1
leric,1,0,0,1
lerim,0,2,0,2
lermontov,0,0,2,2
lern,0,1,1,2
lerned,0,0,6,6
lerner,0,0,1,1
lernig,0,0,3,3
lerosett,0,0,1,1
leroy,2,6,1,9
leroys,0,0,1,1
lerve,0,6,0,6
les,66,314,176,556
lesbian,37,45,85,167
lesbiana,0,1,0,1
lesbiangoals,1,0,0,1
lesbians,9,9,25,43
lesbo,0,1,5,6
lesbos,7,1,4,12
leser,0,0,4,4
lesgo,0,1,0,1
lesh,1,0,0,1
leshan,0,0,1,1
lesin,0,2,0,2
lesion,0,6,0,6
lesiono,0,5,0,5
lesl,0,0,2,2
lesley,0,2,23,25
leslie,2,12,19,33
lesliee,0,1,0,1
lesnar,5,13,3,21
lesnars,0,2,0,2
lespain,1,0,0,1
lesquels,0,2,0,2
less,945,2,1823,2770
lessandro,0,1,0,1
lessen,0,0,4,4
lessened,0,0,8,8
lessening,0,0,4,4
lessens,0,0,1,1
lesser,15,2,49,66
lessgo,0,4,0,4
lessining,0,0,3,3
lesson,51,46,147,244
lessons,26,28,100,154
lest,7,1,11,19
lesta,0,2,0,2
lester,0,8,4,12
lestoil,2,0,0,2
lesund,0,11,8,19
lesvies,0,1,0,1
lesving,0,1,0,1
lesvos,0,0,2,2
lesz,0,3,0,3
let,1586,1365,4030,6981
letalone,3,0,0,3
letan,0,0,1,1
letbrandonsing,0,6,0,6
letchers,3,0,0,3
letdebruynetalk,0,3,0,3
letdown,1,0,3,4
letenni,0,1,0,1
letes,2,0,0,2
letf,1,0,0,1
letgingerstalk,0,1,0,1
lethal,10,11,34,55
lethargic,0,7,4,11
lethargy,1,0,0,1
lethimtalk,0,2,0,2
leticia,0,0,5,5
letkevintalk,0,3,0,3
letmegeta,0,0,2,2
letmestepin,0,4,0,4
letmetalk,0,1,0,1
letmyfamilyknow,0,0,1,1
leto,9,14,33,56
letpeopletalk,0,3,0,3
letra,4,33,1,38
letras,5,11,2,18
letreros,0,1,0,1
lets,257,243,594,1094
letsargue,0,1,0,1
letsgogirls,0,0,2,2
letsplays,0,1,0,1
letss,0,1,0,1
letsseewhathappens,1,0,0,1
letssss,1,0,0,1
lett,0,8,0,8
letter,35,63,140,238
letterbox,1,0,0,1
lettered,1,0,0,1
lettering,8,0,2,10
letterkenny,6,7,6,19
letterlijk,0,0,1,1
letterman,33,37,57,127
lettermans,0,0,1,1
lettermen,0,0,2,2
letters,24,42,36,102
letthedevilcollectmeandmakemewhole,0,0,1,1
lettin,1,0,0,1
letting,109,56,266,431
letto,0,5,1,6
lettsssssss,0,1,0,1
letttsss,1,0,0,1
lettuce,8,9,11,28
letty,1,0,0,1
letzen,0,0,1,1
letzten,0,0,4,4
letztes,0,1,0,1
leu,0,1,0,1
leuctra,2,0,1,3
leuk,0,5,2,7
leukaemia,0,0,4,4
leuke,0,4,0,4
leukemia,1,0,2,3
leukemie,0,1,0,1
leukste,0,3,0,3
leur,4,7,7,18
leurope,0,0,4,4
leurs,0,0,3,3
lev,2,6,0,8
leva,0,1,1,2
levae,0,1,0,1
levant,0,6,0,6
levanta,0,25,28,53
levantan,0,0,4,4
levantando,0,4,0,4
levantar,5,6,3,14
levantaras,0,1,0,1
levantaremos,0,2,0,2
levantas,4,0,0,4
levante,2,5,4,11
levantou,0,1,0,1
levar,0,0,6,6
levatandopuertorico,0,0,3,3
levate,0,1,0,1
leve,6,10,0,16
levee,0,4,1,5
levees,0,1,0,1
level,337,437,941,1715
leveled,2,6,22,30
leveling,2,7,5,14
levelled,6,0,0,6
levelling,4,0,1,5
levels,67,43,259,369
levelselect,0,2,0,2
leven,0,15,1,16
leveon,0,1,0,1
lever,8,5,24,37
leverage,3,0,14,17
leveraging,3,0,0,3
levet,0,1,0,1
levi,0,2,5,7
leviatan,0,1,0,1
leviathan,2,4,2,8
leviation,0,1,0,1
levies,0,1,0,1
levin,2,0,0,2
levine,1,18,11,30
levinesreads,0,0,3,3
leviousa,0,1,0,1
levis,0,0,5,5
levistate,0,0,1,1
levitate,12,2,0,14
levitating,6,1,0,7
levite,0,0,3,3
leviticus,32,8,11,51
levitt,0,3,0,3
levittown,1,0,0,1
levity,2,0,1,3
levle,0,5,0,5
levo,0,0,1,1
levonorgestrel,0,0,6,6
levy,0,0,3,3
lew,2,1,2,5
lewan,0,4,0,4
lewandoski,0,4,0,4
lewandosky,0,4,0,4
lewandowski,7,9,0,16
lewangoalski,0,3,0,3
lewbowskis,0,0,1,1
lewd,0,0,4,4
lewigi,1,0,0,1
lewigodsi,0,1,0,1
lewinksy,2,0,0,2
lewis,33,27,40,100
lewise,0,0,2,2
lewk,0,0,4,4
lewking,0,1,0,1
lewsey,0,8,0,8
lewst,0,1,0,1
lewy,0,1,1,2
lex,20,23,97,140
lexa,0,4,0,4
lexapro,0,0,1,1
lexia,0,3,0,3
lexicon,2,0,0,2
lexington,0,2,0,2
lexis,0,0,1,1
lexorcist,0,5,0,5
lexus,2,0,1,3
lexx,0,1,0,1
lexxxxxxx,0,0,4,4
ley,0,1,10,11
leyenda,0,4,1,5
leyendo,0,2,0,2
leyendsneverdie,0,1,0,1
leykis,0,1,0,1
leyum,0,0,1,1
lez,0,3,7,10
lezbo,0,0,1,1
lezmyscira,0,1,0,1
lezzie,0,0,1,1
lezzy,0,1,0,1
lf,1,7,8,16
lfa,0,0,1,1
lfc,24,26,49,99
lfg,0,1,0,1
lfl,15,43,70,128
lfmaoooo,0,3,0,3
lfts,0,0,15,15
lfw,0,6,0,6
lg,17,53,100,170
lgan,0,5,0,5
lgbqt,0,0,1,1
lgbt,38,8,54,100
lgbtiq,4,0,0,4
lgbtq,4,0,37,41
lgbtqia,0,0,1,1
lgbtqp,3,0,0,3
lgbttq,6,0,0,6
lgg,0,1,0,1
lgh,0,0,1,1
lgn,1,0,0,1
lgot,0,0,1,1
lgs,0,2,0,2
lgtb,0,0,1,1
lgv,1,1,4,6
lh,0,2,0,2
lhafh,1,0,0,1
lhc,0,0,1,1
lhello,0,4,0,4
lhh,0,0,5,5
lhhh,2,2,0,4
lhhhw,2,0,0,2
lhhny,2,0,1,3
lho,0,1,0,1
lhungzz,0,1,0,1
li,14,39,21,74
lia,1,3,6,10
liaaamm,0,0,1,1
liabilities,3,0,0,3
liability,7,7,20,34
liable,1,0,13,14
liablity,3,0,0,3
liagh,0,0,1,1
liaise,0,0,4,4
liam,159,254,326,739
liamgallagher,0,0,2,2
liammm,0,0,1,1
liammmmmmmmmm,0,1,0,1
liams,1,11,18,30
liana,1,1,2,4
liang,0,0,1,1
liangelo,4,13,6,23
liangilo,0,1,0,1
liangpi,3,0,0,3
lianne,0,2,0,2
liar,62,42,63,167
liars,38,4,32,74
lias,0,1,0,1
lib,10,1,9,20
libanais,0,0,1,1
libary,0,0,5,5
libatarism,1,0,0,1
libbed,0,0,1,1
libby,1,5,0,6
libbys,0,0,1,1
libcucks,0,2,0,2
libeeeeeeeral,0,0,2,2
libel,0,0,2,2
libera,0,1,0,1
liberal,273,78,256,607
liberalhypocrisy,1,0,0,1
liberalism,9,10,8,27
liberalismfindthecure,0,1,0,1
liberally,0,0,1,1
liberals,158,74,128,360
liberarte,0,1,0,1
liberate,0,0,9,9
liberated,1,0,10,11
liberating,6,0,2,8
liberation,1,0,11,12
liberia,4,2,3,9
liberian,0,0,1,1
libermans,0,0,1,1
liberry,0,1,0,1
libert,0,2,0,2
libertad,0,6,0,6
libertarian,5,2,9,16
libertarians,2,0,2,4
liberties,0,0,9,9
libertine,1,0,0,1
liberty,4,7,56,67
libertyvibe,0,0,4,4
libia,2,0,0,2
libido,0,0,11,11
libiot,0,0,1,1
libowski,0,1,0,1
libra,0,5,9,14
libral,1,0,0,1
librals,0,0,1,1
librarian,0,3,4,7
libraries,1,0,1,2
library,20,19,72,111
libras,1,1,6,8
libratards,0,1,0,1
libre,0,7,1,8
libreoffice,0,1,1,2
libro,0,3,0,3
libs,11,11,7,29
libshit,0,4,0,4
libt,2,0,0,2
libtar,0,0,1,1
libtard,6,10,14,30
libtarded,2,0,0,2
libtards,34,15,26,75
libtube,0,6,0,6
libturds,1,0,4,5
libya,14,1,8,23
libyan,2,0,0,2
libyans,4,0,0,4
lic,0,2,0,2
lica,0,0,1,1
licat,0,1,0,1
liccle,0,0,1,1
lice,0,8,4,12
liceanse,0,1,0,1
licence,11,11,23,45
licenced,0,1,0,1
licences,1,0,0,1
licencing,0,0,1,1
license,23,30,117,170
licensed,2,3,24,29
licensee,0,0,1,1
licenses,6,3,5,14
licensing,1,3,8,12
licensure,0,0,2,2
licentie,0,2,0,2
licharly,0,0,1,1
lichfield,0,0,4,4
licia,0,2,0,2
licie,0,3,0,3
licious,0,4,0,4
licitations,0,0,1,1
lick,15,42,57,114
lickbayit,0,3,0,3
licked,5,7,12,24
licker,1,4,1,6
lickers,3,0,0,3
lickin,2,0,1,3
licking,18,14,28,60
licks,3,1,5,9
licksbuthole,0,1,0,1
lickspittle,0,1,0,1
lico,0,5,0,5
licorice,3,8,2,13
licz,0,2,0,2
lid,31,17,98,146
lida,0,0,1,1
lidars,0,0,3,3
liddel,0,0,1,1
liddon,0,0,3,3
lider,0,1,0,1
liderally,0,4,0,4
lideres,0,20,0,20
lidi,0,7,0,7
lidia,0,0,2,2
lidiar,0,4,0,4
lidickey,0,2,0,2
lidicky,0,3,0,3
lidl,9,19,35,63
lidls,0,1,0,1
lido,0,2,0,2
lids,8,14,22,44
lidsey,0,0,1,1
lidsssssss,0,1,0,1
lie,225,258,452,935
liebe,0,22,0,22
lieber,0,10,0,10
liebing,0,0,1,1
lieblings,0,1,0,1
lieblingsspieler,0,3,0,3
liebrand,0,1,0,1
liebsten,0,0,3,3
liebt,0,4,0,4
liec,0,1,0,1
liecence,0,0,1,1
lied,49,36,49,134
liedje,0,1,0,1
lieeed,1,0,0,1
lieeee,0,2,0,2
lieeeeeeeeeee,0,2,0,2
lief,0,1,0,1
liefde,0,1,0,1
liefelings,0,1,0,1
liefst,0,0,1,1
liegen,0,1,0,1
liegh,0,2,0,2
liego,0,2,0,2
liegt,0,1,0,1
lieing,1,4,2,7
liek,0,9,3,12
lieke,0,0,1,1
liem,0,0,1,1
lien,0,0,2,2
lier,0,1,3,4
liers,0,4,0,4
lies,179,58,240,477
liesel,0,0,10,10
liest,0,0,3,3
lieu,0,5,1,6
lieutenant,2,2,3,7
liev,0,0,1,1
lieve,0,3,0,3
lieveling,0,2,0,2
lievelings,0,6,0,6
lievelingsspeler,0,1,2,3
lievelingsvoetballer,0,1,0,1
lif,0,1,2,3
life,2190,1848,7948,11986
lifeafterhate,0,7,7,14
lifeaseva,0,1,0,1
lifecycle,2,0,0,2
lifee,5,1,1,7
lifeee,7,1,2,10
lifeeee,0,4,5,9
lifeeeee,0,2,1,3
lifeeeeee,0,1,2,3
lifeeeeeee,0,2,1,3
lifeeeeeeeeeeeeeeeee,0,0,1,1
lifeforce,0,0,1,1
lifeform,0,0,1,1
lifeforms,0,0,4,4
lifegoal,0,1,0,1
lifegoals,0,1,1,2
lifeguard,0,3,0,3
lifeguards,1,0,0,1
lifehack,0,3,0,3
lifehacker,0,0,1,1
lifehacks,2,0,0,2
lifei,4,0,0,4
lifeless,2,11,7,20
lifelike,0,0,1,1
lifeline,3,2,9,14
lifelines,0,1,0,1
lifelong,6,0,8,14
lifenz,0,1,0,1
lifeproof,0,1,0,1
lifer,0,1,0,1
liferegenerator,0,0,3,3
lifers,1,0,0,1
lifertime,3,0,0,3
lifes,22,3,37,62
lifesaver,1,3,2,6
lifesavers,0,1,0,1
lifesaving,0,1,0,1
lifescience,0,0,1,1
lifeson,0,4,0,4
lifespan,2,1,6,9
lifespans,2,0,0,2
lifestlye,0,0,1,1
lifestream,0,0,3,3
lifestreams,0,0,1,1
lifestyle,27,11,188,226
lifestyles,1,0,3,4
lifethretendly,5,0,0,5
lifeti,0,4,0,4
lifetime,17,14,124,155
lifetimes,0,0,7,7
lifeu,0,1,2,3
lifey,1,0,0,1
liff,0,1,0,1
liffffee,0,0,2,2
lifht,1,0,0,1
lifi,0,1,0,1
lifr,0,0,2,2
lift,61,68,144,273
lifted,3,15,19,37
lifters,0,4,0,4
liftin,0,1,0,1
lifting,15,4,17,36
liftings,0,0,1,1
liftoff,0,0,7,7
lifts,8,5,25,38
liga,8,120,45,173
ligada,0,5,0,5
ligament,0,7,0,7
ligaments,5,0,15,20
ligand,1,0,0,1
ligas,0,1,0,1
ligde,0,0,1,1
liger,0,14,7,21
ligerie,0,0,2,2
ligers,0,1,0,1
lighhhtterrr,0,3,0,3
light,187,9,2298,2494
lightbeam,0,0,1,1
lightblade,0,1,4,5
lightboard,0,16,0,16
lightbulb,0,9,9,18
lightbulbs,1,0,0,1
lighted,4,8,13,25
lighten,3,6,11,20
lightened,0,0,2,2
lightening,0,3,11,14
lightens,0,0,1,1
lighter,24,31,151,206
lightest,9,1,16,26
lighthead,0,1,0,1
lighthearted,0,1,9,10
lightheartedness,0,0,1,1
lighthouse,0,1,1,2
lighting,56,23,263,342
lightinthebox,0,0,5,5
lightly,2,0,70,72
lightness,0,1,0,1
lightnin,0,0,1,1
lightning,41,33,47,121
lightnings,0,1,0,1
lightroom,0,0,4,4
lights,113,142,318,573
lightsaber,19,14,17,50
lightsabers,1,0,1,2
lightsabre,0,0,2,2
lightskin,1,2,20,23
lightspeed,0,1,0,1
lightss,0,1,0,1
lightssss,0,1,1,2
lightswitch,1,6,1,8
lightwaves,0,0,1,1
lightweight,6,3,38,47
lightweighted,0,0,1,1
lightworker,0,0,2,2
lightyear,0,1,1,2
ligi,0,1,0,1
ligin,0,0,1,1
liginde,0,2,0,2
ligine,0,1,0,1
ligit,1,1,4,6
ligo,0,0,1,1
ligth,0,0,1,1
ligths,0,1,0,1
ligual,0,4,0,4
ligue,4,32,3,39
liguori,0,4,0,4
lih,0,2,0,2
lihapullat,0,2,0,2
lihat,0,1,0,1
liiieess,0,1,0,1
liiifeeee,0,0,1,1
liiiifee,0,2,0,2
liiiifeee,0,0,1,1
liiiiiife,0,0,1,1
liiiiiiife,0,2,0,2
liiiiiiiiiiiiiiit,0,1,0,1
liiiiiiiiiiiiiizzzzzzzzzzzzzzaaaaaaaaaaaaaaaaa,0,1,0,1
liiiiiiiiiike,0,0,1,1
liiiiiiiiiit,0,1,0,1
liiiiiiiitle,2,0,0,2
liiiiiiiive,0,2,1,3
liiiiiiit,0,1,0,1
liiiiiit,0,1,0,1
liiiiindo,0,4,0,4
liiiiit,0,1,3,4
liiiiittt,0,1,0,1
liiiiive,0,0,1,1
liiiike,0,1,0,1
liiiip,0,0,1,1
liiiittttttt,0,1,0,1
liiiive,0,1,0,1
liiiivvinnngg,0,1,0,1
liiike,0,0,1,1
liiikeeee,0,0,1,1
liiit,2,5,0,7
liiitle,0,0,1,1
liiittle,0,0,1,1
liiitttt,0,1,2,3
liiive,0,0,1,1
liiivvvinnnngggg,1,0,0,1
liike,5,2,1,8
liily,0,0,2,2
liindsey,0,0,1,1
liit,0,1,1,2
liite,1,0,0,1
liitle,0,5,3,8
liittle,0,0,2,2
liittttttt,0,3,0,3
lije,3,1,0,4
lijk,0,1,0,1
lijkt,0,4,1,5
lijp,0,0,1,1
lik,0,12,11,23
lika,0,1,6,7
likability,3,0,0,3
likable,1,0,21,22
like,14081,16554,41020,71655
likea,0,3,0,3
likeability,0,3,0,3
likeable,3,7,29,39
likebeforewatchingsquad,0,0,1,1
likebut,1,0,0,1
likecardi,0,1,0,1
likechucky,0,0,3,3
liked,139,7,1797,1943
likeddd,0,1,0,1
likeee,0,5,0,5
likeeee,0,0,1,1
likeeeee,0,2,0,2
likeeeeee,1,0,0,1
likeeeeeedddd,0,4,0,4
likefreecardsgetitnow,0,0,6,6
likeholy,0,0,1,1
likeing,0,1,0,1
likeit,0,0,1,1
likeky,0,0,2,2
likelihood,9,0,10,19
likely,114,28,599,741
likelyhood,0,0,2,2
likem,0,1,0,1
likeme,0,0,2,2
likened,0,0,2,2
likeness,2,2,8,12
likenesses,0,0,1,1
likening,0,0,1,1
likeok,0,1,0,1
liker,4,7,0,11
likers,2,7,0,9
likes,324,610,779,1713
likesieresdem,0,0,1,1
likessss,0,0,1,1
likesssss,0,1,0,1
liketamar,3,0,0,3
likewise,34,0,6,40
likey,8,27,16,51
likeyou,0,1,0,1
likez,0,9,0,9
likie,0,1,0,1
likin,0,1,1,2
liking,55,44,168,267
likings,1,0,3,4
likke,0,0,2,2
likkle,0,1,0,1
likn,0,4,0,4
likr,0,1,2,3
liks,1,3,0,4
likw,0,1,1,2
lil,184,307,387,878
lila,0,1,17,18
lilac,3,0,8,11
lilah,0,1,0,1
lilash,0,7,11,18
lilbit,0,0,5,5
lilduke,0,1,0,1
lile,0,7,11,18
lili,7,56,61,124
lilia,0,0,6,6
liliah,0,0,1,1
lilibet,0,0,1,1
lilike,0,1,0,1
lilikoi,0,0,1,1
lilili,0,6,1,7
lililiyabbay,0,0,1,1
lilin,0,0,4,4
lilishore,0,4,0,4
lilith,0,2,4,6
lilium,0,0,1,1
lilky,0,0,1,1
lill,1,1,0,2
lillahi,0,0,2,2
lillard,2,2,0,4
lillebaby,0,0,7,7
lillenshall,0,0,6,6
lilli,1,7,0,8
lillian,1,0,1,2
lillibet,0,1,1,2
lillie,0,0,7,7
lillinic,0,2,0,2
lilliput,0,0,3,3
lillis,1,2,3,6
lillith,0,0,3,3
lilly,58,155,198,411
lillybet,0,1,0,1
lillys,0,11,1,12
lillyyyyyy,0,1,0,1
lilmarih,0,2,0,2
lilo,8,15,10,33
lilr,0,0,1,1
lilsimsie,0,0,1,1
lilt,4,0,6,10
liltazzydawg,0,1,0,1
liltle,0,5,0,5
liluzivert,0,1,0,1
lilwayne,0,1,0,1
lily,86,135,745,966
lilya,0,0,1,1
lilys,1,4,2,7
lilyy,0,1,0,1
lilyyy,0,4,0,4
lilyyyy,0,1,0,1
lilyyyyyy,0,0,4,4
lilyyyyyyyyyyy,0,3,0,3
lim,1,3,0,4
lima,2,22,9,33
liman,0,1,1,2
limb,12,3,14,29
limbaugh,0,0,3,3
limbic,3,0,0,3
limbo,2,0,13,15
limbs,4,5,20,29
lime,15,15,50,80
limelight,10,0,23,33
limerence,0,2,0,2
limewire,1,0,0,1
limey,2,0,1,3
limeys,0,0,2,2
limeyyy,0,1,0,1
liminer,0,0,1,1
limit,31,16,123,170
limitado,0,0,1,1
limitated,1,0,0,1
limitation,0,5,7,12
limitations,6,1,37,44
limited,99,0,162,261
limiter,2,1,8,11
limiters,2,1,2,5
limites,0,1,0,1
limiting,9,0,40,49
limitless,8,2,6,16
limits,5,9,66,80
limme,0,1,0,1
limo,1,6,12,19
limonade,0,6,0,6
limos,0,0,4,4
limousine,0,0,6,6
limp,24,0,4,28
limpbizkit,0,1,0,1
limpet,0,2,0,2
limpiamente,0,4,0,4
limpiar,0,1,0,1
limpias,0,1,0,1
limping,0,0,2,2
limpio,0,3,0,3
lin,12,98,129,239
lina,0,0,2,2
linage,1,0,0,1
linclon,0,1,0,1
lincoln,11,18,21,50
lincolnheimer,1,0,0,1
lind,0,6,0,6
linda,3,128,43,174
lindaaa,0,3,0,3
lindaaaa,0,3,0,3
lindaaaaaa,0,1,0,1
lindaaaaaaaa,0,4,0,4
lindaaas,0,1,0,1
lindas,0,7,0,7
lindberg,0,1,0,1
lindbergh,0,1,0,1
lindelof,1,0,0,1
linder,0,1,0,1
lindinha,0,1,0,1
lindo,3,70,10,83
lindona,0,1,0,1
lindoo,0,1,0,1
lindooo,0,1,0,1
lindoooooooo,0,1,0,1
lindooooooooooooooo,0,1,0,1
lindor,3,0,0,3
lindos,0,25,5,30
linds,0,0,1,1
lindsay,4,12,14,30
lindsey,5,56,187,248
lindseys,1,0,3,4
lindseyy,0,1,0,1
lindseyyy,0,2,0,2
lindsy,0,0,6,6
linduu,0,2,0,2
lindx,0,1,0,1
lindy,17,12,54,83
line,439,342,1500,2281
linea,0,5,0,5
lineage,3,0,2,5
linear,5,4,29,38
linearly,0,0,1,1
lineas,0,1,0,1
linebacker,0,1,0,1
lined,15,3,30,48
lineeeeee,0,3,0,3
lineinthesand,1,0,0,1
lineker,0,14,1,15
lineman,0,0,2,2
linemen,0,0,1,1
linen,0,0,2,2
liner,34,46,156,236
linerider,0,0,3,3
liners,11,9,30,50
lines,125,61,378,564
linesman,0,13,2,15
lineup,6,15,41,62
lineups,0,0,1,1
ling,1,7,6,14
linga,0,1,0,1
lingard,2,7,7,16
linger,0,0,7,7
lingerie,3,9,11,23
lingering,0,0,2,2
lingers,4,0,1,5
linggo,0,0,1,1
lingo,3,1,8,12
lingonberries,0,0,2,2
lings,0,1,0,1
linguist,0,3,3,6
linguistic,0,0,1,1
linguistics,0,0,1,1
linh,0,5,0,5
liniage,4,0,0,4
lining,6,5,26,37
linings,0,0,4,4
link,220,551,858,1629
linke,0,0,1,1
linkear,1,0,0,1
linked,13,4,60,77
linken,0,0,2,2
linker,0,0,1,1
linki,0,114,0,114
linkim,0,0,1,1
linkin,24,36,141,201
linking,2,7,25,34
linkini,0,3,0,3
linkinpark,0,1,0,1
linkinparkfamily,0,1,0,1
linkinparkforever,0,0,1,1
linkk,0,1,0,1
linknya,0,2,0,2
links,42,45,120,207
linkster,0,2,0,2
linkuuuh,0,1,0,1
linmanuelmirandaforpresident,0,1,0,1
linn,0,0,4,4
linnea,1,0,0,1
linnear,0,0,4,4
linner,0,2,0,2
linnnnnnnkkkkkkk,1,0,0,1
linnnnnnnnn,0,1,0,1
linny,0,1,0,1
lino,5,0,0,5
lins,1,0,1,2
linsey,0,0,3,3
lint,3,1,6,10
linus,7,15,14,36
linustechtips,0,3,0,3
linux,8,36,47,91
linx,0,0,2,2
liny,0,1,0,1
linz,0,1,7,8
linzors,0,1,0,1
lio,0,11,0,11
lioabir,0,0,3,3
lioe,0,0,2,2
liom,0,1,0,1
lion,10,30,25,65
lione,0,1,0,1
lionel,1,16,3,20
lionelllllll,0,4,0,4
lioness,0,9,8,17
lionessbeteende,0,1,0,1
lionesses,0,0,12,12
lions,5,8,10,23
lionsgate,0,1,0,1
lionsong,0,0,1,1
liota,0,0,1,1
liotta,0,2,0,2
lip,118,270,855,1243
lipa,5,62,38,105
lipad,2,0,0,2
liparrix,0,1,0,1
lipcolor,0,0,3,3
lipcolour,0,0,2,2
lipgloss,11,15,35,61
lipids,0,0,1,1
lipinjections,0,1,0,1
lipkit,0,0,1,1
lipliner,0,0,9,9
lipo,0,1,0,1
liposomal,0,0,4,4
liposuction,0,1,0,1
lipp,4,0,1,5
lipped,2,0,0,2
lippie,5,9,19,33
lippies,1,0,17,18
lippincot,0,0,2,2
lippy,1,4,7,12
lips,151,202,542,895
lipscombe,0,1,0,1
lipsense,0,2,11,13
lipsexxxy,0,0,1,1
lipsink,0,0,1,1
lipsmackers,0,1,3,4
lipstic,0,1,0,1
lipstick,89,271,550,910
lipsticks,14,39,171,224
lipsyn,0,0,3,3
lipsync,2,2,2,6
lipsynced,1,0,0,1
lipsynch,0,0,1,1
lipsyncing,0,2,1,3
lipsyncs,0,0,5,5
lipton,0,3,0,3
liptstick,0,0,2,2
liqour,1,0,0,1
liquefy,1,0,1,2
liquid,33,85,213,331
liquidate,0,0,1,1
liquidated,0,0,1,1
liquide,0,1,1,2
liquidity,0,0,4,4
liquids,4,0,5,9
liquidy,1,0,12,13
liquified,0,0,1,1
liquor,11,9,21,41
liquorice,0,0,16,16
liquorish,0,0,1,1
liquors,0,0,5,5
lire,0,4,0,4
lirick,0,1,0,1
lirik,0,1,1,2
liriknya,0,0,2,2
liro,0,3,0,3
liron,0,0,1,1
liryc,0,0,2,2
lirycs,0,0,1,1
lis,0,3,0,3
lisa,20,69,263,352
lisadues,0,0,2,2
lisboa,0,4,0,4
lisbon,4,0,8,12
lisbug,0,1,0,1
liscense,2,0,0,2
lise,0,1,0,1
liseliler,0,1,0,1
lisen,5,0,3,8
lisenced,0,1,0,1
lisette,1,0,0,1
lish,0,0,1,1
lisha,1,0,0,1
lishence,0,0,1,1
liso,0,4,0,4
lisol,0,3,0,3
lisp,4,6,5,15
lisping,5,0,0,5
lisps,0,1,0,1
lisptick,0,0,4,4
lispy,0,6,0,6
lispyjimmy,3,0,0,3
lissajouls,0,3,0,3
lissajous,5,3,12,20
lissen,0,0,4,4
lisser,0,3,0,3
lisseur,0,5,0,5
lissie,0,0,8,8
lissstttteeennnnn,1,0,0,1
list,185,293,856,1334
lista,0,2,1,3
listarefun,0,14,1,15
listas,0,0,1,1
liste,0,2,0,2
listed,27,14,34,75
listen,550,524,1822,2896
listenable,1,1,0,2
listened,52,61,385,498
listener,3,4,75,82
listeners,5,4,8,17
listenin,3,3,0,6
listening,215,319,1028,1562
listenng,1,0,0,1
listenning,0,1,3,4
listennn,0,1,0,1
listennnn,2,0,0,2
listens,29,15,44,88
listent,0,0,1,1
listenwithoutprejudice,0,0,3,3
listern,0,0,1,1
listers,1,2,6,9
listesi,0,0,1,1
listick,0,0,4,4
listiening,0,1,0,1
listing,4,12,24,40
listings,0,0,1,1
listining,1,0,1,2
listn,0,0,2,2
listnd,1,0,0,1
listned,0,0,1,1
listner,0,2,0,2
listo,0,2,0,2
liston,0,9,0,9
lists,7,7,58,72
listsareawesome,0,1,0,1
listsarefun,0,50,5,55
listsarefunhaha,0,0,1,1
listsarefuuuuuuuunnnn,0,1,0,1
listsarehot,0,1,0,1
listsr,0,0,1,1
listy,0,3,0,3
lit,165,531,265,961
lita,0,2,1,3
litaemin,0,1,0,1
litany,0,0,3,3
litarally,0,2,0,2
litcoin,0,1,0,1
lite,8,18,19,45
litecoin,0,0,2,2
liteeerrallly,0,6,0,6
liteing,1,0,0,1
liten,0,0,6,6
liter,6,10,0,16
literacy,0,0,1,1
literal,28,28,70,126
literalgoals,0,1,0,1
literallllly,0,0,1,1
literallly,1,0,0,1
literally,843,979,2149,3971
literallyy,0,4,0,4
literallyyy,2,0,0,2
literalmente,0,1,0,1
literalness,3,0,0,3
literals,0,0,1,1
literaly,3,3,3,9
literary,9,0,32,41
literate,0,0,6,6
literately,1,0,0,1
literature,3,18,80,101
litereally,4,0,0,4
literlary,0,0,1,1
literllay,0,0,1,1
literly,0,2,2,4
literrally,3,0,0,3
literraly,0,2,0,2
liters,1,0,1,2
lites,0,0,2,2
lithe,0,0,16,16
lithgow,0,2,1,3
lithium,1,2,15,18
lithuania,0,1,1,2
lithuanian,0,3,5,8
lithuanians,0,0,4,4
litigation,0,0,1,1
lititz,0,0,1,1
litl,0,2,0,2
litle,0,4,5,9
litlle,0,0,7,7
litmus,0,0,4,4
litonerflat,0,2,0,2
litrally,0,1,7,8
litre,2,0,2,4
litreally,0,4,0,4
litres,2,12,0,14
litrially,0,0,2,2
litrly,1,0,0,1
litro,0,0,2,2
lits,0,1,0,1
litsen,0,0,3,3
litsening,0,0,1,1
litt,2,16,14,32
littary,0,0,1,1
litte,0,1,1,2
littealy,2,0,0,2
littel,1,2,4,7
litter,9,23,45,77
litteral,0,0,1,1
litterally,10,10,20,40
litteraly,1,3,18,22
litterbox,0,0,12,12
littered,6,0,0,6
littering,1,0,0,1
litterly,0,6,6,12
litterlyed,3,0,0,3
littest,0,1,0,1
littie,0,4,3,7
littiest,4,0,0,4
littile,0,2,2,4
littl,0,2,1,3
little,3490,4,5404,8898
littlebit,0,0,2,2
littleee,0,0,1,1
littlefinger,7,5,3,15
littlegirl,0,2,0,2
littlemix,0,0,2,2
littlemixers,0,0,1,1
littleping,0,0,3,3
littler,0,0,6,6
littleral,0,2,0,2
littles,0,1,5,6
littleshyfim,1,0,0,1
littlest,0,3,1,4
littlestrong,0,0,3,3
littlesurprises,0,1,0,1
littleza,1,0,0,1
littlw,0,1,0,1
litto,1,0,0,1
littt,0,13,6,19
litttle,0,0,1,1
litttt,1,6,2,9
littttt,0,13,0,13
litttttaffffffff,0,1,0,1
litttttt,0,2,4,6
littttttt,0,1,0,1
littttttttt,0,2,1,3
littttttttttt,1,0,0,1
litttttttttttt,0,1,0,1
littttttttttttt,0,0,1,1
litttttttttttttttttttt,0,1,0,1
litttttttttttttttttttttt,0,1,0,1
litttyyy,0,1,0,1
litty,7,12,8,27
littyy,0,1,0,1
littyytttttyyyyyyy,0,1,0,1
littyyyyyyy,0,1,0,1
lituation,0,0,3,3
liturally,0,0,3,3
litwrally,0,0,5,5
liu,0,11,6,17
liv,8,7,11,26
livable,0,0,1,1
livce,0,0,1,1
live,1079,0,5656,6735
liveable,0,0,1,1
lived,118,80,369,567
livee,0,0,1,1
liveee,0,1,0,1
liveeee,0,0,3,3
liveeeeeeeeee,0,0,1,1
liveforerer,0,1,0,1
liveforever,0,0,1,1
liveleak,5,0,6,11
livelifebuttfirst,1,3,5,9
livelifebuttsfirst,0,5,0,5
livelihood,7,0,25,32
livelihoods,1,0,2,3
liveliness,0,0,3,3
livelongyungmazi,0,1,0,1
liveloungemonth,0,0,1,1
livelovelaugh,0,0,1,1
lively,0,0,45,45
liven,0,2,0,2
livening,0,0,3,3
liver,33,12,27,72
liverfool,1,0,0,1
liverjail,6,0,0,6
livermore,3,0,0,3
liverpoo,0,0,7,7
liverpook,0,5,0,5
liverpool,208,168,465,841
liverpoolfc,1,0,0,1
liverpoolforever,6,0,0,6
liverpools,0,3,1,4
livery,3,0,0,3
lives,395,183,891,1469
liveshow,0,0,4,4
livestock,3,0,7,10
livestream,16,28,21,65
livestreaming,0,1,2,3
livestreams,1,2,6,9
liveth,6,0,1,7
livewire,0,7,0,7
livex,0,0,1,1
livia,0,1,0,1
livid,2,0,3,5
liviiiiing,1,0,0,1
livin,9,4,6,19
livine,0,1,0,1
living,420,451,1206,2077
livingg,0,0,1,1
livinggg,0,1,0,1
livingggg,0,4,1,5
livinggggg,1,0,0,1
livingroom,0,5,6,11
livings,0,0,2,2
livingston,0,0,11,11
livinn,1,0,0,1
livvy,0,0,3,3
livwrmore,0,0,3,3
liwa,0,0,2,2
liwe,0,2,0,2
liwie,0,2,0,2
liwo,0,2,0,2
lix,7,1,4,12
lixi,0,1,0,1
lixo,0,3,1,4
liyeuumm,0,0,1,1
liyim,0,2,0,2
liz,1,3,6,10
liza,111,476,461,1048
lizaaa,0,1,2,3
lizaaaa,0,1,0,1
lizaaaaa,0,2,1,3
lizaaaaaaaaa,0,0,1,1
lizaaaas,0,2,0,2
lizakoshysnaps,0,0,1,1
lizard,11,34,18,63
lizards,5,6,7,18
lizas,3,4,5,12
lizcaio,0,3,0,3
lizza,12,24,33,69
lizzaa,0,1,1,2
lizzaaa,0,0,1,1
lizzaaaaaaa,0,0,1,1
lizzaaahdudbrus,0,1,0,1
lizzas,0,1,0,1
lizzie,2,6,20,28
lizzo,6,6,22,34
lizzolove,0,0,2,2
lizzy,0,0,9,9
lizzza,1,11,15,27
lizzzoooo,0,0,2,2
lizzzoooooooooo,0,2,0,2
lizzzzza,0,1,0,1
lizzzzzaaa,0,0,1,1
lizzzzzaaaaaaa,0,1,0,1
lizzzzzza,0,0,1,1
lizzzzzzaaaaaaaaaaaa,0,0,1,1
lizzzzzzyyyyyy,0,1,0,1
lizzzzzzzza,0,1,0,1
lizzzzzzzzzzaaaa,0,3,0,3
lizzzzzzzzzzzzzzzzzzzzzzzas,0,0,2,2
lj,0,0,3,3
ljer,0,1,0,1
ljn,16,20,26,62
ljt,0,1,0,1
ljywxta,0,0,3,3
lk,0,18,3,21
lke,1,0,2,3
lkemi,0,1,0,1
lkemin,0,1,0,1
lkeqjglkja,0,1,0,1
lkgj,0,1,0,1
lki,0,3,0,3
lkommen,0,1,0,1
ll,1577,1546,5416,8539
llaaammaaa,0,0,1,1
llabour,0,4,0,4
llakjssoslslsosoozzozozkzkozkzoxozlspzplzozozzlozlsoeos,0,2,0,2
llam,0,3,0,3
llama,12,62,18,92
llamada,0,1,0,1
llamadas,0,3,0,3
llamado,0,6,0,6
llaman,0,4,3,7
llamando,0,8,0,8
llamar,0,2,0,2
llamara,0,1,0,1
llamare,0,1,0,1
llamas,14,37,22,73
llame,0,2,0,2
llammas,0,0,1,1
llammmlbjajajajajajajajajja,0,1,0,1
llamo,0,12,0,12
llan,0,1,0,1
llaneeeeeroooo,0,1,0,1
llanfair,0,1,0,1
llanito,0,0,5,5
llano,0,1,0,1
llap,0,1,0,1
llasa,0,0,1,1
llbe,0,1,0,1
llbshit,0,1,0,1
llc,0,0,13,13
lle,0,4,10,14
lleast,1,0,0,1
lleben,0,1,0,1
llednck,0,0,1,1
llee,0,0,1,1
lleg,0,5,3,8
llega,4,20,3,27
llegaba,0,0,1,1
llegado,0,1,0,1
llegamos,0,5,0,5
llegan,0,7,3,10
llegando,0,7,0,7
llegar,6,23,1,30
llegara,0,2,0,2
llegaria,0,1,0,1
llegarles,0,1,0,1
llegaron,0,4,2,6
llegas,0,2,0,2
llego,0,4,3,7
llegu,0,7,0,7
llegue,0,26,0,26
llen,0,1,0,1
llena,1,3,0,4
llenandole,0,1,0,1
llenas,0,1,0,1
llene,2,0,0,2
llenguatge,0,3,0,3
lleno,0,13,5,18
ller,0,1,0,1
lleva,0,28,1,29
llevaba,0,3,1,4
llevado,0,0,5,5
llevalo,0,1,0,1
llevan,0,2,0,2
llevando,0,2,0,2
llevar,0,5,0,5
llevarme,0,1,0,1
llevaron,0,5,0,5
llevarte,0,5,1,6
llevas,4,2,0,6
lleven,0,5,0,5
llevo,0,10,6,16
lli,0,1,0,1
llibre,0,0,4,4
llif,0,0,1,1
llife,0,7,0,7
llig,0,4,0,4
llike,0,2,1,3
llim,0,1,0,1
llioustion,0,1,0,1
llistsarefun,0,1,0,1
lliterally,0,0,1,1
llitttt,0,1,0,1
llk,0,1,0,1
lll,0,3,24,27
llll,0,2,0,2
lllliiiiiikkkkkeeeeeeee,0,1,0,1
lllllll,0,4,0,4
lllllllaaaaaaaaaaaaaauuuuuuuuuuuuuurrrrrrrrreeeeeeeeeeeennnnnnnnnnnnn,0,1,0,1
lllllllll,0,1,0,1
llllllowah,0,1,0,1
llllloooovvveee,0,7,0,7
llllooooollllll,0,2,0,2
llllooooovvvvveeeeee,0,0,2,2
lllol,0,1,0,1
lllooovvveee,0,5,0,5
llmaoo,0,1,0,1
llo,0,1,0,1
lloid,0,0,1,1
lloking,0,0,1,1
llol,0,0,1,1
llollliiinnngg,0,1,0,1
lloooll,0,1,0,1
llor,0,13,0,13
llora,1,6,0,7
llorando,0,9,0,9
llorar,0,29,0,29
llore,0,5,0,5
llorente,0,7,0,7
lloro,0,10,1,11
llorones,0,1,0,1
llorrar,0,1,0,1
llove,0,0,1,1
lloviendo,0,1,0,1
lloyd,10,30,20,60
lloydd,0,1,0,1
lloyde,0,0,1,1
lloydi,0,1,0,1
lloyds,0,1,5,6
llr,0,2,6,8
lls,5,12,3,20
llsif,1,0,0,1
llt,0,2,0,2
llujah,0,1,0,1
llusions,0,0,2,2
lluvia,1,1,0,2
lm,0,1,5,6
lma,0,4,0,4
lmaaaaaaaaao,0,1,0,1
lmaaaao,0,0,3,3
lmaaaooo,0,0,1,1
lmaaooo,0,0,3,3
lmaaoooo,0,1,0,1
lmafao,0,1,0,1
lmafaooodoooo,0,0,1,1
lmafo,1,2,1,4
lmafooo,1,0,0,1
lmai,1,0,0,1
lmao,159,25,3111,3295
lmaob,0,1,0,1
lmaoo,27,45,39,111
lmaooo,22,56,35,113
lmaoooo,6,33,15,54
lmaooooo,6,29,5,40
lmaoooooo,16,11,6,33
lmaooooooo,0,9,0,9
lmaoooooooo,0,3,0,3
lmaooooooooo,4,2,2,8
lmaoooooooooo,0,1,0,1
lmaooooooooooo,0,2,0,2
lmaooooooooooooo,0,4,0,4
lmaooooooooooooooooo,0,2,0,2
lmaooooooooooooooooooooooooooooooooooooloooooooooooooooooooooooooo,0,2,0,2
lmaophsdf,1,0,0,1
lmap,1,0,0,1
lmas,0,1,0,1
lmbao,4,1,0,5
lmbo,1,7,13,21
lmboo,0,5,0,5
lmbooo,0,0,3,3
lmd,0,1,0,1
lmedi,0,1,0,1
lmedim,0,1,0,1
lmfaao,2,0,0,2
lmfao,124,217,207,548
lmfaoo,14,6,10,30
lmfaooo,8,17,16,41
lmfaoooo,6,8,8,22
lmfaooooo,0,10,2,12
lmfaoooooo,0,3,1,4
lmfaooooooo,0,7,8,15
lmfaoooooooooo,0,1,0,1
lmfaooooooooooo,0,2,0,2
lmfaoooooooooooo,0,2,0,2
lmfbo,0,0,1,1
lmg,1,3,2,6
lmi,0,2,0,2
lmk,3,2,4,9
lml,0,4,4,8
lmmfao,4,3,4,11
lmno,0,3,0,3
lmo,0,7,0,7
lms,0,0,8,8
ln,0,13,3,16
lne,0,5,0,5
lnew,0,1,0,1
lng,0,0,2,2
lnie,0,2,0,2
lniesta,0,1,0,1
lo,86,1023,174,1283
loa,2,1,9,12
loach,0,5,0,5
load,117,59,143,319
loaddds,0,1,0,1
loade,0,0,6,6
loaded,21,12,41,74
loader,0,4,1,5
loaders,3,0,1,4
loadin,1,0,0,1
loading,19,15,23,57
loadingscreens,0,1,0,1
loadout,0,2,0,2
loads,84,42,303,429
loadss,0,0,2,2
loaf,0,8,16,24
loafers,3,0,20,23
loafs,0,0,10,10
loan,30,12,54,96
loaner,0,0,1,1
loans,8,9,28,45
loast,0,0,6,6
loath,0,0,4,4
loathe,6,0,10,16
loathed,0,1,0,1
loathes,3,0,0,3
loathing,8,3,20,31
loats,0,0,3,3
loaud,0,0,1,1
lob,2,3,4,9
loba,0,1,0,1
lobbied,0,0,1,1
lobbies,0,0,1,1
lobby,11,6,38,55
lobbying,3,4,9,16
lobbyist,0,2,0,2
lobbyists,8,5,4,17
lobe,0,4,6,10
lobelia,0,0,1,1
lobes,0,1,0,1
lobo,2,4,0,6
lobotomized,2,0,0,2
lobotomizing,1,0,0,1
lobotomizzate,0,1,0,1
lobotomy,9,0,2,11
lobov,0,10,1,11
lobowski,0,1,0,1
lobsta,0,1,0,1
lobster,12,28,41,81
lobsters,4,1,4,9
loc,0,0,3,3
loca,1,7,0,8
locaaa,0,1,0,1
locaci,0,1,0,1
local,58,88,295,441
locale,0,0,1,1
locales,0,2,4,6
locality,5,1,5,11
localizaci,0,1,0,1
localized,5,0,0,5
localizing,0,1,0,1
locally,0,0,12,12
locals,4,1,23,28
locate,4,2,9,15
located,11,3,19,33
locating,0,0,4,4
location,29,54,112,195
locations,13,1,52,66
locator,0,0,1,1
locccccccco,0,1,0,1
loccitane,1,1,2,4
loce,0,1,0,1
loch,1,0,8,9
lochlain,1,0,0,1
lochness,0,1,0,1
locis,0,1,0,1
lock,53,47,107,207
lockdown,5,3,7,15
locked,52,41,82,175
locker,16,24,27,67
lockers,3,0,2,5
locket,0,4,4,8
lockhart,0,0,5,5
lockheed,1,15,3,19
locking,9,1,23,33
lockins,0,0,1,1
lockjaw,0,0,2,2
locks,12,15,26,53
lockscreen,0,0,1,1
lockup,2,0,0,2
lockwood,0,1,0,1
locky,0,2,0,2
loco,0,34,0,34
locomotives,1,0,0,1
locos,0,2,6,8
locs,0,5,0,5
locura,0,5,0,5
locust,2,0,1,3
lodak,0,2,0,2
lodal,0,4,0,4
lodan,0,1,0,1
lode,0,1,1,2
lodge,2,1,2,5
lodged,0,0,2,2
lodges,0,0,4,4
lodging,0,0,7,7
lodi,0,1,0,1
loed,0,1,0,1
loeded,0,1,0,1
loen,0,5,0,5
loette,0,0,5,5
loev,0,0,4,4
lofang,0,1,0,1
lofe,0,4,0,4
lofl,0,2,0,2
lofranco,0,1,1,2
lofree,0,1,2,3
loft,5,0,2,7
loftily,0,0,1,1
lofts,0,0,1,1
loftus,3,0,0,3
lofty,1,0,4,5
log,5,6,25,36
logab,0,1,0,1
logan,117,255,253,625
loganforlife,0,0,1,1
logang,9,46,19,74
logangang,0,1,0,1
loganger,0,0,1,1
logangrlife,0,1,0,1
logangs,0,0,1,1
logangster,0,9,2,11
logangsters,0,3,2,5
logannnnnnnnnn,0,1,0,1
loganpaul,0,0,1,1
logans,6,4,5,15
loganster,0,4,0,4
logarithmically,0,0,1,1
logaster,0,2,0,2
logen,0,0,1,1
logged,5,6,8,19
logger,0,4,0,4
logging,0,1,3,4
loggins,4,6,17,27
logi,0,1,2,3
logia,0,1,2,3
logic,99,108,127,334
logica,0,1,0,1
logical,22,1,98,121
logicalharmony,0,0,2,2
logically,8,0,18,26
logicisstrongwiththeseones,1,0,0,1
logics,2,0,3,5
login,0,1,5,6
logistical,0,0,2,2
logistically,0,0,1,1
logistics,0,0,3,3
logitec,0,1,2,3
logitech,3,27,74,104
logitic,0,0,1,1
logo,47,93,78,218
logoe,0,1,0,1
logon,0,1,0,1
logos,1,20,11,32
logout,0,0,1,1
logr,0,1,0,1
logrado,0,2,0,2
logramos,0,1,0,1
lograr,0,1,0,1
logren,0,1,0,1
logreo,0,4,0,4
logro,0,8,0,8
logs,0,6,2,8
loh,0,1,0,1
lohan,5,5,0,10
loid,0,1,0,1
loif,0,1,0,1
loiked,0,0,3,3
loilpops,0,1,0,1
loin,0,12,1,13
loins,1,0,6,7
loira,0,2,0,2
loire,0,4,0,4
loiri,0,0,1,1
loiro,0,7,0,7
lois,16,7,16,39
loise,0,7,1,8
loiter,1,0,0,1
loitering,0,2,0,2
loiza,0,1,0,1
lok,2,0,5,7
loka,0,4,0,4
lokahi,0,0,1,1
lokaxxx,0,3,0,3
loke,0,9,3,12
lokey,0,1,0,1
loki,0,7,10,17
lokk,0,1,0,1
lokking,0,5,1,6
loko,0,6,0,6
loks,0,6,0,6
lol,486,94,16128,16708
lola,7,1,15,23
lolashoetique,0,0,4,4
lole,0,1,0,1
loled,2,1,1,4
loli,0,7,7,14
loling,1,7,0,8
lolipops,0,0,1,1
lolis,0,2,0,2
lolita,2,3,23,28
loll,10,15,20,45
lollapalooza,0,5,2,7
lollapooza,0,1,0,1
lolled,0,0,6,6
lollie,0,0,6,6
lollies,0,6,8,14
lollifuckingpops,0,1,0,1
lolling,2,2,6,10
lollipop,2,17,17,36
lollipops,0,3,11,14
lolll,2,12,12,26
lollll,7,9,0,16
lolllll,0,3,12,15
lollllll,2,2,1,5
lolllllll,1,13,0,14
lollllllll,0,1,0,1
lolllllllllll,0,1,0,1
lolllllllllllll,0,1,0,1
lollllllllllllllllllllll,0,8,0,8
lollllllllllllllllllllllllllllllllllllllllllllllll,0,0,1,1
lollol,0,0,6,6
lolly,2,8,13,23
lollys,0,0,6,6
lolo,0,9,0,9
lolol,0,2,99,101
lolollll,6,0,0,6
lololllllllllllll,0,0,3,3
lolollolllool,0,1,0,1
lololo,0,0,2,2
lololol,19,17,43,79
lolololo,0,3,0,3
lolololol,5,12,15,32
lololololo,0,0,1,1
lololololol,0,2,0,2
lolololololo,0,2,0,2
lolololololol,1,6,2,9
lololololololol,0,1,0,1
lolololololololol,0,1,0,1
lolololololololololololololol,0,0,1,1
lololololololololololololololkollokkllilliklillollolooloolloolooloollolooklkiolloolol,0,2,0,2
lolololololololololololololololololololol,0,1,0,1
lolololololololololololololololololololololololololololololololololololololololololololol,0,1,0,1
lololololoved,0,1,0,1
lololoollll,0,0,1,1
lololoollo,0,1,0,1
lololzzz,0,1,0,1
loloolllll,0,2,0,2
loloudly,0,0,3,3
lols,3,6,21,30
lolses,0,1,0,1
lolsss,0,0,1,1
lolstop,0,1,0,1
lolwut,0,3,1,4
loly,6,0,0,6
lolz,6,17,29,52
lolzz,0,1,2,3
lolzzz,1,0,0,1
lom,0,0,7,7
lomachenko,0,0,1,1
loman,1,0,0,1
lombard,0,5,1,6
lombardi,0,6,0,6
lombardo,0,1,0,1
lombriz,0,0,1,1
lomitos,0,1,0,1
loml,0,2,0,2
lomow,0,0,1,1
lompa,1,0,0,1
lon,0,1,0,1
lona,0,1,0,1
lonca,0,6,0,6
lond,0,0,2,2
london,259,316,819,1394
londondistan,0,6,0,6
londoner,2,0,12,14
londoners,5,6,17,28
londonhasfallen,0,4,0,4
londonistan,2,0,7,9
londons,0,4,0,4
lone,17,8,47,72
lonelier,0,0,5,5
loneliest,0,0,7,7
loneliness,16,3,24,43
lonelly,0,1,0,1
lonely,253,0,194,447
lonelyisland,0,1,0,1
loner,4,1,14,19
lones,0,0,1,1
lonewolf,5,0,3,8
lonf,0,0,6,6
long,2377,10,3871,6258
longa,0,2,0,2
longan,0,1,0,1
longass,0,0,1,1
longated,0,0,8,8
longboard,1,12,4,17
longboarding,1,0,2,3
longbow,0,0,2,2
longchamp,0,2,0,2
longchamps,0,1,0,1
longed,2,0,6,8
longer,249,270,751,1270
longest,27,39,65,131
longeurs,0,2,0,2
longevity,8,0,18,26
longfinger,0,1,0,1
longform,0,0,1,1
longg,0,0,1,1
longggg,0,0,6,6
longgggggg,0,0,1,1
longggggggg,1,0,0,1
longing,1,4,10,15
longitude,0,1,0,1
longitudinal,0,0,2,2
longjew,0,3,0,3
longlast,0,1,0,1
longlasting,0,0,1,1
longleat,0,4,0,4
longlist,0,0,6,6
longlive,0,2,0,2
longliveasapyams,0,0,1,1
longlivesteelo,0,1,0,1
longness,0,7,0,7
longoverdue,0,0,1,1
longplay,0,0,1,1
longs,0,0,1,1
longshanks,4,0,0,4
longshot,0,1,2,3
longsleeve,0,0,3,3
longstanding,0,0,6,6
longtemps,0,2,3,5
longterm,0,0,1,1
longtermsubscriber,0,0,2,2
longtime,5,0,24,29
longtimesubbie,0,0,2,2
longue,2,0,0,2
longway,0,0,2,2
longwear,0,1,0,1
longyearbean,0,2,0,2
longyearben,0,3,0,3
longyearbyen,0,0,13,13
longzhou,0,3,0,3
longzhu,0,3,0,3
loni,7,23,34,64
lonis,0,1,14,15
lonley,0,1,7,8
lonliness,1,0,1,2
lonnggggggg,0,0,2,2
lonnie,0,4,4,8
lonnnnnngggggg,0,0,1,1
lonsdale,0,5,3,8
lony,0,0,8,8
lonzo,40,51,68,159
lonzos,0,0,1,1
loo,1,9,12,22
loob,0,1,1,2
looc,0,4,0,4
lood,0,1,0,1
loofah,0,0,3,3
looing,0,1,0,1
look,2967,3445,14443,20855
looka,0,0,4,4
lookalike,6,2,0,8
lookalikes,0,0,1,1
lookbook,3,22,58,83
lookbooks,0,1,21,22
lookd,0,2,0,2
looke,1,0,0,1
looked,554,408,2117,3079
looker,0,1,1,2
lookes,0,0,1,1
lookimg,0,0,1,1
lookin,33,89,127,249
looking,904,790,3405,5099
lookingforlewys,0,1,0,1
lookingfornames,0,0,1,1
lookism,0,6,0,6
lookk,0,0,1,1
lookkk,0,0,3,3
looklikeiwasleftoffthebag,0,1,0,1
looks,2380,3243,10736,16359
looksawesome,0,1,0,1
lookslike,0,0,2,2
lookup,1,0,0,1
lool,7,26,54,87
looll,0,1,0,1
loolll,0,2,0,2
loollliiing,0,1,0,1
loollll,0,0,1,1
loollllllll,0,3,0,3
lools,0,1,0,1
looly,0,0,1,1
loom,2,0,3,5
looming,6,0,1,7
loomis,1,0,1,2
loompa,0,9,0,9
loompas,0,0,1,1
looms,0,1,0,1
loon,6,10,0,16
loona,1,0,0,1
looney,10,5,9,24
looneygasm,0,1,0,1
loong,0,0,2,2
loonies,3,0,0,3
loons,7,0,0,7
loony,8,8,0,16
loooiooooooks,0,1,0,1
loook,4,1,0,5
loookalike,0,1,0,1
loooking,1,0,0,1
loooks,4,1,2,7
loooksd,0,0,3,3
loool,8,32,31,71
looollll,2,0,0,2
looong,7,3,1,11
looook,0,2,0,2
looookkkk,0,1,0,1
looool,16,16,22,54
loooolll,0,1,0,1
loooollllll,0,1,0,1
loooong,2,2,21,25
loooook,0,3,0,3
loooooks,0,1,0,1
loooool,6,20,5,31
looooollll,0,1,0,1
looooong,0,2,1,3
looooonnnnnggg,0,0,1,1
looooonnnnnnnnnnggggggggggggg,0,1,0,1
looooook,0,2,0,2
looooookkk,2,0,0,2
looooool,3,13,2,18
loooooolll,0,1,0,1
loooooong,0,3,0,3
loooooook,0,0,1,1
loooooool,0,5,0,5
looooooolllll,0,4,0,4
looooooong,1,0,2,3
looooooool,0,6,3,9
loooooooolll,0,1,0,1
looooooooong,0,1,0,1
looooooooool,0,0,1,1
loooooooooolllllllll,0,5,0,5
loooooooooool,5,2,0,7
looooooooooool,0,2,0,2
loooooooooooool,0,0,1,1
looooooooooooollllll,0,1,0,1
loooooooooooooooool,1,0,0,1
looooooooooooooooong,0,0,1,1
looooooooooooooooool,0,5,0,5
looooooooooooooooooolll,3,0,0,3
looooooooooooooooooooooooooooooooooooooooool,0,1,0,1
looooooooooooooooooooooooooooooooooooooooooooooooooooooool,0,0,4,4
looooooooooooooooooooooooooooooooove,0,1,0,1
loooooooooooooooooooooooooooooooves,0,1,0,1
looooooooooooooooooooooooooooove,0,3,0,3
loooooooooooooooooooooove,0,7,0,7
looooooooooooooove,0,0,3,3
loooooooooooooove,0,1,0,1
looooooooooooooveee,0,3,0,3
loooooooooooove,0,0,2,2
looooooooooooved,0,2,0,2
looooooooooove,0,2,2,4
loooooooooove,1,0,0,1
loooooooooovvvvvvvvveeee,0,4,0,4
looooooooove,5,6,0,11
loooooooooveeeeeee,0,2,0,2
loooooooove,1,6,9,16
looooooooved,0,5,0,5
loooooooovvvveeee,0,1,0,1
loooooooovvvvvvvvvvvvvvvvvvveeeeeeeeeeeeeeeeeeeeee,0,1,0,1
looooooove,4,21,6,31
loooooooved,0,0,10,10
loooooooveee,0,1,0,1
loooooooveeeeee,0,1,0,1
loooooove,6,29,30,65
looooooved,0,4,0,4
looooooveeeeeee,0,5,0,5
looooooves,2,0,0,2
loooooovveeeeeee,0,1,0,1
loooooovvve,0,1,0,1
loooooovvvvveeee,0,5,0,5
looooot,0,0,2,2
looooove,8,38,51,97
loooooved,0,1,8,9
looooovee,0,1,0,1
loooooveee,2,2,0,4
loooooveeeee,0,3,0,3
loooooving,0,0,2,2
looooovvveee,0,1,0,1
looooovvveeee,0,1,1,2
looooovvvveee,1,1,7,9
looooovvvvveeeee,0,0,1,1
loooot,0,0,15,15
loooottt,0,1,0,1
loooove,7,74,81,162
looooved,0,10,9,19
loooovee,0,4,2,6
looooveee,0,1,0,1
looooveeee,0,3,1,4
looooveeeeee,0,8,0,8
looooveeeeeee,0,1,0,1
looooveeeeeeeeee,0,1,0,1
looooveeeesssss,0,0,1,1
loooovely,0,6,0,6
looooves,3,0,0,3
looooving,0,2,0,2
loooovveee,0,1,0,1
loooovveeeeee,1,0,0,1
loooovvveeee,1,0,0,1
loooovvvve,0,1,0,1
loooovvvvee,0,1,0,1
loooovvvvveeee,0,0,2,2
loooovvvvvvvvveee,0,1,0,1
looot,4,0,4,8
looove,15,34,102,151
loooved,3,12,14,29
looovee,0,1,2,3
loooveee,0,5,2,7
loooves,0,0,1,1
looovvee,2,0,1,3
looovveee,0,5,0,5
looovvveee,0,0,2,2
looovvveeee,0,0,1,1
looovvvveeedd,0,1,0,1
looovvvveeedddddd,0,1,0,1
looovvvveeee,0,0,1,1
looovvvvvveeeee,0,0,1,1
loop,38,61,125,224
looped,1,1,5,7
looper,9,0,3,12
loopers,0,0,1,1
loophole,8,0,24,32
loopholes,1,0,5,6
looping,2,2,3,7
loops,1,0,16,17
loopy,0,0,13,13
looq,1,0,0,1
loos,0,1,1,2
loose,165,0,203,368
loosechange,0,1,0,1
loosefest,3,0,0,3
loosely,4,0,7,11
loosen,2,3,24,29
loosened,2,0,1,3
loosening,0,1,0,1
loosens,0,0,7,7
looser,3,8,13,24
looserpool,0,5,7,12
loosers,1,0,0,1
looses,9,6,37,52
loosest,0,0,2,2
loosing,19,19,33,71
loosly,0,0,8,8
loot,103,31,100,234
lootbox,2,4,2,8
lootboxes,13,3,10,26
lootcrates,1,0,1,2
looters,12,9,2,23
looting,11,10,14,35
loots,0,2,0,2
loove,3,19,30,52
looved,0,0,15,15
loovee,0,1,0,1
looveee,0,2,1,3
looveeee,2,0,0,2
looveeeeee,0,0,3,3
loovooooed,3,0,0,3
loovvee,0,4,0,4
loovvees,0,0,1,1
loovvving,0,5,0,5
lop,3,0,3,6
lope,0,6,0,6
lopetegui,0,3,0,3
lopez,5,30,48,83
lopeze,0,2,0,2
lopped,0,0,1,1
lopsided,3,1,2,6
lopt,0,1,0,1
loptop,0,2,0,2
loq,0,0,2,2
loqueando,0,1,0,1
loquendo,0,2,0,2
loquita,0,1,0,1
lor,0,2,0,2
lorac,1,2,0,3
loral,0,0,6,6
loras,0,0,1,1
lorax,6,1,2,9
lorca,3,0,0,3
lord,383,267,568,1218
lordddd,1,0,3,4
lordddddd,0,1,1,2
lorde,8,10,19,37
lordeeeeeee,0,1,0,1
lordie,3,0,0,3
lordiy,0,1,0,1
lordline,0,0,2,2
lords,7,5,3,15
lordt,1,3,4,8
lordy,8,1,10,19
lore,28,20,42,90
loreal,4,11,17,32
loreals,0,0,3,3
loreau,0,0,2,2
lorediy,0,1,0,1
lorelai,0,4,0,4
lorelei,1,0,4,5
loren,1,2,3,6
lorentz,2,0,0,2
lorenzo,1,0,9,10
loreto,4,0,0,4
loretta,2,0,0,2
lori,0,1,2,3
lorin,0,1,0,1
loris,3,0,0,3
lorna,0,0,1,1
lorne,0,5,0,5
loro,0,5,0,5
lorraine,6,6,10,22
lorrenmicheals,1,0,0,1
lorries,0,0,6,6
lorry,0,3,0,3
lors,2,0,0,2
lorsqu,0,4,1,5
lorsque,0,5,0,5
los,78,1343,187,1608
losaaaa,0,4,0,4
losangeles,0,0,2,2
losbuenossomosmas,0,1,0,1
lose,398,223,786,1407
losed,1,0,0,1
losees,0,1,0,1
loseingshit,1,0,0,1
losen,0,0,4,4
loser,95,73,69,237
loserpewl,0,5,0,5
loserpool,0,4,9,13
loserpools,1,0,0,1
losers,130,3,53,186
loses,118,0,78,196
losin,0,1,5,6
losing,185,84,413,682
loss,186,70,359,615
losser,1,0,0,1
losses,16,3,36,55
lossles,0,0,4,4
lossless,1,3,42,46
lossy,4,0,16,20
lost,767,644,1772,3183
losthope,0,0,6,6
lot,1456,877,5210,7543
lotd,0,2,0,2
lote,4,0,0,4
loter,0,3,0,3
lothbrook,0,0,1,1
lotion,9,19,36,64
lotions,0,1,5,6
loto,0,0,1,1
lotr,5,6,8,19
lotrs,0,0,1,1
lots,189,122,1064,1375
lotsa,0,0,6,6
lotsandlots,0,0,2,2
lotta,4,2,28,34
lotte,0,0,3,3
lottery,9,5,17,31
lottie,7,0,11,18
lottle,0,0,1,1
lottmeor,1,2,0,3
lotto,1,5,13,19
lottttttttt,0,1,0,1
lotus,1,7,14,22
lou,9,22,82,113
louboutin,0,0,3,3
loubs,16,0,0,16
louca,0,3,0,3
loucura,0,1,0,1
loucx,0,1,0,1
loud,118,3,589,710
loude,0,1,0,1
louder,11,16,37,64
loudest,1,4,6,11
loudly,0,2,26,28
loudmouth,8,2,0,10
loudmouthed,0,0,1,1
loudness,2,0,5,7
loudnessconvention,0,0,3,3
loudspeaker,0,0,2,2
loudspeakers,0,0,10,10
loufe,0,2,0,2
loughner,0,0,1,1
loui,1,0,2,3
louie,7,21,36,64
louiiiiis,0,0,4,4
louinardo,0,0,5,5
louis,69,130,259,458
louisa,2,0,3,5
louisana,0,0,8,8
louise,71,197,671,939
louisee,0,0,2,2
louises,7,0,1,8
louisiana,9,7,19,35
louisville,2,0,0,2
louisvillegang,0,1,0,1
loulou,1,0,3,4
louloubean,0,0,4,4
lounch,0,0,1,1
lound,0,1,0,1
lounge,7,7,35,49
lounger,0,0,4,4
lounges,2,0,1,3
lounging,0,0,3,3
lour,0,3,0,3
lourd,0,3,0,3
louren,0,2,0,2
lous,0,1,6,7
lousana,0,4,0,4
lousiana,0,0,1,1
lousie,0,0,2,2
lousis,0,0,1,1
lousy,12,3,4,19
louter,1,0,0,1
louthan,8,0,0,8
louuuud,0,3,0,3
louvre,1,0,12,13
lov,4,18,20,42
lovable,5,0,49,54
lovably,1,0,0,1
lovat,0,7,2,9
lovatic,0,5,14,19
lovaticforever,0,0,1,1
lovatics,0,1,11,12
lovato,9,52,69,130
lovcraftian,0,0,1,1
love,2175,461,73581,76217
loveable,3,3,17,23
loveandhiphop,0,2,0,2
lovearmylasvegas,0,4,0,4
lovebird,0,1,0,1
lovechild,0,7,6,13
lovecraft,0,2,3,5
lovecraftian,1,1,0,2
lovecyou,0,1,0,1
loved,185,2,7224,7411
loveddd,3,1,3,7
lovedddd,0,0,6,6
loveddddd,0,1,0,1
lovee,1,37,13,51
loveed,2,0,6,8
loveedd,0,0,6,6
loveee,6,96,57,159
loveeed,1,1,1,3
loveeee,12,71,75,158
loveeeed,0,4,3,7
loveeeee,2,37,31,70
loveeeeed,0,3,7,10
loveeeeee,0,21,21,42
loveeeeeee,0,4,6,10
loveeeeeeee,2,5,5,12
loveeeeeeeee,0,10,9,19
loveeeeeeeeed,0,1,0,1
loveeeeeeeeee,0,5,0,5
loveeeeeeeeeed,0,3,0,3
loveeeeeeeeeee,0,4,0,4
loveeeeeeeeeeee,0,5,0,5
loveeeeeeeeeeeeeeee,0,4,0,4
loveeeeeeeeeeeeeeeeeee,0,1,0,1
loveeeeeeeeeeeeeeeeeeeeeeee,0,0,1,1
loveeeeeeeeeeeeeeeeeeeeeeeeee,0,4,0,4
loveeeeeeeeeeeeeeeeeeeeeeeeeeeeeeeeee,0,7,0,7
loveeeeeeeeeeeeeeeeeeeeeeeeeeeeeeeeeeeeeee,0,1,0,1
loveeeeew,0,2,0,2
loveeesss,0,0,2,2
loveer,0,4,0,4
loveers,1,0,0,1
lovees,0,0,1,1
loveessss,0,1,0,1
lovefilm,0,5,0,5
lovefromindia,0,0,1,1
lovegood,0,3,1,4
loveheals,1,0,0,1
lovehealthandfitness,0,0,2,2
loveholo,0,0,1,1
loveing,0,13,2,15
loveislove,1,0,0,1
loveism,0,4,0,4
loveit,7,7,9,23
lovekardashiansjenner,1,0,0,1
lovel,0,0,1,1
lovelace,2,0,0,2
loveley,0,0,4,4
lovelier,0,0,2,2
lovelies,0,0,9,9
loveliest,0,3,20,23
lovelife,1,0,0,1
loveliness,0,2,0,2
lovelots,0,0,2,2
lovelovelove,0,0,5,5
lovelovelovelovelovelove,0,2,0,2
lovelt,0,0,4,4
lovely,40,10,3028,3078
lovelys,0,0,2,2
lovelyti,0,0,1,1
lovelyyyy,0,1,0,1
lovelyz,0,1,0,1
lovemaking,0,2,0,2
loven,0,0,2,2
loveniall,0,1,0,1
loveone,0,1,0,1
loveoneself,0,0,2,2
lover,19,70,169,258
loverley,0,1,0,1
lovern,0,0,6,6
loverpool,0,0,1,1
lovers,50,76,133,259
loves,183,336,1044,1563
lovesick,0,0,3,3
lovesosoft,0,0,1,1
lovesoundsbeautifulonyoubabe,0,0,1,1
lovess,0,1,0,1
lovesss,0,1,0,1
lovessss,0,0,1,1
lovestoned,0,0,3,3
lovestory,0,0,2,2
lovet,0,4,1,5
lovetaylor,0,1,0,1
loveteam,0,1,0,1
loveth,0,0,16,16
lovethisempoweringsong,0,1,0,1
lovethissong,0,1,5,6
lovetouzani,0,1,0,1
lovett,0,1,2,3
lovettes,0,1,0,1
loveu,0,0,2,2
loveuuuuu,0,3,0,3
loveveeeeee,0,1,0,1
lovevthisvnhrynbrgefef,0,1,0,1
lovey,0,1,13,14
loveyou,0,17,10,27
loveyoubts,0,1,0,1
loveyourself,0,0,1,1
loveyouuu,0,0,1,1
lovie,0,0,3,3
lovies,0,1,0,1
lovin,6,31,24,61
loving,60,3,2018,2081
lovinggg,0,2,1,3
lovingggg,0,4,0,4
lovingit,0,1,0,1
lovingkindness,0,0,3,3
lovingly,5,0,13,18
lovinit,0,2,0,2
lovinngggg,0,0,3,3
lovinnnnng,0,4,0,4
lovit,0,1,1,2
lovley,1,0,9,10
lovlots,0,0,1,1
lovr,0,1,1,2
lovren,19,15,48,82
lovsangare,0,1,0,1
lovvee,0,1,0,1
lovveee,0,5,0,5
lovveeee,0,1,0,1
lovvveee,0,0,4,4
lovvveeee,0,5,4,9
lovvveeeeee,0,1,0,1
lovvvve,1,1,2,4
lovvvvee,0,4,0,4
lovvvveeee,0,1,3,4
lovvvveeeee,0,2,6,8
lovvvvvveeeeeee,0,1,0,1
lovvvvvving,0,6,0,6
lovvvvvvveeeeeeeeee,0,3,0,3
lovw,0,0,5,5
low,296,254,776,1326
lowa,0,2,0,2
lowc,0,3,0,3
lowcarb,0,0,2,2
lowchain,1,0,0,1
lowderwithcrowder,0,1,0,1
lowe,3,3,5,11
lowell,13,11,49,73
lowen,0,0,3,3
lowenthal,0,0,2,2
lower,93,52,339,484
lowercase,1,0,0,1
lowerclassman,0,0,1,1
lowerd,0,0,1,1
lowered,1,6,19,26
lowering,10,3,20,33
lowerlower,1,0,0,1
lowers,5,1,4,10
lowest,19,26,59,104
lowing,0,0,1,1
lowkey,19,78,104,201
lowkeylove,0,0,6,6
lowkii,0,1,0,1
lowkwy,0,1,0,1
lowlife,4,1,5,10
lowlifes,1,0,0,1
lowlight,0,1,0,1
lowlights,4,0,0,4
lowly,3,0,9,12
lowrider,0,0,1,1
lowry,2,2,1,5
lows,15,0,22,37
lowtrap,0,0,1,1
lox,0,0,4,4
loy,3,2,0,5
loyaal,0,0,1,1
loyal,10,0,128,138
loyalists,0,0,1,1
loyalties,0,0,7,7
loyalty,2,5,25,32
loyd,0,8,18,26
loydds,0,1,0,1
loyde,0,1,0,1
loyds,0,4,0,4
loz,0,2,1,3
lp,17,37,142,196
lpa,0,0,13,13
lpassoc,0,0,5,5
lpfamily,0,0,1,1
lpforever,0,0,1,1
lpl,0,3,10,13
lpm,0,9,0,9
lpnger,0,1,0,1
lpph,0,1,0,1
lps,0,0,5,5
lpt,0,1,0,1
lptm,0,3,0,3
lpve,0,1,0,1
lpx,0,0,2,2
lpyjuhukmm,0,5,0,5
lqqk,0,1,0,1
lr,3,3,13,19
lready,0,4,0,4
lreland,0,11,0,11
lrt,0,2,0,2
lryics,0,1,1,2
ls,7,17,7,31
lsa,0,0,2,2
lsat,0,0,1,1
lsb,0,0,4,4
lsd,2,20,16,38
lsignelser,0,1,0,1
lsjdlahdalskjals,1,0,0,1
lsnhhfhcjdjdjsjssksj,0,0,1,1
lso,0,0,1,1
lson,0,0,4,4
lss,0,4,1,5
lst,0,1,0,1
lsz,0,1,0,1
lt,18,30,34,82
ltate,0,0,1,1
ltbgq,0,0,1,1
ltc,0,1,4,5
ltd,0,0,2,2
lte,1,4,18,23
ltgen,5,0,0,5
lth,0,1,0,1
lti,0,0,1,1
ltima,0,3,0,3
ltimamente,0,7,0,7
ltimas,0,3,1,4
ltimo,2,1,0,3
ltimos,0,15,5,20
ltl,0,1,0,1
ltr,0,4,0,4
ltrs,6,0,0,6
lts,0,1,0,1
ltt,0,1,0,1
lttrs,0,12,4,16
lu,1,15,1,17
lua,3,0,0,3
luanne,0,2,2,4
luardiy,0,1,0,1
luaren,0,0,1,1
luarex,0,1,0,1
luasgf,0,1,0,1
luau,0,0,8,8
lub,0,5,4,9
luba,0,5,3,8
lubang,0,1,0,1
lubas,0,0,2,2
lubba,10,21,21,52
lube,8,16,11,35
lubed,4,0,0,4
lubers,3,0,0,3
lubi,0,2,0,2
lubricant,0,0,12,12
lubricante,0,7,0,7
luc,0,1,5,6
lucario,0,4,0,4
lucas,15,39,31,85
lucasarts,1,0,1,2
lucasfilm,11,0,2,13
lucero,0,0,2,2
luces,0,2,0,2
lucesitas,0,2,0,2
lucha,0,2,5,7
luchador,0,0,5,5
luchadora,0,1,0,1
luchaja,0,2,0,2
luchando,0,1,0,1
luchar,2,0,0,2
lucho,0,3,0,3
luci,0,1,0,1
lucia,0,1,0,1
luciano,0,0,1,1
lucic,0,0,1,1
lucid,18,9,24,51
lucidity,3,0,1,4
lucidsound,0,2,0,2
lucie,0,1,7,8
lucieron,0,3,0,3
lucifer,10,24,20,54
luciferian,7,1,2,10
luciferians,1,6,1,8
lucilia,0,0,1,1
lucilius,0,0,2,2
lucille,0,10,10,20
lucio,3,9,4,16
lucious,1,1,0,2
lucius,0,1,1,2
luck,117,64,1084,1265
lucked,7,3,6,16
luckely,0,0,1,1
lucker,0,0,8,8
luckie,0,0,6,6
luckiest,2,10,11,23
luckily,27,1,100,128
luckkyyyy,0,0,1,1
luckly,0,1,0,1
lucky,101,0,1019,1120
luckyy,0,0,2,2
luckyyy,0,3,0,3
lucozade,1,1,0,2
lucrative,0,0,13,13
lucretius,0,0,1,1
lucro,0,0,1,1
lucu,0,8,0,8
lucus,0,0,1,1
lucy,24,75,132,231
lucys,0,0,1,1
lud,0,3,0,3
luda,5,2,2,9
ludacris,5,8,10,23
ludacrismas,0,2,0,2
ludacruise,0,2,0,2
ludden,0,1,0,1
luddington,0,0,2,2
luddite,0,0,3,3
ludicolos,0,6,0,6
ludicrous,16,8,12,36
ludington,0,1,0,1
ludlow,1,0,0,1
ludmila,0,1,1,2
ludolph,1,0,0,1
ludovico,0,0,3,3
ludzi,0,17,0,17
ludzie,0,4,1,5
ludziom,0,7,0,7
lue,0,0,1,1
lueeeeegeeeee,0,1,0,1
luego,0,27,16,43
luer,0,0,1,1
lufff,0,0,1,1
luffy,0,2,6,8
luffys,0,1,0,1
luftbaloons,0,3,0,3
luftdruck,0,1,0,1
lufthansa,0,0,1,1
lug,3,0,2,5
lugar,1,30,7,38
lugares,0,4,0,4
luger,0,2,7,9
luggage,5,2,52,59
luggagegoals,0,4,0,4
luggagetale,0,0,4,4
luggie,0,0,1,1
lugi,0,3,0,3
lugnuts,0,0,3,3
lugo,0,0,5,5
lugs,0,0,2,2
lugui,0,1,0,1
luh,0,3,1,4
luhan,0,2,19,21
lui,12,20,8,40
luicide,0,0,1,1
luie,0,0,4,4
luigi,9,27,19,55
luigie,0,1,0,1
luis,21,44,47,112
luisfonsi,0,0,1,1
luisi,0,0,6,6
luiz,20,78,87,185
luizhazard,0,0,2,2
lujah,1,1,0,2
lujo,0,4,1,5
luk,3,1,2,6
lukaku,46,67,32,145
lukakus,0,0,7,7
lukakuuuuuu,0,1,0,1
lukakuuuuuuuu,0,3,0,3
lukas,4,27,39,70
lukasgraham,0,1,0,1
lukasmlp,0,1,0,1
luke,232,254,339,825
lukee,0,0,1,1
lukeeee,0,2,0,2
lukegorgious,0,1,0,1
lukejames,0,1,0,1
lukewarm,0,1,5,6
lukie,0,0,2,2
luking,0,2,0,2
lukken,0,2,0,2
luks,0,3,2,5
lukt,0,5,1,6
lukte,0,1,0,1
lukyanenko,0,0,1,1
lul,11,38,24,73
lularoe,0,1,0,1
lull,1,5,0,6
lullaby,1,2,8,11
lulled,1,0,5,6
lulls,0,0,5,5
lullz,0,2,0,2
lulu,4,7,6,17
lululemon,0,3,0,3
lululu,0,0,1,1
lulus,4,0,0,4
lulz,6,5,1,12
lum,0,5,0,5
lumaki,0,1,0,1
lumber,0,1,0,1
lumbering,0,0,2,2
lumberjack,1,19,2,22
lumberjacks,0,3,0,3
lumbers,2,0,0,2
lumbersexual,1,1,0,2
lumene,0,0,3,3
lumi,4,1,42,47
lumia,0,2,2,4
luminadi,1,0,0,1
lumineers,0,0,2,2
luminess,0,1,0,1
luminosa,0,2,0,2
luminosas,0,1,0,1
luminous,0,1,25,26
lumiy,0,1,4,5
lump,11,1,24,36
lumpa,2,2,0,4
lumped,1,0,7,8
lumpen,0,0,5,5
lumpia,1,0,0,1
lumping,0,0,1,1
lumps,2,0,7,9
lumpy,3,0,2,5
lumy,0,0,5,5
luna,1,15,20,36
lunacy,0,0,5,5
lunamiu,0,2,0,2
lunapad,0,1,0,1
lunar,1,9,4,14
lunara,4,0,0,4
lunatic,33,4,11,48
lunatics,2,0,8,10
lunch,61,49,153,263
lunchable,0,2,0,2
lunchables,2,1,0,3
lunchbox,0,2,1,3
lunchbreak,0,0,5,5
lunches,2,12,7,21
lunchtime,0,0,5,5
lund,0,0,3,3
lunden,0,0,1,1
lundgren,0,1,1,2
lune,0,6,1,7
luner,0,1,0,1
lunes,6,1,0,7
luney,0,0,1,1
lung,12,8,23,43
lungah,0,1,0,1
lungblower,0,1,0,1
lunges,0,0,1,1
lungren,0,1,0,1
lungs,10,12,67,89
lungu,0,1,0,1
lunie,5,0,0,5
lunn,0,0,3,3
lunstram,0,6,0,6
luogo,0,5,0,5
luovuton,0,1,0,1
lupain,0,0,1,1
lupe,0,0,1,1
lupet,0,1,0,1
lupeta,0,2,0,2
lupin,0,2,0,2
lupita,0,27,100,127
lupus,1,0,3,4
luque,0,3,0,3
lurah,0,1,0,1
luran,0,0,8,8
lurch,0,2,1,3
lure,13,3,23,39
lurean,0,0,1,1
lured,3,1,4,8
luren,0,5,0,5
lurer,0,1,0,1
lures,0,0,3,3
lurex,0,0,1,1
luring,2,0,2,4
lurk,1,0,0,1
lurker,0,0,2,2
lurkers,2,0,0,2
lurking,0,5,19,24
lurred,0,0,1,1
lurren,0,0,1,1
lurv,0,0,1,1
lurve,0,1,5,6
lurveeeee,0,0,2,2
lurvvvv,0,9,0,9
luscious,2,13,8,23
lush,9,0,167,176
lushdaddy,0,0,2,2
lushness,0,0,2,2
lusofalantes,0,1,0,1
lust,39,7,83,129
lusted,0,1,0,1
luster,3,0,21,24
lustful,0,0,2,2
lustig,1,14,0,15
lusting,1,0,1,2
lustra,0,2,0,2
lustre,0,0,10,10
lustrelux,0,0,2,2
lustrze,0,2,0,2
lusts,13,0,3,16
lusun,0,2,0,2
lut,0,0,1,1
luta,0,9,0,9
lutador,0,4,0,4
lutece,0,1,0,1
lutely,0,3,2,5
lutenet,0,0,4,4
lutfen,0,2,0,2
luther,29,1,20,50
lutheran,0,5,0,5
luthor,0,0,1,1
lutinha,0,1,0,1
lutmwymo,0,0,1,1
luto,2,0,0,2
luton,16,21,8,45
luttraley,0,0,5,5
luuul,0,3,0,3
luuurrve,0,3,0,3
luuurve,0,0,3,3
luuussshhh,0,1,0,1
luuuurve,0,2,0,2
luuuuuke,0,2,0,2
luuuuurve,0,0,6,6
luuuuuuhhhhh,0,1,0,1
luuuuuv,0,4,0,4
luuuuvvvvv,0,0,2,2
luuuuvvvvvvvvv,0,0,2,2
luuvv,0,1,1,2
luv,45,233,275,553
luvd,0,0,2,2
luve,5,0,0,5
luved,0,5,1,6
luveton,0,0,1,1
luvin,0,1,1,2
luving,0,7,0,7
luvit,0,0,1,1
luvly,0,1,0,1
luvs,0,6,8,14
luvuann,0,1,0,1
luvv,0,2,1,3
luvvi,0,0,1,1
luvvv,0,4,0,4
luvvvvv,0,1,0,1
luvvvvvv,0,1,0,1
luvvvvvvvvvvvvvvvvvvvvvvvvvv,0,1,0,1
lux,1,2,12,15
luxe,3,14,12,29
luxembourg,0,3,13,16
luxemburgo,0,4,0,4
luxo,0,0,2,2
luxor,3,0,0,3
luxottica,0,1,0,1
luxuries,5,0,5,10
luxurious,4,7,20,31
luxury,18,17,79,114
luz,6,21,6,33
lv,12,25,21,58
lvcash,0,0,3,3
lvd,0,4,0,4
lve,0,2,1,3
lvg,1,6,1,8
lvl,7,1,8,16
lvls,1,0,1,2
lvo,2,0,0,2
lvoe,0,1,0,1
lvpd,0,0,6,6
lw,0,2,15,17
lwade,0,2,0,2
lwb,0,5,0,5
lwft,3,0,0,3
lwp,0,0,2,2
lwymmd,4,6,1,11
lwymmdmusicvideo,1,0,0,1
ly,20,89,67,176
lyasm,0,0,2,2
lybeth,0,0,4,4
lybia,0,3,3,6
lycan,0,3,0,3
lycanro,0,4,0,4
lycanroc,0,0,4,4
lychannel,0,4,0,4
lycis,0,0,1,1
lycra,0,0,6,6
lycris,0,0,2,2
lycurgus,0,0,2,2
lyd,0,0,10,10
lydia,12,59,140,211
lydiaelsiemillen,0,2,0,2
lye,0,0,1,1
lyer,0,0,2,2
lyf,0,1,0,1
lyfe,2,8,9,19
lyfeeeee,0,1,0,1
lyfeeeeeeeee,0,3,0,3
lyft,0,17,4,21
lyin,1,2,3,6
lying,222,120,209,551
lyk,0,0,2,2
lyke,1,0,0,1
lykie,0,2,0,2
lykke,0,5,11,16
lyl,0,5,0,5
lyla,2,3,2,7
lylas,0,1,0,1
lyle,0,0,1,1
lymeka,1,0,0,1
lymes,0,0,1,1
lymphoma,0,0,1,1
lyn,1,0,0,1
lynca,0,1,0,1
lynch,10,39,23,72
lynched,4,1,1,6
lynchian,0,1,0,1
lynching,4,1,1,6
lynchland,0,0,6,6
lynchlynch,1,0,0,1
lynda,0,0,4,4
lynmouth,0,0,2,2
lynn,4,1,31,36
lynne,4,1,14,19
lynton,0,0,2,2
lynwood,0,4,0,4
lynx,0,2,3,5
lynyrd,0,0,1,1
lyo,0,1,0,1
lyon,1,3,3,7
lyonnaise,0,4,0,4
lyons,5,17,14,36
lyonu,0,0,1,1
lyor,0,0,4,4
lyors,0,0,3,3
lypsing,0,1,0,1
lyrcis,1,0,0,1
lyrcs,1,0,0,1
lyria,0,0,1,1
lyric,5,0,114,119
lyrica,0,0,1,1
lyrical,8,3,33,44
lyrically,3,4,25,32
lyricism,0,0,11,11
lyricist,1,0,3,4
lyricly,0,0,1,1
lyricman,0,2,0,2
lyrics,242,281,829,1352
lyrik,0,2,0,2
lys,0,8,1,9
lysergic,0,1,0,1
lyses,3,0,0,3
lysm,5,20,16,41
lysmm,0,3,0,3
lysmxxx,0,0,7,7
lysol,2,7,13,22
lyssm,0,0,1,1
lyssssm,2,0,0,2
lysssssm,0,1,0,1
lyte,0,0,1,1
lythu,11,22,7,40
lyyy,0,4,0,4
lyyyffeeee,0,1,0,1
lyyyyy,0,0,2,2
lyyyyyfffe,0,1,0,1
lyyyyyyyy,0,6,0,6
lyza,1,0,0,1
lyzbeth,0,0,4,4
lz,0,9,12,21
ma,106,346,213,665
maa,0,13,0,13
maaa,0,5,2,7
maaaaaaaaaaaaaaaaaaaaaaaaaaaaaaaaaaaaaaaaaaaaah,0,0,1,1
maaaaaaaaaggggiccccc,0,0,1,1
maaaaaaaall,0,1,0,1
maaaaaaaan,0,1,0,1
maaaaaaan,0,2,0,2
maaaaaakkkkeeeeee,0,1,0,1
maaaaaames,0,0,2,2
maaaaaannnnnnnn,0,1,0,1
maaaaaarrrrrssssssss,0,2,0,2
maaaaad,0,0,1,1
maaaaan,3,1,0,4
maaaaannnnnn,0,5,0,5
maaaaannnnnnsssssss,0,2,0,2
maaaad,0,1,1,2
maaaajor,0,0,1,1
maaaan,4,2,8,14
maaaannnggggg,0,1,0,1
maaabot,0,0,1,1
maaad,0,1,0,1
maaadddd,0,1,0,1
maaaiss,0,2,0,2
maaajor,0,1,0,1
maaan,12,11,6,29
maaannn,1,0,0,1
maaascaara,0,4,0,4
maaaybe,0,0,7,7
maaayyybbe,0,1,0,1
maach,0,1,0,1
maafin,2,0,0,2
maak,0,1,1,2
maakt,0,2,0,2
maamul,0,1,0,1
maan,1,8,1,10
maanden,0,1,0,1
maann,0,1,0,1
maannn,0,1,0,1
maany,0,0,1,1
maar,0,51,19,70
maarten,0,1,5,6
maas,0,1,1,2
maasallah,0,0,1,1
maata,0,0,1,1
maattt,0,0,3,3
maaybe,0,1,0,1
mababaliw,0,1,0,1
mabasa,0,1,0,1
mabe,0,1,1,2
mabee,0,2,0,2
mabel,0,3,0,3
mabelline,0,0,3,3
mabey,0,1,3,4
mable,1,0,0,1
mabok,0,1,0,1
mabuhayphilippines,0,0,1,1
mabuhaysquad,1,0,0,1
maby,10,4,7,21
mabye,0,1,0,1
mac,100,299,386,785
macabre,0,1,0,1
macadam,0,0,2,2
macadamia,0,10,4,14
macadoo,0,5,0,5
macallens,0,7,0,7
macana,0,0,2,2
macanics,0,1,0,1
macaque,1,0,0,1
macaques,3,0,3,6
macar,0,1,0,1
macarena,0,0,2,2
macarina,0,2,0,2
macaron,4,24,20,48
macaroni,3,3,9,15
macarons,2,40,43,85
macaroon,0,4,0,4
macaroons,0,19,10,29
macarrones,0,5,0,5
macarthur,2,0,0,2
macaskill,0,1,4,5
macbeth,1,0,10,11
macbok,0,1,0,1
macbook,12,24,62,98
macbooks,0,0,4,4
maccas,2,1,1,4
maccer,0,1,0,1
macclesfield,0,0,2,2
macdo,0,1,1,2
macdoald,0,0,3,3
macdonald,22,20,63,105
macdonalds,6,4,0,10
macdowell,2,0,0,2
mace,4,5,2,11
macedionian,0,1,0,1
macedon,0,2,3,5
macedonia,0,0,6,6
macedonian,0,1,3,4
macedonians,0,1,0,1
macewan,0,0,4,4
macey,0,4,0,4
macfarlane,8,12,24,44
macfarlen,0,5,0,5
macfarlene,0,1,1,2
macgrath,1,1,0,2
macgregor,5,3,7,15
macgyver,1,4,1,6
macgyverism,1,0,0,1
mach,5,14,12,31
macha,0,4,4,8
machate,0,3,0,3
machen,0,10,1,11
machete,11,9,11,31
machhhhhhhhhhh,0,0,3,3
machiach,0,0,12,12
machiavelli,0,0,4,4
machina,9,14,21,44
machinas,1,0,2,3
machine,143,206,334,683
machineee,0,1,0,1
machinegun,0,0,2,2
machinery,0,5,1,6
machines,17,19,54,90
machinist,0,0,2,2
machismo,1,1,0,2
machista,0,2,0,2
machito,0,1,0,1
machman,0,5,0,5
macho,2,5,13,20
machor,1,0,0,1
machorras,0,1,0,1
machos,0,0,3,3
macht,0,51,7,58
maciek,0,2,0,2
macincloud,4,0,0,4
macintosh,0,0,1,1
macintyre,1,0,0,1
mack,3,3,9,15
mackamoore,0,0,2,2
mackelmore,0,6,3,9
mackemore,0,0,1,1
macken,0,1,0,1
mackenna,0,0,1,1
mackenwells,0,0,1,1
mackenzie,1,2,8,11
mackerel,3,0,0,3
mackers,3,0,1,4
mackey,2,0,0,2
mackie,0,0,1,1
mackinnon,0,0,1,1
mackk,0,1,0,1
mackle,3,0,2,5
macklemore,14,65,86,165
macklemoreforlife,1,0,0,1
macklemores,0,0,8,8
macklenomore,0,2,0,2
macklesmores,0,1,0,1
macklmore,1,0,0,1
maclachlan,0,1,0,1
maclaine,1,0,0,1
maclarinda,0,1,0,1
maclean,0,0,5,5
maclntyre,1,0,0,1
macmillan,0,0,1,1
macmini,0,0,2,2
macmohan,0,0,1,1
macn,0,0,1,1
macnelly,0,4,0,4
macock,0,2,0,2
macon,0,2,0,2
macoroni,0,2,0,2
macos,0,2,4,6
macqueans,0,8,0,8
macro,2,0,7,9
macron,0,5,0,5
macrons,0,1,2,3
macrophiles,0,0,1,1
macrophilia,2,0,0,2
macros,0,3,2,5
macroscopic,0,0,1,1
macs,15,10,26,51
macta,0,1,0,1
mactada,0,1,0,1
macunian,0,0,2,2
macy,0,7,6,13
macydress,0,5,0,5
macys,0,0,1,1
mad,1162,0,384,1546
mada,0,2,1,3
madafaka,1,0,0,1
madafakas,0,0,5,5
madafakaya,0,2,0,2
madagascar,0,16,0,16
madalaine,0,0,1,1
madam,3,1,38,42
madame,0,6,5,11
madani,1,0,0,1
madara,0,0,3,3
madarchod,0,2,0,2
madchester,0,2,0,2
madd,1,1,1,3
maddar,1,0,0,1
maddd,5,10,0,15
madddd,0,2,0,2
maddddd,1,0,3,4
maddddieee,0,0,3,3
madden,4,8,13,25
maddening,0,0,1,1
madder,0,0,1,1
maddest,2,0,0,2
maddie,12,91,59,162
maddieee,0,1,0,1
maddieeeee,0,0,1,1
maddison,0,7,1,8
maddix,0,2,0,2
maddo,0,0,5,5
maddow,0,1,1,2
maddox,0,1,1,2
madds,0,0,1,1
maddy,0,3,0,3
made,1980,1928,7094,11002
madea,0,13,4,17
madeas,0,1,1,2
maded,1,0,0,1
madeee,0,0,2,2
madeintyo,0,0,8,8
madeira,0,1,1,2
madelaiinneee,0,0,5,5
madelaine,3,10,23,36
madelaineeee,0,0,4,4
madeleine,2,6,6,14
madeley,5,0,14,19
madeline,2,6,1,9
madellin,0,1,0,1
mademan,2,0,0,2
mademoiselle,0,0,12,12
madeon,0,0,1,1
madeout,0,0,1,1
mader,8,0,0,8
madera,0,4,0,4
mades,0,2,0,2
madeup,0,0,3,3
madewell,0,0,3,3
madeyelook,0,0,4,4
madeyewlook,0,2,33,35
madflow,0,1,0,1
madi,0,5,2,7
madie,1,0,2,3
madird,0,0,1,1
madison,11,28,37,76
madisons,0,1,1,2
madlibs,0,6,0,6
madly,2,3,6,11
madman,3,10,4,17
madmen,0,0,7,7
madness,28,38,64,130
madnessgaming,0,2,0,2
madnid,1,0,0,1
madoka,0,1,0,1
madona,0,2,3,5
madonna,5,20,15,40
madonnas,1,0,0,1
madou,0,1,0,1
madpooper,5,0,0,5
madr,0,0,5,5
madre,4,54,12,70
madrego,0,2,0,2
madres,0,6,0,6
madrid,58,173,239,470
madridelmejor,0,6,0,6
madrididsta,0,1,0,1
madridiot,0,1,7,8
madridismo,0,1,0,1
madridista,3,2,0,5
madridistas,0,31,0,31
madridits,0,1,0,1
madrids,0,1,0,1
madril,0,1,0,1
madris,0,1,0,1
madrugar,0,1,0,1
mads,6,13,46,65
madsteven,0,5,0,5
madtv,0,5,0,5
maduga,0,1,0,1
maduro,1,1,0,2
madvillain,4,0,0,4
mae,8,27,20,55
maeby,1,0,0,1
maed,0,3,0,3
maeda,0,6,0,6
maegor,0,0,3,3
maes,0,0,2,2
maester,0,1,2,3
maestra,0,2,0,2
maestro,2,12,5,19
maestroooo,0,1,0,1
maestros,0,4,0,4
mafeo,0,9,0,9
maff,6,0,28,34
maffeo,0,74,8,82
maffucers,1,0,0,1
mafia,43,54,42,139
mafiabike,4,0,0,4
mafian,0,1,0,1
mafias,1,0,0,1
mafioso,0,4,0,4
mafq,0,1,0,1
mafucka,0,1,0,1
mag,12,27,21,60
maga,20,35,30,85
magaeacsquare,0,1,0,1
magaling,0,1,0,1
magaminx,0,2,0,2
magari,0,10,0,10
magasin,0,1,1,2
magazine,26,17,99,142
magazines,13,3,41,57
magazineswas,0,1,0,1
magbabalik,0,0,1,1
magcon,0,0,4,4
magdalane,1,0,0,1
mage,0,0,2,2
magee,0,12,0,12
magenta,0,0,3,3
magg,0,0,2,2
maggie,17,61,116,194
maggio,0,0,1,1
maggot,0,1,0,1
maggots,2,0,5,7
maggue,0,0,3,3
maghdad,1,0,0,1
maghhaddd,0,1,0,1
magi,0,1,1,2
magic,63,13,699,775
magica,0,1,0,1
magical,13,0,266,279
magically,6,0,33,39
magicaly,0,1,0,1
magicarp,0,1,0,1
magicccc,0,0,1,1
magician,2,9,7,18
magicians,0,2,5,7
magick,0,3,0,3
magicly,0,0,1,1
magico,0,3,0,3
magics,0,4,1,5
magie,0,0,4,4
magik,3,6,8,17
magikarp,0,1,0,1
magingify,0,0,1,1
magique,1,1,0,2
magista,0,1,0,1
magistral,0,4,0,4
magkapatid,0,1,0,1
magkaroon,0,2,0,2
magma,0,3,5,8
magmar,0,0,2,2
magn,0,4,3,7
magnae,0,0,1,1
magnesia,0,6,2,8
magnesium,0,1,21,22
magnet,2,7,25,34
magnetar,0,1,0,1
magnetars,0,2,0,2
magnetic,5,26,36,67
magnetics,2,0,0,2
magnetism,0,0,6,6
magnetizing,0,2,0,2
magneto,0,2,1,3
magnets,3,3,15,21
magneval,0,0,2,2
magney,0,0,3,3
magnific,0,1,0,1
magnifica,0,11,0,11
magnificence,0,1,2,3
magnificent,1,0,111,112
magnificient,0,1,1,2
magnifico,0,3,1,4
magnificos,0,4,0,4
magnified,0,0,3,3
magnifique,1,36,3,40
magnifiquement,0,1,0,1
magnifiques,0,4,1,5
magnify,2,0,0,2
magnifying,1,0,8,9
magninsky,0,1,0,1
magnitsky,0,1,0,1
magnitud,0,3,0,3
magnitude,3,0,16,19
magnitudes,0,0,4,4
magnolia,1,0,0,1
magnolias,1,4,6,11
magnon,0,0,2,2
magnum,7,9,16,32
magnums,0,0,4,4
magnus,2,8,14,24
mago,0,11,0,11
magority,4,0,0,4
magorium,0,0,4,4
magots,0,4,0,4
magpagaling,0,0,1,1
magpagamot,2,0,0,2
magpie,0,1,2,3
magrelinho,0,2,0,2
mags,1,1,10,12
maguire,2,3,8,13
magxxx,1,1,4,6
magyar,0,1,0,1
magyarok,0,1,0,1
mah,14,64,42,120
maha,1,2,0,3
mahal,0,6,0,6
mahalaga,0,0,1,1
mahalo,0,5,1,6
mahammad,0,2,0,2
mahanan,0,1,0,1
mahbe,0,0,1,1
mahbla,0,1,0,1
mahd,2,0,0,2
mahdi,0,0,10,10
maher,12,3,26,41
maheronic,0,0,3,3
mahhh,0,2,0,2
mahi,0,2,0,2
mahilig,0,1,1,2
mahiya,0,2,0,2
mahler,1,0,0,1
mahmoud,0,4,4,8
mahmut,0,2,0,2
mahn,0,0,2,2
mahnn,0,6,0,6
mahogany,4,0,10,14
mahomet,1,0,0,1
mahon,0,1,0,1
mahoosive,0,0,1,1
mahrams,0,0,5,5
mahrez,0,0,9,9
mahshid,0,4,19,23
mai,2,32,8,42
maia,0,0,13,13
maicao,0,1,0,1
maicrosoft,0,2,0,2
maid,9,8,8,25
maidana,0,0,2,2
maidd,0,2,0,2
maide,0,0,1,1
maiden,1,2,2,5
maidens,0,1,0,1
maids,1,2,2,5
maigre,0,2,0,2
maikbahar,0,2,0,2
maikn,0,0,1,1
mail,26,58,118,202
mailbox,0,1,4,5
maile,0,0,2,2
mailed,0,3,4,7
mailer,0,0,2,2
mailing,0,0,3,3
mailman,1,1,0,2
mailme,0,0,7,7
mailonline,0,0,16,16
mails,5,1,5,11
maily,0,0,4,4
maimai,0,1,2,3
maimed,1,0,1,2
main,144,2,761,907
maincoon,0,0,6,6
maincra,0,1,0,1
maine,12,16,30,58
mainers,0,4,0,4
maing,0,0,1,1
maingay,0,0,1,1
maingear,0,2,1,3
mainittu,0,6,0,6
mainland,9,3,16,28
mainline,0,2,1,3
mainlot,0,0,4,4
mainly,43,0,205,248
mains,7,5,10,22
mainstage,0,0,1,1
mainstay,0,0,2,2
mainstream,81,15,146,242
mainstreamed,1,0,0,1
maintain,12,7,74,93
maintained,2,0,10,12
maintainer,1,0,3,4
maintaining,5,1,15,21
maintains,0,0,6,6
maintanence,0,0,4,4
maintenance,16,7,33,56
maintenant,6,15,5,26
maintining,1,0,0,1
maintland,0,0,4,4
maior,0,10,0,10
maioria,0,0,4,4
mais,13,171,56,240
maise,0,1,0,1
maisie,1,3,0,4
maison,0,1,4,5
maisy,0,5,0,5
maite,0,0,2,2
maitland,7,16,4,27
maize,3,0,0,3
maj,0,10,0,10
maja,0,2,5,7
maje,0,16,12,28
majera,0,1,0,1
majes,6,0,0,6
majestad,0,1,0,1
majestic,0,28,20,48
majestical,0,1,3,4
majesticaly,4,0,0,4
majesty,2,0,15,17
majeumyeo,0,2,0,2
majeur,0,1,0,1
majeure,0,0,2,2
majig,0,0,2,2
majik,0,0,3,3
majillo,0,4,0,4
majjii,0,0,4,4
major,122,0,490,612
majora,0,0,1,1
majoras,1,1,0,2
majorderp,0,0,1,1
majoring,1,0,0,1
majorities,2,0,0,2
majoritively,0,0,1,1
majority,128,24,279,431
majorly,6,0,11,17
majors,0,0,6,6
maju,0,3,0,3
mak,8,12,2,22
maka,0,3,1,4
makakakakakkaakk,0,1,0,1
makakalbo,0,1,0,1
makan,0,4,0,4
makanya,0,0,1,1
makarevich,0,2,0,2
makaton,0,0,6,6
makatulong,0,1,0,1
makayla,0,0,1,1
makaylas,0,0,1,1
makd,0,1,0,1
make,3732,6377,13658,23767
makeamericagreatagain,0,1,2,3
makeameriicagreat,0,1,0,1
makebit,0,1,0,1
makechesproud,0,1,0,1
makechesterproud,0,0,9,9
maked,0,1,7,8
makeeaskateagain,0,1,0,1
makeing,9,3,14,26
makeithappen,0,6,0,6
makeking,0,0,2,2
makemechic,0,2,1,3
makemikemassive,2,0,0,2
makemoneyonline,0,0,2,2
makemoneywithjason,0,2,0,2
makemusiceverywhere,0,0,4,4
maken,1,5,2,8
makenzie,0,2,0,2
makeout,1,2,0,3
makeover,0,2,16,18
makeovers,0,0,6,6
maker,8,46,68,122
makers,12,4,32,48
makerstudios,1,0,0,1
makerting,0,0,5,5
makes,1432,998,4809,7239
makeshift,4,0,8,12
makesure,0,0,1,1
maketh,0,1,4,5
makeup,612,1180,4528,6320
makeupby,0,0,2,2
makeupbytiffanyd,1,0,0,1
makeupnya,0,1,0,1
makeupppp,0,0,3,3
makeups,4,0,2,6
makeuuupp,0,4,0,4
makeva,0,1,0,1
makeyoutubegreatagain,0,1,0,1
makhasserwalo,0,1,1,2
makhdoom,0,0,5,5
makig,0,0,1,1
makija,0,12,0,12
makikipag,0,0,1,1
makin,11,23,27,61
makina,0,1,0,1
makinf,0,3,0,3
making,1136,715,3692,5543
makingchesterproud,0,0,3,3
makings,0,0,4,4
makisakay,0,0,1,1
makisama,0,1,0,1
makita,0,0,2,2
makith,0,1,0,1
makker,0,0,5,5
maklemore,0,1,0,1
maknae,3,2,7,12
maknaexmaknae,0,0,3,3
mako,2,1,2,5
makoa,0,0,1,1
makr,1,0,2,3
maks,0,0,9,9
makth,0,2,0,2
makulit,0,0,1,1
makup,0,3,6,9
mal,17,170,12,199
mala,3,31,4,38
malabatory,0,4,0,4
malabsorption,0,0,8,8
malachi,0,0,3,3
maladaptive,0,0,1,1
malade,0,6,0,6
maladjusted,1,0,0,1
maladroit,9,0,0,9
malagradecidas,0,3,0,3
malagradecido,0,1,0,1
malagradecidos,0,9,0,9
malah,0,0,8,8
malak,0,0,3,3
malakas,0,1,0,1
malaking,0,1,0,1
malamute,3,2,6,11
malamutes,3,0,0,3
malani,0,0,3,3
malapit,0,1,0,1
malaria,2,0,7,9
malarkey,3,0,1,4
malas,0,1,1,2
malawi,0,2,0,2
malay,0,0,11,11
malaya,0,0,2,2
malayalam,0,1,0,1
malaysia,10,30,55,95
malaysian,0,5,1,6
malcolm,13,26,35,74
malcolmgladwell,0,0,3,3
malcom,6,2,1,9
malcome,0,1,0,1
malcomee,0,1,0,1
malcontents,4,0,4,8
maldad,0,1,0,1
maldini,0,6,8,14
maldita,0,1,0,1
maldito,0,8,1,9
malditogenio,0,1,0,1
malditos,1,9,0,10
maldonado,0,7,2,9
male,160,127,349,636
maleficent,1,4,5,10
maleficents,0,3,0,3
maleh,0,1,0,1
malek,0,10,0,10
malena,0,0,1,1
males,38,24,61,123
malesef,0,0,1,1
malesses,0,1,0,1
malevolence,0,0,4,4
malevolent,7,0,0,7
malfeasance,0,1,7,8
malfie,0,2,6,8
malfieee,0,1,0,1
malfieeee,0,1,0,1
malfieeeeeeee,0,5,0,5
malfoy,4,12,1,17
malfunction,13,17,12,42
malfunctioned,0,2,0,2
malfunctioning,1,4,0,5
malfunctions,1,0,1,2
mali,3,2,0,5
malia,1,4,0,5
maliban,0,1,0,1
malibu,4,2,16,22
malibus,0,0,3,3
malice,0,0,4,4
malicious,11,8,5,24
maliciously,0,0,1,1
malignaggi,0,5,0,5
malignant,0,0,2,2
maligned,0,0,4,4
malik,0,27,36,63
malin,0,0,2,2
malinaggi,2,0,0,2
malinda,0,1,2,3
malinga,0,3,0,3
malingaw,0,1,0,1
malinogi,0,1,0,1
malinterpretando,0,2,0,2
malitia,1,0,0,1
malk,0,1,0,1
malkovich,0,2,3,5
mall,23,52,105,180
mallan,0,0,6,6
mallari,0,2,0,2
malli,0,1,0,1
mallignaggi,0,2,0,2
mallinous,0,1,0,1
mallisa,0,2,0,2
mallorca,2,0,5,7
mallory,0,2,1,3
malls,2,3,12,17
mally,0,0,2,2
malm,0,2,3,5
malmi,0,1,0,1
malnourished,10,0,1,11
malnutrition,2,0,0,2
malo,0,25,2,27
malobolatoy,0,0,5,5
malone,8,24,35,67
malones,0,1,0,1
maloney,0,0,6,6
malono,2,0,0,2
maloof,0,1,0,1
malos,0,14,0,14
malowa,0,2,0,2
malpas,0,0,2,2
malpractice,1,0,3,4
malt,0,2,6,8
malta,0,6,23,29
malteases,0,5,0,5
maltesers,0,0,29,29
maltratando,0,1,0,1
maltreatment,0,0,6,6
malu,2,13,2,17
maluco,0,1,0,1
maluje,0,2,0,2
malujesz,0,2,0,2
malulu,0,3,0,3
maluma,2,21,3,26
malunay,0,0,2,2
malupit,0,0,2,2
maluuu,0,1,0,1
maluuuu,0,1,0,1
malversaci,0,2,0,2
malware,0,2,2,4
malwarebuster,0,0,2,2
malwares,0,3,0,3
mam,6,48,17,71
mama,27,162,216,405
mamaboy,0,2,0,2
mamacita,2,0,1,3
mamada,0,5,0,5
mamadijo,0,1,0,1
mamaistrending,0,1,0,1
mamaita,0,0,1,1
mamak,0,0,1,1
mamamia,0,1,0,1
mamamoo,1,0,4,5
maman,0,6,0,6
mamapink,2,0,0,2
mamaron,0,2,0,2
mamaroo,0,0,2,2
mamas,0,3,9,12
mamasita,0,5,1,6
mamasitas,0,1,0,1
mamatoco,0,0,2,2
mamayat,0,1,0,1
mamayoo,0,1,0,1
mamazen,0,0,2,2
mamazita,0,1,0,1
mamba,4,14,14,32
mambaminions,0,1,0,1
mambas,2,0,0,2
mambo,0,0,1,1
mamby,0,0,1,1
mame,0,8,0,8
mamegoma,0,0,2,2
mamen,0,8,0,8
mamery,0,4,0,4
mames,0,14,0,14
mamesss,0,4,0,4
mametown,0,0,1,1
mami,1,9,2,12
mamie,0,0,4,4
mamiii,0,1,0,1
mamita,1,8,0,9
mamma,0,13,27,40
mammaaa,0,1,0,1
mammal,0,0,3,3
mammalian,0,1,0,1
mammals,4,5,11,20
mammaries,3,0,0,3
mammary,0,0,2,2
mammawellerftw,0,0,1,1
mammies,0,3,0,3
mammoth,0,1,4,5
mammoths,0,2,0,2
mammy,5,0,7,12
mamo,0,11,3,14
mamoa,1,2,1,4
mamoru,4,8,0,12
mamporrero,0,2,0,2
mampus,0,3,0,3
mamrie,4,10,8,22
mamries,0,2,1,3
mamu,0,4,0,4
mamuhsa,0,1,0,1
mamut,0,4,0,4
mamy,0,2,1,3
man,2779,2924,6500,12203
mana,3,13,1,17
manabat,0,0,2,2
manabouthowtocakeit,0,1,0,1
manacle,1,0,0,1
manafort,1,1,4,6
managable,4,0,0,4
manage,48,22,210,280
manageable,8,0,12,20
managed,61,40,249,350
management,34,8,117,159
manager,140,67,281,488
managerial,0,0,2,2
managers,32,9,58,99
manages,9,11,47,67
managing,1,0,16,17
manaj,0,1,0,1
manas,0,1,0,1
manassite,0,0,3,3
manat,0,0,2,2
manatee,1,4,4,9
manaugh,0,0,1,1
manbaby,0,0,3,3
manbearpig,0,3,0,3
manboob,0,5,0,5
manboy,1,0,0,1
manbun,1,0,0,1
manc,6,7,23,36
manca,0,10,0,10
mancano,0,1,0,1
mancate,0,0,1,1
mancato,0,5,0,5
mancave,0,0,1,1
manchaster,0,1,0,1
mancher,0,2,0,2
manchesrter,0,1,0,1
manchester,53,153,233,439
manchestet,0,6,0,6
manchi,0,3,0,3
manchild,0,0,5,5
manchildren,0,1,0,1
manchilds,0,0,2,2
manchurian,0,1,0,1
mancini,0,5,0,5
mancity,0,0,4,4
mancosa,0,1,0,1
mancoso,0,1,0,1
mancrush,0,1,0,1
mancs,1,0,6,7
mancunians,0,4,0,4
mancuso,2,12,11,25
mancy,0,0,1,1
manda,0,12,0,12
mandaba,0,1,0,1
mandalay,6,16,16,38
mandando,0,16,1,17
mandar,0,2,0,2
mandaran,0,2,0,2
mandarin,5,11,26,42
mandarinia,0,1,0,1
mandarles,0,0,1,1
mandarme,0,1,0,1
mandaron,0,1,0,1
mandat,0,1,0,1
mandate,7,4,17,28
mandated,0,0,9,9
mandates,0,0,2,2
mandatorily,6,0,0,6
mandatory,10,12,25,47
mande,0,1,0,1
mandel,2,0,3,5
mandela,6,2,14,22
mandelaeffect,0,5,0,5
mandelic,0,0,6,6
mandell,0,0,1,1
mandem,8,2,0,10
mandems,0,0,4,4
mandi,0,1,4,5
mandibles,0,2,0,2
mando,0,14,0,14
mandocas,0,0,2,2
mandog,0,1,0,1
mandolin,6,0,1,7
mandrake,0,1,0,1
mandril,0,10,0,10
mandriles,0,4,0,4
mandy,6,12,21,39
mandzukic,0,15,14,29
mane,68,93,120,281
maneater,0,2,4,6
maneiras,0,2,0,2
manejar,0,3,0,3
manera,0,18,5,23
maneras,2,6,1,9
manero,0,2,0,2
manes,0,2,3,5
maneuver,2,12,18,32
maneuvering,0,1,0,1
maneuvers,1,0,0,1
maneverybody,0,0,1,1
manfs,0,3,0,3
mang,0,2,5,7
manga,18,28,79,125
mangas,4,0,2,6
mange,0,5,4,9
mangekyo,0,1,0,1
manger,5,4,7,16
mangers,0,0,1,1
mangia,2,0,0,2
mangina,5,1,1,7
manginginom,0,0,1,1
mangini,0,3,2,5
mangled,1,0,2,3
mangles,1,0,0,1
mango,2,22,21,45
mangosteen,0,1,0,1
mangy,3,0,0,3
manhandle,0,0,3,3
manhandles,0,2,0,2
manhandling,1,0,0,1
manhater,0,1,0,1
manhattan,8,18,20,46
manhatten,1,0,0,1
manhi,0,0,1,1
manhole,0,0,3,3
manhood,0,4,11,15
manhunter,2,7,4,13
manhunters,0,1,1,2
mani,2,26,17,45
mania,24,12,38,74
maniaaa,1,0,0,1
maniac,20,15,3,38
maniacal,2,0,1,3
maniacly,0,0,1,1
maniacs,6,6,5,17
manibila,0,1,0,1
manic,8,5,10,23
manican,1,2,0,3
manicin,0,1,0,1
manicure,2,1,3,6
manicures,0,0,5,5
manicurist,0,0,1,1
manifacturing,0,0,1,1
manifest,1,3,30,34
manifestation,2,2,19,23
manifestations,2,0,1,3
manifested,0,0,7,7
manifestem,0,3,0,3
manifesting,0,0,6,6
manifesto,3,0,18,21
manifests,3,1,6,10
manifique,0,2,0,2
manig,0,3,0,3
manigga,0,1,0,1
maniiiii,0,1,0,1
maniiiiiiiiiiii,0,1,0,1
manik,0,2,0,2
manikin,0,2,0,2
manikins,0,1,0,1
manila,3,15,11,29
maning,0,0,1,1
manipulador,0,3,0,3
manipuladores,0,3,0,3
manipulate,15,3,14,32
manipulated,16,6,14,36
manipulates,3,0,0,3
manipulating,8,5,22,35
manipulation,17,1,16,34
manipulative,19,0,9,28
manipulator,1,5,1,7
manipulatuon,2,0,0,2
manipullate,4,0,0,4
manipuri,0,2,0,2
maniquens,2,0,0,2
maniqui,0,1,0,1
maniquin,3,1,0,4
manitoba,0,0,1,1
manitos,0,1,0,1
maniye,0,2,2,4
manja,0,0,1,1
manjadores,0,1,0,1
manjeed,0,1,0,1
manjeet,4,3,6,13
mankeup,0,0,1,1
mankin,0,0,4,4
mankind,8,21,50,79
mankini,0,0,7,7
manky,2,0,0,2
manlet,0,1,0,1
manley,0,3,0,3
manlier,0,0,1,1
manliest,0,2,0,2
manliness,0,0,1,1
manly,16,5,30,51
manmade,4,2,4,10
mann,4,12,12,28
manna,1,0,0,1
mannabeast,0,0,1,1
mannameul,0,1,0,1
manned,2,0,10,12
mannenji,0,0,1,1
manneqin,0,0,1,1
mannequin,8,39,38,85
mannequins,6,5,13,24
manner,30,7,56,93
mannered,4,0,10,14
manneredchild,1,0,0,1
mannerism,0,0,1,1
mannerisms,1,9,13,23
manners,12,7,21,40
manning,3,6,4,13
mannn,2,0,11,13
mannnn,2,7,3,12
mannnnn,1,2,2,5
mannnnnn,0,1,5,6
mannnnnnn,0,0,4,4
mannnnnnnn,0,0,1,1
mannnnnnnnm,0,1,0,1
mannnnnnnnnn,1,0,0,1
mannnnnnnnnnnnnnn,1,0,0,1
mannnnny,0,1,0,1
manny,15,25,68,108
mannymua,1,2,1,4
mannyyy,0,0,1,1
mano,0,44,7,51
manoel,0,1,0,1
manoeuver,0,0,1,1
manoeuvre,4,0,1,5
manoeuvres,4,0,0,4
manofgod,0,0,1,1
manolas,0,0,1,1
manolo,0,4,14,18
manolos,0,5,12,17
manon,2,0,0,2
manood,0,0,1,1
manoooo,0,4,0,4
manoooooo,0,1,0,1
manor,0,0,5,5
manors,4,0,0,4
manos,0,10,1,11
manosear,0,2,0,2
manouver,1,1,1,3
manoww,0,1,0,1
manpower,2,0,1,3
manpreet,0,1,0,1
manque,4,0,1,5
manquer,0,4,0,4
mans,115,99,65,279
mansa,3,11,5,19
mansae,0,0,1,1
manscu,0,1,0,1
mansion,10,12,35,57
mansions,0,1,13,14
manslaughter,0,2,0,2
manslayers,13,0,0,13
mansley,6,0,0,6
mansnotnot,0,3,0,3
manson,15,22,48,85
mansplanning,0,0,5,5
manspread,0,3,0,3
manspreading,1,4,7,12
mansuco,0,0,4,4
mansutti,0,0,5,5
manta,0,2,0,2
mantaaaaaaap,0,0,1,1
mantab,0,2,0,2
mantables,0,1,0,1
mantain,0,0,1,1
mantan,0,1,0,1
mantap,0,7,0,7
mantappp,0,0,1,1
mantenerse,0,2,5,7
mantengan,0,6,0,6
manteniendo,0,2,0,2
mantiene,0,5,0,5
mantis,5,10,4,19
mantle,0,5,13,18
mantra,1,0,19,20
mantras,0,0,3,3
mantsester,2,0,0,2
mantzoukas,0,2,0,2
manu,6,25,19,50
manual,2,15,44,61
manually,0,5,8,13
manuals,1,0,2,3
manuel,2,40,80,122
manuelmiranda,0,0,1,1
manuels,0,0,1,1
manufacture,5,1,13,19
manufactured,11,8,14,33
manufacturer,18,9,21,48
manufacturers,23,13,21,57
manufactures,1,2,7,10
manufacturing,6,1,19,26
manupilative,0,0,1,1
manure,6,0,5,11
manusco,0,0,3,3
manutd,0,4,0,4
manvxznvhk,0,2,0,2
many,827,106,7321,8254
manyak,1,0,0,1
manydo,0,0,2,2
manyyy,0,2,0,2
manz,0,1,7,8
manze,0,2,0,2
manziel,5,1,4,10
mao,5,2,7,14
maori,3,1,4,8
map,59,35,141,235
mapa,0,5,0,5
mapke,0,1,0,1
maple,1,7,29,37
maplestory,0,1,0,1
mapo,0,1,0,1
mappat,0,0,1,1
mappery,0,3,0,3
mapping,0,0,2,2
maps,11,5,28,44
maquala,0,1,0,1
maquillage,0,31,3,34
maquillages,0,2,0,2
maquillais,0,0,1,1
maquillaje,0,3,0,3
maquillalia,0,0,3,3
maquillan,0,1,0,1
maquille,0,7,2,9
maquiller,0,10,0,10
maquilles,0,0,1,1
maquina,0,8,0,8
maquinaaaa,0,1,0,1
mar,9,20,29,58
mara,1,13,2,16
maracas,0,1,0,1
maracujaaaaa,0,1,0,1
maradona,0,9,25,34
maradonna,1,0,0,1
maraj,1,0,0,1
maraka,0,1,0,1
marakech,0,0,1,1
maralago,0,1,0,1
marami,0,1,0,1
maraming,0,3,0,3
maranda,0,3,1,4
marandia,0,1,0,1
maras,0,2,0,2
marathi,0,0,2,2
marathon,14,5,29,48
marathoned,0,0,1,1
marathoning,0,0,1,1
marathons,0,0,1,1
marauder,0,1,0,1
marauders,0,1,0,1
marauding,5,0,0,5
maravilha,0,1,0,1
maravilhoooooosa,0,1,0,1
maravilhosa,0,54,7,61
maravilhosaaaa,0,3,0,3
maravilhosaaaaa,0,1,0,1
maravilhosaaaaaas,0,1,0,1
maravilhosas,0,6,2,8
maravilhoso,2,29,0,31
maravilhosoo,0,1,0,1
maravilhosooooooooooo,0,1,0,1
maravilhosos,0,4,0,4
maravilhosossss,0,7,0,7
maravilindaaa,0,1,0,1
maravilla,0,5,0,5
maravillosa,1,8,2,11
maravilloso,0,16,5,21
marbels,0,1,1,2
marble,20,28,29,77
marbled,0,2,0,2
marbleing,0,0,2,2
marbles,34,70,88,192
marbling,0,2,0,2
marc,7,47,87,141
marca,6,31,0,37
marcaba,0,5,0,5
marcadas,0,0,2,2
marcado,0,7,0,7
marcadores,0,2,0,2
marcaje,0,26,0,26
marcajes,0,4,0,4
marcan,0,14,0,14
marcando,0,0,3,3
marcandose,0,5,0,5
marcanthony,0,0,5,5
marcanthoy,0,0,1,1
marcar,0,15,0,15
marcara,0,9,0,9
marcarlo,0,4,0,4
marcarte,0,2,0,2
marcas,0,4,0,4
marcatge,0,1,0,1
marcato,0,0,4,4
marceau,0,0,4,4
marcel,0,1,0,1
marceline,0,1,0,1
marcelle,0,0,5,5
marcelo,2,4,4,10
march,17,56,92,165
marcha,0,32,3,35
marchall,0,0,1,1
marchan,0,3,0,3
marchando,0,3,0,3
marchas,0,26,0,26
marche,1,11,4,16
marched,5,0,6,11
marchers,1,0,0,1
marches,1,0,13,14
marchesa,0,0,3,3
marcheurs,1,0,0,1
marching,9,14,19,42
marcia,0,0,2,2
marciano,0,1,0,1
marcie,1,0,0,1
marcin,0,0,1,1
marco,1,13,12,26
marconni,0,3,0,3
marcos,0,8,0,8
marcou,0,3,0,3
marcouse,0,1,0,1
marcus,17,57,76,150
marcussss,0,1,0,1
marcy,0,0,6,6
mardel,4,0,0,4
mardi,2,0,0,2
mardotane,0,1,0,1
mardsen,0,3,0,3
mardua,0,0,3,3
mare,3,1,0,4
marek,0,0,1,1
mareketed,0,0,1,1
maren,0,1,0,1
mares,0,1,0,1
maretu,0,1,0,1
marevolous,0,0,2,2
marez,2,0,0,2
margaret,40,13,33,86
margareth,0,0,1,1
margarine,1,0,0,1
margarita,0,0,3,3
margaritas,6,0,1,7
marge,2,7,4,13
margelia,0,1,0,1
margen,0,7,0,7
margera,1,1,0,2
margeret,4,0,0,4
margin,2,3,18,23
marginal,0,0,4,4
marginalized,0,0,1,1
marginalizes,0,0,3,3
marginalizing,0,0,4,4
marginally,0,0,2,2
margins,0,2,7,9
margnifica,0,2,0,2
margo,0,11,3,14
margolyes,0,0,1,1
margot,5,82,66,153
margotrobbie,0,3,0,3
margret,0,0,5,5
marhiana,0,1,0,1
mari,3,9,14,26
maria,21,50,112,183
mariachi,6,2,5,13
mariah,20,18,29,67
mariam,0,0,3,3
mariana,2,17,1,20
marianas,0,1,0,1
marianelaaaaa,0,5,0,5
marianna,0,2,0,2
marianne,0,6,0,6
mariapods,0,1,0,1
maribel,0,3,0,3
marica,5,4,0,9
maricao,0,0,2,2
maricas,0,5,0,5
maricon,2,1,6,9
mariconada,0,0,1,1
maricones,0,10,0,10
maricopa,1,0,0,1
marie,7,79,27,113
maried,0,0,1,1
marietoompuu,0,3,0,3
mariguana,0,0,1,1
marihuana,0,1,0,1
mariiie,0,2,0,2
mariiinaaaaaaaaaa,0,1,0,1
marijuana,13,21,15,49
marijuanna,0,0,1,1
marika,0,0,5,5
marikon,0,1,0,1
marillion,0,0,4,4
marilyn,8,25,40,73
marilynmanson,0,0,1,1
marilynn,0,0,2,2
marin,1,4,7,12
marina,3,16,12,31
marinade,0,0,4,4
marinara,0,0,4,4
marinate,0,0,3,3
marinating,1,0,0,1
marine,4,30,45,79
marines,4,0,13,17
marinette,0,5,0,5
marino,0,2,0,2
mario,89,211,314,614
mariocart,0,2,0,2
marioh,0,0,1,1
mariokart,0,0,2,2
marion,0,1,0,1
mariooo,0,0,4,4
marioooooo,0,0,2,2
marioplex,0,1,0,1
marioplushworld,0,1,0,1
marios,0,7,0,7
marip,0,0,2,2
mariposa,1,0,0,1
marissa,0,1,0,1
marissamal,0,6,0,6
marital,0,0,1,1
maritime,0,0,1,1
mariusz,0,3,0,3
marjah,0,1,0,1
marjitin,0,0,1,1
marjiuana,0,0,2,2
marjorie,0,0,7,7
mark,133,288,591,1012
marked,18,0,80,98
markedly,0,0,3,3
markell,1,0,0,1
marker,3,11,15,29
markers,4,9,15,28
market,65,75,294,434
marketable,6,0,5,11
marketagent,0,2,0,2
marketed,1,1,8,10
marketer,1,0,4,5
marketing,30,46,152,228
marketplace,0,0,17,17
markets,9,11,38,58
marketshare,1,0,1,2
markey,0,2,0,2
markhendrixloanfirm,0,0,1,1
marking,5,8,11,24
markings,0,0,1,1
markipler,0,2,0,2
markiplier,5,31,11,47
markle,0,0,3,3
marko,0,1,1,2
markovic,0,0,6,6
markrizk,0,1,0,1
marks,39,25,132,196
marksman,0,2,1,3
marksmanship,0,0,3,3
marksmen,0,2,1,3
markus,1,0,0,1
marky,0,1,5,6
markymoo,0,1,0,1
marla,0,1,0,1
marlboro,0,1,4,5
marlee,0,0,4,4
marlene,0,0,4,4
marley,23,3,13,39
marlin,5,0,6,11
marlins,2,0,0,2
marlon,1,2,0,3
marlys,0,1,0,1
marmaduke,2,0,0,2
marmaid,0,2,0,2
marmalade,5,0,3,8
marmie,0,1,0,1
marmight,1,0,0,1
marmite,1,19,12,32
marmont,0,0,7,7
marmonts,4,0,0,4
marni,0,0,1,1
marnie,0,4,0,4
maro,0,0,4,4
maroc,0,2,1,3
maroco,0,1,0,1
marokut,0,1,0,1
maroloco,0,1,0,1
maron,0,0,4,4
marooc,0,1,0,1
maroon,15,43,58,116
marooned,0,0,1,1
marple,0,1,0,1
marq,0,0,1,1
marque,0,23,4,27
marquees,0,4,2,6
marques,17,50,98,165
marquess,0,0,1,1
marquez,0,0,3,3
marr,3,3,6,12
marra,0,2,0,2
marraige,0,0,4,4
marrakech,0,2,0,2
marrakesh,0,0,1,1
marranos,0,2,0,2
marred,4,0,1,5
marren,0,0,4,4
marrentinho,0,1,0,1
marriage,44,30,152,226
marriagehood,0,0,3,3
marriages,6,0,13,19
marrid,0,0,4,4
marrie,0,0,2,2
married,75,5,573,653
marries,7,0,7,14
marring,0,0,1,1
marrio,0,3,0,3
marriot,0,0,1,1
marrocos,0,1,0,1
marron,2,2,5,9
marrow,1,11,12,24
marry,27,154,141,322
marrying,1,3,3,7
mars,67,163,231,461
marsdan,0,1,0,1
marseillais,0,8,0,8
marseillaise,0,2,0,2
marseille,2,9,4,15
marsellesa,0,3,0,3
marsellus,0,0,1,1
marsh,0,0,11,11
marsha,1,0,4,5
marshal,0,9,12,21
marshall,12,10,30,52
marshalllllll,0,0,1,1
marshalls,0,0,4,4
marshals,0,0,2,2
marshawn,0,7,2,9
marshflake,0,0,1,1
marshmallo,0,3,0,3
marshmallow,2,24,39,65
marshmallows,20,7,45,72
marshmello,0,6,8,14
marshmellow,2,1,0,3
marsian,3,0,0,3
marss,0,1,0,1
marston,0,8,10,18
mart,9,38,35,82
marta,0,44,4,48
martain,0,0,3,3
marteen,0,0,1,1
marteenn,1,0,0,1
martel,2,4,1,7
martell,14,1,1,16
martells,4,0,0,4
marten,0,1,0,1
martenez,0,1,0,1
martens,0,8,8,16
martes,0,20,0,20
martha,3,14,28,45
marthzia,0,0,1,1
marti,0,4,0,4
martial,13,37,42,92
martials,0,4,0,4
martian,5,15,14,34
martians,2,7,4,13
martiiiiiiin,0,0,4,4
martijin,0,0,4,4
martijn,0,5,3,8
martilipa,0,2,0,2
martin,57,259,308,624
martina,22,15,151,188
martinaa,0,2,0,2
martinas,0,0,1,1
martindale,0,0,2,2
martinez,5,37,19,61
martinezs,0,1,0,1
martinezzzz,0,1,0,1
marting,0,1,0,1
martingarrix,0,3,3,6
martini,5,4,2,11
martinica,0,0,2,2
martins,10,16,3,29
martirio,0,1,0,1
marttyyy,0,1,0,1
martwi,0,2,0,2
marty,10,10,9,29
martyn,4,13,50,67
martyr,1,0,1,2
martyrdom,3,0,7,10
martyrs,1,0,2,3
martyyyyyyyyyyyyyy,0,1,0,1
marula,0,0,6,6
marv,0,2,0,2
marval,0,0,1,1
marvel,91,100,200,391
marveled,0,0,2,2
marvelicous,0,1,0,1
marveling,0,0,8,8
marvelite,0,1,0,1
marvell,0,0,4,4
marvellous,6,9,15,30
marvelon,3,0,6,9
marvelous,0,0,43,43
marvelously,0,0,4,4
marvels,0,6,2,8
marvin,0,0,5,5
marvle,0,1,0,1
marwa,0,0,2,2
marx,3,5,1,9
marxis,3,0,0,3
marxism,1,0,29,30
marxist,14,11,7,32
marxists,0,0,7,7
mary,51,58,87,196
maryam,0,0,3,3
maryjane,0,0,1,1
maryland,1,6,10,17
marylander,0,0,2,2
marylin,1,0,2,3
marylou,0,0,1,1
marys,1,0,0,1
maryse,0,8,3,11
marytyhitvan,0,4,0,4
maryus,0,1,0,1
maryvale,0,1,0,1
marz,0,3,0,3
marzi,0,0,3,3
marzia,6,42,95,143
marziaaaaaaa,1,0,0,1
marziapie,0,0,1,1
marziazita,0,1,0,1
marziiia,0,1,0,1
marzipan,0,0,7,7
marziz,0,2,0,2
marzo,0,4,0,4
mas,17,453,71,541
masa,6,0,0,6
masacre,0,0,2,2
masakra,0,6,0,6
masala,2,0,0,2
masalah,0,1,0,1
masallah,0,5,1,6
masaluke,0,0,5,5
masamune,0,0,1,1
masanobu,0,0,1,1
masanori,0,0,2,2
masc,0,1,3,4
mascal,2,0,0,2
mascara,25,97,309,431
mascaras,2,1,10,13
maschera,0,1,1,2
mascorade,0,0,3,3
mascot,0,1,0,1
masculina,2,0,0,2
masculine,2,0,17,19
masculinity,3,4,23,30
mase,2,5,10,17
maserati,1,0,0,1
masfeo,0,1,0,1
mash,17,13,51,81
masha,0,3,6,9
mashaalah,0,0,1,1
mashable,0,2,1,3
mashallah,0,31,25,56
mashed,3,15,27,45
mashenxa,0,0,1,1
mashers,0,0,1,1
mashid,0,0,2,2
mashine,0,2,0,2
mashing,3,1,2,6
mashmallow,0,6,0,6
mashmallows,0,1,0,1
mashraf,0,0,5,5
mashup,6,18,54,78
mashups,0,1,1,2
masia,0,0,5,5
masie,0,0,2,2
masih,0,2,3,5
masing,0,0,2,2
masivamente,0,1,0,1
masive,0,1,0,1
mask,107,179,365,651
maskara,0,0,2,2
maskatron,0,0,1,1
maskcara,0,0,3,3
masked,6,3,5,14
maskera,0,0,1,1
masking,2,12,4,18
maskoff,0,1,0,1
masks,29,38,107,174
masky,0,1,0,1
maslany,0,1,0,1
maslin,0,3,0,3
maslow,0,0,1,1
masogany,0,0,3,3
masomenos,0,7,0,7
mason,6,2,10,18
masonary,0,0,2,2
masonic,3,9,5,17
masonry,1,0,1,2
masons,0,1,1,2
masoquist,0,1,0,1
masque,1,1,8,10
masqueraded,0,1,0,1
masquerades,0,0,1,1
masquerading,6,1,2,9
masques,3,0,0,3
masrys,0,1,0,1
mass,192,81,426,699
massa,6,13,4,23
massachuessetts,0,1,0,1
massachusetts,5,4,19,28
massacre,25,10,72,107
massacred,9,1,4,14
massacres,1,0,18,19
massacring,0,0,1,1
massage,15,41,46,102
massageasmr,0,0,2,2
massaged,1,0,4,5
massages,3,0,13,16
massaging,4,2,3,9
masse,3,3,0,6
masseducation,0,3,0,3
masseduction,1,0,7,8
masseffect,0,0,7,7
masses,20,12,35,67
masseurs,0,0,1,1
masseuse,0,0,8,8
massie,0,0,1,1
massing,4,0,3,7
massion,0,3,0,3
massiv,0,0,1,1
massive,129,111,314,554
massively,21,3,49,73
massivily,0,0,1,1
mast,0,0,2,2
mastahpiece,0,2,0,2
mastang,0,3,0,3
mastapiece,0,1,0,1
masteeeeer,0,3,0,3
master,93,184,301,578
masterace,0,0,1,1
masterbait,1,0,0,1
masterbate,6,1,4,11
masterbathe,3,0,0,3
masterbating,1,2,1,4
mastercard,0,0,5,5
masterchef,0,3,0,3
masterclass,0,7,8,15
masterdrift,0,2,0,2
mastered,5,0,28,33
masterful,0,1,27,28
masterfully,0,0,11,11
mastering,0,0,22,22
masteripece,0,0,1,1
mastermind,7,0,3,10
masterminds,3,0,1,4
masterpeace,0,0,1,1
masterpiece,52,200,217,469
masterpieceeee,0,1,0,1
masterpieces,2,9,8,19
masterpiese,0,1,0,1
masterplan,0,0,3,3
masterrace,0,2,1,3
masters,28,14,75,117
mastershef,0,1,0,1
masterwork,1,1,1,3
mastery,1,0,10,11
mastiff,0,0,3,3
mastiii,0,0,8,8
mastiph,0,1,0,1
mastitis,0,0,5,5
mastodon,0,0,5,5
mastodons,0,0,5,5
maststbate,0,0,3,3
masturbate,5,18,12,35
masturbated,1,2,4,7
masturbates,0,4,8,12
masturbating,4,5,11,20
masturbation,2,2,2,6
masturbationnnn,3,0,0,3
masturbator,0,0,1,1
masturbatory,1,0,0,1
masturebating,1,0,0,1
masuk,0,0,1,1
masuluke,0,4,0,4
masvidal,0,0,1,1
masz,0,12,0,12
maszin,0,2,0,2
mat,26,38,36,100
mata,2,19,14,35
mataaaaaaaaaaaaaaaaaaaaaaaaaaaaaaaaaaaaa,0,1,0,1
matabalism,0,0,4,4
matahari,0,1,0,1
matalan,0,4,13,17
mataliek,0,0,2,2
matallica,0,1,0,1
matan,0,5,0,5
matanddan,0,1,0,1
matando,0,1,0,1
matao,0,4,0,4
mataos,0,1,0,1
matap,0,1,0,1
matar,0,4,0,4
matarlos,0,1,0,1
matarnos,0,1,0,1
matas,0,1,0,1
mataunkar,0,1,0,1
match,260,220,648,1128
matcha,3,13,8,24
matchbox,1,0,2,3
matchbreaker,1,0,0,1
matchco,0,7,0,7
matchday,1,0,6,7
matched,17,11,39,67
matches,29,47,178,254
matchfixing,2,0,0,2
matching,19,29,83,131
matchmaker,0,3,0,3
matchmaking,1,0,2,3
matchs,0,0,4,4
matchstick,3,2,1,6
matchsticks,0,4,18,22
matchup,4,1,9,14
matchy,0,0,8,8
matcjing,0,0,6,6
mate,162,248,452,862
matee,0,1,0,1
mateee,0,2,0,2
mateeee,2,1,0,3
mateeeeeeeeeeeeeeeeeeeeeeeeeeeee,0,7,0,7
matem,0,1,0,1
matematematematematematematematematemate,0,1,0,1
matematical,0,0,1,1
matematikas,0,5,0,5
mateo,0,1,0,1
mater,0,2,4,6
materia,0,24,2,26
material,73,47,232,352
materialism,0,1,0,1
materialistic,5,3,23,31
materialists,0,0,1,1
materialization,0,1,0,1
materialize,1,0,0,1
materialized,0,5,5,10
materially,0,0,1,1
materials,13,3,50,66
materialsim,0,0,1,1
maternal,0,0,9,9
maternit,0,2,0,2
maternity,3,15,101,119
maters,3,0,0,3
materyaller,0,1,0,1
mates,42,15,72,129
matey,0,0,3,3
mateys,0,1,0,1
math,65,128,211,404
matha,0,1,0,1
mathamagician,1,0,0,1
mathematic,0,0,5,5
mathematical,17,4,27,48
mathematically,6,1,21,28
mathematician,2,8,4,14
mathematicians,1,1,11,13
mathematics,18,2,50,70
mather,2,0,0,2
mathers,1,0,2,3
matheson,0,0,1,1
mathew,0,4,11,15
mathews,0,0,5,5
mathias,0,12,6,18
mathieu,1,0,0,1
mathilda,0,0,2,2
mathis,0,0,1,1
mathmatics,1,0,1,2
mathmatition,0,0,1,1
maths,22,35,58,115
mathsballs,0,0,1,1
mathy,0,1,2,3
matib,0,0,6,6
matic,17,22,33,72
maticcc,0,6,0,6
matifying,5,0,0,5
matiiiiiiiii,0,2,0,2
matilda,7,15,13,35
matildas,0,0,4,4
matimi,0,3,0,3
matimio,0,1,0,1
matin,0,19,1,20
matinee,2,0,15,17
mating,1,21,1,23
matip,7,0,22,29
matlandde,1,0,0,1
matlin,0,0,4,4
matmax,0,1,0,1
mato,0,1,0,1
matopos,0,4,0,4
matos,0,4,0,4
matpad,0,0,1,1
matpat,34,42,81,157
matpatisafork,0,1,0,1
matpats,0,1,2,3
matpatt,0,0,2,2
matralinial,0,0,2,2
matress,0,4,0,4
matreya,0,2,0,2
matriarchal,0,2,0,2
matriarchy,1,0,0,1
matric,4,0,0,4
matrice,0,0,1,1
matrioshka,0,0,2,2
matrix,40,87,81,208
matriz,0,4,0,4
matryoshka,0,0,1,1
matryoshki,0,0,1,1
mats,9,2,23,34
matsuda,0,0,3,3
matt,72,208,235,515
matta,0,0,2,2
mattdamon,0,0,1,1
matte,25,15,172,212
mattecrush,0,0,3,3
matted,1,0,0,1
mattefying,0,0,4,4
matter,567,188,1582,2337
mattered,9,0,7,16
matterhorn,0,0,7,7
matters,86,33,210,329
mattes,0,1,9,10
matthau,0,0,4,4
matthe,0,0,4,4
matthew,69,31,85,185
matthews,2,11,7,20
matthias,2,5,0,7
matti,0,0,1,1
mattias,0,1,0,1
mattie,1,0,0,1
mattify,0,1,2,3
mattifying,0,7,10,17
mattiis,0,1,0,1
mattina,0,4,0,4
mattis,0,0,1,1
mattism,0,4,0,4
matto,0,0,1,1
mattpat,0,0,1,1
mattpatt,3,1,3,7
mattress,4,10,22,36
mattresses,0,1,2,3
mattressmattress,0,7,0,7
matts,1,15,1,17
mattshea,0,0,8,8
mattttttt,0,0,1,1
matty,0,4,2,6
mature,33,0,152,185
matured,5,7,52,64
maturely,0,0,2,2
matures,1,0,3,4
maturin,0,0,2,2
maturing,0,1,7,8
maturity,6,3,24,33
matyas,6,0,0,6
matz,0,1,0,1
matzia,0,2,0,2
matzot,0,1,0,1
mau,3,3,0,6
maui,5,2,9,16
maul,3,11,5,19
mauled,0,2,5,7
mauling,0,1,0,1
maun,0,0,4,4
maunabo,0,0,3,3
maura,0,0,1,1
maureen,1,2,4,7
maurex,0,4,0,4
maurice,2,0,2,4
mauricinho,0,4,0,4
mauritius,0,1,1,2
maurv,0,6,0,6
maury,8,7,8,23
maus,0,0,3,3
mauuud,0,1,0,1
mauvais,0,2,1,3
mauvaise,0,4,0,4
mauve,0,10,18,28
mava,0,1,0,1
maven,0,0,3,3
maveric,2,0,0,2
maverick,8,87,25,120
mavericks,0,0,1,1
maververick,0,1,0,1
mavic,3,1,0,4
mavis,0,3,0,3
mavrick,0,6,1,7
mavrik,0,1,0,1
mavrivk,0,2,0,2
mavruk,0,1,0,1
maw,1,0,0,1
mawerick,0,1,0,1
mawkish,0,0,5,5
mawma,6,0,0,6
mawr,0,0,2,2
maws,0,1,0,1
max,83,123,217,423
maxbo,0,5,0,5
maxed,5,2,11,18
maxes,0,4,0,4
maxi,0,14,25,39
maxibons,6,0,0,6
maxican,0,0,1,1
maxim,0,0,14,14
maxima,2,1,0,3
maxime,1,0,0,1
maximiliano,0,3,2,5
maximillion,1,0,0,1
maximise,0,0,6,6
maximised,0,0,2,2
maximize,1,0,6,7
maximizes,3,0,1,4
maximizing,1,0,1,2
maximo,0,9,0,9
maximum,21,25,56,102
maximus,1,1,0,2
maxine,0,0,2,2
maxing,0,1,0,1
maxipads,0,0,2,2
maxis,3,0,0,3
maxmoefoe,1,0,0,1
maxo,0,4,0,4
maxou,0,0,1,1
maxplaysfifa,0,2,0,2
maxsimo,1,0,0,1
maxwell,9,4,4,17
maxwells,0,0,5,5
maxx,0,3,10,13
maxxed,0,0,1,1
maxxes,0,0,1,1
maxxis,0,0,1,1
maxxx,1,0,0,1
maxy,0,0,1,1
may,726,390,1972,3088
maya,2,4,40,46
mayaa,0,1,0,1
mayag,0,0,2,2
mayaguez,5,0,0,5
mayall,0,0,4,4
mayan,0,0,1,1
mayans,0,0,6,6
mayb,5,0,1,6
maybe,1104,736,3227,5067
maybel,0,1,0,1
maybeline,2,4,7,13
maybelline,16,9,64,89
maybelling,0,1,0,1
mayberlline,0,0,5,5
maybeyou,1,0,0,1
maybot,0,1,0,1
maye,1,0,0,1
mayen,0,2,0,2
mayer,0,1,5,6
mayflies,0,0,1,1
maygodsmercyandloveprevailoverall,0,1,0,1
mayhaps,0,0,2,2
mayhem,4,7,10,21
maylinn,0,0,1,1
maymac,0,0,1,1
maymay,0,2,0,2
maynar,0,0,1,1
maynard,2,9,5,16
mayne,5,2,4,11
maynnn,0,1,0,1
mayo,7,14,14,35
mayonaise,0,7,0,7
mayonnaise,0,5,11,16
mayor,19,56,45,120
mayoral,0,15,0,15
mayores,0,2,0,2
mayoria,6,0,0,6
mayority,0,0,3,3
mayors,0,0,1,1
mayporeber,0,0,1,1
mayramorales,0,1,0,1
mays,4,1,12,17
mayswell,1,0,0,1
mayt,0,1,0,1
mayte,0,3,0,3
maytheforcebewithyou,0,1,0,1
mayward,0,0,1,1
mayweather,79,66,125,270
mayweathered,0,0,3,3
mayweatjer,0,1,0,1
maywedoors,0,1,0,1
maywether,3,0,2,5
mayxox,0,3,0,3
mayyn,0,1,0,1
mayyy,0,0,1,1
mayyybe,0,2,0,2
mazal,0,5,0,5
mazapan,0,0,2,2
mazda,0,9,0,9
maze,11,59,60,130
mazel,0,1,0,1
mazerunner,0,0,1,1
mazes,0,0,1,1
mazi,0,1,1,2
mazing,0,2,15,17
mazooji,0,0,5,5
mazr,0,1,0,1
mazzoji,0,3,0,3
mb,1,6,28,35
mba,0,0,2,2
mbantha,0,0,7,7
mbap,0,4,0,4
mbapp,0,4,0,4
mbappe,7,48,31,86
mbappemartial,0,7,0,7
mbc,0,3,0,3
mbdtf,0,4,5,9
mbe,0,1,0,1
mbit,2,1,3,6
mbkhd,0,4,1,5
mbmbam,0,0,1,1
mbn,0,1,1,2
mbolos,0,1,0,1
mboy,0,3,0,3
mbp,0,0,1,1
mbpappe,0,7,0,7
mbps,11,17,31,59
mbra,4,0,0,4
mbs,0,4,4,8
mc,20,45,61,126
mca,5,0,0,5
mcadams,0,1,1,2
mcafee,0,2,0,2
mcallister,0,6,0,6
mcarthy,0,1,2,3
mcas,0,0,1,1
mcat,0,0,1,1
mcatee,0,4,1,5
mcavoy,1,0,1,2
mcbaby,0,1,0,1
mcbingbong,0,1,0,1
mcboogerballs,0,3,0,3
mcborkrf,0,0,2,2
mcbride,0,1,4,5
mcbum,0,0,5,5
mccain,4,1,8,13
mccall,5,30,25,60
mccallister,0,0,1,1
mccann,0,0,11,11
mccarthy,10,14,22,46
mccartney,2,4,19,25
mccaulay,0,1,0,1
mcchicken,0,0,1,1
mcclendon,0,0,1,1
mcconahey,0,1,0,1
mcconaughey,0,6,1,7
mcconnell,3,0,0,3
mcconoughey,0,6,0,6
mccormick,0,0,3,3
mccovven,1,0,0,1
mccoy,0,16,15,31
mccoys,0,0,1,1
mccrae,0,0,6,6
mccree,0,2,0,2
mccuck,0,0,1,1
mccullough,0,1,0,1
mccuntface,0,1,0,1
mcd,6,0,9,15
mcdonald,14,71,72,157
mcdonalds,27,30,41,98
mcdondald,0,0,2,2
mcdonlads,0,0,2,2
mcdononalds,0,1,0,1
mcdouchebag,0,1,0,1
mcdougall,0,1,0,1
mcdowell,0,3,0,3
mcds,0,0,7,7
mcduck,0,4,1,5
mce,0,0,1,1
mcelhanny,1,0,0,1
mcfacto,1,4,3,8
mcfadden,0,0,1,1
mcfaggot,0,1,5,6
mcfagot,3,0,0,3
mcfagots,2,0,0,2
mcfarland,0,0,1,1
mcfarlane,6,6,11,23
mcfaybryce,1,0,0,1
mcfc,0,6,0,6
mcflurries,0,0,1,1
mcflurry,0,4,0,4
mcfly,2,5,15,22
mcfries,0,3,0,3
mcfrikin,0,1,0,1
mcg,4,0,0,4
mcgangbang,0,1,0,1
mcgarry,0,3,0,3
mcgassout,1,0,0,1
mcgee,0,0,1,1
mcgillivray,0,3,0,3
mcginnis,2,0,0,2
mcgoldrick,0,0,6,6
mcgonagall,0,0,6,6
mcgowan,5,0,23,28
mcgowen,0,0,7,7
mcgrath,1,11,19,31
mcgraw,1,0,34,35
mcgreggor,7,1,1,9
mcgregor,52,74,124,250
mcgregors,1,2,1,4
mcgregr,0,1,0,1
mcgriddle,0,1,0,1
mcguffin,3,0,0,3
mcguiness,0,0,1,1
mcguinnes,0,0,1,1
mcguire,1,4,7,12
mcguyver,0,5,0,5
mch,0,4,1,5
mchale,0,1,3,4
mchhhhh,0,1,0,1
mci,0,0,6,6
mcilroy,0,1,0,1
mcinnes,3,0,0,3
mcintyre,0,0,5,5
mckagan,0,12,0,12
mckeen,0,0,1,1
mckellar,0,1,0,1
mckenna,1,4,5,10
mckimie,0,0,3,3
mckinnon,1,17,17,35
mcklemore,0,1,0,1
mcknight,4,0,0,4
mclaine,0,0,2,2
mclaren,4,8,13,25
mclauren,1,0,0,1
mclean,1,0,0,1
mclellan,0,0,5,5
mcleod,0,2,0,2
mclovin,0,3,1,4
mclure,4,0,4,8
mcm,0,4,9,13
mcmahon,27,61,49,137
mcmahons,6,8,4,18
mcmann,0,0,1,1
mcmanus,0,2,0,2
mcmaster,0,2,3,5
mcmillian,0,0,1,1
mcmillians,0,0,1,1
mcmurty,1,0,0,1
mcn,0,7,0,7
mcnaldo,0,2,0,2
mcnamara,0,1,0,1
mcneal,0,0,1,1
mcnichol,0,4,0,4
mcnugget,7,1,0,8
mcnuggets,2,1,0,3
mcnulty,5,4,1,10
mcnuthugger,0,0,1,1
mcnuthuggers,0,0,1,1
mcountdown,1,8,5,14
mcpe,0,1,0,1
mcpeper,0,2,0,2
mcpepper,0,1,0,1
mcpepperface,5,6,0,11
mcqueen,0,2,4,6
mcr,9,2,6,17
mcrae,5,5,0,10
mcraes,0,5,0,5
mcree,0,1,0,1
mcreger,0,1,0,1
mcrib,0,1,2,3
mcrn,0,2,0,2
mcrumble,0,0,1,1
mcs,2,0,0,2
mcsethnasty,0,1,0,1
mcshane,0,0,7,7
mcspicy,0,1,0,1
mct,0,2,0,2
mctagget,1,0,0,1
mctapout,0,0,6,6
mctavish,0,1,0,1
mcu,12,5,20,37
mcveigh,0,0,6,6
mcvey,1,0,0,1
mcwhorter,0,0,1,1
md,0,13,19,32
mdarchodan,0,2,0,2
mdd,0,0,4,4
mdf,0,0,1,1
mdma,0,2,1,3
mdna,0,0,5,5
mdo,0,1,0,1
mdp,0,1,0,1
mdr,4,27,6,37
mdrr,0,2,1,3
mdrrr,0,2,0,2
mdrrrr,0,3,0,3
mdrrrrrr,0,1,0,1
mds,0,5,1,6
mdsss,0,2,0,2
mdsssss,0,1,0,1
mdwap,0,0,6,6
me,10532,13062,33043,56637
mea,1,2,1,4
meadia,2,0,0,2
meados,0,5,0,5
meadow,2,1,4,7
meadowhall,0,0,2,2
meads,0,0,4,4
meagan,0,0,5,5
meakup,0,1,0,1
meal,72,46,221,339
meals,12,27,141,180
mealtime,1,0,1,2
mealworm,0,0,3,3
meam,1,24,7,32
meams,0,3,4,7
mean,2360,4,2426,4790
meandering,0,0,1,1
meanders,0,3,1,4
meaner,0,0,4,4
meangirlsforthetony,0,2,0,2
meanie,2,31,11,44
meanies,0,0,1,1
meanigful,0,1,0,1
meaning,164,84,525,773
meaningful,5,0,141,146
meaningfull,0,0,1,1
meaningfully,0,0,5,5
meaningless,37,0,41,78
meaninglessness,0,0,6,6
meaningling,0,0,1,1
meaningoflife,0,0,4,4
meanings,6,2,28,36
meanly,0,0,1,1
meann,1,0,0,1
meannn,1,0,0,1
means,378,327,1216,1921
meant,177,236,513,926
meantime,2,0,15,17
meantioned,0,0,1,1
meanwhile,52,61,66,179
meany,3,1,0,4
meaow,0,3,0,3
mearch,0,2,3,5
mears,0,2,2,4
measles,0,0,5,5
measley,0,0,5,5
measly,4,0,0,4
meassure,0,7,0,7
measurable,0,0,3,3
measure,24,25,97,146
measured,17,10,40,67
measurement,9,1,20,30
measurements,9,24,31,64
measurer,0,0,1,1
measures,12,5,32,49
measureyopotato,0,2,0,2
measuring,14,12,36,62
meat,143,116,238,497
meatball,2,13,23,38
meatballlll,0,0,1,1
meatballs,3,14,9,26
meathead,0,2,0,2
meatheads,0,1,0,1
meatier,2,0,0,2
meatloaf,0,2,0,2
meats,4,3,27,34
meaty,11,2,1,14
meau,1,0,0,1
mebbe,0,1,0,1
meby,0,6,0,6
mec,0,7,2,9
meca,0,0,1,1
mecanico,0,1,0,1
mecca,0,4,22,26
meccamotors,0,1,0,1
mech,1,12,7,20
mecha,2,0,0,2
mechagamezilla,0,0,1,1
mecham,0,3,0,3
mechanic,9,5,8,22
mechanical,16,12,51,79
mechanically,1,2,0,3
mechanics,15,7,49,71
mechanism,14,12,44,70
mechanisms,7,0,8,15
mechanoid,4,0,0,4
mechas,0,0,1,1
mechie,0,1,0,1
mechincal,0,0,2,2
mechinism,1,0,0,1
mechs,1,2,1,4
mechy,0,1,0,1
mecmahon,0,1,0,1
mecs,0,1,0,1
mectric,0,2,0,2
mecurial,0,1,0,1
meczem,0,5,0,5
med,2,4,15,21
meda,0,2,0,2
medail,0,3,0,3
medal,6,13,34,53
medallion,0,1,0,1
medallions,1,0,5,6
medals,3,2,5,10
medditates,0,0,1,1
meddle,1,1,4,6
meddled,0,0,3,3
meddling,2,0,9,11
medea,1,1,0,2
medecin,0,0,1,1
medecine,1,0,0,1
medel,0,5,1,6
medela,0,0,10,10
medellin,0,1,0,1
medewerking,0,0,1,1
medi,0,0,6,6
media,331,140,859,1330
mediach,0,2,0,2
mediacorp,0,6,0,6
mediafire,0,3,0,3
medially,0,0,2,2
median,0,0,2,2
medians,0,0,1,1
mediante,0,1,0,1
medias,5,2,7,14
mediaset,0,1,0,1
mediate,0,3,0,3
mediatek,0,0,3,3
mediation,0,0,3,3
mediator,0,0,22,22
medic,3,0,2,5
medicaid,3,0,10,13
medical,91,31,235,357
medically,0,0,17,17
medicals,0,0,5,5
medicaments,0,0,1,1
medicant,2,0,0,2
medicare,4,13,11,28
medicated,1,0,1,2
medication,65,5,69,139
medications,8,0,26,34
medicin,0,1,1,2
medicinal,0,3,0,3
medicine,33,44,147,224
medicines,2,4,4,10
medics,0,1,2,3
medida,0,2,0,2
medidas,0,2,0,2
medie,5,1,0,6
medieval,14,11,12,37
medina,0,0,2,2
medine,0,2,0,2
medio,0,20,2,22
mediocer,0,0,1,1
mediocracy,0,2,0,2
mediocre,94,18,61,173
mediocridad,0,0,1,1
mediocrity,5,0,3,8
mediola,0,2,0,2
medios,0,2,0,2
medisins,1,0,0,1
meditan,0,1,0,1
meditate,0,17,15,32
meditating,0,0,1,1
meditation,1,4,11,16
meditations,1,0,0,1
meditative,0,0,3,3
mediterran,0,2,0,2
mediterranean,1,1,12,14
mediterranium,0,1,0,1
mediterrean,0,0,6,6
meditite,0,0,1,1
medium,42,30,118,190
mediums,2,0,5,7
medival,1,0,0,1
medjay,0,0,12,12
medjays,0,0,6,6
medley,6,2,16,24
medo,0,1,0,1
medotv,0,0,2,2
meds,38,12,65,115
medulla,0,0,5,5
medunamon,0,1,0,1
medusa,15,14,68,97
medway,0,5,0,5
mee,6,19,11,36
meebles,1,0,0,1
meechonmars,0,2,0,2
meechy,3,0,0,3
meed,0,5,0,5
meee,7,18,20,45
meeebbe,0,1,0,1
meeee,6,18,10,34
meeeee,1,9,9,19
meeeeee,1,8,11,20
meeeeeee,0,6,0,6
meeeeeeee,0,2,0,2
meeeeeeeee,3,1,0,4
meeeeeeeeeee,0,0,1,1
meeeeeeeeeeee,3,1,0,4
meeeeeeeeeeeee,0,1,0,1
meeeeeeeeeeeeeeeeeeee,0,2,0,2
meeeeeeeeeeeeeeeeeeeeeee,0,1,0,1
meeeeeeeeeeeeeeeeeeeeeeeeeeeeeeeeee,0,3,0,3
meeeeeeeeeeeeeeeeeeeeeeeeeeeeeeeeeeeeeeeeeeeeeeeeeeeeeeeeeeeeeeeeeeeeeeeeeeeeeeeeeeeeeeeeeeeeeeeeeeeeeeeeeeeeeeeeeeeeeeeeeeeeeeeeeeeeeeeeeeeeeeeeeeeeeeeeeeeeeeeeeeeeeeeeeeeeeeeeeeeeeeeeeeeeeeeeeeeeeee,0,2,0,2
meeeeeeeeeemes,1,0,0,1
meeeeeessssiiiiiiiii,0,1,0,1
meeeeehhhhhhhhhhhhhhhhhhhhhh,0,1,0,1
meeeeen,0,0,1,1
meeeegaaaa,0,1,0,1
meeega,0,1,0,1
meeehhh,0,4,0,4
meeelo,1,2,0,3
meeeow,0,5,0,5
meek,8,24,16,48
meeka,0,0,8,8
meeks,0,2,0,2
meeky,0,2,0,2
meelo,2,0,2,4
meemers,1,0,0,1
meen,1,2,4,7
meencantaa,0,1,0,1
meencantaaaa,0,1,0,1
meenho,0,2,0,2
meep,0,2,6,8
meer,0,8,6,14
meera,0,0,3,3
meereen,0,0,2,2
meerkat,1,0,0,1
meeseeks,4,3,0,7
meessies,0,1,0,1
meesssy,0,0,2,2
meester,0,5,1,6
meet,198,291,1051,1540
meeting,25,62,283,370
meetings,6,13,20,39
meets,39,44,78,161
meetup,0,20,6,26
meezygod,0,1,0,1
mefenamic,1,0,0,1
mefendi,0,2,0,2
meg,1,18,16,35
mega,45,57,119,221
megabits,0,1,0,1
megabyte,0,0,3,3
megabytes,5,0,2,7
megacake,0,1,0,1
megacovermrdoznimrdu,0,3,0,3
megademos,0,0,2,2
megadeth,1,0,1,2
megadrive,2,0,4,6
megalithic,0,0,9,9
megalomaniac,0,0,1,1
megaman,5,5,2,12
megamind,1,0,0,1
megaminx,0,6,3,9
megan,31,48,57,136
megann,2,0,0,2
megaphone,0,2,0,2
megaphones,0,0,5,5
megapixel,0,0,3,3
megapixels,0,0,10,10
megastache,0,1,0,1
megastores,0,4,0,4
megatherium,0,1,0,1
megatoad,0,0,2,2
megaton,0,0,9,9
megatons,1,0,0,1
megatron,0,0,2,2
megatrons,0,2,0,2
megavalance,4,0,0,4
megawatt,0,0,3,3
megawatts,0,21,0,21
megazord,0,1,4,5
megazords,0,0,1,1
megfelelo,0,1,0,1
megga,0,0,3,3
meggan,0,0,1,1
meghal,0,0,3,3
meghan,22,10,11,43
meglev,0,0,2,2
meglio,0,5,3,8
megor,0,1,0,1
megregor,0,2,1,3
megs,2,1,0,3
megunhatatlan,0,5,0,5
megusta,0,1,0,1
megustan,0,6,0,6
megyn,82,37,97,216
meh,68,189,228,485
mehdi,0,0,2,2
mehh,0,2,1,3
mehhh,0,1,1,2
mehhhhhh,0,1,0,1
mehhhhhhhhh,0,1,2,3
mehiko,0,1,0,1
mehirrrathod,0,1,0,1
mehmet,0,9,1,10
mehmeti,0,1,1,2
mehn,2,0,1,3
mehr,0,3,0,3
mehrem,0,5,0,5
mehz,0,0,1,1
mei,0,1,4,5
meia,0,3,0,3
meid,0,0,1,1
meiden,0,1,0,1
meijer,0,3,0,3
meijuu,0,3,0,3
meik,0,1,3,4
meikarta,0,0,1,1
meilleur,0,29,2,31
meilleure,0,3,1,4
meilleures,0,0,2,2
meilleurs,0,2,2,4
mein,3,18,0,21
meine,0,0,2,2
meiningsauberung,0,0,2,2
meio,0,9,2,11
meisje,0,4,1,5
meisjes,0,2,0,2
meister,0,9,0,9
meitaki,0,0,1,1
meith,0,0,1,1
meitner,0,1,0,1
meizu,1,0,0,1
mejai,4,0,0,4
mejoor,0,1,0,1
mejor,14,422,43,479
mejora,0,3,0,3
mejorando,0,5,0,5
mejorar,0,2,0,2
mejores,0,78,10,88
mejoro,0,5,0,5
mejorr,0,3,0,3
mejorvcanres,0,1,0,1
mejust,2,0,0,2
mek,1,3,0,4
meke,1,1,0,2
mekhi,0,0,2,2
mekren,0,1,0,1
mel,39,68,225,332
melafo,0,1,0,1
melafunk,0,1,0,1
melana,0,0,2,2
melanated,0,0,1,1
melancholic,0,1,2,3
melancholica,0,1,0,1
melancholy,5,6,10,21
melanesians,0,1,0,1
melani,0,0,3,3
melania,9,11,42,62
melanie,42,153,306,501
melanieeee,0,0,1,1
melanin,5,4,14,23
melaninated,0,0,3,3
melanine,0,3,0,3
melanir,0,3,0,3
melankoliskt,0,1,0,1
melanoma,0,2,2,4
melas,0,3,0,3
melatonin,0,0,9,9
melawear,0,0,2,2
melb,1,1,0,2
melben,0,1,1,2
melbern,1,1,0,2
melbin,0,5,0,5
melborn,0,1,0,1
melbourne,19,31,62,112
melbournian,1,0,1,2
melbourrne,0,0,1,1
melbs,1,0,0,1
melbun,0,1,0,1
melburn,0,8,1,9
melburrrn,0,1,0,1
melbuuuuuuuurn,0,1,0,1
melby,0,1,0,1
meld,5,0,2,7
melded,1,0,0,1
meledious,0,4,0,4
melee,3,2,6,11
melein,0,2,0,2
melendez,0,9,0,9
melhor,0,81,12,93
melhorar,0,1,0,1
melhores,0,10,0,10
melike,1,0,0,1
melilla,0,0,1,1
melina,0,0,1,1
melinated,1,0,1,2
melinda,17,4,7,28
melineal,0,1,0,1
melion,0,0,1,1
melisa,0,1,0,1
melisandre,0,1,1,2
melissa,5,13,20,38
melizza,0,0,2,2
melk,0,2,2,4
mell,0,3,0,3
mellick,3,0,0,3
mellisani,0,2,0,2
mellll,5,0,0,5
melllllttttttiiiinnnnggggg,0,4,0,4
mello,0,0,6,6
mellomonday,0,1,0,1
mellow,5,2,28,35
mellowing,0,1,0,1
mellows,0,0,6,6
melman,1,0,0,1
melo,5,6,10,21
melod,0,2,0,2
melodia,0,3,1,4
melodias,0,1,0,1
melodic,0,12,13,25
melodie,1,4,0,5
melodies,9,6,33,48
melodious,0,0,2,2
melodrama,7,0,0,7
melodramatic,4,1,1,6
melody,18,46,166,230
melodyned,0,0,1,1
melodys,0,3,1,4
melodyy,0,0,1,1
melon,7,25,26,58
melonboy,0,1,0,1
meloni,0,12,4,16
melonlady,0,0,4,4
melons,3,16,12,31
meloooonn,0,1,0,1
melories,0,1,0,1
melos,2,0,0,2
melt,9,54,100,163
meltdown,4,6,8,18
meltdowns,0,0,1,1
melted,26,32,61,119
melter,0,0,7,7
meltin,0,0,1,1
melting,10,16,41,67
melton,0,0,6,6
melts,17,37,47,101
melville,0,7,1,8
melvinbarry,0,0,3,3
melvinhtx,0,1,0,1
melwood,0,6,0,6
mema,0,3,0,3
memaht,0,1,0,1
membeli,0,0,1,1
member,38,59,165,262
members,117,43,283,443
membership,28,1,28,57
memberships,0,0,4,4
membrane,5,0,22,27
membranes,0,0,3,3
meme,53,235,129,417
memebadboy,0,1,0,1
memeber,0,1,0,1
memed,2,3,4,9
memedaddy,0,0,1,1
memefied,0,0,1,1
memeing,0,0,4,4
memememe,0,1,0,1
mememememe,1,0,0,1
memememememememememem,0,1,0,1
memengyu,0,3,0,3
memento,0,5,3,8
mementos,0,0,5,5
memeolicious,0,1,0,1
memepool,0,5,0,5
memerello,0,1,0,1
memers,2,0,0,2
memes,37,105,102,244
memesocool,0,2,0,2
memetic,4,0,0,4
memey,2,1,0,3
memeys,0,1,0,1
memim,0,0,1,1
memmorable,0,0,1,1
memmorably,0,0,1,1
memo,7,4,19,30
memoir,3,0,4,7
memoirs,0,1,3,4
memor,0,4,0,4
memorabilia,0,0,1,1
memorable,0,0,84,84
memoria,0,4,0,4
memorial,7,10,14,31
memoriam,1,1,0,2
memorian,0,1,0,1
memorie,1,0,2,3
memories,62,56,401,519
memoriessss,0,0,1,1
memoriesssss,0,2,0,2
memorise,3,0,4,7
memorised,1,0,0,1
memorising,1,0,0,1
memorium,0,2,1,3
memorization,1,0,8,9
memorize,2,7,22,31
memorized,3,0,13,16
memorizing,2,4,4,10
memory,76,40,233,349
memorys,2,1,0,3
memoulous,0,1,0,1
memphis,10,14,33,57
mems,0,0,1,1
memver,0,0,1,1
men,926,348,1319,2593
mena,0,8,2,10
menace,4,1,24,29
menacing,2,0,2,4
menager,0,3,0,3
menarevictimstoo,0,0,2,2
menarik,0,0,1,1
menat,0,1,0,1
mencanta,0,2,0,2
mencanto,0,1,0,1
menchi,1,2,4,7
menchie,2,25,11,38
menchies,0,0,1,1
menchy,0,1,0,1
mencie,1,0,0,1
menciona,0,3,0,3
mencionada,0,1,0,1
mencionan,0,1,0,1
mencionar,6,0,5,11
menclok,0,1,0,1
mend,0,0,11,11
mended,0,0,1,1
mendeeeees,0,2,0,2
mendels,0,0,3,3
mendes,6,30,20,56
mendesarmy,0,6,0,6
mendez,0,2,6,8
mending,0,0,5,5
mendingxiaomi,0,1,0,1
mendler,0,1,0,1
mendoza,0,1,0,1
mendukung,0,0,1,1
menduo,0,0,1,1
mendy,1,59,26,86
mendys,0,4,0,4
mendyyyyyyy,0,10,0,10
menearse,0,1,0,1
menentukan,0,0,1,1
menes,0,3,0,3
mengele,0,0,5,5
mengingatkanku,0,0,1,1
menial,1,0,7,8
menikmati,0,1,0,1
meninas,0,2,0,2
meninggal,0,18,0,18
meningitis,1,1,0,2
meninist,0,0,3,3
menino,0,10,0,10
meninos,0,1,0,1
meniscus,1,0,3,4
menjadi,0,1,0,1
menkantasss,0,1,0,1
menkanto,0,2,0,2
menly,0,0,1,1
meno,0,7,8,15
menopause,0,0,10,10
menor,0,2,2,4
menorca,0,0,1,1
menorrhagia,1,0,0,1
menos,6,61,0,67
menospreciar,0,2,0,2
menossssss,0,1,0,1
menoy,0,1,0,1
menpan,0,0,1,1
menphis,0,2,0,2
mens,13,1,28,42
mensa,1,13,0,14
mensagem,0,2,0,2
mensaje,0,10,2,12
menschen,0,0,1,1
mensen,0,5,1,6
menses,1,0,0,1
mensheid,0,1,0,1
menso,0,3,0,3
menssa,1,0,0,1
menstridol,1,0,0,1
menstrual,0,3,14,17
menstruating,6,0,5,11
menstruation,6,0,7,13
ment,14,17,25,56
menta,0,0,8,8
mentado,0,3,0,3
mental,475,3,736,1214
mentalement,0,1,0,1
mentalhealthmatters,0,1,0,1
mentalillness,3,0,0,3
mentalit,0,0,1,1
mentalities,0,0,4,4
mentality,34,8,86,128
mentall,0,0,1,1
mentallity,1,0,0,1
mentallt,1,0,0,1
mentally,175,0,150,325
mentary,1,0,0,1
mente,0,21,0,21
mentes,2,0,0,2
menthal,1,0,0,1
mention,246,139,606,991
mentiond,0,1,0,1
mentioned,149,100,544,793
mentionedattack,0,0,1,1
mentioning,17,37,60,114
mentions,27,26,53,106
mentira,0,2,0,2
mentiras,0,1,0,1
mentor,8,0,29,37
mentored,0,0,2,2
mentos,3,2,5,10
mentre,0,5,0,5
mentry,0,0,3,3
ments,2,1,0,3
mentuoned,0,0,1,1
menu,18,19,38,75
menudo,3,23,27,53
menue,0,1,0,1
menurut,0,0,1,1
menus,0,2,6,8
menyuguhkan,0,0,1,1
menz,0,0,3,3
menzies,0,5,0,5
menzione,0,0,1,1
meo,0,5,0,5
meok,0,1,0,1
meokbang,0,0,3,3
meolli,0,4,0,4
meon,0,1,1,2
meonghani,0,1,0,1
meoooow,0,5,0,5
meoreojin,0,2,0,2
meorletmedescend,0,0,1,1
meow,19,67,85,171
meowed,0,2,0,2
meowing,4,7,4,15
meowmeow,0,3,0,3
meownth,0,0,2,2
meows,0,3,29,32
meowwww,0,1,0,1
meowwwwwww,0,1,0,1
meowz,0,0,2,2
mer,0,3,5,8
mera,0,4,0,4
merangue,0,7,0,7
meraviglioso,0,1,0,1
meravigliosooooooo,5,0,0,5
mercado,5,3,1,9
mercari,1,4,7,12
mercarti,0,1,0,1
mercator,4,0,0,4
mercd,0,1,0,1
merce,0,1,0,1
mercedes,0,7,3,10
mercen,0,1,0,1
mercenaries,0,0,2,2
mercenarios,0,1,0,1
mercenary,1,5,7,13
mercer,0,8,0,8
mercers,0,0,1,1
merch,75,226,144,445
merchandies,0,1,0,1
merchandise,2,14,49,65
merchandiser,0,0,1,1
merchandising,0,0,2,2
merchant,0,15,17,32
merchants,2,0,0,2
merchhhhh,0,1,0,1
merci,0,77,48,125
mercians,0,1,0,1
mercier,0,14,8,22
merciful,1,0,10,11
mercifully,2,0,0,2
merciless,1,0,0,1
mercilessly,4,0,0,4
mercin,0,0,2,2
mercinary,0,0,5,5
mercs,0,0,8,8
mercuial,0,1,0,1
mercurial,0,10,5,15
mercurials,0,1,3,4
mercury,10,26,35,71
mercy,33,41,65,139
mercyyy,0,0,1,1
merda,0,11,0,11
merdaaaaaa,0,1,0,1
merde,2,11,6,19
merdique,0,2,0,2
mere,26,1,23,50
merec,0,2,0,2
merece,0,23,5,28
mereceia,0,5,0,5
merecen,0,4,1,5
merecer,0,3,0,3
mereces,0,2,1,3
mereci,0,8,0,8
merecia,0,1,0,1
merecida,0,1,0,1
merecido,0,14,0,14
meredith,10,7,0,17
mereka,0,2,20,22
merell,0,3,5,8
merely,67,0,50,117
merengue,0,4,4,8
merengues,0,4,2,6
mereses,0,1,0,1
merf,0,1,0,1
merge,7,5,6,18
merged,5,1,10,16
merger,8,5,3,16
merhaba,0,1,1,2
merica,2,19,18,39
merican,0,1,1,2
mericans,3,1,0,4
merida,2,6,9,17
meridava,0,4,0,4
meridian,0,0,1,1
meringue,9,9,13,31
meringues,0,0,10,10
merit,9,3,13,25
merita,5,7,0,12
meritando,0,1,0,1
meritata,0,3,0,3
meritato,0,0,1,1
meritava,0,26,0,26
meriterebbe,0,1,0,1
merites,2,0,0,2
merits,14,14,11,39
merk,3,3,0,6
merkal,0,0,7,7
merked,0,1,0,1
merkel,3,5,0,8
merkels,0,0,6,6
merken,0,6,0,6
merkezi,0,2,0,2
merky,0,9,5,14
merle,0,6,2,8
merlin,4,3,31,38
merlot,0,0,5,5
merlyn,0,1,0,1
mermai,1,0,0,1
mermaid,36,53,82,171
mermaids,6,5,3,14
mermaind,0,1,0,1
merman,0,3,2,5
mermelada,2,0,0,2
mermen,0,1,0,1
mero,0,15,7,22
meros,2,11,0,13
merosot,0,1,0,1
merp,4,0,0,4
merral,0,0,3,3
merrel,0,14,4,18
merrell,4,29,24,57
merrels,0,1,0,1
merrick,0,3,2,5
merrissey,0,0,1,1
merritt,0,7,0,7
merrrhn,0,1,0,1
merry,1,13,9,23
mersal,0,0,1,1
merseyside,1,0,0,1
merstery,0,1,0,1
mertasacker,0,4,0,4
merte,0,0,1,1
mertens,0,7,2,9
mertersacker,0,0,1,1
mertersecker,0,5,0,5
mertesacker,8,24,27,59
mertesaker,0,0,3,3
merveille,0,3,2,5
merveilleuse,0,1,0,1
merxh,0,1,0,1
meryemcann,0,1,0,1
meryl,6,14,9,29
merzs,3,0,0,3
mes,13,33,2,48
mesa,0,0,1,1
mesage,2,0,0,2
mesai,0,1,0,1
mesaj,0,2,0,2
mesdi,0,1,0,1
meseeks,0,4,0,4
mesela,0,0,1,1
meself,1,6,1,8
meses,0,15,2,17
mesh,15,15,63,93
meshed,0,0,5,5
meshes,0,0,2,2
meshica,0,0,1,1
meshican,0,0,1,1
meshing,1,0,1,2
meshington,0,1,0,1
meshki,0,4,2,6
mesho,0,2,2,4
meshuggah,0,3,4,7
mesii,0,3,0,3
mesil,0,2,0,2
mesis,0,4,0,4
mesma,1,2,0,3
mesmerise,0,0,2,2
mesmerised,0,1,0,1
mesmerising,1,1,7,9
mesmerized,7,5,11,23
mesmerizing,7,1,55,63
mesmo,0,18,5,23
mesmoo,0,3,0,3
mesmorising,0,0,2,2
mesmorizrd,0,1,0,1
mesoamerican,1,0,2,3
meson,0,1,0,1
mesopotamians,0,0,1,1
mesothelioma,0,0,1,1
mess,313,0,412,725
messa,2,0,0,2
message,155,109,805,1069
messaged,0,0,1,1
messager,0,1,0,1
messages,57,19,102,178
messaging,0,0,10,10
messai,0,1,0,1
messania,0,0,1,1
messed,104,79,172,355
messeges,12,0,0,12
messene,0,0,1,1
messenger,2,6,13,21
messengers,1,0,5,6
messenia,0,0,1,1
messenian,0,0,6,6
messenians,0,2,1,3
messes,20,11,11,42
messi,73,421,281,775
messiah,4,0,9,13
messianic,1,0,0,1
messichan,0,5,0,5
messier,0,0,6,6
messiiii,0,0,1,1
messilona,0,0,7,7
messily,0,0,1,1
messin,0,2,2,4
messiness,0,0,1,1
messing,48,27,40,115
messinin,0,8,0,8
messis,0,0,1,1
messo,0,11,0,11
messsssiii,0,4,0,4
messures,0,0,1,1
messy,57,0,58,115
messyourself,0,2,0,2
mest,0,1,0,1
mestizo,0,1,0,1
mesure,2,0,0,2
mesuring,0,0,1,1
mesut,1,38,26,65
mesutcum,0,1,0,1
met,121,167,559,847
meta,5,6,30,41
metabolic,1,0,0,1
metabolism,11,10,9,30
metabolize,1,0,0,1
metabolized,3,0,0,3
metacritic,6,0,1,7
metade,0,4,0,4
metailler,0,2,0,2
metal,65,109,175,349
metalcore,4,0,1,5
metalhead,0,0,1,1
metalheads,1,0,0,1
metalheadz,0,0,1,1
metalic,0,1,1,2
metalica,0,1,1,2
metalik,0,1,0,1
metall,0,0,1,1
metallic,3,11,36,50
metallica,10,35,57,102
metallicaaaaaaaaaaaaaaaaaaaaaaaaaaaaaa,0,1,0,1
metallicaone,0,1,0,1
metallicas,0,0,1,1
metallics,3,0,0,3
metalligaga,0,0,1,1
metallurgy,0,0,1,1
metalphores,0,0,3,3
metalpica,0,1,0,1
metals,2,5,7,14
metamorpho,0,0,1,1
metamorphosis,0,2,0,2
metan,0,5,0,5
metanse,0,1,0,1
metaphor,21,10,59,90
metaphore,0,0,1,1
metaphores,0,1,0,1
metaphoric,0,0,1,1
metaphorical,5,5,13,23
metaphorically,0,6,1,7
metaphors,16,1,36,53
metaphysical,5,0,2,7
metaphysics,0,0,6,6
metar,0,0,1,1
metas,0,1,0,1
metcalf,0,0,3,3
mete,0,14,1,15
meteen,0,0,1,1
metellica,0,1,0,1
metemos,0,1,0,1
meten,0,8,4,12
metendo,0,3,0,3
meteor,4,2,3,9
meteora,0,0,3,3
meteorite,0,1,0,1
meteorites,0,0,2,2
meteorito,0,1,0,1
meteorological,0,0,8,8
meteorologist,1,0,1,2
meter,10,55,33,98
metera,0,0,5,5
meterial,0,1,1,2
meterle,0,4,0,4
meterme,0,1,0,1
meters,19,11,24,54
meterse,0,5,0,5
metformin,0,6,7,13
meth,22,31,20,73
methadone,0,0,1,1
methamphetamine,0,1,0,1
methane,3,0,5,8
methaporically,1,0,0,1
methinks,0,6,5,11
method,43,76,189,308
methodical,2,0,2,4
methodist,0,0,2,2
methodology,5,0,5,10
methods,9,5,69,83
meti,0,8,0,8
meticulous,0,0,9,9
meticulously,0,0,11,11
metido,0,1,0,1
metidos,0,9,0,9
metiendo,0,3,0,3
metier,0,4,0,4
metieron,1,3,0,4
metinler,0,3,0,3
metio,0,8,0,8
metion,2,0,0,2
metioned,2,0,0,2
metis,2,0,0,2
metline,0,3,0,3
metmorfin,0,0,1,1
meto,0,1,0,1
metodd,1,0,0,1
metokour,0,0,1,1
metokur,0,0,1,1
metoo,0,2,2,4
metrallin,0,4,0,4
metre,0,0,6,6
metres,0,3,0,3
metric,8,25,20,53
metrics,3,14,0,17
metriiic,0,5,0,5
metro,14,8,32,54
metroboomin,0,1,0,1
metrobudivnykiv,1,0,0,1
metroid,1,2,1,4
metrology,0,0,1,1
metropole,0,1,2,3
metropolis,4,3,1,8
metropolitan,0,0,9,9
metropolitano,0,2,4,6
metros,0,0,1,1
metrosexual,0,0,1,1
metrosexuals,0,0,2,2
metrotown,0,0,1,1
mets,0,9,2,11
metta,0,2,0,2
mette,1,0,0,1
mettent,0,0,2,2
metter,0,1,0,1
metti,0,1,0,1
mettle,2,0,0,2
mettono,0,1,0,1
mettre,1,4,1,6
meu,2,73,12,87
meucci,0,0,4,4
meudies,0,1,0,1
meuf,0,1,0,1
meundies,0,2,1,3
meunier,0,4,0,4
meus,0,17,0,17
meva,0,1,0,1
mevcuttur,0,3,0,3
mever,0,0,1,1
mew,0,9,4,13
mewanna,0,1,0,1
meww,0,1,0,1
mex,0,1,6,7
mexasian,0,1,0,1
mexcain,0,0,3,3
mexi,0,0,1,1
mexican,58,106,153,317
mexicana,0,13,4,17
mexicano,0,3,0,3
mexicanos,0,11,2,13
mexicans,13,22,56,91
mexicas,0,0,1,1
mexichangos,0,2,0,2
mexico,125,223,323,671
mexicocity,0,0,5,5
mexicooo,0,0,1,1
mexicorules,0,1,0,1
mexicuntz,1,0,0,1
mexidan,0,2,0,2
mexiscum,0,0,3,3
mexxxxmo,0,1,0,1
mey,0,1,0,1
meyer,1,0,3,4
meyerland,0,0,4,4
meyers,33,24,32,89
mez,0,6,0,6
mezcla,0,3,0,3
mezclar,0,1,0,1
mezclaron,0,0,2,2
mezelf,0,0,1,1
mezia,0,0,2,2
mezquina,0,1,0,1
mezzi,0,7,0,7
mezzo,0,3,0,3
mf,51,41,48,140
mfbfr,1,0,0,1
mfc,0,4,4,8
mfckn,0,1,0,1
mfer,0,2,1,3
mfers,1,0,0,1
mfg,0,1,0,1
mfing,1,0,0,1
mfkin,0,4,0,4
mfkr,2,0,1,3
mfkrs,2,0,7,9
mfn,0,3,1,4
mforwil,0,2,1,3
mfr,1,0,0,1
mfs,13,2,10,25
mftp,0,0,5,5
mfucker,0,0,2,2
mfuckin,0,1,0,1
mfw,0,5,5,10
mg,3,22,26,51
mga,3,9,11,23
mgk,21,39,69,129
mgkn,0,1,0,1
mgl,0,2,0,2
mgm,2,2,6,10
mgmt,4,14,24,42
mgn,0,0,3,3
mgne,0,3,0,3
mgone,0,0,1,1
mgregger,0,1,0,1
mgs,1,24,11,36
mgsv,0,0,2,2
mgt,1,0,0,1
mgtow,3,3,10,16
mgusto,0,2,0,2
mgx,0,4,0,4
mh,1,0,8,9
mha,0,0,2,2
mhd,0,1,0,1
mhh,0,0,1,1
mhhhh,0,1,0,1
mhjkgfsr,0,1,0,1
mhl,0,1,0,1
mhm,0,2,3,5
mhmmm,1,1,2,4
mhmmmmmm,0,3,0,3
mhz,0,1,2,3
mi,49,696,168,913
mia,7,64,32,103
miaaaaaaauuuuuuuu,0,1,0,1
miacare,0,0,4,4
miagrace,0,0,3,3
miah,0,0,1,1
miami,43,17,39,99
mianhae,0,1,1,2
mianite,0,2,0,2
miaou,0,6,0,6
miar,0,2,0,2
miasanmia,0,7,0,7
miasma,0,0,1,1
miasto,0,2,0,2
miata,0,2,0,2
miau,0,5,0,5
mibalik,0,2,0,2
mic,80,139,171,390
mica,0,1,0,1
micah,0,0,2,2
miccarty,3,0,0,3
micdrop,1,0,1,2
mice,27,12,76,115
micelar,6,0,0,6
micellaire,0,0,5,5
micellar,5,17,18,40
miceys,0,0,6,6
mich,0,31,5,36
michaeal,0,0,7,7
michael,141,324,594,1059
michaela,0,1,3,4
michaelfinch,0,0,2,2
michaeli,0,2,0,2
michaeljackson,0,1,0,1
michaeljacksoninconcert,0,1,0,1
michaella,0,1,0,1
michaels,6,7,15,28
michal,0,2,1,3
michale,0,2,1,3
michals,0,1,0,1
miche,4,2,0,6
michea,0,0,1,1
micheal,18,48,49,115
micheals,2,3,0,5
michealwearsmac,0,1,0,1
michel,0,5,4,9
michelada,0,1,0,1
michelan,0,1,0,1
michele,1,3,10,14
michelin,8,0,5,13
michelle,16,57,124,197
michels,0,1,0,1
michelson,0,0,2,2
michgarsha,0,0,3,3
michi,0,8,8,16
michigan,7,1,32,40
michin,0,1,0,1
michio,0,0,1,1
michiru,4,8,8,20
michl,0,0,2,2
michles,0,1,0,1
michy,11,15,80,106
michyi,0,0,4,4
michys,0,6,0,6
michyyyyy,0,0,2,2
micigan,0,0,5,5
micin,0,1,0,1
mick,4,1,8,13
mickael,1,1,0,2
mickey,75,99,95,269
mickie,0,9,13,22
mickkie,0,1,0,1
micky,1,16,3,20
mico,0,3,0,3
micobes,3,0,0,3
micr,0,1,0,1
micro,39,21,59,119
microaggressions,0,0,1,1
microbe,3,9,0,12
microbes,3,9,20,32
microbial,0,0,3,3
microbiology,1,0,1,2
microbiome,4,6,24,34
microbiomes,0,0,1,1
microbiota,0,0,2,2
microblade,0,0,1,1
microbladed,0,8,6,14
microblading,0,7,11,18
microbs,0,1,0,1
microchip,2,0,0,2
microchiped,0,0,3,3
microchips,0,0,2,2
microcosm,0,0,1,1
microfone,0,1,0,1
microgynon,8,6,23,37
micronelle,3,0,0,3
micronesians,0,1,0,1
microns,0,0,1,1
microorganisms,1,1,1,3
microphiles,0,0,1,1
microphone,14,51,72,137
microphones,4,10,51,65
micropistolaputa,0,1,0,1
microplane,0,0,1,1
microprocessors,0,0,1,1
micros,2,0,1,3
microscope,1,0,9,10
microscopes,0,0,1,1
microscopic,2,1,5,8
microscopy,0,0,2,2
microsd,3,1,0,4
microseconds,0,0,4,4
microsoft,24,25,49,98
microtans,0,0,1,1
microtonal,0,3,0,3
microtransaction,7,2,0,9
microtransactions,22,9,19,50
microtransations,1,0,0,1
microtubules,0,0,3,3
microverse,0,1,0,1
microwave,19,41,36,96
microwaveable,0,0,1,1
microwaved,0,6,1,7
microwaves,0,2,2,4
microwaving,0,0,1,1
micrsoft,0,2,0,2
mics,12,8,85,105
mid,56,63,177,296
mida,0,1,1,2
midas,0,3,3,6
midday,12,0,2,14
midde,0,4,3,7
middel,1,0,1,2
middle,289,328,639,1256
middlebrow,1,0,0,1
middleditch,0,0,1,1
middleeasterner,2,0,0,2
middlejews,0,0,1,1
middlemarch,0,0,4,4
middlemen,0,0,1,1
middles,0,8,1,9
middlesbrough,0,6,6,12
middlesburg,0,1,0,1
middleton,1,3,7,11
middleweight,6,0,12,18
mideast,0,0,4,4
midern,0,0,1,1
mideval,0,0,2,2
midfield,21,16,110,147
midfielder,5,11,18,34
midfielders,14,5,29,48
midfilders,0,0,4,4
midfle,1,0,0,1
midget,5,14,16,35
midgets,3,0,6,9
midgley,0,0,2,2
midi,9,12,22,43
midichlorians,0,1,0,1
midichlorified,0,0,7,7
midifield,0,8,0,8
midjet,1,0,0,1
midland,0,0,8,8
midler,0,0,1,1
midlife,1,1,4,6
midline,0,1,0,1
midnight,4,41,59,104
midnite,0,0,3,3
mido,0,4,0,4
midriff,0,0,1,1
mids,0,0,1,1
midseason,6,0,0,6
midst,9,1,26,36
midtable,0,0,1,1
midterm,3,4,0,7
midterms,0,0,12,12
midtown,4,0,0,4
midway,1,2,17,20
midweek,15,3,18,36
midwest,10,4,7,21
midwestern,2,0,2,4
midwife,2,1,30,33
midwifery,0,0,5,5
midwinter,0,0,12,12
midwive,0,0,1,1
midwives,0,1,1,2
mie,0,7,0,7
mieci,0,2,0,2
miedo,0,23,1,24
mieeennn,0,0,4,4
miej,0,4,0,4
miejsca,0,2,0,2
miejscu,0,2,0,2
mieli,0,7,0,7
mienfoo,0,0,8,8
miente,0,5,0,5
mienten,0,1,1,2
mientras,2,13,5,20
mier,0,1,0,1
mierd,0,1,0,1
mierda,31,218,2,251
mierdaaa,0,2,0,2
mierdas,0,3,0,3
mierdxxxxx,0,1,0,1
mierrdaaa,0,1,0,1
miesi,0,4,4,8
mieszkaj,0,3,0,3
mieux,6,14,3,23
miffed,4,0,1,5
mifflin,0,3,0,3
mig,0,2,0,2
migdnight,0,2,0,2
migel,0,0,6,6
might,840,460,2391,3691
mighta,0,0,4,4
mightier,0,1,0,1
mightily,0,0,1,1
mighty,5,0,106,111
mightyduck,0,0,1,1
mightymouse,0,0,2,2
migliore,1,5,0,6
migliori,0,1,0,1
mignolet,0,0,11,11
mignon,5,2,0,7
mignonnes,0,0,1,1
migo,1,7,9,17
migogang,0,1,0,1
migos,24,65,42,131
migraine,7,0,3,10
migraines,22,0,9,31
migrains,1,0,0,1
migranes,5,0,0,5
migrant,14,1,12,27
migrants,3,5,21,29
migrate,1,6,0,7
migrated,1,4,0,5
migrating,1,0,1,2
migration,1,0,2,3
migrations,0,0,2,2
migratory,0,0,3,3
migrosta,0,3,0,3
migtow,0,2,0,2
miguel,1,35,1,37
miguire,0,0,1,1
migurl,0,0,1,1
miight,0,0,1,1
miiiiiiind,0,1,0,1
miiiiiind,0,1,0,1
miiiiind,0,1,0,1
miiiilk,0,1,0,1
miis,0,0,5,5
miitopia,2,0,0,2
miiverse,1,0,3,4
mij,0,33,5,38
mija,0,2,0,2
mijada,0,1,0,1
mijn,3,90,24,117
mijo,2,0,3,5
mika,0,5,0,5
mikael,0,0,1,1
mikaela,0,2,6,8
mikaella,0,1,0,1
mikala,0,0,1,1
mikalah,0,1,2,3
mikayla,0,3,3,6
mike,243,367,859,1469
mikedrop,3,0,0,3
mikeeeyy,0,0,2,2
mikeish,0,3,0,3
mikel,0,1,0,1
mikes,0,14,13,27
mikewillmadeit,0,2,0,2
mikey,12,35,30,77
mikha,0,0,1,1
mikhail,1,0,0,1
mikhy,1,0,0,1
miki,0,0,1,1
mikie,0,0,2,2
mikirin,0,0,1,1
mikkel,0,0,1,1
mikkelsen,0,1,0,1
mikko,0,1,0,1
mikkwily,0,0,2,2
miklun,0,1,0,1
mikne,0,3,0,3
mikrafon,0,1,0,1
mikrafonu,0,1,0,1
mikrofon,0,2,0,2
mikrofonu,0,1,0,1
miks,0,1,0,1
miku,0,4,0,4
mil,67,265,164,496
mila,3,9,18,30
milagro,0,7,0,7
milan,1,4,22,27
milani,2,14,26,42
milanista,0,5,0,5
milano,0,1,1,2
milburn,0,0,2,2
mild,7,0,93,100
milder,1,0,3,4
mildly,14,1,24,39
mildred,0,0,5,5
mildreds,0,0,7,7
mildy,0,0,1,1
mile,28,35,56,119
mileage,2,0,8,10
mileeeey,0,0,1,1
mileena,0,1,0,1
milena,0,0,1,1
milenial,2,0,0,2
milenio,0,5,0,5
milenium,0,0,2,2
milennials,0,1,0,1
mileon,0,2,0,2
milers,0,0,3,3
miles,77,79,115,271
milestone,3,6,33,42
milestones,0,0,2,2
mileven,0,8,5,13
miley,80,173,247,500
mileys,1,3,6,10
mileyyy,0,1,0,1
mileyyyy,0,1,0,1
milf,7,21,10,38
milfest,0,2,0,2
milforwil,1,1,2,4
milfs,0,1,0,1
milfy,0,5,0,5
milgrom,0,2,0,2
milh,0,2,0,2
milhouse,0,3,0,3
mili,0,5,0,5
milia,0,0,4,4
milik,0,5,0,5
milion,1,17,0,18
milioni,0,5,0,5
milions,0,1,0,1
militant,0,0,3,3
militaries,1,0,6,7
militarization,1,0,7,8
militarized,3,0,8,11
military,244,6,248,498
militay,0,4,0,4
militia,7,1,32,40
militias,10,0,1,11
miliy,0,0,1,1
miljoen,0,1,0,1
milk,164,256,496,916
milka,0,1,0,1
milkandhotsaucesodomy,0,1,0,1
milke,0,2,0,2
milked,6,1,16,23
milkin,0,0,2,2
milking,5,14,11,30
milkman,0,0,1,1
milks,0,1,6,7
milkshake,0,15,17,32
milkshakes,2,8,7,17
milkway,0,1,0,1
milky,0,10,46,56
milkyway,0,3,2,5
mill,33,133,87,253
millam,1,0,0,1
millan,1,0,6,7
millapiede,0,1,0,1
millard,0,5,0,5
millas,0,1,0,1
millatary,0,1,0,1
millen,0,0,1,1
milleneal,1,0,0,1
millenia,0,0,1,1
millenial,0,8,1,9
millenials,7,14,10,31
millenium,2,2,5,9
millennia,7,4,8,19
millennial,16,18,24,58
millennials,10,4,19,33
millennium,1,7,24,32
millenniums,0,1,0,1
miller,5,26,18,49
millercarson,5,0,1,6
millers,0,0,1,1
milley,0,0,1,1
milli,5,41,2,48
milliamp,2,1,0,3
milliard,0,5,0,5
millie,0,29,39,68
milliecookies,0,0,1,1
milliers,1,0,0,1
milligan,0,2,0,2
milligrams,0,4,0,4
milliiiiiiiiii,0,1,0,1
milliions,0,0,1,1
milliliters,1,0,0,1
millilitres,0,4,0,4
millimeters,1,0,1,2
milling,0,2,1,3
millio,1,0,0,1
milliom,0,1,0,1
million,354,1052,1015,2421
millionair,1,0,0,1
millionaire,48,13,66,127
millionaires,10,2,32,44
millionare,5,0,1,6
millionarios,0,3,0,3
millioncomingsoon,0,0,1,1
millionen,0,2,0,2
millionn,0,1,0,1
millionnnn,0,1,0,1
millions,176,123,413,712
millionsubscribers,0,1,0,1
millionth,1,10,4,15
millipede,0,1,0,1
millisecond,1,0,8,9
milliseconds,0,1,0,1
millitary,1,0,3,4
millitos,0,1,0,1
millivolts,1,0,0,1
milll,0,2,0,2
millli,0,3,0,3
milllion,0,0,1,1
milllionnnn,0,1,0,1
milllioooooooooon,0,1,0,1
millll,0,1,0,1
milllll,0,3,0,3
milllllllll,0,8,0,8
millllllllll,0,2,0,2
milllllllllllllllllllllllll,0,4,0,4
milllllllllyunnnnn,0,0,1,1
millon,4,21,4,29
millonarios,0,75,9,84
millones,6,38,1,45
millonesdecracks,0,3,0,3
millons,0,3,0,3
millonsitos,0,1,0,1
millor,0,1,0,1
millos,0,23,0,23
milloz,0,3,0,3
mills,9,6,13,28
millsey,0,0,4,4
millshake,0,3,0,3
millwall,12,16,11,39
milly,5,10,14,29
millyyy,0,1,0,1
milna,0,1,0,1
milner,6,3,8,17
milo,15,18,15,48
milon,0,2,0,2
milquetoast,1,1,0,2
miltary,0,0,1,1
milton,6,5,18,29
milviews,0,1,0,1
milwaukee,2,0,3,5
mily,0,0,2,2
milychannel,0,3,0,3
mim,0,3,28,31
mimado,0,5,0,5
mimaloo,0,0,5,5
mimar,0,3,0,3
mime,0,3,3,6
mimi,4,3,5,12
mimic,2,2,28,32
mimick,4,0,2,6
mimicked,1,0,0,1
mimicking,1,1,10,12
mimics,6,0,22,28
mimikyu,4,0,0,4
mimimi,9,0,0,9
mimo,0,15,2,17
mimosa,1,0,0,1
mimosas,2,0,0,2
min,118,159,272,549
mina,8,45,25,78
minaa,0,1,0,1
minaaa,0,1,0,1
minaaaa,0,2,0,2
minaj,13,38,37,88
minamilist,0,0,7,7
minari,0,2,1,3
minarii,0,2,0,2
minariiiiiiii,0,1,0,1
minas,0,1,0,1
minat,0,1,0,1
minatour,0,0,1,1
minatwice,0,0,2,2
minbie,0,0,3,3
mince,0,3,0,3
minced,0,0,1,1
mincer,0,0,4,4
minchia,0,1,0,1
minchin,0,0,4,4
minchione,0,1,0,1
mincraft,0,3,1,4
mind,689,543,1983,3215
mindblow,0,1,0,1
mindblowing,0,2,13,15
mindblown,0,3,4,7
mindblownineedthis,0,1,0,1
minddddddddddddddddd,0,0,1,1
minde,0,0,1,1
minded,54,7,108,169
mindedness,1,0,3,4
minder,0,0,1,1
minders,3,0,0,3
mindfield,0,0,1,1
mindframe,0,1,0,1
mindfuck,1,1,2,4
mindfucked,0,2,0,2
mindfucker,0,0,1,1
mindfucks,1,0,0,1
mindful,0,0,1,1
mindfull,0,0,2,2
mindfulness,0,4,2,6
mindgame,0,0,1,1
mindhackerzabir,0,0,3,3
mindhunter,0,0,7,7
minding,4,0,14,18
mindless,43,1,26,70
mindlessly,4,0,0,4
minds,68,33,143,244
mindset,13,7,57,77
mindsets,0,0,1,1
mindwipe,0,1,0,1
mindy,2,3,2,7
mine,217,284,942,1443
mineblow,0,2,0,2
minecraft,13,88,84,185
minecrafters,2,0,0,2
minecrafts,0,0,3,3
minecrap,0,0,1,1
minectaft,0,1,0,1
mined,0,1,7,8
minedog,0,1,0,1
mineee,0,0,1,1
mineeee,0,0,1,1
minefield,0,4,0,4
minehsaft,0,1,0,1
mineli,0,0,1,1
minelli,5,0,7,12
minemen,0,1,0,1
mineoz,2,0,0,2
miner,0,33,11,44
mineral,9,2,27,38
minerals,9,0,30,39
minerva,0,0,1,1
mines,10,10,18,38
mineshaft,0,0,2,2
minesweeper,1,0,1,2
ming,0,3,7,10
minge,0,9,1,10
minggu,0,1,1,2
minggyu,0,3,0,3
minghao,4,6,8,18
minging,0,0,7,7
mingle,1,0,0,1
mingled,0,0,1,1
mingolet,0,0,5,5
mingsol,0,3,0,3
mingyu,2,19,15,36
minha,2,57,2,61
minhas,0,2,0,2
minhaz,0,0,4,4
minho,1,18,0,19
minhyuk,1,0,1,2
minhyun,0,1,1,2
mini,126,232,438,796
minians,0,1,0,1
miniatura,0,8,2,10
miniature,5,0,17,22
miniaturize,0,0,2,2
minibie,0,0,1,1
minicab,0,0,24,24
minicabs,0,0,5,5
miniclips,1,0,0,1
minideforce,0,0,2,2
minie,0,8,0,8
minifig,1,0,0,1
minifigs,0,9,5,14
minifigures,0,1,0,1
minifood,0,2,0,2
minigame,5,2,7,14
minigames,4,25,14,43
minigolf,0,1,0,1
miniiiii,0,0,2,2
miniiiiiii,4,0,0,4
miniiiiiiii,0,0,2,2
minima,0,2,0,2
minimal,17,0,131,148
minimalism,2,3,19,24
minimalist,0,10,23,33
minimalista,0,1,0,1
minimalistic,1,4,15,20
minimalkah,0,3,0,3
minimally,0,0,1,1
minimap,0,0,1,1
miniminter,12,25,20,57
miniminters,0,1,0,1
minimiter,0,0,1,1
minimize,4,9,9,22
minimized,0,0,3,3
minimizes,0,0,3,3
minimizing,7,0,3,10
minimnter,0,1,0,1
minimum,29,13,59,101
minimun,0,0,1,1
mining,1,5,14,20
miningfull,1,0,0,1
mininu,0,1,0,1
minion,7,10,4,21
minions,0,17,16,33
minireacts,0,3,0,3
minis,6,3,8,17
miniscule,0,0,9,9
miniserie,1,0,0,1
miniseries,4,11,27,42
miniskirt,3,0,0,3
miniskirts,0,3,0,3
miniso,0,1,0,1
minister,19,22,37,78
ministered,0,0,1,1
ministers,15,0,1,16
ministry,7,4,10,21
minit,0,2,1,3
minite,0,4,0,4
miniute,0,4,1,5
minivans,0,1,0,1
miniverse,0,3,1,4
mink,2,0,3,5
minke,8,11,15,34
minki,0,3,0,3
minkie,3,0,0,3
minkowski,0,0,12,12
minky,0,3,0,3
minmatar,0,0,1,1
minn,0,0,1,1
minne,0,7,0,7
minneapolis,1,4,2,7
minnesota,3,14,50,67
minnesotans,0,0,1,1
minnesotians,0,0,1,1
minnetonka,0,1,0,1
minney,0,0,1,1
minni,0,3,2,5
minnie,16,84,37,137
minniecat,4,0,0,4
minnit,0,1,0,1
minnons,0,1,0,1
minnows,0,0,8,8
minny,2,4,0,6
mino,0,2,1,3
minocycline,0,0,1,1
minogue,0,1,1,2
minor,28,0,74,102
minore,1,0,0,1
minorities,35,6,43,84
minority,31,22,59,112
minors,0,0,1,1
minoseghez,0,1,0,1
minovio,0,1,0,1
mins,77,94,271,442
minset,6,0,0,6
minstrel,1,0,0,1
minstry,0,0,1,1
mint,214,82,100,396
mintbarry,0,3,0,3
mintberry,0,5,0,5
minted,0,0,1,1
mints,1,4,6,11
mintster,0,1,0,1
minttt,0,1,0,1
mintues,1,0,3,4
mintus,0,1,0,1
minty,2,0,0,2
minuet,2,0,7,9
minuets,4,4,3,11
minuit,0,0,2,2
minunat,0,3,0,3
minus,28,0,45,73
minuscule,1,1,5,7
minutae,0,0,3,3
minute,230,283,707,1220
minuteads,0,4,0,4
minutebollocks,4,0,0,4
minuteearth,0,2,22,24
minutefeces,0,4,0,4
minutehurt,0,1,0,1
minutely,0,0,1,1
minuten,0,1,0,1
minutep,0,0,5,5
minutephysics,2,6,7,15
minutes,406,393,1008,1807
minutesearth,0,0,1,1
minutest,0,0,5,5
minutex,0,1,0,1
minuti,0,2,1,3
minutia,0,0,4,4
minutiae,0,0,4,4
minuto,1,69,6,76
minutos,0,28,0,28
minuts,0,0,1,1
minx,4,1,2,7
minxes,1,0,0,1
miny,0,3,0,3
minzy,0,0,4,4
mio,6,34,4,44
mionix,0,4,1,5
miooooo,0,1,0,1
mior,1,0,0,1
miqela,0,1,0,1
miquela,0,2,4,6
mir,20,24,1,45
mira,5,16,1,22
miracle,30,14,64,108
miracles,5,5,40,50
miracolasludy,0,1,0,1
miracouls,0,1,0,1
miracously,0,0,6,6
miraculous,0,16,9,25
miraculously,0,1,7,8
mirad,0,1,0,1
mirada,0,3,1,4
miradaaaaaaaa,0,1,0,1
miradas,0,1,0,1
miradry,1,3,0,4
mirae,1,0,0,1
mirage,0,4,6,10
mirages,0,0,2,2
mirala,0,1,0,1
miramar,0,1,0,1
mirame,7,0,0,7
miramos,0,2,0,2
miran,0,4,0,4
miranda,11,103,95,209
mirandaaa,0,1,0,1
mirandas,0,2,2,4
mirandasings,0,7,3,10
mirando,0,5,0,5
mirar,0,1,0,1
mirarla,0,7,0,7
miraron,0,3,0,3
miras,0,3,0,3
mirate,0,1,0,1
mirch,0,1,1,2
mirco,0,0,2,2
mire,1,1,2,4
miren,1,11,0,12
mirena,1,0,12,13
mirenesse,0,0,6,6
mires,0,1,0,1
mirfanda,0,0,1,1
miriad,0,0,1,1
miriam,0,0,1,1
mirielle,1,0,0,1
mirinda,14,2,0,16
mirip,0,3,2,5
miroir,0,2,0,2
miror,1,0,1,2
mirowave,0,0,1,1
mirren,0,0,1,1
mirrior,3,0,0,3
mirrir,0,4,0,4
mirror,259,108,510,877
mirrored,0,1,6,7
mirroring,3,0,1,4
mirrorish,0,0,5,5
mirrorless,1,5,0,6
mirrors,14,7,32,53
mirrtor,1,0,0,1
mirvaso,1,0,0,1
miryo,0,3,0,3
mis,13,123,63,199
misadventure,1,0,0,1
misandrist,1,1,0,2
misandrous,0,0,6,6
misanthrope,0,7,0,7
misanthropes,0,0,3,3
misanthropist,0,0,4,4
misapplication,1,0,1,2
misappropriated,1,0,0,1
misattribution,0,0,1,1
misawa,0,0,4,4
misbehave,2,0,2,4
misbehaving,0,0,3,3
misbehavior,1,0,0,1
misbehaviour,0,0,1,1
miscalculate,0,0,3,3
miscalculation,0,0,1,1
miscarriage,2,3,4,9
miscarriages,0,2,4,6
miscarried,0,0,2,2
miscast,5,0,1,6
miscavige,0,0,1,1
miscellaneous,1,0,0,1
miscellar,0,0,1,1
mischevious,0,0,1,1
mischief,0,2,10,12
mischien,0,0,1,1
mischievious,0,0,2,2
mischievous,3,0,3,6
miscidos,0,1,0,1
misclick,0,0,3,3
miscommunication,0,0,1,1
misconceived,3,0,0,3
misconception,9,2,11,22
misconceptions,0,0,14,14
misconduct,0,0,2,2
misconstrue,0,0,3,3
misconstrued,0,0,1,1
miscreants,1,0,0,1
misdeeds,0,0,1,1
misdiagnosed,0,0,1,1
misdirected,7,0,4,11
misdirection,2,0,14,16
mise,0,7,0,7
miseducation,0,0,1,1
miserable,82,0,38,120
miserables,0,0,4,4
miserably,8,0,4,12
miseries,0,2,2,4
misery,22,13,30,65
mises,0,0,2,2
misfire,1,0,5,6
misfired,1,0,0,1
misfit,1,0,1,2
misfits,1,4,10,15
misfortune,4,0,1,5
misfortunes,1,0,0,1
misgendered,1,0,0,1
misguide,0,0,3,3
misguided,12,0,46,58
misguidedly,1,0,0,1
misguidedus,0,0,3,3
misguiding,0,3,0,3
mish,0,16,0,16
misha,1,2,3,6
mishandled,0,0,1,1
mishap,0,2,4,6
mishaps,2,0,0,2
mishear,0,0,4,4
misheard,0,4,7,11
mishearing,0,1,0,1
mishen,0,1,0,1
mishkin,1,0,0,1
misi,0,2,0,2
misic,0,0,5,5
misidentifying,0,1,0,1
misin,0,1,3,4
misinformation,3,2,13,18
misinformed,4,0,6,10
misinforming,0,1,0,1
misiniz,0,2,0,2
misinterpret,2,0,4,6
misinterpretation,0,0,3,3
misinterpreted,0,0,11,11
mision,0,3,0,3
misjudging,0,0,3,3
miskin,0,2,0,2
miskito,0,0,1,1
mislabeled,0,0,4,4
mislabeling,0,0,1,1
mislead,2,1,13,16
misleading,28,21,50,99
misli,0,1,0,1
mism,0,0,1,1
misma,2,10,2,14
mismanaged,2,1,0,3
mismanagement,0,0,7,7
mismarketed,0,0,3,3
mismas,0,4,0,4
mismatch,1,1,5,7
mismatched,0,1,1,2
mismo,2,57,5,64
mismos,0,13,1,14
misnomer,0,5,3,8
miso,1,18,53,72
misoginy,0,0,2,2
misogynic,0,0,1,1
misogynist,6,6,3,15
misogynistic,16,1,7,24
misogynists,1,0,3,4
misogyny,7,0,7,14
misomato,0,3,0,3
misomelangyny,0,0,5,5
misophonia,0,0,2,2
misoppertunity,0,0,1,1
misopportune,3,0,0,3
mispelled,0,0,1,1
mispellings,1,0,0,1
mispells,0,0,1,1
misplaced,6,0,8,14
misplacing,2,0,0,2
misprint,0,0,1,1
mispronounce,0,0,3,3
mispronounced,1,2,4,7
mispronounces,1,4,0,5
mispronouncing,2,2,0,4
mispronouned,0,1,0,1
misqitos,2,0,0,2
misquitoes,2,0,0,2
misquote,0,3,0,3
misquotes,0,3,0,3
misread,1,3,8,12
misreading,6,0,6,12
misremembering,6,0,0,6
misreporting,1,0,0,1
misrepresent,0,1,3,4
misrepresentation,0,0,1,1
misrepresented,0,0,2,2
misrepresenting,1,0,0,1
misrule,11,2,5,18
miss,372,1102,1990,3464
missa,1,0,0,1
missancio,0,1,0,1
missandei,0,1,0,1
misschien,1,2,1,4
missd,0,1,0,1
missed,283,509,1055,1847
missedddddddddddd,0,0,1,1
missen,0,1,0,1
misses,18,47,78,143
missguided,4,4,43,51
missha,0,0,12,12
missheard,0,0,3,3
missile,32,51,63,146
missiles,5,4,19,28
missin,0,1,7,8
missing,423,23,510,956
missingyou,0,0,1,1
mission,49,28,68,145
missionary,0,0,2,2
missions,13,1,27,41
missis,0,1,0,1
mississauga,0,0,2,2
mississippi,7,0,8,15
mississippies,0,1,0,1
missle,0,4,0,4
missleading,3,0,0,3
missles,0,0,2,2
missoma,10,2,0,12
missoni,0,0,3,3
missoula,0,0,2,2
missouri,3,0,18,21
misspell,1,1,0,2
misspelled,3,6,6,15
misspellign,0,1,0,1
missremiashten,0,1,1,2
misss,0,0,4,4
misssd,0,1,0,1
misssed,0,0,1,1
missssssseedddddd,0,0,1,1
missssssss,0,1,0,1
misstate,3,0,0,3
misstepped,0,0,2,2
missundaztood,0,0,1,1
missus,15,1,6,22
missy,7,2,15,24
mist,9,9,50,68
mista,0,0,1,1
mistac,0,1,0,1
mistake,134,89,201,424
mistaken,18,18,26,62
mistakenly,2,0,5,7
mistakes,50,21,191,262
mistakesthis,0,5,0,5
mistaking,1,0,0,1
mistakingly,0,0,5,5
misteak,0,0,1,1
mister,5,12,21,38
misterb,0,1,0,1
mistereus,0,0,1,1
misterio,1,1,0,2
misterious,0,0,1,1
mistery,0,1,5,6
mistic,0,0,1,1
misticismo,1,0,0,1
misting,0,2,0,2
mistletoad,0,0,4,4
mistook,0,4,4,8
mistranslate,0,0,1,1
mistranslated,0,0,1,1
mistreated,1,0,11,12
mistreating,0,0,3,3
mistreatment,1,0,8,9
mistress,0,10,9,19
mistrust,4,0,0,4
mistrusted,0,0,1,1
mistrz,0,1,0,1
mistrze,0,1,0,1
mistrzostwo,0,3,0,3
mists,6,0,0,6
misty,0,3,11,14
misu,0,1,2,3
misunderstand,0,7,6,13
misunderstanding,4,1,12,17
misunderstandings,0,0,4,4
misunderstood,6,5,25,36
misunderstoond,0,1,0,1
misury,1,0,0,1
misuse,3,4,2,9
misuses,0,3,0,3
misusing,0,0,1,1
mit,1,17,16,34
mitad,0,14,2,16
mitbekommt,0,6,0,6
mitch,72,195,198,465
mitche,2,0,0,2
mitchel,0,0,1,1
mitchele,0,0,1,1
mitchell,0,19,19,38
mitchenberg,1,0,0,1
mitches,0,0,1,1
mitchhhh,0,3,0,3
mitchie,2,1,5,8
mitchs,1,0,3,4
mitchum,1,0,3,4
mitchy,5,9,18,32
mitchyfruit,0,0,1,1
mite,1,2,2,5
mites,0,5,4,9
mitglieder,0,0,4,4
mith,0,1,0,1
mithoulagy,0,0,1,1
mithrain,0,3,0,3
mithrainden,0,5,0,5
mithzan,0,1,0,1
mitigate,4,0,1,5
mitigates,0,2,0,2
mitll,0,1,0,1
mitm,4,0,0,4
mito,0,9,2,11
mitochondria,0,1,0,1
mitodan,0,3,0,3
mitos,0,1,0,1
mitra,0,0,1,1
mitral,0,0,1,1
mitrocondria,0,1,0,1
mitski,0,0,3,3
mitsubishi,0,5,1,6
mitt,3,8,2,13
mittels,1,0,0,1
mitten,0,0,1,1
mitty,3,1,0,4
mitzvah,0,0,5,5
miusic,0,0,1,1
miutes,5,0,0,5
mived,0,1,0,1
mix,213,127,566,906
mixcloud,0,0,1,1
mixd,0,1,0,1
mixe,0,0,2,2
mixed,78,78,195,351
mixedequalssheakeeper,0,0,1,1
mixer,8,23,38,69
mixers,1,9,11,21
mixes,2,3,20,25
mixing,36,25,92,153
mixmag,0,0,1,1
mixology,0,0,1,1
mixtape,8,42,12,62
mixte,0,4,0,4
mixter,0,0,6,6
mixture,7,30,55,92
mixtures,0,0,1,1
mixty,0,0,1,1
mixup,1,2,0,3
miya,0,2,0,2
miyagi,0,0,9,9
miyamoto,1,0,3,4
miyazaki,0,1,0,1
miyazono,0,8,0,8
miydi,0,2,0,2
miyim,0,6,0,6
miyitos,0,2,0,2
miyos,0,1,0,1
miyoz,2,3,0,5
miz,7,28,25,60
miztourage,0,2,0,2
mizuhara,0,2,0,2
mj,12,25,24,61
mjch,0,0,2,2
mjjjjjjjjjjj,0,1,0,1
mk,22,71,46,139
mkan,0,1,0,1
mkay,4,11,7,22
mkayla,1,0,0,1
mkb,0,0,5,5
mkbhd,12,81,72,165
mkbhomark,0,2,0,2
mkdbh,0,3,0,3
mkdrugs,0,1,0,1
mkes,0,0,1,1
mkgxujh,0,4,0,4
mkhbd,0,0,3,3
mkhbhd,0,0,1,1
mkhd,0,0,2,2
mkhitaryan,8,6,6,20
mkhtaryan,7,0,0,7
mki,3,0,0,3
mkobehd,0,4,0,4
mkultra,1,1,0,2
mkv,0,0,1,1
mkvies,0,0,6,6
mkx,0,0,4,4
mkxl,0,1,0,1
ml,8,0,7,15
mla,0,1,1,2
mlar,0,8,1,9
mlaren,0,2,0,2
mlb,1,1,2,4
mldtf,0,0,2,2
mleau,0,0,5,5
mleri,0,2,0,2
mlfie,0,0,1,1
mlg,0,1,2,3
mlk,4,8,9,21
mllllp,0,1,0,1
mllp,0,1,0,1
mlm,0,0,3,3
mln,0,5,2,7
mlp,10,40,73,123
mlpizawesome,0,3,0,3
mls,0,0,6,6
mm,25,39,56,120
mma,59,46,148,253
mmahaajdhsddjmcksnc,0,1,0,1
mmatchsticks,0,1,0,1
mmc,2,0,0,2
mmerfrauen,0,0,1,1
mmfwcl,0,0,3,3
mmg,0,1,0,1
mmh,5,3,0,8
mmhhh,0,4,0,4
mmhhhmmm,0,1,0,1
mmhhmm,0,0,2,2
mmhhyy,0,1,0,1
mmhmm,0,4,0,4
mmi,0,0,4,4
mmiz,1,0,0,1
mmj,0,0,1,1
mmk,0,0,1,1
mmkay,2,0,1,3
mmkn,0,2,0,2
mmm,5,54,64,123
mmmaaaaaaaaaasteeeeeeeerrpieeeeceeeeeeee,0,1,0,1
mmmaaaaannnnnn,0,2,0,2
mmmaaaaatttthhhhsssss,1,0,0,1
mmmehh,0,1,0,1
mmmh,1,0,1,2
mmmhmm,0,0,3,3
mmmhmmmm,1,0,0,1
mmmk,0,0,2,2
mmmm,2,25,38,65
mmmmh,0,2,0,2
mmmmhm,0,1,0,1
mmmmm,10,33,25,68
mmmmmh,0,3,0,3
mmmmmhmmpph,1,0,0,1
mmmmmm,3,7,16,26
mmmmmman,0,1,0,1
mmmmmmanbearpig,0,1,0,1
mmmmmmgmt,0,1,0,1
mmmmmmm,0,4,4,8
mmmmmmmm,0,1,0,1
mmmmmmmmarzia,0,1,0,1
mmmmmmmmm,0,0,1,1
mmmmmmmmmmm,0,3,2,5
mmmmmmmmmmmmmm,0,6,0,6
mmmmmmmmmmmmmmmmm,0,7,0,7
mmmmmmmmmmmmmmmmmm,0,1,0,1
mmmmmmph,0,1,0,1
mmmmmnnnm,0,0,4,4
mmmmmoooooooorrrrrrrrrreeeeeee,0,1,0,1
mmmmooosssseeeessss,0,2,0,2
mmmmuah,0,1,0,1
mmmmuuuuuuurrrrsssss,0,1,0,1
mmo,8,2,6,16
mmorpg,0,0,2,2
mmpr,0,0,1,1
mmrrow,0,1,0,1
mmrxmissmaly,2,0,0,2
mms,0,2,0,2
mmt,0,0,1,1
mmyes,0,0,1,1
mmyyyy,0,2,0,2
mmyyyyy,0,0,7,7
mn,8,26,11,45
mna,0,0,1,1
mnc,0,0,2,2
mne,0,0,5,5
mneh,0,1,0,1
mnemonic,1,1,7,9
mnemonics,0,0,4,4
mnet,1,3,9,13
mnie,0,47,1,48
mniejsze,0,2,0,2
mnm,1,4,0,5
mnmt,0,0,2,2
mnostwo,0,2,0,2
mnot,0,0,1,1
mnotsure,0,0,1,1
mnt,0,2,2,4
mnth,0,0,1,1
mo,56,196,140,392
moa,0,1,0,1
moaaaanaaaaaaaaa,0,4,0,4
moaaaar,0,0,1,1
moab,0,4,1,5
moahahahaha,0,4,0,4
moakes,0,7,0,7
moan,11,10,55,76
moana,7,53,39,99
moaned,0,1,1,2
moaners,0,2,0,2
moaning,52,12,22,86
moaninho,0,0,1,1
moans,3,3,15,21
moany,6,0,14,20
moar,2,23,3,28
moat,0,3,2,5
mob,43,34,39,116
mobb,2,3,5,10
mobbed,1,1,1,3
mobbin,0,1,0,1
mobbing,1,0,0,1
mobe,0,1,0,1
mobie,0,1,0,1
mobil,0,5,1,6
mobile,52,81,74,207
mobiles,2,6,2,10
mobility,4,14,9,27
mobius,0,1,1,2
moblie,0,1,0,1
mobo,0,3,0,3
mobs,0,0,5,5
mobster,2,9,6,17
mobsters,1,0,2,3
mobus,0,0,1,1
moby,4,5,0,9
moc,0,3,0,3
moca,0,1,2,3
moccasin,0,3,1,4
moccasins,1,3,1,5
moch,0,2,0,2
mocha,0,12,2,14
mochacho,0,1,0,1
moche,0,5,1,6
mochi,0,6,11,17
mochine,0,0,1,1
mochis,0,0,1,1
mochrie,1,0,0,1
mocht,0,1,2,3
mock,28,19,26,73
mockasin,1,25,2,28
mocked,5,2,30,37
mockers,0,0,1,1
mockery,5,5,5,15
mockinbird,0,4,0,4
mocking,39,9,38,86
mockingbird,9,33,58,100
mockingbirds,1,0,0,1
mockingjay,2,0,4,6
mocks,10,6,10,26
mockumentary,0,1,0,1
mocnego,0,2,0,2
mocno,0,4,0,4
mocny,0,2,0,2
mocnych,0,2,0,2
moco,0,1,0,1
mocosoft,0,1,0,1
mod,13,2,45,60
moda,1,8,5,14
modal,0,1,0,1
modas,0,1,0,1
modcloth,0,0,2,2
modda,0,1,0,1
modded,0,8,14,22
mode,110,137,297,544
modeepodge,0,1,0,1
model,120,168,497,785
modele,0,0,3,3
modeled,2,1,1,4
modeling,5,9,37,51
modelling,0,4,18,22
modelo,2,3,0,5
models,39,20,123,182
moderate,22,0,29,51
moderated,0,3,0,3
moderately,0,1,12,13
moderating,0,0,2,2
moderation,3,2,19,24
moderatly,4,0,0,4
moderator,0,0,11,11
moderators,1,0,0,1
moderfakers,0,0,1,1
moderm,0,0,2,2
modern,100,7,584,691
modernist,0,0,1,1
modernity,0,0,2,2
modernize,0,1,2,3
modernized,4,0,5,9
moderno,0,1,1,2
moderns,0,0,1,1
moderntryhards,0,0,1,1
moders,0,0,1,1
modes,14,3,31,48
modest,1,0,38,39
modesta,0,0,1,1
modestly,0,0,6,6
modesto,0,0,6,6
modesty,0,1,8,9
modi,0,2,1,3
modicum,2,0,3,5
modificado,0,1,0,1
modification,3,5,10,18
modifications,1,0,6,7
modified,12,14,36,62
modifier,0,5,0,5
modifies,1,0,0,1
modify,2,9,25,36
modifying,0,0,1,1
moding,0,1,0,1
moditas,0,1,0,1
modjo,1,0,0,1
modo,2,10,2,14
modonna,0,0,1,1
modor,0,1,0,1
modos,0,4,1,5
modric,0,3,11,14
mods,7,14,21,42
modular,0,1,5,6
modulate,0,0,2,2
modulation,2,0,0,2
modulator,0,6,1,7
module,10,0,1,11
modulo,0,7,0,7
modus,0,0,9,9
mody,0,0,1,1
moe,0,2,7,9
moebius,0,1,0,1
moeder,0,2,1,3
moederkoek,0,1,0,1
moeeny,0,1,0,1
moeilijker,0,1,0,1
moelleken,0,0,1,1
moeners,0,1,0,1
moers,0,0,2,2
moesby,0,1,0,1
moesha,0,2,0,2
moest,0,2,0,2
moet,1,14,2,17
moeten,0,2,0,2
mofaya,0,2,0,2
mofcker,0,0,4,4
moffat,0,4,7,11
moffet,0,1,0,1
mofi,0,1,0,1
mofo,22,10,20,52
mofoo,0,1,0,1
mofos,1,0,3,4
mofuckers,0,3,0,3
mog,0,20,0,20
moga,0,0,1,1
moge,0,0,1,1
mogen,0,0,2,2
mogg,0,1,1,2
moggies,0,0,2,2
mogli,0,3,0,3
mogliby,0,3,0,3
mogul,9,4,2,15
mogulpaedophile,0,0,6,6
moguls,1,0,0,1
mogwai,0,1,1,2
moh,0,6,0,6
mohabbat,0,0,1,1
mohair,0,0,1,1
moham,1,0,0,1
mohamed,1,0,4,5
mohammad,1,1,10,12
mohammed,3,12,10,25
mohammedan,0,6,0,6
mohawk,1,2,4,7
mohs,0,1,1,2
mohst,2,0,0,2
moi,15,47,21,83
moich,0,5,0,5
moience,0,0,2,2
moified,0,0,2,2
moim,0,2,0,2
moin,1,5,0,6
moins,2,7,6,15
moio,0,3,0,3
moira,2,0,1,3
moire,4,0,0,4
mois,1,8,0,9
moist,21,29,11,61
moistening,0,1,0,1
moister,0,1,0,1
moisture,1,11,56,68
moisturer,0,0,4,4
moisturise,0,3,6,9
moisturised,0,0,5,5
moisturiser,4,10,26,40
moisturisers,0,4,1,5
moisturising,0,0,19,19
moisturize,5,10,37,52
moisturized,0,1,9,10
moisturizer,5,10,130,145
moisturizers,0,1,9,10
moisturizing,2,1,17,20
moito,0,2,0,2
moive,3,3,4,10
moives,1,0,3,4
moj,0,11,0,11
moja,0,11,0,11
mojang,0,0,6,6
moje,0,4,0,4
mojego,0,2,0,2
mojej,0,8,0,8
moji,0,0,1,1
mojito,0,1,9,10
mojitoooooo,0,2,0,2
mojo,3,11,2,16
mojordy,7,0,0,7
mokeem,0,1,0,1
mokr,0,2,0,2
mola,0,1,0,1
molar,2,5,1,8
molasses,0,5,0,5
mold,14,6,20,40
molded,2,1,4,7
molding,0,0,5,5
moldova,0,2,0,2
moldovan,0,1,0,1
molds,10,15,24,49
moldy,0,0,7,7
mole,5,14,24,43
molecular,3,3,11,17
molecule,5,0,1,6
molecules,0,2,7,9
moleman,3,0,1,4
moleques,0,6,0,6
moles,0,5,0,5
molest,0,9,6,15
molesta,0,6,0,6
molestan,0,1,0,1
molestandoo,0,1,0,1
molestation,0,1,5,6
molested,14,6,16,36
molester,9,4,4,17
molesters,0,7,2,9
molesting,8,6,20,34
molestor,0,1,0,1
molestors,0,0,1,1
molestoso,0,1,0,1
molests,0,3,0,3
moleuneun,0,1,0,1
molineux,0,1,6,7
mollie,0,1,5,6
mollied,0,0,1,1
mollies,1,0,0,1
mollify,1,0,0,1
molly,36,57,65,158
mollybravo,0,1,0,1
mollycoddles,0,1,0,1
mollys,0,0,1,1
mollyxlogey,1,0,0,1
molotovs,0,0,1,1
molt,4,0,0,4
molten,11,0,2,13
moltissime,0,1,0,1
molto,0,16,1,17
moly,3,20,22,45
mom,423,617,1353,2393
moma,0,1,4,5
moman,0,1,0,1
momazo,0,4,0,4
momba,3,1,0,4
mombladderissues,0,0,4,4
momencie,0,2,0,2
moment,379,329,1295,2003
momentarily,4,0,9,13
momentary,0,0,10,10
momento,0,54,13,67
momentos,0,9,0,9
moments,97,27,391,515
momentss,0,1,0,1
momentum,7,6,45,58
momey,0,1,0,1
momeys,0,1,0,1
momi,0,5,0,5
momlife,0,7,0,7
momma,8,35,66,109
mommah,0,0,6,6
mommas,1,2,5,8
mommeent,0,1,0,1
momment,5,0,0,5
momments,0,0,1,1
mommies,13,2,4,19
momming,0,0,2,2
mommmmmm,0,1,0,1
mommy,7,42,156,205
mommyhood,0,0,3,3
mommytard,0,0,7,7
momo,5,36,23,64
momoa,3,3,1,7
momofuku,1,4,4,9
momont,0,0,1,1
momoring,0,5,0,5
momos,0,2,0,2
momoz,0,1,0,1
moms,36,61,115,212
momsview,0,0,5,5
momtember,0,0,18,18
momth,0,0,1,1
momy,0,1,3,4
mon,96,125,205,426
mona,1,23,11,35
monaco,0,6,4,10
monadoboyz,0,1,0,1
monae,0,5,1,6
monami,0,0,8,8
monarch,0,0,3,3
monarchs,1,0,0,1
monarchy,1,2,13,16
monas,0,1,0,1
monayyyyy,2,0,0,2
monbebe,0,0,2,2
monchy,0,1,0,1
moncton,0,0,1,1
moncuso,0,1,0,1
mond,0,1,0,1
mondale,0,1,0,1
monday,28,45,136,209
mondaymotivation,0,1,0,1
mondays,2,4,9,15
monde,0,22,3,25
mondiali,0,5,0,5
mondo,0,6,0,6
mone,0,3,0,3
moneey,0,0,1,1
monella,1,0,0,1
monesters,1,0,0,1
monet,0,0,6,6
monetarily,0,0,1,1
monetarios,0,3,0,3
monetary,9,1,4,14
monetisation,5,0,0,5
monetise,5,0,1,6
monetised,0,2,1,3
monetization,1,0,3,4
monetize,1,1,15,17
monetized,4,2,12,18
monetizes,0,1,1,2
monetizing,2,1,4,7
moneu,0,0,1,1
money,1374,841,3045,5260
moneyhungry,0,0,3,3
moneyman,0,0,2,2
moneymoves,0,1,3,4
moneys,1,4,5,10
moneyyyy,0,1,0,1
moneyyyyyy,1,0,0,1
moneyyyyyyy,0,0,2,2
moneyz,0,1,2,3
monfils,0,2,0,2
mong,3,6,2,11
monga,0,1,0,1
mongeau,0,1,0,1
mongeaus,0,3,0,3
monger,0,3,0,3
mongering,8,7,7,22
mongers,6,0,3,9
mongled,2,0,0,2
mongol,0,0,1,1
mongolia,0,2,5,7
mongolian,0,5,0,5
mongolica,0,2,0,2
mongoloid,2,0,4,6
mongoloided,1,0,0,1
mongrel,0,0,4,4
mongrels,0,0,1,1
mongs,1,8,1,10
mongulla,0,0,1,1
mongy,1,0,0,1
moni,0,0,1,1
monica,9,17,49,75
monicl,0,5,0,5
monie,0,1,0,1
moniece,0,4,2,6
monies,0,2,8,10
monika,0,0,4,4
moniker,1,0,0,1
monique,3,0,22,25
monistable,0,1,0,1
monitized,1,0,0,1
monitizes,1,0,0,1
monitor,13,28,115,156
monitored,0,0,1,1
monitoring,1,3,11,15
monitors,2,13,82,97
monja,0,11,4,15
monk,2,12,2,16
monke,0,1,0,1
monkeeeees,0,0,1,1
monkees,0,0,11,11
monkey,130,0,86,216
monkeying,0,1,0,1
monkeys,66,131,104,301
monkeysss,0,1,0,1
monki,5,2,0,7
monkier,0,0,2,2
monks,1,2,0,3
monky,2,0,0,2
monn,0,0,1,1
monney,0,1,0,1
monnezza,1,0,0,1
monnezzari,1,0,0,1
monnickdam,0,1,0,1
monnnnnths,0,1,0,1
mono,5,7,10,22
monoatomic,0,0,1,1
monochromatic,0,2,5,7
monochrome,0,0,7,7
monocle,15,24,19,58
monocoque,1,0,0,1
monoculture,1,0,1,2
monocultures,0,0,2,2
monogamous,0,0,10,10
monogenuous,0,0,1,1
monogramed,1,0,0,1
monokuma,0,0,3,3
monolgue,0,0,1,1
monolid,5,0,0,5
monolith,0,0,6,6
monolithic,0,0,5,5
monolithsoft,0,0,1,1
monolog,0,0,4,4
monologue,15,12,11,38
monologues,0,0,5,5
monomyth,0,0,1,1
mononoke,0,1,0,1
monopolies,3,0,13,16
monopolio,0,2,0,2
monopolistic,0,0,4,4
monopolized,0,0,4,4
monopoly,22,41,48,111
monos,4,29,0,33
monotheistic,0,0,3,3
monotized,0,2,0,2
monoton,3,1,0,4
monotone,10,1,21,32
monotonic,6,0,0,6
monotonous,0,2,5,7
monowar,0,1,0,1
monoxide,0,0,1,1
monq,0,2,0,2
monreal,0,18,24,42
monroe,13,7,18,38
mons,0,0,5,5
monsanto,9,3,7,19
monsieur,1,6,2,9
monson,0,0,2,2
monsoons,2,0,0,2
monsta,0,0,8,8
monsteeeeeeer,0,1,0,1
monsteer,0,4,0,4
monster,108,103,219,430
monsterous,0,0,1,1
monsters,34,39,75,148
monstober,0,1,1,2
monstra,0,3,0,3
monstre,0,4,0,4
monstro,0,3,0,3
monstrosities,0,1,1,2
monstrosity,11,4,5,20
monstrous,1,4,4,9
monstrueuse,0,4,0,4
monstrueux,0,4,4,8
monstruos,0,1,0,1
monsuir,0,0,6,6
mont,2,4,7,13
monta,0,6,0,6
montada,0,1,0,1
montage,6,25,32,63
montages,2,2,9,13
montagne,0,0,1,1
montagues,0,0,5,5
montana,13,46,41,100
montanna,0,0,1,1
montano,0,1,0,1
monte,1,7,5,13
montecarlo,2,0,0,2
montell,0,0,1,1
montepellier,4,0,0,4
monter,0,1,0,1
monterey,0,0,9,9
monterrey,0,0,1,1
montez,1,0,1,2
montgolfier,0,0,2,2
montgomery,0,0,3,3
month,259,295,1000,1554
montha,0,0,1,1
monthes,0,1,1,2
monthet,0,1,0,1
monthhh,0,1,0,1
monthhhhss,0,4,0,4
monthl,0,0,1,1
monthlh,1,0,0,1
monthly,15,23,125,163
months,537,246,1354,2137
monthssssss,1,0,0,1
montly,0,0,1,1
montmartre,0,0,2,2
monto,0,4,0,4
monton,0,3,0,3
montowania,0,2,0,2
montparnasse,0,0,1,1
montr,0,0,1,1
montreal,3,61,59,123
montreality,9,4,2,15
montreux,0,1,2,3
montrez,1,0,0,1
monty,11,17,9,37
monument,3,0,5,8
monumental,0,0,5,5
monumentally,0,0,2,2
monuments,4,0,5,9
mony,1,2,0,3
moo,0,11,2,13
moobs,0,0,1,1
mooch,1,0,1,2
moochie,0,0,2,2
mooching,3,0,1,4
mood,87,54,364,505
moodahfookah,0,1,0,1
moodbooster,0,3,0,3
moodi,0,0,1,1
moodiness,0,0,3,3
moods,17,1,46,64
moodstronger,0,0,2,2
moody,6,14,4,24
moog,0,0,1,1
moogle,0,0,1,1
mooi,0,17,7,24
mooie,0,9,4,13
mook,1,1,0,2
moolah,0,0,2,2
moom,0,0,4,4
moomoos,0,4,0,4
moon,83,174,236,493
mooncake,0,2,0,2
mooncakes,0,6,0,6
mooncreft,0,1,0,1
moondreamers,0,5,7,12
moondust,0,1,3,4
mooned,0,2,0,2
mooney,1,0,0,1
moonfruit,0,0,8,8
moonlight,13,4,19,36
moonlighted,0,1,0,1
moonmen,0,1,0,1
moonrise,0,3,4,7
moons,1,14,20,35
moonshine,0,2,0,2
moonshiners,1,0,0,1
moonstar,0,3,4,7
moonstone,0,0,3,3
moonstruck,0,1,0,1
moonwalk,0,21,7,28
moonwalkerforever,0,1,0,1
mooo,0,1,2,3
mooodel,0,0,3,3
mooon,0,1,3,4
mooood,0,2,0,2
moooom,0,6,0,6
moooomo,0,0,2,2
mooooon,0,1,0,1
mooooonnn,0,7,0,7
moooooon,0,0,3,3
moooooooom,0,1,0,1
mooooooooo,1,0,0,1
mooooooooon,0,1,0,1
moooooooooooooooooooooooooooo,0,2,0,2
moooooooooooooooossssssssiiiiiiiieeeeeeee,0,3,0,3
mooooooooosiebear,0,0,1,1
moooooooore,0,3,0,3
mooooooore,0,1,0,1
mooooooossie,0,0,2,2
moooooore,0,1,0,1
moooooose,0,0,2,2
mooooore,0,0,2,2
mooooosiebear,0,0,4,4
mooooovvvvvveeeee,0,1,0,1
moooore,0,1,4,5
moooorrreeeee,0,0,2,2
moooose,0,0,4,4
mooore,0,3,0,3
mooorreee,0,1,0,1
mooorrrree,0,0,4,4
moooseeee,0,2,0,2
moopie,0,1,0,1
moopy,0,3,0,3
moor,5,8,0,13
moore,7,19,25,51
mooree,0,2,0,2
moorhill,0,0,1,1
moors,0,0,1,1
moose,27,76,91,194
moosehead,3,0,0,3
mooseie,0,0,3,3
mooselums,1,0,0,1
moosequin,0,2,0,2
mooses,0,4,0,4
moosestache,0,0,2,2
moosetheminibully,0,4,0,4
moosey,3,13,5,21
mooseys,0,0,2,2
moosf,0,1,0,1
moosic,0,0,2,2
moosie,2,24,22,48
moosiebeaer,0,4,0,4
moosiebear,0,1,8,9
moosieee,0,2,0,2
moosieeeeeeeedeeeeeee,0,1,0,1
moosies,0,3,1,4
moosy,0,0,3,3
moosybear,0,3,0,3
moot,0,1,7,8
mooted,0,5,0,5
moove,0,1,0,1
mooves,0,0,1,1
mop,5,8,2,15
mope,0,1,0,1
moped,0,2,2,4
mopeds,0,5,0,5
mophie,4,0,0,4
mopop,0,1,0,1
mopping,0,3,0,3
moq,2,1,0,3
moque,0,1,0,1
moquer,0,0,4,4
mor,1,7,3,11
mora,0,1,1,2
moraes,0,0,5,5
moral,71,36,93,200
morale,1,0,1,2
morales,1,3,0,4
moralist,0,0,1,1
morality,7,0,37,44
moralizing,5,0,0,5
morally,18,0,18,36
morals,10,9,36,55
moran,1,1,0,2
morango,0,2,0,2
moranis,0,1,2,3
morata,9,65,73,147
moratas,0,0,7,7
moray,0,5,2,7
morbid,14,5,8,27
morbidly,2,2,3,7
morcela,1,0,0,1
morcilla,0,2,0,2
mord,0,1,0,1
mordelon,0,5,0,5
morden,0,1,1,2
mordern,0,1,0,1
mordichi,0,1,0,1
mordor,2,2,2,6
mordred,0,0,1,1
more,2192,256,25336,27784
moreau,2,0,0,2
morebrestaurants,0,0,1,1
morecomics,0,1,0,1
moree,0,3,2,5
moreee,0,3,5,8
moreeee,0,14,3,17
moreeeee,0,8,3,11
moreeeeee,0,8,4,12
moreeeeeeee,0,0,2,2
moreeeeeeeeeee,0,1,0,1
moreeeeeeeeeeee,0,6,0,6
moreeeeeeeeeeeeee,0,1,0,1
moreeeeeeeeeeeeeeeeee,0,0,1,1
morel,0,4,0,4
morello,1,5,1,7
morelos,0,0,2,2
morely,0,0,1,1
moremarcus,0,0,4,4
moremore,0,0,1,1
morena,0,5,0,5
moreno,2,5,23,30
morenstein,0,1,1,2
moreover,9,0,31,40
mores,5,13,14,32
moreso,0,0,4,4
moretz,4,5,4,13
moreugo,0,1,0,1
moreuneun,0,2,0,2
moreyears,0,0,1,1
morgam,0,0,2,2
morgan,18,45,32,95
morgana,0,0,2,2
morgen,0,1,0,1
morgens,0,5,0,5
morgenstern,0,0,6,6
morghulis,0,5,4,9
morgue,0,3,9,12
morgues,0,1,0,1
morgules,0,2,0,2
morgz,0,1,0,1
mori,0,5,4,9
moriarty,0,0,6,6
morin,0,1,2,3
moring,0,3,0,3
moringa,0,0,1,1
morinho,1,5,8,14
morinhou,1,0,0,1
morir,0,7,0,7
morire,0,5,0,5
morireee,0,1,0,1
moriremos,0,5,0,5
morison,0,0,4,4
morissett,0,1,0,1
morissette,1,0,0,1
morissey,0,1,1,2
morita,0,0,2,2
mork,0,0,2,2
morley,5,6,6,17
morlocks,0,0,4,4
mormon,1,5,2,8
mormons,0,2,0,2
mormyde,1,0,0,1
morn,0,0,5,5
mornibg,0,0,1,1
mornig,0,0,1,1
mornin,8,0,9,17
morning,197,209,715,1121
morninggg,0,1,0,1
mornings,4,5,28,37
mornulin,0,0,1,1
moro,5,0,0,5
moroccan,10,0,1,11
moroccans,0,0,7,7
morocco,19,20,31,70
moroccooooooooooo,0,6,0,6
morols,1,0,0,1
moron,216,2,54,272
moronic,19,3,6,28
moronically,0,0,1,1
moronicism,1,0,0,1
morons,161,9,30,200
morovis,0,1,0,1
morpeth,0,1,0,1
morph,4,3,5,12
morphe,12,37,69,118
morphed,2,2,5,9
morpheeeee,0,1,0,1
morpheus,0,10,0,10
morphie,0,0,2,2
morphine,1,0,1,2
morphing,6,2,1,9
morphology,0,0,1,1
morr,0,0,1,1
morrall,3,0,0,3
morre,0,0,2,2
morreeee,0,1,0,1
morreeeeeeee,0,1,0,1
morrer,0,3,0,3
morreria,0,1,0,1
morreu,0,0,1,1
morri,0,1,0,1
morricone,2,0,0,2
morriessy,0,0,1,1
morris,1,7,7,15
morrisett,0,1,0,1
morrisette,1,5,0,6
morrisey,2,6,11,19
morrison,7,6,10,23
morrisons,0,0,9,9
morrissey,31,71,156,258
morrisseys,0,2,1,3
morro,0,4,0,4
morrreeee,0,2,0,2
morrrrrty,0,1,0,1
morrssiey,0,1,0,1
mors,4,0,0,4
morsa,0,3,0,3
morse,0,3,5,8
morsel,0,0,5,5
mort,0,1,0,1
morta,1,3,1,5
mortaaaaaaaaaa,0,1,0,1
mortada,1,0,0,1
mortal,9,28,28,65
mortality,1,1,21,23
mortalkombat,0,11,0,11
mortals,5,4,9,18
mortar,1,0,4,5
morte,0,2,2,4
mortez,0,0,1,1
mortgage,1,6,0,7
mortgages,3,0,0,3
morticia,0,19,0,19
mortician,0,0,10,10
mortified,6,0,7,13
mortifying,0,0,1,1
mortimer,0,2,1,3
morting,0,0,1,1
mortises,0,0,1,1
mortitia,0,0,3,3
morton,0,1,8,9
morts,6,0,0,6
morty,403,280,346,1029
mortys,9,1,4,14
mortyyyyyyyy,0,1,0,1
moruk,0,2,0,2
morw,1,0,0,1
mos,1,18,8,27
mosaic,0,2,1,3
mosca,0,1,0,1
moscas,0,1,0,1
moschino,2,0,3,5
moscow,11,12,23,46
mose,0,7,0,7
mosely,1,0,0,1
moser,0,0,2,2
moserella,0,4,0,4
moses,7,26,56,89
moseubi,0,4,0,4
mosey,0,10,0,10
mosfet,0,0,2,2
mosh,2,1,4,7
moshino,2,0,0,2
moshroom,0,3,0,3
mosie,0,0,2,2
mosk,3,5,0,8
mosku,0,1,0,1
moslem,0,1,1,2
moslems,1,0,1,2
moso,0,3,0,3
mosolyt,0,4,0,4
mosonda,0,7,0,7
mosport,0,0,2,2
mosque,2,0,2,4
mosques,6,0,4,10
mosquito,11,9,15,35
mosquitoes,16,20,14,50
mosquitos,9,22,10,41
moss,4,10,9,23
mossad,2,8,3,13
mosse,0,3,0,3
mosserela,0,2,0,2
mossie,0,5,3,8
mossieeeeee,0,3,0,3
mossy,0,4,1,5
most,1091,120,8050,9261
moster,0,1,1,2
mostest,0,0,2,2
mostly,97,2,600,699
mostr,0,1,0,1
mostraban,0,3,0,3
mostrado,0,0,2,2
mostrando,0,1,0,1
mostrar,0,8,0,8
mostras,0,3,0,3
mostraste,2,0,0,2
mostrem,0,0,1,1
mostro,0,7,0,7
mosttrendingvideo,0,3,0,3
mosul,0,0,1,1
mosunda,1,0,0,1
mot,4,10,5,19
mota,1,2,0,3
motavating,0,0,1,1
motd,1,1,1,3
mote,0,0,4,4
motel,1,6,5,12
moth,11,11,35,57
motha,3,2,5,10
mothafackas,1,0,0,1
mothafcka,0,0,2,2
mothafu,0,0,4,4
mothafuck,0,0,1,1
mothafucka,3,12,34,49
mothafuckaaa,0,1,0,1
mothafuckas,2,0,0,2
mothafucker,1,0,0,1
mothafuckin,0,3,2,5
mothafuckn,0,0,3,3
mothafuka,0,1,0,1
mothafukn,0,1,0,1
mothago,0,2,0,2
mothefuckas,0,1,0,1
mothefucker,0,1,0,1
mothefuckers,6,0,0,6
mothefucking,0,2,0,2
mother,364,323,823,1510
motherboard,3,3,3,9
mothercare,0,0,6,6
motherf,3,8,2,13
motherfcker,0,1,0,1
motherfckers,3,0,0,3
motherfckr,0,0,1,1
motherffucking,1,0,0,1
motherfking,0,2,0,2
motherfookin,0,1,0,1
motherfreaker,1,0,0,1
motherfreaking,0,1,0,1
motherfricker,0,2,0,2
motherfu,4,0,1,5
motherfuc,0,1,0,1
motherfuck,0,1,9,10
motherfucka,2,2,0,4
motherfucke,0,1,0,1
motherfucker,43,36,26,105
motherfuckers,45,23,16,84
motherfuckin,2,6,1,9
motherfucking,10,28,12,50
motherfukers,4,0,3,7
motherfuking,0,0,1,1
motherfuvker,0,0,1,1
motherfuxer,0,1,0,1
motherfye,0,1,0,1
motherhood,2,3,26,31
mothering,0,0,3,3
motherinlaw,0,0,1,1
motherland,0,0,7,7
motherlands,0,0,1,1
motherlanguage,0,0,2,2
motherload,1,1,0,2
motherlode,0,1,0,1
motherly,0,0,3,3
motherr,0,1,0,1
mothers,56,20,56,132
mothership,0,0,1,1
mothert,0,0,1,1
motherticking,0,0,1,1
mothetfuckers,1,0,0,1
mothing,0,0,1,1
mothns,2,0,0,2
moths,3,0,8,11
motif,1,0,7,8
motifs,0,0,5,5
motile,0,0,1,1
motion,49,54,114,217
motioned,0,2,0,2
motionless,0,2,1,3
motions,3,6,29,38
motivaci,0,1,0,1
motivado,0,1,0,1
motivate,14,4,52,70
motivated,29,18,101,148
motivates,2,1,26,29
motivating,6,1,26,33
motivation,32,13,121,166
motivational,2,6,31,39
motivations,1,0,0,1
motivator,0,3,0,3
motivators,0,0,1,1
motive,20,12,35,67
motiveert,0,0,1,1
motives,10,6,9,25
motivo,0,6,0,6
motley,0,0,4,4
motm,1,4,2,7
moto,12,3,11,26
motobag,0,2,0,2
motociclistas,0,1,0,1
motocross,2,7,4,13
motor,18,32,42,92
motorbike,6,0,7,13
motorbikes,0,0,3,3
motorcade,2,0,0,2
motorccros,0,1,0,1
motorcross,0,1,0,1
motorcycle,6,12,11,29
motorcycles,5,0,0,5
motoren,2,0,2,4
motorhead,0,0,2,2
motorised,0,0,1,1
motorist,4,0,0,4
motorists,5,0,0,5
motorized,0,9,0,9
motorola,1,4,10,15
motorolla,0,0,1,1
motors,0,11,15,26
motorsikal,0,0,1,1
motorsport,3,0,0,3
motorsports,4,0,0,4
motortrend,1,0,0,1
motorway,6,2,8,16
motown,0,0,1,1
motrin,0,0,2,2
mots,0,0,2,2
motta,0,1,0,1
motto,10,10,19,39
motu,0,1,0,1
mou,4,5,30,39
mouad,0,1,0,1
mouch,0,0,1,1
mouche,1,0,0,1
mougli,0,1,0,1
mouhrinho,16,0,0,16
mould,2,2,11,15
moulders,2,0,0,2
moulds,5,0,5,10
mouldy,1,0,3,4
moulin,1,3,14,18
moulins,0,0,6,6
moun,0,1,0,1
mound,0,4,3,7
mounder,1,0,1,2
mounds,0,0,2,2
moundsville,0,0,2,2
mount,24,14,36,74
mountain,62,109,179,350
mountainbiker,0,0,2,2
mountainbikers,0,0,1,1
mountainbiking,0,0,2,2
mountains,18,4,50,72
mounted,3,0,15,18
mounten,0,1,0,1
mounth,0,0,3,3
mounths,0,0,4,4
mountian,4,1,0,5
mounts,1,3,13,17
mouppie,0,2,0,2
moura,0,2,0,2
mouran,0,0,3,3
mouringyo,0,0,8,8
mourinho,53,46,87,186
mourinhos,0,1,1,2
mourino,4,0,0,4
mourir,6,0,0,6
mourn,4,0,14,18
mourned,5,0,1,6
mourning,4,2,14,20
mourrais,0,1,0,1
mousaka,0,0,5,5
mousasi,0,13,13,26
mousassi,0,2,0,2
mouse,97,262,284,643
mousemats,0,0,1,1
mousepads,0,0,1,1
mouses,0,2,2,4
mousestjiajfkafa,0,1,0,1
mousetrap,0,0,4,4
mousie,0,4,1,5
mousies,0,4,0,4
moussa,3,8,0,11
moussassi,0,0,2,2
mousse,0,5,20,25
moussilini,0,0,2,2
moust,0,0,1,1
moustach,0,3,0,3
moustache,2,14,16,32
moustaches,0,1,0,1
mousterian,0,0,2,2
mout,1,0,0,1
moutain,0,4,5,9
mouth,239,307,528,1074
mouthbreathers,0,0,1,1
mouthed,3,7,6,16
mouthful,0,12,12,24
mouthing,4,1,6,11
mouthpiece,1,0,2,3
mouths,25,7,28,60
mouthwatering,0,1,5,6
mouthy,2,0,0,2
moutin,0,1,0,1
mouttt,0,1,0,1
mov,1,0,0,1
movado,0,3,0,3
move,474,266,985,1725
moveable,0,0,1,1
moved,163,102,364,629
moveeeeee,0,1,0,1
movement,85,49,227,361
movements,11,10,75,96
movepool,0,0,4,4
mover,0,3,5,8
movers,1,0,4,5
moverse,0,5,0,5
moves,84,74,218,376
moveyou,0,0,4,4
movie,2076,1944,5429,9449
movieclips,0,6,0,6
movieeeeeeeeeee,0,1,0,1
moviegoer,0,1,0,1
moviegoers,0,0,4,4
moviei,2,0,0,2
moviendose,0,1,0,1
moviepacific,0,0,1,1
movies,437,229,1252,1918
movil,0,1,0,1
moviment,0,2,0,2
movimenti,0,5,0,5
movimiento,0,8,0,8
movimientos,0,16,0,16
movin,5,2,8,15
moving,180,122,591,893
movingggggggggg,0,1,0,1
movinon,1,0,0,1
movitar,0,0,5,5
movment,0,0,1,1
movvvviiiiieeeeeeeee,0,1,0,1
mow,2,5,4,11
mowed,6,0,2,8
mower,1,6,5,12
mowers,0,0,2,2
mowgli,1,0,0,1
mowies,0,0,3,3
mowing,2,1,5,8
mowry,0,2,0,2
moxhe,0,2,0,2
moyen,0,0,4,4
moyes,0,6,16,22
moyles,0,0,3,3
moynihan,0,2,0,2
moyu,0,1,1,2
moz,12,47,79,138
mozarella,0,3,4,7
mozart,4,1,7,12
mozarts,0,5,0,5
moze,0,3,0,3
mozi,0,0,1,1
mozz,0,8,4,12
mozza,3,3,10,16
mozzarella,0,27,50,77
mozzer,0,3,2,5
mozzerella,0,0,2,2
mozzies,0,1,0,1
mozzy,0,0,3,3
mp,34,22,283,339
mpaa,3,0,0,3
mparas,0,1,0,1
mpd,0,1,2,3
mpg,0,1,0,1
mph,11,16,31,58
mple,0,0,2,2
mppt,0,1,0,1
mps,1,3,4,8
mq,0,3,0,3
mqa,0,0,2,2
mr,240,448,755,1443
mra,0,2,0,2
mrami,0,1,0,1
mrata,0,0,7,7
mraz,0,0,2,2
mrbossftw,3,0,0,3
mrch,0,1,0,1
mre,0,7,1,8
mready,0,0,1,1
mrf,0,0,1,1
mri,0,11,6,17
mris,0,0,7,7
mrk,0,4,0,4
mrkate,0,1,0,1
mrkhancooper,0,0,1,1
mrmadzsickabit,0,1,0,1
mrow,0,2,0,2
mrpiggyeats,3,0,2,5
mrr,5,0,0,5
mrs,19,36,48,103
mrsa,14,0,0,14
mrschancetherapper,0,0,1,1
mrshrimpton,0,6,0,6
mrspumpkin,0,1,0,1
mrxico,0,3,0,3
mrxwasthere,0,2,0,2
ms,17,54,107,178
msc,0,1,6,7
msd,0,17,0,17
msdf,0,1,0,1
msdrid,0,0,6,6
mse,0,3,0,3
msespn,0,5,1,6
msg,5,20,20,45
mshot,0,0,1,1
msi,1,8,0,9
msinstream,0,0,2,2
mslims,0,3,0,3
msm,19,7,35,61
msn,5,4,2,11
msnbc,16,3,14,33
msnsmsmdmdmdmdmdkdmd,0,1,0,1
msorrysteve,0,1,0,1
msp,0,0,1,1
msquare,0,1,0,1
msr,0,1,0,1
mss,2,0,0,2
mssguided,0,4,0,4
mst,0,2,3,5
mstartingtonolongerseethebeauty,0,0,1,1
msu,0,0,4,4
msub,0,0,1,1
msubs,0,1,0,1
mt,6,8,11,25
mtarsn,0,0,1,1
mtb,26,49,66,141
mtber,0,0,6,6
mtbing,0,0,2,2
mtbs,0,4,2,6
mtcn,0,0,2,2
mtf,0,0,2,2
mtfbwy,0,3,0,3
mtg,6,4,11,21
mtgo,1,0,8,9
mth,0,1,0,1
mths,0,2,5,7
mthys,0,1,0,1
mtl,0,0,6,6
mtn,3,0,2,5
mto,0,1,4,5
mtoooo,0,5,0,5
mtow,0,0,2,2
mtp,0,2,0,2
mtunes,0,3,0,3
mtv,24,22,32,78
mtydrts,0,6,0,6
mu,49,15,12,76
mua,0,9,22,31
muaaaaahhhhhhh,0,0,1,1
muaah,0,0,1,1
muach,0,0,1,1
muad,0,3,0,3
muah,0,0,2,2
muahahahaha,0,1,0,1
muahahahahahaha,1,0,0,1
muahhz,0,0,4,4
muaic,0,0,2,2
muak,0,2,0,2
muammar,0,0,4,4
muas,0,0,7,7
muaviye,0,1,0,1
muay,5,0,0,5
muc,0,0,1,1
muccch,0,3,0,3
muceedz,0,1,0,1
much,2564,210,21544,24318
mucha,0,16,9,25
muchacho,0,8,0,8
muchachos,0,5,0,5
muchas,5,25,6,36
muchchhhhhh,0,0,1,1
muchglad,0,0,4,4
muchh,2,2,14,18
muchhh,0,4,19,23
muchhhh,1,10,10,21
muchhhhh,0,1,12,13
muchhhhhh,0,0,2,2
muchhhhhhhhh,0,0,1,1
muchhhhhhhhhhhhhhhhhhhhhhhhhhh,0,1,0,1
muchi,0,34,0,34
muchie,0,0,1,1
muchisimos,0,0,2,2
muchito,0,1,0,1
muchlove,0,0,2,2
muchluv,0,1,0,1
muchly,0,0,3,3
muchnwow,0,0,5,5
mucho,7,151,28,186
muchola,0,1,0,1
muchoo,0,1,0,1
muchooooo,0,2,0,2
muchos,0,31,4,35
muchs,0,1,0,1
muchto,0,0,2,2
muchy,1,0,1,2
muck,5,3,9,17
mucke,0,3,0,3
muckraking,0,0,1,1
mucky,0,4,0,4
mucles,1,0,0,1
mucosa,0,0,4,4
mucosal,0,2,0,2
mucous,0,0,3,3
mucus,0,10,7,17
mud,31,31,31,93
muda,0,1,0,1
mudafakar,0,1,0,1
mudafucker,1,0,0,1
mudafukkin,0,0,1,1
mudah,0,1,0,1
mudbricks,0,0,1,1
mudd,0,0,1,1
mudda,5,1,2,8
muddafuckas,0,0,8,8
muddah,0,2,0,2
muddddaaaa,0,1,0,1
muddied,0,0,1,1
muddled,0,0,1,1
muddy,7,2,29,38
muder,0,0,3,3
mudered,0,1,0,1
muderer,0,0,4,4
muders,0,1,0,1
mudi,0,0,6,6
mudjumps,0,1,0,1
mudmaster,0,0,1,1
mudo,0,1,0,1
mudokon,0,1,0,1
mudra,0,7,32,39
mudraks,0,0,3,3
mudshark,0,0,1,1
mudskipper,0,1,0,1
mudslides,2,0,3,5
muele,0,0,2,2
mueller,0,1,6,7
muenchen,0,5,0,5
muera,0,1,0,1
mueraaaaa,0,1,0,1
mueran,0,2,0,2
mueras,0,1,0,1
muerda,0,1,0,1
muere,0,9,0,9
muero,0,22,1,23
muerta,1,0,0,1
muerte,2,11,8,21
muerto,0,11,2,13
muertos,0,9,7,16
mueselk,0,1,0,1
muesli,0,0,10,10
muestra,0,1,0,1
muestran,0,12,0,12
muestras,12,4,4,20
mueva,0,1,0,1
mueve,0,18,3,21
mueven,0,1,1,2
mueves,0,1,2,3
muf,0,0,1,1
mufa,0,1,0,1
mufasa,0,2,2,4
mufc,5,0,4,9
mufe,0,1,1,2
muffcking,0,3,0,3
muffet,0,8,0,8
muffin,8,5,12,25
muffins,11,6,15,32
mufflah,0,1,0,1
muffle,0,6,0,6
muffled,2,6,1,9
muffler,2,0,0,2
muffs,0,0,5,5
mufuckas,0,0,1,1
mufukaa,1,0,0,1
mufukas,1,0,0,1
mufuucka,1,0,0,1
mug,24,51,96,171
mugabe,4,0,0,4
mugeowo,0,1,0,1
mugged,0,1,9,10
muggee,0,2,0,2
muggel,0,1,0,1
mugger,5,0,0,5
muggerno,0,0,1,1
mugging,1,0,0,1
muggle,0,1,0,1
muggles,0,1,2,3
muggs,0,0,1,1
muggy,3,0,0,3
mugman,1,0,0,1
mugrosa,0,1,0,1
mugs,15,20,26,61
mugshot,0,1,5,6
mugster,0,3,0,3
muh,19,10,15,44
muhaha,0,0,3,3
muhahaha,0,0,8,8
muhahahaha,0,1,0,1
muhahahahah,0,1,0,1
muhahahahahah,0,1,0,1
muhammad,17,6,18,41
muhammed,0,0,6,6
muhamuhamuha,0,0,1,1
muhc,0,0,1,1
muhfucka,3,0,1,4
muhfuckin,1,0,0,1
muhhfukin,0,1,0,1
muhhh,0,0,1,1
muhmurigans,0,0,1,1
muhron,0,1,0,1
mui,0,3,0,3
muita,0,11,1,12
muitas,0,1,5,6
muito,3,159,25,187
muitoooo,0,1,0,1
muitooooo,0,1,0,1
muitooooooo,0,1,0,1
muitos,0,1,0,1
muj,0,4,0,4
mujer,3,32,0,35
mujeres,0,5,2,7
mujersanga,0,1,0,1
mujhe,0,4,0,4
muji,0,2,2,4
muk,0,7,1,8
mukauley,4,0,0,4
mukbang,3,1,13,17
mukha,0,1,0,1
mukhang,0,1,0,1
mukherjee,0,0,2,2
mukminun,0,0,3,3
muktiplayer,0,0,1,1
mula,0,1,2,3
mulaaaaaa,2,0,0,2
mulai,0,1,0,1
mulan,10,22,19,51
mulana,0,0,2,2
mulaneny,0,1,0,1
mulaney,12,20,12,44
mulaneys,4,0,0,4
mulanismyfavee,0,2,0,2
mulans,0,0,1,1
mulberries,0,2,0,2
mulberry,0,0,5,5
mulch,0,2,0,2
mulder,3,25,13,41
muldoon,1,0,0,1
mule,4,0,5,9
muleks,0,1,0,1
mulheeeeeeeeeeeeeeeeeeeeerrrrr,0,2,0,2
mulher,1,20,6,27
mulholland,0,3,6,9
mulitplayer,0,0,1,1
mulitple,0,0,1,1
mull,0,0,4,4
mullaney,5,0,0,5
mullein,0,0,1,1
mullen,0,4,2,6
muller,0,11,2,13
mullering,0,4,0,4
mullet,1,2,0,3
mulligan,0,6,9,15
mulligannnnnn,0,1,0,1
mulligatawny,0,0,5,5
mulling,0,0,5,5
mullingar,0,4,6,10
mullins,0,1,0,1
mulloy,0,0,3,3
mulsanne,0,0,2,2
multi,33,15,123,171
multicolored,0,0,1,1
multicolour,0,0,5,5
multicore,0,0,7,7
multicrew,0,0,6,6
multicuentas,0,1,0,1
multicultural,9,0,7,16
multiculturalism,8,5,12,25
multiculturism,0,2,0,2
multidimensional,0,0,5,5
multifaceted,0,0,2,2
multifan,1,0,0,1
multifandom,0,0,1,1
multilingual,0,1,0,1
multimedia,0,0,1,1
multimeter,3,4,3,10
multimillionaire,1,0,4,5
multimillon,0,0,7,7
multimotard,0,0,2,2
multinational,0,0,3,3
multiplanetary,0,0,2,2
multiplat,0,1,0,1
multiplataforma,0,0,2,2
multiplayer,29,21,73,123
multiple,137,94,361,592
multipleminutephysics,0,1,0,1
multiples,1,0,11,12
multiplication,0,0,1,1
multiplicity,0,1,0,1
multiplied,0,0,2,2
multiplies,2,0,0,2
multiply,4,1,13,18
multiplying,1,2,7,10
multipurpose,0,0,1,1
multiracial,2,7,1,10
multiracialism,1,0,0,1
multishine,0,1,0,1
multisim,1,0,0,1
multistage,1,1,3,5
multitalent,0,1,0,1
multitalented,0,6,1,7
multitask,0,0,4,4
multitasking,0,1,7,8
multitool,3,0,0,3
multitransactions,0,4,0,4
multitude,3,0,9,12
multitudes,1,0,4,5
multivariate,0,0,1,1
multiverse,2,5,3,10
multiverses,1,0,1,2
multivitamin,0,0,5,5
multuiple,0,0,1,1
mulu,0,1,0,1
mum,130,227,827,1184
mumagottamakeabuck,0,0,4,4
mumba,0,1,0,1
mumbai,0,8,0,8
mumble,16,8,29,53
mumbles,3,2,1,6
mumbling,10,0,5,15
mumbly,1,0,0,1
mumbo,0,0,5,5
mumford,3,1,6,10
mumgoals,0,0,3,3
mumify,0,0,1,1
mumma,0,0,10,10
mummbling,0,1,0,1
mummguilt,0,0,5,5
mummies,1,5,3,9
mummified,0,2,0,2
mummmmm,0,1,0,1
mummy,24,47,135,206
mummyis,0,0,1,1
mumr,0,1,0,1
mums,15,16,95,126
mumsunite,0,0,1,1
mun,0,2,2,4
muna,2,0,2,4
munch,9,31,17,57
munchen,0,0,1,1
munchers,3,0,0,3
munchie,0,1,0,1
munchies,2,4,5,11
munching,4,14,1,19
munchkin,11,1,5,17
munchkins,0,0,4,4
munchmunchmuonrhanm,0,2,0,2
munchpak,0,4,0,4
muncuso,0,1,1,2
mundane,12,0,12,24
mundia,0,1,0,1
mundiaente,0,0,1,1
mundial,0,82,7,89
mundistas,0,2,0,2
mundo,1,213,15,229
mundoo,0,1,0,1
mundos,0,2,0,2
muneco,0,1,0,1
muneojin,0,1,0,1
mungal,2,0,0,2
mungus,0,3,1,4
munich,17,37,46,100
municipal,5,0,0,5
muniz,1,0,0,1
munroe,2,0,4,6
munsch,0,1,0,1
munster,0,2,0,2
munt,0,2,0,2
muntant,0,0,3,3
munter,1,0,0,1
muntigirov,0,0,3,3
muo,0,0,5,5
muovi,0,1,0,1
mupp,0,1,0,1
muppet,11,15,7,33
muppets,9,8,15,32
mur,0,5,2,7
murad,7,2,8,17
murayas,0,1,0,1
murch,1,8,3,12
murd,0,1,0,1
murda,2,2,1,5
murdeous,5,0,0,5
murder,139,82,156,377
murdered,45,43,54,142
murderer,43,20,18,81
murderers,8,1,20,29
murdering,18,10,25,53
murderinos,0,0,3,3
murderous,4,1,4,9
murders,41,4,40,85
murdoch,12,22,19,53
murdock,2,1,0,3
mureder,0,0,1,1
mureobwa,0,2,0,2
murex,0,0,1,1
murfy,0,1,0,1
muri,1,2,0,3
murica,9,14,8,31
muricaaaa,0,4,0,4
muricaaaaaaa,0,4,0,4
murican,0,4,2,6
muricans,3,2,1,6
muriccaaaa,0,4,0,4
muricio,0,1,0,1
murika,0,1,0,1
murikkkans,0,3,0,3
murillo,0,5,0,5
murked,0,1,5,6
murkin,0,1,0,1
murkoski,0,0,1,1
murky,0,0,1,1
murlocs,0,0,2,2
murmansk,5,4,6,15
murmur,0,0,4,4
murphi,0,0,3,3
murphy,2,23,21,46
murr,0,3,2,5
murray,8,7,9,24
murrca,0,0,1,1
murren,2,0,0,2
murrica,0,2,0,2
murrican,0,1,0,1
murricans,1,0,0,1
murry,4,0,14,18
murs,0,19,8,27
mursarmy,0,8,0,8
mus,0,0,2,2
musa,3,13,6,22
musanda,1,0,4,5
musas,0,1,0,1
musburger,0,2,0,2
musc,0,1,0,1
muscara,0,0,4,4
musch,0,0,2,2
muschetti,1,0,1,2
muschietti,0,1,1,2
muscian,0,0,1,1
muscle,19,23,43,85
muscled,2,2,0,4
muscles,13,15,52,80
muscletech,0,0,6,6
muscly,0,1,0,1
muscovado,6,0,0,6
muscular,0,0,8,8
muscularity,0,5,0,5
musculatura,0,2,0,2
musculos,0,4,0,4
muse,0,8,9,17
musea,1,0,0,1
museau,0,2,0,2
museo,0,4,2,6
musername,0,1,0,1
museum,16,11,64,91
museums,1,1,3,5
musgraves,0,0,1,1
mush,12,9,28,49
mushed,0,1,1,2
mushi,0,1,0,1
mushietti,0,2,0,2
mushroom,9,20,20,49
mushroomey,0,0,4,4
mushroomhead,0,3,0,3
mushrooms,11,2,47,60
mushtach,1,0,0,1
mushu,0,0,1,1
mushup,2,0,0,2
mushy,0,3,3,6
musi,0,0,2,2
musia,0,2,0,2
music,1303,1846,6547,9696
musica,2,112,27,141
musicaaa,0,1,0,1
musicaaaaaaa,0,1,0,1
musical,46,95,309,450
musicale,0,0,6,6
musicales,0,2,0,2
musicality,6,5,11,22
musically,12,30,36,78
musicallys,0,2,0,2
musicals,7,6,30,43
musicaly,0,0,1,1
musican,0,0,4,4
musicano,0,0,1,1
musicas,2,5,0,7
musicase,0,1,0,1
musicccc,2,0,1,3
musicdov,0,1,0,1
musice,0,5,4,9
musician,31,19,140,190
musicians,17,10,83,110
musicianship,0,1,6,7
musicl,0,1,0,1
musiclly,0,5,0,5
musicllys,0,1,0,1
musicly,0,2,1,3
musiclys,0,1,0,1
musicnya,0,1,0,1
musico,0,1,0,1
musicologo,0,1,0,1
musicos,0,2,1,3
musicproducer,0,0,1,1
musics,2,12,10,24
musicstyle,0,0,1,1
musictube,0,0,6,6
musicvideos,0,0,3,3
musieli,0,2,0,2
musified,1,0,0,1
musiicc,0,1,0,1
musik,0,14,16,30
musikalisch,0,3,0,3
musiker,0,1,0,1
musikexpress,0,5,0,5
musimy,0,6,0,6
musing,0,0,1,1
musings,4,0,3,7
musiq,0,0,4,4
musique,0,28,2,30
musiv,0,0,1,1
musix,0,0,1,1
musiz,0,1,0,1
musk,38,54,97,189
musket,0,0,4,4
musketeer,3,0,0,3
musketeers,0,1,6,7
musketi,0,0,2,2
muskietti,0,2,0,2
muskk,0,1,0,1
muskle,0,1,0,1
muskles,0,0,1,1
muskuloskeletal,0,0,1,1
musky,0,0,2,2
muslamic,0,1,0,1
musles,0,0,6,6
muslim,227,118,267,612
muslime,5,0,0,5
musliming,0,0,3,3
muslims,194,159,259,612
muslin,3,0,3,6
muslins,0,0,8,8
muslms,4,0,0,4
muso,0,0,7,7
musoc,0,0,1,1
musonda,9,4,43,56
musoni,0,0,1,1
musooo,0,1,0,1
muss,1,4,0,5
mussels,0,0,1,1
mussica,0,1,0,1
musslin,4,0,0,4
mussolini,0,1,5,6
mussonda,0,6,0,6
mussseeee,0,0,2,2
mussst,3,0,0,3
must,904,650,1933,3487
musta,0,3,2,5
mustach,0,1,0,1
mustache,32,51,61,144
mustaches,1,3,3,7
mustafa,0,2,1,3
mustafar,1,2,1,4
mustafi,0,2,0,2
mustaine,0,4,1,5
mustang,55,136,180,371
mustanggggg,0,0,1,1
mustangs,8,41,12,61
mustard,12,34,101,147
mustardy,0,0,18,18
mustash,0,1,1,2
mustela,0,0,1,1
muster,6,0,1,7
musterd,0,0,1,1
mustmenshop,0,0,1,1
mustve,1,6,5,12
musty,3,2,10,15
musun,0,1,0,1
musz,0,6,0,6
mut,0,0,1,1
mutant,10,19,25,54
mutantes,0,1,0,1
mutants,34,9,55,98
mutat,0,0,2,2
mutate,2,1,0,3
mutated,0,1,3,4
mutates,7,0,0,7
mutating,7,0,0,7
mutation,1,2,1,4
mutations,0,0,5,5
mutch,0,5,15,20
mute,11,15,44,70
muted,9,8,34,51
mutgo,0,1,0,1
muth,0,1,0,1
mutha,4,18,41,63
muthafacka,0,0,3,3
muthafacker,1,0,0,1
muthafarkin,0,0,1,1
muthafff,0,1,0,1
muthafucca,0,0,1,1
muthafucka,5,1,12,18
muthafuckas,0,0,1,1
muthafuckaz,1,0,0,1
muthafucker,0,0,1,1
muthafuckers,0,1,0,1
muthafuckin,3,2,1,6
muthafucking,0,0,2,2
muthafucks,3,0,0,3
muthafuhkaa,0,1,0,1
muthefuckin,0,4,0,4
muther,0,0,5,5
mutherf,0,1,0,1
mutherfucker,0,0,4,4
mutherfuckers,0,8,0,8
muti,0,1,1,2
mutilated,1,1,4,6
mutilation,7,1,7,15
mutlaka,0,3,0,3
mutlu,0,1,0,1
mutt,0,3,3,6
mutter,1,0,0,1
muttered,0,0,3,3
muttering,2,0,2,4
mutts,2,0,0,2
mutual,2,3,14,19
mutually,7,5,7,19
muucccch,0,0,1,1
muur,0,2,1,3
muustaang,0,1,0,1
muuuch,0,6,5,11
muuuuch,1,0,3,4
muuuusssstttttt,0,7,0,7
muuuuuch,0,0,6,6
muuuuuchhh,1,0,0,1
muuuuuuch,0,0,2,2
muuuuuuuaaaaaaadddddddddd,0,1,0,1
muuuuuuuuummmm,1,0,0,1
muuuuy,0,1,0,1
muwsic,0,0,1,1
muxo,0,1,0,1
muy,20,310,61,391
muyo,0,1,0,1
muyyy,0,2,0,2
muyyyyyyyyyyyyyyyyyyyyyyyyyyyyyyyyyyyyyyyyyyyyyyyyyyy,0,3,0,3
muzak,4,0,2,6
muzic,0,1,2,3
muziek,1,1,1,3
muzies,0,1,0,1
muzigi,0,1,0,1
muzik,0,2,2,4
muzika,0,0,1,1
muzlamic,1,0,0,1
muzyka,0,0,5,5
muzzle,13,2,27,42
mv,45,146,287,478
mvc,4,0,4,8
mvci,8,2,10,20
mvfacto,0,2,0,2
mvmt,0,1,2,3
mvnya,0,1,0,1
mvoies,2,0,0,2
mvotyunqon,0,3,0,3
mvp,3,12,29,44
mvps,0,0,4,4
mvs,1,5,9,15
mvzzxvcv,0,1,0,1
mw,3,2,9,14
mwah,0,0,2,2
mwave,2,4,8,14
mwf,0,1,0,1
mwh,0,0,1,1
mwhahaha,1,0,0,1
mwogateun,0,2,0,2
mwr,1,0,0,1
mx,11,37,95,143
mxdepie,0,1,0,1
mxed,0,1,0,1
mxmaster,0,0,1,1
mxypilik,0,1,0,1
my,13875,17117,51495,82487
mya,1,0,0,1
myah,0,2,0,2
myalgic,0,0,1,1
myan,0,0,1,1
myanmar,2,6,0,8
myballtv,0,1,0,1
mybe,0,1,2,3
mycari,0,1,0,1
mycelium,0,0,3,3
mych,0,2,1,3
mychannel,0,2,0,2
mychannelsucks,0,0,3,3
mycupcake,0,0,1,1
mydaps,1,0,0,1
myecomics,0,0,4,4
myerow,0,0,1,1
myers,7,20,37,64
myes,0,0,1,1
myfavemyfavemyfavemyfave,0,1,0,1
myfriend,0,0,1,1
mygaddd,0,1,0,1
mygahhhh,0,2,0,2
mygdos,0,1,0,1
myghad,0,1,0,1
mygod,0,1,1,2
mygodddddddddddddd,0,3,0,3
myharto,0,0,3,3
myheritage,0,0,4,4
myinspiration,0,0,1,1
myje,0,2,0,2
mykie,21,64,83,168
mykiee,0,0,1,1
mykieee,0,1,0,1
mykieeeee,0,2,0,2
mykieeeeeeee,0,1,0,1
mykies,0,1,0,1
mykonos,0,3,22,25
mykonossssss,0,2,0,2
myl,0,1,0,1
mylam,0,2,0,2
mylar,0,1,1,2
mylele,0,0,6,6
myles,1,17,0,18
mylie,0,0,3,3
mylife,0,2,0,2
mylifeaseva,0,10,9,19
mylifeiseva,1,0,0,1
mylittlepony,0,2,0,2
mylittleponyforever,0,0,1,1
mylittleponymovie,0,0,3,3
mylittleponythemovie,0,1,0,1
mylo,0,0,1,1
mylola,0,0,1,1
mym,0,5,0,5
mymaths,0,4,0,4
mymusic,0,3,0,3
myname,0,3,0,3
mynameisjeff,0,2,0,2
mynamejeff,0,1,0,1
mynewweddingsong,0,0,1,1
myopic,3,0,0,3
myopinion,0,0,1,1
myp,0,4,0,4
mypuertoricoisstrong,0,1,0,1
myqueen,0,1,0,1
myr,4,4,0,8
myra,0,1,4,5
myriad,0,0,7,7
myriads,8,0,0,8
myricks,0,0,4,4
myrna,1,0,0,1
myrtle,1,4,7,12
mysefl,0,0,1,1
myself,661,373,2551,3585
myselff,0,0,1,1
myshellf,0,0,1,1
myshopify,0,0,1,1
myslales,0,3,0,3
myslf,0,1,0,1
mysoginist,1,1,0,2
mysogony,0,1,0,1
mysogynistic,3,0,0,3
mysogynists,0,0,4,4
mysore,0,0,1,1
mysoulmate,0,1,0,1
myspace,1,1,16,18
mysql,0,0,1,1
myst,0,1,0,1
mysteries,5,2,27,34
mysterious,17,7,27,51
mysteriously,3,0,1,4
mysterium,0,1,0,1
mystery,32,45,105,182
mysterybox,0,1,0,1
mysteryshot,0,7,0,7
mystic,4,3,10,17
mystical,1,2,10,13
mysticism,0,0,2,2
mystics,0,1,0,1
mystified,1,4,1,6
mystifying,0,2,0,2
mystikal,0,0,1,1
mystique,7,8,2,17
mystiskt,0,1,0,1
mystits,3,0,0,3
mysweetbaby,0,0,1,1
mytaxi,0,0,1,1
myth,21,10,49,80
mytharc,0,1,0,1
mythbusters,0,0,7,7
mythic,0,0,1,1
mythical,9,12,40,61
mythicalbeasts,0,2,0,2
mythicality,0,3,11,14
mythival,0,1,0,1
mythological,2,2,0,4
mythology,13,12,37,62
mythos,2,0,7,9
myths,9,1,9,19
mythymoo,1,0,0,1
mytic,0,0,1,1
mytrueoption,0,0,4,4
myungdon,0,0,1,1
myunidays,0,0,4,4
myvi,0,2,0,2
myvillage,0,0,1,1
myvirginkitchen,0,7,0,7
myvision,1,0,0,1
myxomatosis,0,3,0,3
myy,2,1,0,3
myyy,0,3,1,4
myyyy,0,2,0,2
myyyyy,0,6,1,7
myyyyyyy,0,1,0,1
mz,4,0,0,4
mzng,0,2,0,2
na,190,502,588,1280
naa,0,4,4,8
naaa,0,0,2,2
naaaa,0,4,2,6
naaaaa,2,0,0,2
naaaaaaa,0,1,0,1
naaaaaaaaa,0,0,2,2
naaaaaaaaaa,0,1,0,1
naaaaaaaaaaaa,0,4,0,4
naaaaaaaaaaaaaaa,0,0,3,3
naaaaaaaaaaaaaaaaaaaaaaahhhhhhhhh,0,0,1,1
naaaaaaaaaaaaaaaaaaand,0,0,1,1
naaaaaaaaaaahhhhhhhhh,0,0,1,1
naaaaaaaah,0,1,0,1
naaaaaaaaniiiiiii,0,5,0,5
naaaaaaah,0,1,0,1
naaaaaahhhhhhh,0,1,0,1
naaaaaameeeeeeeeeeeee,0,1,0,1
naaaaah,0,0,3,3
naaaaahahahahahahaha,0,1,0,1
naaaaahhhhhhh,0,1,0,1
naaaaaououououoouuou,0,0,2,2
naaaah,1,4,0,5
naaaame,0,1,0,1
naaaaw,0,1,0,1
naaaaww,0,1,0,1
naaah,1,2,1,4
naaahhhww,0,0,2,2
naaaliiaaaaan,0,1,0,1
naaammeee,1,0,0,1
naaaw,0,1,0,1
naacp,2,0,3,5
naagal,0,1,0,1
naah,0,1,1,2
naahh,0,1,0,1
naahhh,0,0,1,1
naahhhh,0,1,0,1
naahhhhhhhhhhhh,0,1,0,1
naakakatawaaaaah,0,1,0,1
naam,0,1,2,3
naan,0,0,5,5
naapal,0,2,0,2
naar,2,22,9,33
naaron,0,0,10,10
naassssty,0,0,2,2
naast,0,0,1,1
naawp,0,0,2,2
nab,0,3,1,4
naba,0,3,0,3
nabakov,0,0,6,6
nabbing,5,0,0,5
nabcdeeee,1,0,0,1
nabeela,0,2,1,3
nabeelah,1,4,9,14
nabeelahs,0,0,1,1
naber,0,1,0,1
nabide,0,0,4,4
nabidia,0,1,0,1
nabit,0,0,6,6
nablas,0,0,3,3
nabodah,0,0,2,2
naboo,0,1,1,2
nabor,1,0,0,1
nabors,0,1,0,1
nabout,0,1,9,10
nabove,0,0,11,11
nabsolute,1,1,7,9
nabsolutely,0,0,6,6
nabsolutly,0,0,1,1
nabu,0,1,0,1
nabuse,0,1,0,1
nabuseee,0,0,1,1
nac,4,5,0,9
naccent,0,0,2,2
naccept,2,0,2,4
nacceptance,1,0,0,1
naccepting,0,0,1,1
naccesories,0,0,4,4
naccess,0,0,1,1
naccidental,0,0,3,3
naccidently,0,1,0,1
naccidents,0,0,1,1
naccording,0,2,1,3
naccount,1,0,0,1
naccurate,0,3,1,4
naccustomed,0,0,4,4
nacdrops,0,3,0,3
nace,0,0,15,15
nacer,0,10,0,10
nach,2,16,1,19
nachgemacht,0,6,0,6
nachmache,0,6,0,6
nacho,2,7,10,19
nachodzcow,0,0,1,1
nachoes,0,1,0,1
nachos,5,14,20,39
nachtkasje,0,0,1,1
nachtmahr,0,0,1,1
naci,0,4,0,4
nacia,0,1,0,1
nacieszy,0,3,0,3
naciiera,0,1,0,1
nacim,6,0,0,6
nacimiento,0,0,2,2
nacional,5,10,0,15
nacionales,0,0,2,2
nacionalidades,0,0,1,1
nacionalistas,0,2,0,2
nacionalizado,0,3,0,3
nack,0,0,5,5
nactavis,1,0,0,1
naction,0,0,1,1
nactor,3,0,1,4
nactors,0,0,1,1
nacts,0,4,13,17
nactual,0,1,1,2
nactually,0,5,13,18
nacuity,0,0,3,3
nad,0,3,4,7
nada,8,158,38,204
nadaaa,0,1,0,1
nadal,0,11,0,11
nadale,0,0,1,1
nadam,6,11,14,31
nadando,0,1,0,1
nadd,0,2,5,7
naddicted,0,0,6,6
nadditional,0,0,2,2
nadditionally,1,0,10,11
nade,4,0,1,5
nadedepressed,0,1,0,1
nadenken,0,1,0,1
nadeo,0,1,0,1
nades,0,2,1,3
nadeshot,0,0,1,1
nadeshots,0,7,0,7
nadeska,1,1,6,8
nadeskas,0,5,0,5
nadexe,0,0,1,1
nadi,0,1,1,2
nadia,1,1,6,8
nadie,8,67,8,83
nadien,0,1,0,1
nadine,0,18,54,72
nadir,0,1,0,1
nadiya,0,0,4,4
nadjective,4,0,0,4
nadmittedly,2,0,1,3
nadoption,0,0,1,1
nadorable,0,0,1,1
nadre,0,4,0,4
nadrian,0,3,0,3
nadvantage,0,0,1,1
nadvertisement,0,0,1,1
nadvertisers,3,0,0,3
nadvice,0,0,1,1
nadvocates,0,0,1,1
nadziej,0,4,0,4
nadzieja,0,2,0,2
nae,0,11,4,15
naega,0,4,3,7
naege,0,3,2,5
naegen,0,0,1,1
naek,0,2,0,2
naesthetics,0,1,0,1
naf,0,0,12,12
nafe,2,0,0,2
naff,0,0,1,1
nafford,0,1,0,1
nafgelopen,0,1,0,1
nafghanistan,5,0,0,5
nafrican,0,2,4,6
nafs,0,1,0,1
nafta,1,0,0,1
nafter,34,8,52,94
nafterwards,0,0,4,4
nag,0,3,10,13
naga,0,1,2,3
nagain,7,8,31,46
nagainst,1,0,0,1
nagarpalika,0,2,0,2
nagasaki,6,1,1,8
nagdadalaga,0,1,0,1
nagdagasa,0,1,0,1
nage,0,0,10,10
nagel,0,1,2,3
nager,0,1,0,1
nagged,4,0,0,4
nagger,1,0,0,1
naggers,0,2,0,2
nagging,8,3,5,16
naggy,0,2,0,2
naghdi,0,0,4,4
naghh,3,0,0,3
naghty,0,3,0,3
nagiisa,0,0,1,1
naging,1,0,1,2
nagle,0,2,0,2
nagradezco,0,1,0,1
nagrasz,0,1,0,1
nagree,0,1,1,2
nagrees,1,0,0,1
nagrywaj,0,0,1,1
nagrywane,0,2,0,2
nags,2,0,3,5
nagsisisi,0,1,0,1
nagtago,0,1,0,1
nagtuon,0,2,0,2
nagua,0,6,0,6
naguadilla,0,0,2,2
naguanten,0,1,0,1
naguas,0,0,2,2
naguero,0,1,0,1
nagwan,0,3,0,3
nagyon,0,9,0,9
nah,165,163,183,511
nahahahahahahahah,0,5,0,5
nahajkahaha,0,0,1,1
nahem,1,1,0,2
nahgase,0,2,1,3
nahh,8,14,5,27
nahhh,1,9,8,18
nahhhh,0,4,4,8
nahhhhh,0,1,1,2
nahhhhhhh,0,1,0,1
nahhhhhhhh,0,1,1,2
nahhhhhhhhhhh,0,2,0,2
nahhhhhhhhhhhh,0,1,0,1
nahhhhhhhhhhhhhhhh,0,1,0,1
nahilo,0,1,0,1
nahko,6,5,60,71
nahkos,1,0,0,1
nahkz,0,0,5,5
nahnahamanahnhamanha,0,3,0,3
nahora,0,5,1,6
nahre,0,4,0,4
nahruto,0,1,0,1
nahsoka,1,0,0,1
naht,0,2,0,2
nahuatl,0,0,1,1
nahuiltvesj,0,1,0,1
nai,1,0,0,1
naic,0,4,0,4
naice,0,1,0,1
naighbors,1,0,0,1
naiiiiiii,0,1,0,1
naiinlove,0,0,1,1
naija,0,2,0,2
naik,0,1,0,1
naiked,0,0,1,1
nail,115,279,454,848
nailart,1,1,3,5
nailed,45,84,119,248
nailedit,0,0,2,2
nailin,0,0,1,1
nailing,2,0,6,8
naill,0,1,3,4
naillllllllllllllllllogical,0,1,0,1
naillllpoliiiishhh,0,6,0,6
nailllsss,0,1,0,1
naillogical,1,0,0,1
naillss,0,1,0,1
nailnovember,0,0,3,3
nailogic,0,0,2,2
nailogical,1,18,11,30
nailogicl,0,0,2,2
nailpolish,2,16,10,28
nails,114,334,436,884
nailsss,0,1,0,1
nailssss,0,2,0,2
nailsssss,0,1,0,1
nailstons,0,1,0,1
naim,0,0,3,3
naiming,0,3,0,3
nain,5,3,28,36
naina,0,0,3,3
nainda,0,1,0,1
naine,0,1,0,1
nainsley,0,0,4,4
nairbus,1,0,1,2
nairlines,0,0,1,1
nairobi,0,0,1,1
naise,0,1,0,1
naissu,0,0,1,1
naisu,0,3,0,3
naited,0,2,0,2
naive,50,0,22,72
naivety,0,0,3,3
naizily,3,0,0,3
najbardziej,0,2,0,2
najbli,0,2,0,2
najbolji,0,5,0,5
najch,0,2,0,2
najdlxkkwmxkakaasdfghkk,0,1,0,1
najgorsze,0,6,1,7
najgorszy,0,2,0,2
najgorszym,0,2,0,2
najgorzej,0,2,0,2
najlepsza,0,2,0,2
najlepsze,0,3,0,3
najlepszej,0,2,0,2
najlepszy,0,3,0,3
najlepszych,0,2,0,2
najmniejszej,0,2,0,2
najmniejszych,0,3,0,3
najnowsze,0,1,0,1
naju,0,1,0,1
najwi,0,4,0,4
najzabawniejsze,0,2,0,2
nak,0,3,0,3
naka,1,6,3,10
nakaka,0,0,1,1
nakakabili,0,1,0,1
nakakainggit,0,0,1,1
nakakainspire,0,0,1,1
nakakaloka,0,1,0,1
nakakamiss,0,0,2,2
nakakatawa,2,0,0,2
nakakatawaaaaa,0,0,1,1
nakamura,0,2,1,3
nakamuras,0,1,0,1
nakano,0,0,1,1
nakatulog,0,1,0,1
nakaupo,0,5,0,5
nakazoto,0,1,0,1
nakcelerator,0,3,0,3
nakd,0,0,1,1
nake,0,1,2,3
naked,68,90,188,346
nakedandafraid,0,1,0,1
nakedness,0,0,1,1
naketamo,0,1,0,1
nakewardrobe,0,1,0,1
nakiki,0,0,1,1
nakikilig,0,0,1,1
nakita,0,2,0,2
nakkivene,0,1,0,1
nako,0,1,0,1
nakopal,0,0,1,1
naks,0,1,0,1
nakt,0,1,0,1
nakumara,0,1,0,1
nal,0,14,4,18
nala,5,29,30,64
naladdin,0,2,1,3
nalahu,0,12,0,12
nalan,0,1,0,1
nalang,0,3,3,6
nalba,0,0,6,6
nalbert,0,1,0,1
nalbum,0,1,3,4
nalcohol,0,0,2,2
nale,0,0,1,1
nalec,1,0,3,4
nalessia,0,1,6,7
nalex,12,15,3,30
nalexa,1,0,0,1
nalexander,1,4,0,5
nalexandra,6,0,3,9
nalexis,2,5,12,19
nalfi,0,3,0,3
nalfie,0,4,0,4
nalfonso,0,0,4,4
nalgas,0,1,0,1
nalgeria,0,1,0,1
nalgu,0,1,1,2
nalguien,0,9,1,10
nalguitas,0,0,1,1
nalhamdulallah,5,0,0,5
nali,0,1,0,1
nalice,0,2,1,3
nalicia,1,0,0,1
nalien,8,0,0,8
nalissa,1,0,0,1
nalix,0,0,6,6
nall,59,15,300,374
nallah,0,2,0,2
nallahuakbar,0,2,0,2
nallen,0,0,4,4
nallied,5,0,0,5
nalligator,0,1,0,1
nalligators,1,0,0,1
nallllssssoooooo,4,0,0,4
nallowing,0,0,3,3
nally,1,1,0,2
nallysus,0,1,0,1
nalmighty,1,0,0,1
nalmost,2,4,3,9
nalodia,0,0,1,1
nalone,0,0,1,1
nalonso,0,0,6,6
nalors,0,2,0,2
nalpha,4,0,0,4
nalready,0,2,7,9
nalright,8,3,7,18
nalrighty,0,4,0,4
nals,0,0,1,1
nalso,199,55,707,961
naltamonte,0,0,1,1
nalternatively,0,0,5,5
nalthea,0,0,6,6
nalthough,4,0,34,38
nalty,0,4,0,4
naluha,0,1,0,1
nalwas,0,0,3,3
nalways,13,3,65,81
nalysandra,0,0,2,2
nam,44,47,17,108
nama,2,5,1,8
namadeus,0,3,0,3
namadhi,0,0,5,5
namagoonus,0,2,0,2
namaj,1,0,0,1
namajunas,1,0,2,3
namaksdjdjdndnslsldlbnnkk,0,1,0,1
namalah,0,0,5,5
namaluje,0,2,0,2
namamos,0,0,1,1
naman,0,6,0,6
namanya,0,1,0,1
namas,0,3,0,3
namassed,0,0,2,2
namast,0,0,3,3
namaste,4,4,2,10
namath,0,0,4,4
namazing,5,21,38,64
namazingly,0,0,1,1
namazon,0,1,1,2
namba,0,3,0,3
namber,0,1,11,12
nambia,1,0,1,2
nambidextrous,0,1,0,1
namc,1,0,0,1
namco,5,0,0,5
namd,0,1,0,1
name,816,2012,2678,5506
named,87,207,263,557
nameday,0,1,0,1
namedropping,0,2,0,2
namekians,0,0,1,1
nameks,0,0,1,1
namelijk,0,1,0,1
namely,10,1,15,26
namen,6,1,1,8
nameplate,1,0,6,7
namercians,0,0,1,1
namerica,4,0,15,19
namerican,0,8,25,33
namericans,11,0,8,19
names,150,156,508,814
namesake,1,0,0,1
nami,0,1,1,2
namibia,0,1,3,4
namiclubwear,0,1,0,1
namigo,0,1,0,1
namin,1,1,1,3
naming,12,9,15,36
namja,0,1,0,1
namjaga,0,1,0,1
namjin,0,3,1,4
namjoon,8,28,29,65
namjoonnnnnnnnn,0,0,1,1
namjoons,0,2,2,4
namjooonnnnnnnnn,0,1,0,1
namjooooonn,0,1,0,1
namjooooonnnn,0,1,0,1
namly,0,0,2,2
namo,0,3,0,3
namon,0,2,0,2
namong,2,0,0,2
namongst,0,0,2,2
namonium,0,0,5,5
namorar,0,4,0,4
namu,0,1,0,1
namudo,0,7,0,7
namun,0,1,0,1
namy,1,3,1,5
nan,15,23,63,101
nana,1,13,10,24
nanakin,4,0,1,5
nanana,1,3,0,4
nananananananananananana,0,1,0,1
nanas,0,2,0,2
nanay,0,1,1,2
nanaymode,0,2,0,2
nanchor,0,0,4,4
nanchors,3,0,0,3
nancient,0,0,1,1
nancy,22,35,34,91
nand,711,158,2309,3178
nandatevi,0,1,0,1
nandato,0,1,0,1
nandayo,0,1,0,1
nande,0,1,0,1
nandha,0,0,1,1
nandhey,0,0,1,1
nandito,0,1,0,1
nando,0,5,4,9
nandos,0,6,11,17
nandre,0,0,7,7
nandreas,0,0,7,7
nandres,0,0,1,1
nandrew,0,1,7,8
nandroid,3,0,1,4
nandy,0,0,2,2
naneun,0,3,0,3
nang,1,5,0,6
nangel,0,1,1,2
nangelica,1,0,3,4
nangelina,1,0,1,2
nanger,7,0,0,7
nangis,0,1,1,2
nangry,0,1,0,1
nangumentitive,0,0,3,3
nanheuser,0,0,1,1
nani,2,17,0,19
naniii,0,5,0,5
nanimal,0,0,6,6
nanimals,0,0,8,8
nanime,0,2,0,2
nanitta,0,6,1,7
nanjiana,0,0,1,1
nanjianai,0,2,0,2
nanjiani,15,21,34,70
nann,1,0,0,1
nanna,2,0,27,29
nanne,0,0,1,1
nannie,0,1,0,1
nannies,0,0,1,1
nannihilation,0,0,1,1
nannnd,1,0,0,1
nannnnnnnd,2,0,0,2
nannoying,0,0,2,2
nannu,0,0,1,1
nanny,1,13,31,45
nannying,0,0,5,5
nannys,0,0,1,1
nano,12,1,3,16
nanomachines,0,1,0,1
nanometers,0,0,3,3
nanosec,0,1,0,1
nanosecond,0,2,2,4
nanoseconds,0,1,0,1
nanotechnology,1,0,1,2
nanother,27,7,26,60
nanotube,0,0,1,1
nanowrimo,0,0,7,7
nans,6,0,8,14
nansayfa,0,3,0,3
nanswer,0,1,3,4
nantagonist,0,1,0,1
nantarctic,1,0,0,1
nante,0,1,0,1
nantes,0,2,0,2
nanthony,0,3,11,14
nanti,20,1,3,24
nantifa,8,0,2,10
nantonis,0,0,22,22
nantworten,0,0,1,1
nanuuuu,0,1,0,1
nanw,0,0,1,1
nanwar,0,1,0,1
nanxiety,0,0,1,1
nany,4,9,32,45
nanybody,0,2,8,10
nanyhow,0,0,8,8
nanymore,3,0,4,7
nanyone,10,13,64,87
nanything,0,0,3,3
nanyway,10,1,70,81
nanyways,5,1,39,45
nanywho,1,0,0,1
nao,2,19,3,24
naoh,0,2,0,2
naokigahara,0,0,1,1
naomi,1,13,22,36
naomj,0,1,0,1
naon,0,1,0,1
naos,0,0,1,1
nap,4,16,18,38
napa,0,0,7,7
napahart,0,0,1,1
napalm,4,1,1,6
napanood,0,0,1,1
napansin,0,1,0,1
napanuod,0,0,1,1
napart,1,1,1,3
napayat,0,1,0,1
nape,0,0,1,1
naperville,0,1,0,1
naphtalite,0,0,3,3
napisa,0,3,0,3
napisach,0,3,0,3
napisane,0,2,0,2
napisy,0,3,0,3
napisze,0,1,0,1
napiyosunuz,0,1,0,1
napkin,0,0,20,20
napkins,0,2,3,5
naples,3,0,5,8
napoca,0,1,0,1
napolean,0,0,1,1
napolecani,1,0,0,1
napoleon,5,5,25,35
napoleonic,1,0,0,1
napoletani,0,5,0,5
napoletano,0,2,0,2
napoli,12,136,15,163
napolitano,0,0,1,1
napoliyi,0,0,1,1
napot,0,3,0,3
napp,0,2,0,2
nappa,0,0,1,1
napparently,4,2,6,12
napped,0,1,1,2
napper,0,0,10,10
nappies,8,1,0,9
napping,0,3,2,5
nappl,0,1,0,1
napplaud,0,0,1,1
napplause,1,1,0,2
napple,4,3,2,9
napples,1,1,2,4
napplicant,0,0,6,6
napplication,0,0,2,2
nappreaciate,0,0,1,1
nappreciate,0,0,8,8
napprox,4,0,0,4
napproximately,0,0,1,1
napps,0,0,2,2
nappy,4,8,20,32
naprawd,0,23,0,23
naprawde,0,2,0,2
napred,0,1,0,1
napril,0,0,3,3
naproxen,1,0,0,1
naps,1,0,20,21
napstacup,0,2,0,2
napster,0,0,2,2
napule,0,2,0,2
napuli,0,8,0,8
napupunta,0,1,0,1
napzillicueta,5,0,0,5
naq,0,2,0,2
naqu,0,1,0,1
naquaman,0,1,3,4
nar,0,8,1,9
narabic,0,0,1,1
naraccist,0,0,1,1
narak,0,1,0,1
narative,0,0,1,1
narayo,0,0,3,3
narc,0,0,1,1
narcade,0,5,0,5
narcangel,0,1,0,1
narcassissts,0,0,1,1
narcassist,0,0,1,1
narcassistic,0,0,1,1
narchaeology,0,0,1,1
narchie,0,0,1,1
narcicist,0,0,1,1
narcisista,0,0,2,2
narcisitic,1,0,1,2
narcissa,1,0,0,1
narcissism,7,0,2,9
narcissist,25,4,27,56
narcissistic,24,19,50,93
narcissists,4,0,8,12
narcissus,0,1,0,1
narco,4,8,4,16
narcolepsy,0,3,0,3
narcos,7,13,36,56
narcotic,2,0,0,2
narcotics,1,0,0,1
nardent,0,0,5,5
nardole,8,1,0,9
nardwar,2,0,0,2
nardwaur,0,1,0,1
nardwuar,0,1,0,1
nare,41,9,112,162
narea,1,0,0,1
narecibo,0,0,2,2
naren,1,0,2,3
narendra,0,2,0,2
nareruteo,0,0,1,1
nareszcie,0,4,0,4
nareul,0,5,0,5
nargentina,0,1,0,1
narghhhhhhh,0,0,2,2
nariana,0,2,0,2
nariel,0,1,7,8
naries,0,1,0,1
narigatougozaimashita,0,4,0,4
nariiba,0,1,0,1
narinder,0,0,4,4
narinig,0,1,0,1
narios,0,2,0,2
naririnig,0,1,0,1
nariste,1,0,0,1
naristotle,0,0,2,2
narita,0,4,0,4
narla,0,0,2,2
narliness,0,2,0,2
narmal,0,1,0,1
narms,0,0,1,1
narmy,1,3,4,8
narmys,0,2,6,8
narmyyyyyyyy,0,1,0,1
narnia,1,5,5,11
narnold,0,2,2,4
naroba,0,3,0,3
narodnaya,0,0,14,14
narodzenia,0,2,0,2
naround,0,0,4,4
narr,1,0,0,1
narraci,0,3,0,3
narradores,0,6,0,6
narraration,0,0,1,1
narrarator,2,0,0,2
narrate,8,2,2,12
narrated,0,12,25,37
narrater,0,0,2,2
narrates,1,5,8,14
narrateur,1,0,0,1
narrating,0,17,18,35
narration,14,11,47,72
narrations,0,0,2,2
narrative,78,37,135,250
narratively,0,0,4,4
narratives,14,0,18,32
narrator,29,46,58,133
narrators,0,2,1,3
narriba,0,1,0,1
narrival,1,0,0,1
narrow,24,0,41,65
narrowed,0,0,5,5
narrower,1,0,1,2
narrowest,1,0,6,7
narrowly,3,0,0,3
narrows,0,0,2,2
nars,10,20,51,81
narsasists,0,1,0,1
narsenal,9,0,13,22
narstie,6,0,0,6
nart,0,0,5,5
narthur,0,0,1,1
narturo,0,0,1,1
narudo,0,2,0,2
naruot,0,1,0,1
naruto,4,28,22,54
narutomaki,0,3,0,3
narutos,1,0,1,2
narwa,0,5,0,5
narya,2,0,0,2
narz,1,0,0,1
nas,86,44,217,347
nasa,34,29,34,97
nasajj,1,0,0,1
nasal,5,1,3,9
nasally,3,0,6,9
nasapeepo,0,1,0,1
nascar,12,15,23,50
nasdfghjkl,0,1,0,1
naseem,4,0,5,9
nasey,0,0,2,2
nash,4,5,9,18
nashamed,2,0,5,7
nasher,0,0,3,3
nashley,0,0,1,1
nashoka,1,0,0,1
nashole,1,0,0,1
nashraf,0,0,1,1
nashville,2,5,32,39
nasi,0,3,0,3
nasian,1,0,0,1
nasians,0,0,3,3
naside,1,0,0,1
nasil,0,1,0,1
nasim,0,1,0,1
nasimismo,0,0,1,1
nasir,0,0,3,3
nask,1,0,5,6
nasking,0,1,0,1
nasmr,0,0,1,1
nasrin,0,0,1,1
nass,0,3,0,3
nassau,0,0,3,3
nasser,0,0,8,8
nasses,0,0,5,5
nassets,1,0,0,1
nassh,0,1,0,1
nassho,0,1,0,1
nasshol,0,1,0,1
nasshole,0,1,0,1
nassholes,0,1,0,1
nassimilation,0,0,1,1
nasstyyy,0,1,0,1
nassuming,0,0,3,3
nassumptions,0,0,1,1
nastalgic,0,0,2,2
nasthma,0,0,2,2
nasties,3,0,2,5
nastiest,2,1,1,4
nastiness,0,0,1,1
nastolgia,1,0,0,1
nastraea,0,0,1,1
nastu,0,1,0,1
nasty,323,6,51,380
nastygal,0,1,0,1
nastyhowever,0,6,0,6
nasuka,2,0,0,2
nasus,0,0,3,3
naswell,0,0,1,1
naszcz,0,2,0,2
nat,41,73,100,214
nata,5,1,1,7
natak,0,2,0,2
natal,0,3,1,4
natalia,2,10,11,23
natalie,8,40,73,121
natalies,0,3,1,4
natalya,1,0,0,1
natasha,8,40,59,107
nate,10,13,51,74
natec,0,0,1,1
natentamente,0,1,0,1
naterial,0,0,1,1
naterual,0,0,2,2
nates,4,0,0,4
natewantstobattle,0,0,1,1
natgeo,0,0,1,1
nathalia,0,0,1,1
nathalie,1,8,0,9
nathalieparis,0,2,0,2
nathan,6,24,18,48
nathaniel,0,0,7,7
natheists,0,0,1,1
nati,0,2,0,2
natici,0,1,0,1
natio,0,0,1,1
nation,128,50,257,435
national,169,98,358,625
nationalism,16,0,17,33
nationalist,5,1,25,31
nationalists,9,2,6,17
nationalities,8,0,6,14
nationality,10,3,11,24
nationalization,0,0,4,4
nationalized,3,0,8,11
nationally,1,0,4,5
nationals,24,0,1,25
nationlist,0,0,1,1
nationnnnn,0,3,0,3
nations,47,4,42,93
nationwide,0,0,8,8
native,56,20,113,189
natively,3,0,0,3
natives,3,1,23,27
natl,0,0,4,4
natleast,0,1,0,1
nato,1,9,0,10
natomic,0,1,0,1
natp,0,0,1,1
natrual,1,2,1,4
natrul,0,1,0,1
nats,1,0,4,5
natsu,0,1,0,1
natsuki,0,2,0,2
natsume,1,1,0,2
natsy,0,4,0,4
natt,1,0,2,3
nattack,11,0,7,18
nattacking,0,0,11,11
nattention,1,0,4,5
natter,0,0,6,6
natticus,0,0,1,1
natto,0,0,3,3
natty,1,0,0,1
natur,0,1,0,1
natura,0,4,0,4
naturaaall,0,1,0,1
naturais,0,0,1,1
natural,203,6,1595,1804
naturaldr,0,0,2,2
naturale,0,0,2,2
naturales,0,1,0,1
naturaleza,4,4,0,8
naturalists,3,0,0,3
naturality,0,0,5,5
naturally,42,0,297,339
naturalna,0,2,0,2
naturals,0,0,3,3
naturaly,0,0,1,1
naturapathic,0,0,4,4
naturapthic,0,0,2,2
naturaul,0,0,1,1
nature,154,85,366,605
naturel,0,10,2,12
naturelle,0,1,0,1
naturellement,0,1,0,1
natures,1,0,4,5
natureza,0,1,0,1
naturi,0,2,2,4
naturopath,3,0,0,3
naturopathic,0,0,3,3
natury,0,2,0,2
natuurlijk,0,10,2,12
natzis,1,0,0,1
natzzz,0,0,1,1
nau,0,0,3,3
naubus,0,0,1,1
naucious,1,0,0,1
nauczy,0,4,0,4
nauczycielka,0,2,0,2
naudemars,1,0,0,1
naudible,0,0,1,1
naudience,0,0,2,2
naught,0,1,0,1
naughty,36,0,41,77
naugust,5,0,3,8
nauh,1,0,0,1
naui,0,1,0,1
naunque,1,1,0,2
nausea,1,0,21,22
nauseate,0,1,0,1
nauseating,11,5,2,18
nauseatingly,2,0,0,2
nauseous,4,2,9,15
nausicaa,0,1,0,1
naussie,0,1,0,1
naussies,0,1,0,1
naustin,1,1,1,3
naustralia,0,1,0,1
nauthentic,0,0,3,3
nauthor,0,0,4,4
nautical,0,4,0,4
nautism,0,0,2,2
nautoplay,0,1,0,1
nautotune,0,1,0,1
nauts,1,0,1,2
nautumn,0,5,0,5
nav,1,30,12,43
navada,0,2,1,3
navadra,0,1,0,1
navailable,0,0,3,3
naval,11,6,3,20
navanti,0,5,0,5
navas,0,18,5,23
nave,1,1,0,2
navel,0,0,3,3
naver,2,8,7,17
naverage,0,0,2,2
navery,0,0,2,2
navi,0,3,1,4
navicii,1,7,3,11
navide,0,1,0,1
navigate,0,2,12,14
navigated,1,0,2,3
navigating,0,1,6,7
navigation,5,2,3,10
navigator,0,2,17,19
navigators,0,0,21,21
navillera,0,1,2,3
navite,0,0,3,3
navman,0,2,0,2
navoid,0,4,0,4
navratri,0,0,1,1
navy,30,61,120,211
navyata,0,3,0,3
naw,19,21,76,116
nawa,0,4,0,4
nawala,0,1,0,1
nawan,0,0,4,4
nawawala,1,0,0,1
naway,0,1,0,1
nawesome,6,19,19,44
nawesomeeeee,0,1,0,1
nawesomeness,0,1,0,1
nawesometacular,0,4,0,4
nawet,0,20,2,22
nawf,1,0,0,1
nawil,0,2,0,2
nawkward,0,0,6,6
nawll,0,0,1,1
nawsome,1,1,0,2
naww,3,4,9,16
nawww,0,2,3,5
nawwwwwwwwwwwwwwwwwwwwwwww,0,0,1,1
naxyq,0,1,0,1
nay,10,7,13,30
nayan,0,1,0,1
nayarhythm,0,0,2,2
naye,2,2,0,4
nayele,0,0,3,3
nayely,0,0,5,5
nayeon,7,18,9,34
nayeonie,0,1,0,1
nayeoniee,0,1,0,1
nayeonjeongyeonmomosanajihyominadahyunchaeyoungtzuyu,0,0,1,1
nayeonnie,0,0,1,1
nayeonnnnn,0,2,0,2
nayla,1,0,13,14
nayman,0,0,1,1
naysayers,0,0,7,7
nayshunnnn,0,1,0,1
nayudennos,0,1,0,1
nayy,3,0,3,6
nayyyyy,0,0,1,1
naz,0,1,0,1
nazar,0,1,0,1
nazare,0,0,1,1
nazario,0,0,6,6
nazbol,0,1,0,1
nazeebo,0,4,0,4
nazghul,0,1,0,1
nazi,139,48,80,267
nazionale,0,6,0,6
nazionalismo,0,4,0,4
nazipenda,0,1,0,1
nazis,140,39,89,268
nazism,12,4,2,18
nazli,0,0,1,1
nazpi,0,0,8,8
nazul,0,0,2,2
nb,16,9,56,81
nba,42,36,112,190
nbaba,0,0,3,3
nbabe,1,0,0,1
nbabies,1,0,3,4
nbaboon,1,0,0,1
nbabushka,0,4,0,4
nbaby,45,2,232,279
nback,7,6,24,37
nbackground,0,0,1,1
nbackspace,0,1,0,1
nbackward,0,0,3,3
nbad,2,1,20,23
nbadminton,0,1,0,1
nbaes,1,0,0,1
nbaige,0,1,0,1
nbakayoko,0,0,6,6
nbaking,0,1,1,2
nbalana,0,1,0,1
nbalance,0,0,7,7
nbalenciaga,0,0,3,3
nballet,0,0,2,2
nbalon,0,3,0,3
nbaltimore,1,0,0,1
nbam,0,1,0,1
nbambam,0,0,1,1
nbamboo,1,0,0,1
nban,0,6,0,6
nbanco,0,1,0,1
nband,0,0,3,3
nbang,1,0,2,3
nbanger,0,3,4,7
nbank,1,2,0,3
nbanning,1,0,0,1
nbaptism,0,0,1,1
nbarack,14,2,0,16
nbarami,0,1,0,1
nbaramman,0,2,0,2
nbarber,1,1,0,2
nbarca,0,0,1,1
nbarceloneta,0,0,2,2
nbarchie,0,0,1,1
nbarclays,0,0,1,1
nbarefoot,0,0,15,15
nbaresi,0,1,0,1
nbargain,1,0,0,1
nbarret,0,0,1,1
nbartender,0,3,1,4
nbased,4,0,0,4
nbasically,9,1,13,23
nbasketball,0,0,1,1
nbastards,0,0,2,2
nbatman,1,0,3,4
nbatshuayi,6,0,0,6
nbatsuayi,8,0,0,8
nbattery,1,0,2,3
nbattlefront,0,7,0,7
nbay,0,0,3,3
nbayek,0,0,4,4
nbayley,1,0,0,1
nbaz,0,0,4,4
nbazinga,0,0,1,1
nbb,0,1,3,4
nbbbbbbbbbbbbbbbbbbbbbbbbbbbbbbbbbbbbbbbbbbbb,0,2,0,2
nbbbg,0,0,2,2
nbc,12,5,44,61
nbcoz,0,0,1,1
nbcuniversalabc,0,1,0,1
nbd,1,1,1,3
nbe,21,20,71,112
nbeach,0,0,2,2
nbeard,0,0,4,4
nbeastie,5,0,0,5
nbeatiful,0,0,1,1
nbeautiful,3,11,27,41
nbeauty,0,0,5,5
nbeavis,2,0,0,2
nbeb,2,0,0,2
nbecame,0,0,4,4
nbecause,43,36,65,144
nbecca,0,0,1,1
nbecome,1,0,1,2
nbecuase,0,0,1,1
nbed,0,0,4,4
nbedroom,2,0,2,4
nbee,0,2,0,2
nbeekeeping,0,0,2,2
nbeen,32,0,26,58
nbeep,0,6,0,6
nbeer,6,0,0,6
nbeers,0,1,0,1
nbeez,0,0,7,7
nbefore,20,4,26,50
nbefrienders,0,0,1,1
nbeg,0,0,4,4
nbega,1,0,0,1
nbego,0,0,4,4
nbegon,0,0,4,4
nbegone,0,0,46,46
nbegrudgingly,0,0,3,3
nbehind,1,1,8,10
nbehold,12,0,3,15
nbeing,12,1,29,42
nbelieve,0,1,0,1
nbeliever,0,1,0,1
nbellend,1,0,0,1
nbellends,0,1,0,1
nbellerin,0,1,0,1
nbelleza,0,1,0,1
nbello,0,2,0,2
nbelow,0,0,1,1
nbelt,0,0,1,1
nben,6,5,5,16
nbended,0,2,0,2
nbendon,1,0,0,1
nbenedict,0,4,0,4
nbeng,0,1,0,1
nbenjamin,0,0,3,3
nbentley,1,0,2,3
nberchiche,0,4,0,4
nbeside,1,0,0,1
nbesides,3,1,6,10
nbesiktas,0,3,0,3
nbest,19,42,50,111
nbet,5,2,2,9
nbethesda,0,0,5,5
nbetter,7,7,2,16
nbetty,0,0,1,1
nbetween,0,0,18,18
nbeverley,0,0,6,6
nbeverly,3,0,1,4
nbey,0,0,1,1
nbeyonc,0,1,0,1
nbeyond,1,0,4,5
nbezelless,0,0,2,2
nbf,1,0,0,1
nbh,0,0,2,2
nbi,0,0,1,1
nbianca,0,0,2,2
nbichare,0,1,0,1
nbicycle,0,0,6,6
nbielzabub,0,1,0,1
nbig,6,11,37,54
nbiggie,0,1,3,4
nbiiitch,0,1,0,1
nbill,8,0,7,15
nbillboard,0,0,1,1
nbillion,0,0,1,1
nbin,0,0,3,3
nbinge,6,0,0,6
nbiology,0,2,0,2
nbirth,0,0,2,2
nbirthday,0,0,1,1
nbises,0,1,0,1
nbisogna,0,2,0,2
nbisous,0,0,2,2
nbisping,6,1,6,13
nbit,0,1,6,7
nbitch,11,5,11,27
nbitches,0,0,5,5
nbitcoin,0,0,1,1
nbite,0,0,2,2
nbiteulgeorineun,0,2,0,2
nbitin,0,0,1,1
nbj,0,0,3,3
nbk,0,7,6,13
nblack,17,5,3,25
nblackbear,1,0,0,1
nblackmirror,0,0,1,1
nblackpink,0,0,1,1
nblacks,0,0,1,1
nblade,0,1,0,1
nbladerunner,0,1,0,1
nblades,0,0,1,1
nblah,1,1,0,2
nblair,1,0,0,1
nblairs,0,0,1,1
nblake,0,0,3,3
nblame,0,1,0,1
nblanka,0,0,3,3
nblasters,0,0,1,1
nbleeding,5,0,0,5
nbleh,0,1,0,1
nbless,1,6,11,18
nblessed,0,0,6,6
nblessings,0,1,1,2
nblieve,0,0,2,2
nblij,0,0,1,1
nblimey,0,0,1,1
nblind,0,0,1,1
nblink,9,0,0,9
nblinks,0,0,1,1
nblocked,0,6,0,6
nblocko,2,0,0,2
nblonde,0,0,2,2
nblood,0,1,0,1
nbloody,5,0,1,6
nbloodyhell,1,0,0,1
nbloom,0,0,1,1
nblow,0,0,1,1
nblowin,0,0,10,10
nblue,1,4,6,11
nblush,0,0,4,4
nbmin,1,0,0,1
nbn,0,0,2,2
nbo,0,0,1,1
nboasting,0,1,0,1
nbob,0,2,0,2
nboba,1,0,0,1
nbobby,0,0,1,1
nbobo,0,0,2,2
nbody,0,2,9,11
nboehner,0,0,4,4
nboeing,1,0,0,1
nboi,0,2,0,2
nboieng,0,1,0,1
nboiiiiiii,0,0,1,1
nboing,2,0,0,2
nbojack,4,2,4,10
nbojo,0,1,0,1
nbolbbalgan,0,1,0,1
nbolt,0,0,2,2
nbomb,0,6,1,7
nbon,0,0,7,7
nbone,0,1,0,1
nbonfires,0,0,2,2
nbonus,0,5,0,5
nboo,0,3,0,3
nboobs,0,4,0,4
nbooh,0,1,0,1
nbook,0,6,0,6
nbookbait,0,1,0,1
nbooks,0,0,3,3
nboom,5,1,3,9
nbooommmm,1,0,0,1
nboooo,0,0,1,1
nboooom,1,0,0,1
nboooooo,0,0,1,1
nboot,0,0,5,5
nbooty,0,1,0,1
nborderline,0,0,1,1
nboricua,0,0,2,2
nboring,2,0,5,7
nboris,0,3,0,3
nbose,0,0,1,1
nbosnian,5,0,0,5
nbossk,1,0,0,1
nbotellas,0,0,1,1
nboth,6,10,19,35
nbottom,0,1,9,10
nbought,0,0,1,1
nbounce,1,0,0,1
nbout,0,0,1,1
nbow,0,0,1,1
nbowheads,0,0,3,3
nbowie,0,0,1,1
nboxer,5,0,0,5
nboxing,0,1,1,2
nboy,18,6,14,38
nboycotting,1,0,0,1
nboyega,1,0,0,1
nboyfriend,1,1,0,2
nboys,0,0,6,6
nboyyyyoo,0,1,0,1
nbr,0,4,4,8
nbra,0,0,1,1
nbrad,0,0,1,1
nbrain,0,1,0,1
nbrainy,0,0,4,4
nbranch,4,0,4,8
nbrandon,0,1,0,1
nbrasil,0,1,0,1
nbrasileiro,0,1,0,1
nbrasileiros,0,1,0,1
nbraun,1,0,0,1
nbrave,2,4,3,9
nbravo,5,7,14,26
nbrazil,0,4,4,8
nbrazilians,0,0,1,1
nbrb,0,3,0,3
nbread,2,0,0,2
nbreadwinner,0,0,1,1
nbreak,7,0,40,47
nbreakin,3,0,0,3
nbreaking,0,0,1,1
nbreakthrough,1,0,0,1
nbreast,0,0,3,3
nbref,0,2,0,2
nbrendan,6,0,0,6
nbrendon,1,0,0,1
nbrennan,0,0,7,7
nbrethren,0,0,1,1
nbrexit,0,0,5,5
nbribing,0,5,0,5
nbridge,0,0,2,2
nbridgestone,0,0,1,1
nbright,1,0,0,1
nbrighter,0,0,3,3
nbrillant,0,1,0,1
nbrilliant,2,3,2,7
nbrilliantly,0,1,1,2
nbrincadeiras,0,0,4,4
nbring,3,10,4,17
nbringing,0,0,1,1
nbritish,13,5,3,21
nbro,1,6,2,9
nbrock,0,0,2,2
nbronies,1,0,0,1
nbronzer,0,0,4,4
nbrooding,0,0,1,1
nbrooo,0,0,2,2
nbros,0,0,1,1
nbrotha,0,0,4,4
nbrother,3,0,4,7
nbrought,2,0,0,2
nbrown,8,1,0,9
nbrownie,0,0,2,2
nbrows,0,4,4,8
nbrrr,0,0,2,2
nbrrrah,0,0,1,1
nbrs,0,0,1,1
nbruce,0,0,1,1
nbruger,0,3,0,3
nbruh,0,1,9,10
nbruncher,0,1,0,1
nbrunette,0,1,0,1
nbruno,0,9,1,10
nbrush,2,0,0,2
nbrushin,0,1,0,1
nbryan,0,0,1,1
nbryant,0,0,1,1
nbryson,0,2,0,2
nbs,0,2,0,2
nbtob,0,2,2,4
nbts,6,9,13,28
nbtug,0,0,2,2
nbtw,18,18,164,200
nbubz,0,0,3,3
nbuddies,0,0,1,1
nbuddy,0,1,0,1
nbudget,2,0,0,2
nbuena,0,2,0,2
nbuff,0,1,0,1
nbuffon,0,2,5,7
nbufon,0,0,1,1
nbugger,0,4,0,4
nbughead,0,0,1,1
nbuild,1,0,0,1
nbuilding,0,0,6,6
nbulgaria,0,0,2,2
nbullet,0,0,1,1
nbullets,2,0,0,2
nbullshit,0,0,1,1
nbump,0,0,1,1
nbunnie,0,1,0,1
nbunny,0,0,1,1
nburberry,0,1,0,1
nburbujas,0,6,0,6
nburn,3,0,1,4
nburning,1,0,2,3
nburr,0,0,1,1
nburritos,0,0,1,1
nbuss,1,0,0,1
nbust,6,0,0,6
nbut,465,85,1225,1775
nbutt,0,1,0,1
nbutterscotch,0,0,2,2
nbutthead,2,0,0,2
nbuuut,1,0,0,1
nbuuuuttttt,0,0,1,1
nbuuuuut,0,0,1,1
nbuuuuuuuuuuuut,0,0,3,3
nbuy,4,3,11,18
nbuying,0,0,4,4
nbuzzed,0,0,6,6
nbuzzfeed,0,1,0,1
nbwahahahaha,0,1,0,1
nby,11,8,66,85
nbybgbggfycg,0,0,2,2
nbye,8,3,18,29
nc,51,45,71,167
nca,0,4,5,9
ncaa,1,7,0,8
ncaballero,0,0,8,8
ncabo,0,1,2,3
ncad,1,1,0,2
ncada,2,8,0,10
ncahil,0,0,8,8
ncahill,0,0,9,9
ncake,0,2,0,2
ncall,4,5,35,44
ncalla,0,2,0,2
ncalligraphy,0,0,1,1
ncalling,0,0,5,5
ncallum,0,0,6,6
ncalm,4,0,2,6
ncalves,0,1,0,1
ncalvin,0,0,1,1
ncame,0,0,6,6
ncamera,3,2,5,10
ncameraman,0,0,5,5
ncameron,0,0,1,1
ncamila,0,10,2,12
ncampbell,0,0,1,1
ncamren,0,68,0,68
ncan,77,50,202,329
ncanada,0,0,2,2
ncanadian,0,0,1,1
ncancelled,0,3,0,3
ncancer,0,3,5,8
ncancerous,0,1,0,1
ncangry,0,1,0,1
ncanllnds,0,3,0,3
ncannot,0,0,12,12
ncant,0,1,9,10
ncapcom,1,10,0,11
ncapita,2,0,0,2
ncapitalism,0,0,1,1
ncapos,0,4,0,4
ncapt,3,0,0,3
ncaptain,1,0,0,1
ncaption,3,0,0,3
ncar,2,1,0,3
ncara,0,2,0,2
ncarat,0,0,1,1
ncarats,0,0,1,1
ncarbon,0,0,5,5
ncards,0,0,2,2
ncare,0,0,7,7
ncareful,0,0,1,1
ncarefully,0,0,3,3
ncares,0,1,0,1
ncarl,0,0,4,4
ncarlo,0,0,1,1
ncarlos,0,5,0,5
ncarly,0,0,1,1
ncarmen,0,1,0,1
ncarmensita,0,0,1,1
ncarnage,0,0,1,1
ncarnaval,0,9,0,9
ncarolina,0,0,2,2
ncaroline,0,1,0,1
ncarrasco,0,1,0,1
ncarrie,0,0,1,1
ncarrots,0,2,0,2
ncarry,1,0,3,4
ncase,1,0,11,12
ncaserios,2,0,0,2
ncasey,2,0,2,4
ncash,0,0,1,1
ncasper,0,1,2,3
ncassidy,0,0,1,1
ncast,0,0,1,1
ncasting,0,0,1,1
ncastle,0,0,3,3
ncastrol,0,0,1,1
ncasual,3,0,0,3
ncat,3,0,2,5
ncatch,0,1,4,5
ncate,0,0,1,1
ncattle,0,5,0,5
ncau,0,0,1,1
ncaught,1,0,17,18
ncause,42,3,100,145
ncautiously,0,0,2,2
ncave,0,1,0,1
ncayote,0,1,0,1
ncb,0,6,17,23
ncbbbgcb,0,0,2,2
ncbfb,0,0,2,2
ncbn,0,0,1,1
nccccccccccccccccccccccccccccccccccccccccccccccccccccccccccccc,0,1,0,1
nccezionale,0,5,0,5
nccroynf,0,1,0,1
nce,0,8,3,11
ncech,0,1,0,1
ncede,0,4,0,4
ncejudo,0,3,0,3
ncelebrating,0,3,0,3
ncelebratioooooon,5,0,0,5
ncelebrities,0,0,1,1
ncelikle,0,0,3,3
nceline,0,0,8,8
ncello,0,5,3,8
ncellur,0,4,0,4
ncelsius,0,0,2,2
nceltic,0,0,14,14
ncept,1,0,0,1
ncer,2,2,0,4
ncermit,0,1,0,1
ncertain,0,0,3,3
ncertainly,3,0,8,11
ncetaceans,0,0,3,3
ncf,0,0,6,6
ncgi,1,0,0,1
nchaeyoung,0,0,3,3
nchain,3,0,2,5
nchained,0,0,1,1
nchambers,0,16,0,16
nchampagne,0,0,5,5
nchampion,0,0,3,3
nchampions,0,5,0,5
nchan,0,1,0,1
nchance,1,0,0,1
nchandelier,0,1,0,1
nchandighar,0,0,1,1
nchange,2,0,0,2
nchanging,0,1,0,1
nchannel,1,2,3,6
nchannelling,0,0,2,2
nchannels,3,0,0,3
nchapman,1,0,0,1
ncharacter,0,1,5,6
ncharisma,6,0,0,6
ncharismatic,0,0,5,5
ncharlamagne,3,0,0,3
ncharlemagne,3,0,0,3
ncharles,0,0,5,5
ncharlie,2,4,2,8
ncharlotte,1,1,2,4
nchart,1,0,0,1
ncharybdis,3,0,0,3
nchat,1,0,2,3
nchatneun,0,1,0,1
nchauuu,0,0,1,1
ncheack,0,1,0,1
nchealsea,0,0,14,14
ncheap,3,0,2,5
ncheapening,0,0,1,1
ncheaper,0,0,1,1
nchecc,0,1,0,1
ncheck,21,11,19,51
ncheckmate,0,0,1,1
ncheepskate,0,1,0,1
ncheers,1,0,46,47
ncheesus,0,2,1,3
ncheezies,0,1,0,1
nchelsea,10,0,21,31
nchemo,2,0,0,2
ncheryl,0,0,5,5
nchester,1,1,9,11
nchew,0,0,1,1
nchewbacca,1,0,0,1
nchewing,0,1,0,1
nchez,0,3,0,3
nchick,1,0,2,3
nchicken,0,6,0,6
nchickenwatch,0,1,0,1
nchild,0,0,2,2
nchildhood,0,1,0,1
nchildren,2,1,0,3
nchile,0,6,0,6
nchill,0,1,2,3
nchillin,0,0,6,6
nchina,2,0,2,4
nchinatown,0,3,0,3
nchinese,12,0,1,13
nchinga,0,1,0,1
nchipped,0,0,5,5
ncho,0,2,1,3
nchocolate,0,2,5,7
nchoked,0,0,2,2
nchoking,0,1,0,1
nchomp,0,0,3,3
nchoose,0,1,1,2
nchop,0,0,3,3
nchopper,2,0,0,2
nchoreography,0,1,0,1
nchorus,0,0,1,1
nchris,0,4,15,19
nchrist,0,3,1,4
nchristensen,0,0,13,13
nchristiano,0,1,0,1
nchristine,0,1,1,2
nchristmas,0,0,2,2
nchurch,0,0,3,3
nci,0,5,0,5
ncia,0,5,5,10
ncicihot,0,1,0,1
ncidra,0,0,2,2
nciekawe,0,3,0,3
ncien,0,0,2,2
ncinematographer,0,0,1,1
ncipe,0,4,0,4
ncis,0,0,4,4
ncit,0,1,0,1
ncite,0,0,2,2
ncitizens,0,1,0,1
ncity,0,10,0,10
ncivil,63,1,0,64
ncj,0,2,0,2
ncjd,3,0,0,3
nck,0,0,1,1
ncked,0,1,0,1
nclan,0,0,1,1
nclap,0,2,0,2
nclapclapclapclapclap,0,1,0,1
nclarinet,0,4,0,4
nclarke,0,3,0,3
nclash,2,0,3,5
nclass,5,0,2,7
nclassic,6,3,9,18
nclassy,0,1,0,1
nclay,0,0,2,2
ncle,0,3,0,3
ncleaning,0,3,0,3
nclearer,0,0,1,1
nclearly,5,1,11,17
ncliche,1,0,0,1
nclick,1,8,4,13
nclickbait,0,1,0,1
nclicks,0,4,0,4
nclimate,0,0,4,4
nclinique,0,0,5,5
nclinton,2,0,0,2
nclm,0,4,0,4
nclose,0,0,13,13
nclosed,0,0,1,1
ncloseness,0,0,1,1
ncloser,4,0,0,4
nclothes,0,0,4,4
nclouds,2,0,0,2
nclowns,2,0,0,2
nclub,0,1,0,1
nclyne,0,0,5,5
ncm,0,7,17,24
ncma,0,0,3,3
ncmon,0,2,8,10
ncnco,0,1,0,1
ncncowners,0,1,0,1
ncnn,2,0,1,3
nco,5,0,1,6
ncoca,0,18,0,18
ncocaine,1,0,0,1
ncocoa,0,0,1,1
ncoconut,0,1,1,2
ncod,1,0,0,1
ncody,1,2,12,15
ncoincidence,0,3,1,4
ncole,0,0,19,19
ncoleeeeeeeee,0,1,0,1
ncolin,0,1,1,2
ncolleen,0,1,0,1
ncollege,0,0,1,1
ncolombia,5,1,0,6
ncolonial,10,0,0,10
ncolonialism,0,4,0,4
ncolored,0,0,8,8
ncom,1,0,1,2
ncombine,0,0,2,2
ncome,32,17,70,119
ncomedian,0,0,2,2
ncomentario,0,1,0,1
ncomer,0,0,2,2
ncomes,1,0,6,7
ncomin,0,0,3,3
ncoming,7,2,9,18
ncommander,0,0,4,4
ncomment,17,15,15,47
ncommentator,5,0,0,5
ncommented,0,0,1,1
ncommenting,0,0,1,1
ncomments,2,0,0,2
ncommon,4,1,0,5
ncommunications,0,0,6,6
ncommunists,0,0,4,4
ncomo,0,33,6,39
ncomotomo,0,0,3,3
ncompanies,0,0,1,1
ncomparatively,0,0,1,1
ncompared,0,0,2,2
ncompetitor,0,0,6,6
ncomplex,1,0,0,1
ncompositehacks,0,0,4,4
ncompulsory,5,0,0,5
ncomputer,0,0,4,4
ncon,0,4,7,11
nconan,1,4,2,7
nconcealer,0,0,4,4
nconcealment,1,0,0,1
nconcern,1,2,0,3
nconclusion,1,1,2,4
nconcrete,2,0,0,2
ncondolences,1,0,0,1
nconductive,0,0,6,6
nconformation,0,0,2,2
nconfused,1,0,0,1
ncongo,0,0,1,1
ncongrat,0,0,2,2
ncongrats,4,13,30,47
ncongratulation,0,0,3,3
ncongratulations,10,0,26,36
ncongratulatuions,0,0,1,1
ncongratz,0,0,5,5
ncongregation,0,0,1,1
ncongress,0,0,4,4
nconnor,0,2,5,7
ncons,3,1,0,4
nconsequences,0,0,1,1
nconservatives,1,0,2,3
nconsider,2,0,6,8
nconsidering,4,0,1,5
nconsortium,1,1,0,2
nconspiracy,0,3,0,3
nconstantine,1,0,0,1
nconsumers,0,0,5,5
ncontact,10,0,81,91
nconte,1,0,8,9
ncontent,0,0,1,1
ncontigo,0,3,0,3
ncontinue,0,0,6,6
ncontinued,0,0,2,2
ncontinuiamo,0,1,0,1
ncontour,0,4,0,4
ncontra,0,5,0,5
ncontrol,1,1,2,4
ncontrolling,5,0,0,5
nconversations,0,0,2,2
ncook,2,2,1,5
ncookin,0,0,1,1
ncool,6,5,20,31
ncoole,0,1,0,1
ncop,2,0,0,2
ncopper,6,0,0,6
ncops,1,0,0,1
ncopy,0,0,6,6
ncopying,0,1,0,1
ncore,2,0,0,2
ncorinne,0,1,0,1
ncorners,0,1,0,1
ncorrect,11,0,0,11
ncorrection,2,0,4,6
ncorrelation,0,0,4,4
ncorrespondent,1,0,0,1
ncorrin,0,0,1,1
ncorrine,0,0,2,2
ncorsair,0,0,4,4
ncos,1,0,0,1
ncosplay,1,0,0,1
ncost,1,0,5,6
ncosta,0,0,1,1
ncotten,0,1,0,1
ncoudln,1,0,0,1
ncould,10,11,71,92
ncouldn,4,0,22,26
ncount,1,0,1,2
ncounter,5,0,0,5
ncounterfeit,0,0,7,7
ncounterpuncher,0,0,6,6
ncountries,0,0,5,5
ncouple,7,0,0,7
ncourtyard,0,0,1,1
ncoutinho,0,1,0,1
ncover,2,0,0,2
ncovergirl,0,0,1,1
ncoyg,0,0,4,4
ncoyote,1,7,17,25
ncoz,0,1,16,17
ncozart,1,0,0,1
ncp,0,0,1,1
ncqfd,0,2,0,2
ncr,0,4,1,5
ncrack,1,0,0,1
ncracked,6,0,0,6
ncracking,1,0,0,1
ncrafting,0,4,0,4
ncraigslist,0,1,0,1
ncrap,0,3,0,3
ncrappy,5,0,0,5
ncrawling,3,0,2,5
ncraze,0,0,1,1
ncrazy,0,0,4,4
ncream,0,0,4,4
ncreat,0,0,1,1
ncreate,0,0,2,2
ncreator,0,0,1,1
ncredit,0,0,25,25
ncrew,1,0,0,1
ncried,8,0,0,8
ncries,0,0,1,1
ncriminal,4,0,0,4
ncriminals,3,0,3,6
ncringey,1,0,0,1
ncrippled,0,0,4,4
ncrisis,1,0,1,2
ncrisp,0,1,0,1
ncristiano,0,1,1,2
ncristine,0,0,3,3
ncritic,1,0,0,1
ncross,4,18,9,31
ncrowd,1,1,0,2
ncrowds,1,0,0,1
ncrowe,9,0,0,9
ncrucified,0,0,1,1
ncrunchyroll,0,1,0,1
ncrush,1,0,0,1
ncruzar,0,3,0,3
ncry,2,0,0,2
ncrybabies,0,1,0,1
ncrying,0,0,6,6
ncrystal,0,8,7,15
ncs,1,0,1,2
nct,0,3,3,6
nctrl,0,1,0,1
ncu,0,0,1,1
ncual,0,1,0,1
ncuando,6,2,1,9
ncuanto,0,1,0,1
ncuba,0,1,0,1
ncuban,0,0,2,2
ncuck,0,2,0,2
ncue,1,1,0,2
nculebra,0,0,2,2
nculprit,0,3,0,3
ncultural,0,0,2,2
ncum,0,1,0,1
ncumberbatch,1,0,2,3
ncunt,2,0,0,2
ncuphead,0,1,0,1
ncure,0,0,1,1
ncurious,0,0,5,5
ncurrent,0,3,1,4
ncurrently,0,0,5,5
ncurry,0,0,3,3
ncursed,1,0,4,5
ncurses,0,0,3,3
ncus,0,0,1,1
ncushioning,0,0,1,1
ncustom,0,0,4,4
ncustomer,5,0,2,7
ncut,2,0,0,2
ncutaway,0,0,2,2
ncute,0,11,1,12
ncutenwas,1,0,0,1
ncuts,0,0,4,4
ncuz,6,4,12,22
ncyaaaa,0,2,0,2
ncyclops,0,3,0,3
nd,151,239,481,871
nda,0,33,8,41
ndaa,0,2,3,5
ndaaaaamn,0,0,1,1
ndaaayyummm,1,0,0,1
ndaamn,0,0,1,1
ndaarom,0,1,0,1
ndab,1,2,1,4
ndabbing,1,0,0,1
ndaca,2,0,0,2
ndachigi,0,1,0,1
ndad,1,6,2,9
ndaddy,2,1,1,4
ndaftar,0,0,1,1
ndafuq,0,0,4,4
ndah,0,0,1,1
ndahyun,0,0,1,1
ndaiiumn,3,0,0,3
ndaily,0,0,5,5
ndairy,0,0,1,1
ndaisy,0,0,3,3
ndam,0,0,3,3
ndammit,0,2,0,2
ndamn,13,4,38,55
ndamnit,0,1,1,2
ndamondash,0,0,1,1
ndan,10,20,13,43
ndana,1,0,0,1
ndanandphils,0,2,0,2
ndance,0,1,10,11
ndancing,0,0,4,4
ndanduri,0,0,1,1
ndang,1,0,1,2
ndani,0,1,0,1
ndaniel,1,5,3,9
ndank,0,1,0,1
ndanke,0,0,2,2
ndankenstein,0,3,0,3
ndanniversary,0,1,1,2
ndannon,0,0,1,1
ndanny,0,0,2,2
ndar,0,1,0,1
ndarcy,0,0,2,2
ndare,0,6,0,6
ndaredevil,0,1,0,1
ndark,4,0,8,12
ndarl,0,1,0,1
ndarli,0,1,0,1
ndarlin,0,1,0,1
ndarling,0,1,12,13
ndarrion,0,1,0,1
ndarth,2,0,0,2
ndas,0,0,4,4
ndasso,0,0,1,1
ndat,1,1,3,5
ndata,0,0,4,4
ndate,0,1,0,1
ndating,0,2,0,2
ndaughter,0,0,3,3
ndave,0,6,8,14
ndaveh,0,4,0,4
ndaveha,0,4,0,4
ndavid,6,4,8,18
ndawn,0,4,0,4
nday,0,3,14,17
ndaydreaming,0,0,1,1
ndayman,0,2,0,2
ndc,0,0,3,3
ndd,0,0,1,1
nddr,0,0,2,2
nde,22,33,13,68
ndead,5,14,1,20
ndeal,1,1,0,2
ndear,0,1,7,8
ndearly,0,0,1,1
ndeath,3,2,5,10
ndebbie,0,0,5,5
ndeborah,0,0,3,3
ndebuchy,0,8,0,8
ndec,0,0,1,1
ndecapitation,0,1,0,1
ndecember,5,0,1,6
ndecent,0,0,5,5
ndecide,3,0,0,3
ndecided,0,1,0,1
ndeckard,0,0,3,3
ndedicated,1,0,0,1
ndeeper,0,0,2,2
ndef,1,0,1,2
ndefeated,1,0,0,1
ndefender,0,2,1,3
ndefending,0,0,6,6
ndefensa,0,1,1,2
ndefine,0,0,1,1
ndefinitely,2,0,12,14
ndefoe,0,0,6,6
ndeforestation,0,0,1,1
ndeformity,0,3,0,3
ndehydrate,3,0,0,3
ndein,0,3,0,3
ndeja,0,0,2,2
ndejar,0,3,0,3
ndejes,0,2,0,2
ndelantero,0,0,1,1
ndele,0,3,0,3
ndelete,0,1,0,1
ndelicious,0,0,1,1
ndelightful,0,0,3,3
ndelilah,0,0,1,1
ndell,0,1,0,1
ndem,0,3,1,4
ndemand,0,0,1,1
ndemarcates,0,2,0,2
ndemasiado,0,1,0,1
ndemetrious,0,1,0,1
ndemi,2,2,12,16
ndemogorgon,3,0,0,3
ndemonstrator,3,0,0,3
nden,0,1,1,2
ndengar,1,0,0,1
ndenial,1,0,0,1
ndenis,0,0,1,1
ndeo,0,2,0,2
ndepartment,2,0,4,6
ndepression,2,0,0,2
nder,0,0,3,3
nderrick,0,0,5,5
nderrr,0,0,1,1
ndescribing,3,0,2,5
ndescription,2,0,1,3
ndesde,0,1,0,1
ndesert,5,0,0,5
ndeserve,0,0,1,1
ndesigner,0,0,1,1
ndespacito,0,1,0,1
ndesperate,0,0,1,1
ndespite,0,0,7,7
ndesten,0,0,6,6
ndestruction,3,0,0,3
ndetective,1,0,0,1
ndeuteronomy,0,0,1,1
ndevil,1,0,0,1
ndez,0,0,5,5
ndgaf,1,0,0,1
ndgt,0,1,0,1
ndi,0,4,0,4
ndiabetes,0,1,0,1
ndiamond,0,0,5,5
ndiamonds,0,1,0,1
ndiana,0,0,1,1
ndiane,0,1,0,1
ndiaper,0,0,2,2
ndicap,0,0,7,7
ndice,1,0,0,1
ndiced,2,0,0,2
ndicen,0,1,0,1
ndick,0,0,2,2
ndicnsidnc,0,0,1,1
ndictionary,0,0,1,1
ndid,28,23,51,102
ndidn,3,4,19,26
ndidnt,0,1,3,4
ndido,0,0,1,1
ndie,1,0,2,3
ndied,1,2,0,3
ndiego,0,2,5,7
ndifferent,0,2,11,13
ndifficult,0,0,3,3
ndigas,0,1,0,1
ndigging,0,0,5,5
ndigital,0,0,1,1
ndil,1,0,0,1
ndill,0,0,1,1
ndime,0,4,0,4
ndiming,0,0,1,1
ndina,1,11,8,20
ndinah,1,1,0,2
ndinner,0,0,5,5
ndino,0,0,1,1
ndiodes,0,0,3,3
ndir,0,3,0,3
ndirect,2,4,7,13
ndirectioners,0,1,0,1
ndirme,0,40,0,40
ndirmek,0,6,0,6
ndirty,0,6,12,18
ndis,1,0,0,1
ndisappointed,0,6,3,9
ndisappointing,0,1,0,1
ndisclaimer,0,1,0,1
ndiscount,0,1,0,1
ndiscreet,0,0,4,4
ndiscriminated,0,0,1,1
ndiscrimination,2,0,0,2
ndiseases,0,0,4,4
ndisgusting,3,0,1,4
ndislike,1,4,0,5
ndislikes,0,0,1,1
ndisloyal,0,0,1,1
ndisney,0,1,1,2
ndisplaced,0,0,1,1
ndisrespecting,0,0,6,6
ndisslike,0,1,0,1
ndistant,0,0,1,1
ndistraction,0,0,1,1
nditka,2,1,0,3
ndiva,0,0,1,1
ndiversity,0,0,3,3
ndivide,14,0,1,15
ndivided,2,0,0,2
ndivine,0,0,1,1
ndivorce,0,0,4,4
ndiy,0,84,0,84
ndj,2,0,1,3
ndk,0,0,4,4
ndl,0,5,0,5
ndlc,1,0,0,1
ndlich,0,10,1,11
ndly,2,0,0,2
ndm,0,0,6,6
ndmv,0,0,1,1
ndna,3,1,1,5
ndnn,0,2,0,2
ndo,69,57,181,307
ndoc,0,0,1,1
ndocter,0,1,0,1
ndoctor,0,1,0,1
ndocuments,0,0,1,1
ndodie,3,1,2,6
ndoes,13,9,41,63
ndoesn,2,9,11,22
ndog,1,0,0,1
ndoggo,0,2,0,2
ndogman,0,1,0,1
ndogs,0,0,3,3
ndogshit,0,2,0,2
ndoing,2,0,9,11
ndokyeom,1,0,0,1
ndola,0,3,0,3
ndole,0,6,0,6
ndolgo,0,3,0,3
ndollars,2,0,0,2
ndolls,1,0,0,1
ndolo,0,9,0,9
ndom,0,0,4,4
ndome,0,11,0,11
ndominican,5,0,0,5
ndomo,0,0,4,4
ndon,54,43,179,276
ndonald,6,3,6,15
ndonate,0,3,0,3
ndonde,0,1,0,1
ndone,1,9,0,10
ndongwoon,0,0,2,2
ndonnie,0,0,1,1
ndonny,0,0,1,1
ndonos,0,1,0,1
ndont,13,21,23,57
ndooku,0,0,1,1
ndooooooppee,0,1,0,1
ndoor,0,0,3,3
ndope,0,5,1,6
ndoritos,0,1,0,1
ndos,0,4,1,5
ndose,1,25,6,32
ndosela,0,1,0,1
ndot,0,0,1,1
ndote,0,9,0,9
ndouble,0,3,2,5
ndoubt,0,0,3,3
ndouchebags,0,0,1,1
ndown,2,0,6,8
ndownload,0,1,6,7
ndp,0,0,3,3
ndr,0,0,1,1
ndrag,0,0,1,1
ndrake,0,0,2,2
ndrama,1,2,0,3
ndramatic,2,0,0,2
ndraw,0,1,0,1
ndream,8,0,0,8
ndreamers,0,0,3,3
ndreams,1,0,0,1
ndrew,0,0,1,1
ndrink,4,1,7,12
ndrinking,0,2,0,2
ndrinks,0,0,5,5
ndriver,0,0,4,4
ndrivers,0,0,1,1
ndriving,0,2,0,2
ndroneship,0,0,7,7
ndrop,38,2,8,48
ndrownin,1,0,0,1
ndrrrrrrrr,0,1,0,1
ndrug,5,0,0,5
ndrugs,0,1,0,1
ndrugzz,0,0,1,1
ndrunk,0,3,0,3
ndry,0,0,5,5
nds,0,0,1,1
ndt,6,3,2,11
ndtrending,0,1,0,1
ndua,0,2,1,3
ndual,0,0,2,2
ndude,7,5,17,29
ndudes,1,0,5,6
ndue,0,3,5,8
nduh,1,2,9,12
nduhh,0,2,0,2
ndujun,0,0,2,2
ndukinf,0,2,0,2
ndum,0,4,0,4
ndumb,0,1,0,1
ndumbledore,0,0,3,3
ndun,0,4,0,4
ndunbar,1,0,0,1
nduring,2,1,10,13
ndusk,0,1,3,4
ndv,0,2,0,2
ndwarf,0,0,1,1
ndying,0,1,0,1
ndzi,0,3,0,3
ndzisiaj,0,2,0,2
ne,38,236,54,328
nea,1,0,8,9
neach,0,0,14,14
nead,0,1,0,1
neagative,0,0,1,1
neaked,0,1,0,1
neal,1,14,6,21
nealon,1,0,2,3
nealy,0,0,1,1
neanderthal,7,13,9,29
neanderthals,1,1,9,11
neanderthls,6,0,0,6
neanderthot,0,1,0,1
neap,0,1,0,1
neapolitan,0,0,3,3
near,191,3,807,1001
nearbuds,0,0,3,3
nearby,10,8,15,33
neardentales,0,3,0,3
neards,1,0,0,1
nearer,0,0,11,11
nearest,8,13,12,33
nearing,1,0,4,5
nearly,157,6,518,681
nearn,0,1,2,3
nearpod,0,0,1,1
nearrrr,0,1,0,1
nears,0,1,0,1
nearsightedness,1,0,0,1
nearth,0,1,7,8
neasier,1,0,1,2
neasily,0,0,3,3
neast,0,0,4,4
neasy,1,1,2,4
neat,28,77,117,222
neatbeans,1,0,0,1
neaten,0,4,0,4
neater,1,0,4,5
neatest,1,0,0,1
neath,0,0,3,3
neating,2,1,3,6
neatly,1,3,10,14
nebay,0,0,1,1
nebo,0,3,0,3
nebra,2,0,0,2
nebraska,2,6,16,24
nebraskan,2,0,0,2
nebro,1,0,1,2
nebula,1,1,0,2
nebulae,0,0,14,14
nebulous,0,0,1,1
nec,0,2,0,2
necali,1,1,0,2
neccesary,0,0,2,2
neccessary,0,1,0,1
necer,1,0,0,1
necesaria,0,3,0,3
necesidades,0,1,0,1
necesita,0,32,0,32
necesitaba,0,1,0,1
necesitados,0,1,0,1
necesitamos,0,18,2,20
necesitan,0,2,0,2
necesitas,0,1,0,1
necesites,0,5,0,5
necesito,0,13,1,14
necessarily,23,10,131,164
necessario,0,1,0,1
necessarly,0,1,0,1
necessary,82,41,190,313
necessitate,0,0,2,2
necessite,0,0,1,1
necessities,0,0,8,8
necessity,8,0,20,28
nechells,1,0,0,1
nechild,0,0,3,3
necho,0,3,0,3
necie,0,1,0,1
necissary,0,2,0,2
neck,104,77,189,370
neckbeard,2,1,7,10
neckbeards,0,1,0,1
necked,1,0,0,1
necker,6,0,0,6
neckgina,0,1,0,1
neckkkkk,0,0,1,1
necklace,15,66,155,236
necklaces,1,5,16,22
neckline,0,0,11,11
necks,4,2,18,24
neconomy,7,0,0,7
necrinomicon,1,0,0,1
necro,5,1,0,6
necromancer,0,0,1,1
necromorph,2,0,0,2
necronomicon,0,0,2,2
necrophile,0,0,1,1
necrozma,3,0,10,13
nect,1,1,2,4
nectar,1,2,1,4
necw,0,4,0,4
ned,0,11,7,18
nedd,0,0,1,1
nedddddd,0,1,0,1
neddie,1,0,1,2
neden,6,16,0,22
nedeni,0,2,0,2
nederland,0,0,7,7
nederlander,0,2,0,2
nederlanders,0,1,0,1
nederlands,0,6,4,10
nederlandse,0,1,0,1
nederlandsss,0,3,0,3
nedgar,0,0,1,1
nedim,0,4,0,4
nedison,0,1,3,4
nedit,93,45,173,311
nedited,0,1,0,1
nediting,3,0,0,3
nedition,0,0,1,1
neditor,0,0,1,1
nedles,0,1,0,1
nedm,1,0,0,1
neduardo,5,0,0,5
neducate,0,1,4,5
neducated,2,0,0,2
neducating,0,0,4,4
neducation,0,0,6,6
neducational,0,0,1,1
nedward,0,1,0,1
nedwin,0,1,0,1
nee,0,7,6,13
neeb,0,6,0,6
neebs,0,0,1,1
need,2815,3328,7930,14073
needa,7,17,8,32
needalus,0,0,2,2
needd,0,0,1,1
needda,0,0,1,1
neede,0,1,0,1
needed,209,285,1037,1531
neededto,0,1,0,1
needful,2,0,0,2
needham,0,1,0,1
needing,20,15,67,102
needle,27,27,16,70
needled,0,0,1,1
needles,1,13,21,35
needless,22,0,22,44
needlessly,0,0,7,7
needling,0,1,0,1
needmountaindewanddoritos,0,1,0,1
needs,733,982,1883,3598
needt,0,1,0,1
needy,16,2,16,34
neee,0,2,0,2
neeed,3,6,1,10
neeedd,0,0,1,1
neeedddd,0,0,1,1
neeedddddd,0,1,0,1
neeeds,0,0,1,1
neeeed,0,3,8,11
neeeeed,0,8,15,23
neeeeedddd,0,0,1,1
neeeeeed,0,10,1,11
neeeeeeed,0,2,1,3
neeeeeeeed,0,1,0,1
neeeeeeeeddddd,0,1,0,1
neeeeeeeeeed,0,3,0,3
neeeeeeeeeeeeeed,0,1,0,1
neeeeeeeeeeeeeeeeeeed,0,1,0,1
neeeeeeeever,0,1,0,1
neeeeeeveer,0,1,0,1
neeeeh,0,0,1,1
neeeeiiiueghh,0,2,0,2
neeeveer,0,0,4,4
neeews,0,4,0,4
neeewws,2,0,4,6
neeeyaaah,0,1,0,1
neef,0,1,0,1
neefje,0,2,0,2
neegan,0,0,2,2
neehhhh,0,0,1,1
neehm,0,1,0,1
neel,0,0,1,1
neelofa,0,0,1,1
neemt,0,1,0,1
neerleggen,0,1,0,1
neerly,0,1,0,1
neerrrggghhhh,2,0,0,2
neesan,0,1,0,1
neese,0,1,0,1
neesh,1,0,1,2
neeson,1,9,1,11
neet,0,3,0,3
neeveeerrrrr,0,0,1,1
neezy,1,0,0,1
nef,0,2,0,2
nefarious,0,0,7,7
nefariously,0,0,1,1
nefellian,0,1,0,1
neffectively,0,0,1,1
neffortless,0,1,0,1
nefforts,0,0,1,1
nefilian,0,0,1,1
neflex,0,0,1,1
neflix,2,0,0,2
nega,0,8,0,8
negan,8,4,14,26
negar,0,1,0,1
negara,0,2,0,2
negarse,1,0,0,1
negasonic,1,0,0,1
negate,1,0,0,1
negated,0,0,1,1
negates,5,0,1,6
negative,254,0,333,587
negativeland,1,0,0,1
negatively,6,0,18,24
negatives,1,2,13,16
negativity,12,1,74,87
negativly,0,0,2,2
negativo,0,4,0,4
negativtive,0,0,1,1
negato,0,0,1,1
negel,0,0,1,1
negetives,1,0,0,1
negg,0,0,2,2
negga,3,1,0,4
negging,0,3,0,3
neghibors,0,0,1,1
negind,0,0,3,3
negitive,2,0,0,2
neglect,2,0,31,33
neglected,1,5,29,35
neglecting,0,1,6,7
negligence,6,0,0,6
negligent,4,0,1,5
negligible,1,0,13,14
nego,1,7,9,17
negocio,0,3,1,4
negocios,0,4,0,4
negotiable,2,0,5,7
negotiables,4,0,0,4
negotiate,1,0,14,15
negotiated,4,0,0,4
negotiates,0,0,3,3
negotiatin,1,0,0,1
negotiating,0,0,3,3
negotiation,1,0,8,9
negotiations,7,0,7,14
negotiator,0,0,2,2
negra,0,9,0,9
negredo,0,5,2,7
negri,0,1,0,1
negrito,0,5,0,5
negritos,0,5,0,5
negro,15,39,26,80
negroes,8,0,6,14
negroid,0,0,3,3
negroland,4,0,0,4
negroo,0,4,0,4
negros,2,6,1,9
negrro,0,1,0,1
negtivity,0,0,1,1
neguin,0,2,0,2
negus,1,0,0,1
negweth,0,7,0,7
negypt,0,0,4,4
neh,0,2,2,4
nehemiah,0,0,7,7
nehh,5,0,0,5
nehterlands,0,2,0,2
nei,0,5,0,5
neibolt,0,2,1,3
neibourhood,2,0,0,2
neice,1,0,5,6
neidell,0,0,1,1
neigbourhood,0,0,1,1
neigh,0,1,0,1
neighb,0,3,13,16
neighboors,0,0,1,1
neighbor,7,22,54,83
neighborhood,20,20,58,98
neighborhoods,12,0,27,39
neighboring,0,2,6,8
neighbors,30,14,65,109
neighbour,8,3,23,34
neighbourh,0,1,2,3
neighbourhood,14,2,16,32
neighbourhoods,3,0,0,3
neighbours,12,3,25,40
neiiizii,0,2,0,2
neiked,0,0,4,4
neil,29,58,88,175
neill,1,10,3,14
neillblomkamp,0,0,1,1
neilllll,0,2,0,2
neils,0,1,0,1
neilson,0,2,0,2
neilwilson,5,7,0,12
neiman,0,0,2,2
neimeo,0,1,0,1
nein,5,3,4,12
neing,1,0,0,1
neistadt,0,0,7,7
neistait,0,0,3,3
neistat,9,35,21,65
neistats,0,4,0,4
neither,106,49,221,376
neitherway,0,0,2,2
neiva,0,6,0,6
neive,0,0,1,1
nejlep,0,3,0,3
nek,2,2,1,5
nekelni,0,1,0,1
neko,0,0,9,9
nekoosa,0,4,0,4
nekotitablog,0,1,0,1
nel,11,45,3,59
nela,0,7,0,7
nelder,0,1,0,1
nele,0,2,0,2
nelectoral,0,0,1,1
nelectric,1,8,3,12
neler,0,3,0,3
nelite,1,3,2,6
nelizaaa,0,1,0,1
nelizabeth,0,0,4,4
nell,5,0,8,13
nella,1,10,9,20
nelle,0,3,0,3
nellen,4,1,3,8
nellie,0,1,9,10
nello,6,2,0,8
nelly,9,6,20,35
nelneny,0,12,3,15
nelon,0,0,1,1
nelson,24,99,78,201
nelsoooonnn,0,0,1,1
nelude,0,3,0,3
nem,0,27,5,32
nema,0,1,0,1
nemail,5,1,31,37
nemar,0,0,2,2
nembarrassingly,0,0,7,7
nembrace,0,0,1,1
nembre,0,1,0,1
nembutal,0,0,1,1
neme,0,3,0,3
nemeli,0,0,1,1
nemelia,3,0,0,3
nemen,0,2,0,2
nemeses,0,1,0,1
nemesis,3,5,2,10
nemesises,0,4,0,4
nemi,0,0,2,2
nemilia,0,2,8,10
neminem,8,0,5,13
nemma,3,3,2,8
nemo,7,24,18,49
nemonia,0,1,0,1
nemotion,0,1,0,1
nemotional,3,0,0,3
nempezamos,0,0,1,1
nemphasized,0,0,6,6
nempire,0,0,1,1
nempty,0,0,2,2
nemui,0,3,0,3
nen,4,13,5,22
nena,0,2,1,3
nenchant,0,1,23,24
nenchanted,0,0,5,5
nend,3,2,5,10
nending,0,2,0,2
nendless,1,0,0,1
nends,0,0,4,4
nene,6,4,0,10
nenemy,0,1,0,1
nenenenenenenene,0,2,0,2
nenergy,0,1,0,1
nenes,0,2,2,4
neng,0,1,0,1
nengine,0,0,1,1
nengineshark,0,0,4,4
nengland,0,2,1,3
nenglish,0,1,5,6
nengravidei,0,1,0,1
nenhance,0,0,1,1
nenhuma,2,2,1,5
nenjoy,5,5,9,19
nenjoyable,0,0,1,1
nenjoyed,0,0,2,2
nenjoyphoenix,0,2,0,2
nenlightened,0,0,6,6
nenloque,0,2,0,2
nenough,3,0,2,5
nenquanto,0,0,4,4
nensure,0,1,0,1
nentenduh,3,0,0,3
nenter,0,0,2,2
nentonces,0,5,0,5
nentrances,0,0,2,2
nentrenar,0,3,0,3
nenvio,0,1,0,1
nenvironment,0,0,2,2
nenvy,0,0,6,6
neny,0,0,4,4
nenzo,0,0,2,2
neo,68,26,98,192
neocapitalist,0,0,1,1
neocons,0,0,2,2
neocortex,7,0,0,7
neocortical,1,0,0,1
neoege,0,2,0,2
neol,0,2,0,2
neoliberal,1,0,0,1
neolithic,2,0,0,2
neolr,0,1,0,1
neomorph,0,0,1,1
neomu,0,2,1,3
neomuhae,0,2,0,2
neomuu,0,1,0,1
neon,4,10,45,59
neonate,0,1,0,1
neonazi,0,1,6,7
neonazis,3,0,0,3
neophobia,0,0,2,2
neoreul,0,1,0,1
neos,0,0,5,5
neosporin,0,1,5,6
neowa,0,2,0,2
neozeland,0,2,0,2
nep,0,1,0,1
nepal,5,21,24,50
nepalese,0,6,0,6
nepali,0,2,2,4
nepaul,2,0,0,2
neph,0,1,0,1
nephesians,0,0,2,2
nephew,17,11,70,98
nephews,4,8,22,34
nephila,0,0,2,2
nephilites,0,1,0,1
nephraim,0,0,3,3
nephrectomy,3,0,0,3
nephrologist,0,0,3,3
nepic,0,0,1,1
nepisode,0,6,0,6
nepolean,0,2,0,2
nepotism,5,1,2,8
nepotist,0,0,7,7
neppure,0,5,0,5
neptune,1,5,4,10
ner,1,1,7,9
nera,0,0,1,1
neraxis,0,1,0,1
nerazurri,0,3,0,3
nerd,83,67,161,311
nerdalysis,0,0,1,1
nerdamania,0,0,1,1
nerdcoffin,0,0,1,1
nerdcon,0,2,0,2
nerde,0,15,0,15
nerdesi,0,2,0,2
nerdesiniz,0,6,0,6
nerdfighter,0,1,1,2
nerdfighteria,0,0,4,4
nerdfighters,0,0,2,2
nerdgasems,0,0,1,1
nerdgasimed,0,0,1,1
nerdgasm,0,12,4,16
nerdgasms,0,0,1,1
nerdiac,0,1,0,1
nerdie,0,2,6,8
nerdinamies,3,0,0,3
nerdiness,0,0,2,2
nerdism,0,1,0,1
nerdist,1,9,11,21
nerdistnews,0,0,1,1
nerds,23,19,47,89
nerdssssss,0,3,0,3
nerdtacular,0,0,1,1
nerdtopia,0,0,1,1
nerdvanna,0,0,1,1
nerdwriter,5,13,34,52
nerdy,12,28,59,99
nere,0,1,2,3
nerede,0,4,0,4
neredee,0,2,0,2
nerelere,0,3,0,3
nereli,0,3,0,3
neres,0,2,0,2
nereye,0,1,0,1
nerf,12,44,15,71
nerfed,5,8,2,15
nerfs,0,0,1,1
nergie,0,2,0,2
nergo,0,4,0,4
neric,0,1,0,1
nerick,0,1,0,1
neriksen,0,1,0,1
nerin,0,0,1,1
neritrea,0,0,4,4
nerly,0,0,3,3
nermehgawd,0,1,0,1
nernesto,0,0,1,1
nero,1,7,2,10
neropower,0,1,0,1
nerr,1,0,0,1
nerrrrrrddd,0,4,0,4
nerve,34,12,89,135
nervegear,0,0,1,1
nerver,1,0,0,1
nerves,28,12,57,97
nervioso,0,10,0,10
nervosa,0,0,1,1
nervoso,0,1,0,1
nervous,86,61,209,356
nervously,1,1,8,10
nervousness,1,0,1,2
nervy,0,0,1,1
nerw,0,2,2,4
nerwach,0,2,0,2
nerwowa,0,2,0,2
nery,0,0,1,1
nerytime,0,2,0,2
nes,24,32,78,134
nesbitt,0,1,0,1
nescape,0,0,5,5
nescoge,0,0,1,1
nescucho,0,1,0,1
nese,0,4,1,5
nesecita,0,1,0,1
nesecities,0,0,1,1
nesesita,0,1,0,1
nesesitamos,0,1,0,1
nesicita,0,1,0,1
nesmini,0,2,0,2
nespa,0,3,0,3
nespecially,0,3,23,26
nespera,0,1,0,1
nespero,0,3,0,3
nespresso,0,1,1,2
nesqueci,0,1,0,1
nesquik,0,0,1,1
nesquina,0,0,1,1
ness,11,2,48,61
nessa,0,8,3,11
nessaa,0,0,3,3
nessas,0,6,0,6
nesse,0,19,5,24
nessential,1,0,0,1
nessentially,0,0,1,1
nessentials,0,0,2,2
nessesary,2,0,0,2
nessesitys,0,1,0,1
nessi,0,0,2,2
nessssaaaa,0,0,1,1
nessun,0,2,0,2
nessuna,0,0,1,1
nessuno,1,3,1,5
nest,4,12,26,42
nesta,0,7,8,15
nestaba,2,0,0,2
nestas,0,5,0,5
nestcam,0,6,0,6
nested,1,0,1,2
nester,0,0,5,5
nesting,0,0,2,2
nestl,1,0,0,1
nestle,4,3,7,14
nestles,0,2,0,2
nestlie,0,1,0,1
nesto,0,2,0,2
nestoy,1,0,1,2
nestrogen,6,0,0,6
nests,4,4,2,10
net,35,54,120,209
neta,0,1,0,1
netanyahu,1,0,0,1
netball,1,0,0,1
netc,2,0,3,5
netease,0,0,1,1
neterna,0,5,0,5
neternal,0,0,2,2
netfilx,0,1,0,1
netflix,109,194,416,719
netflixs,1,0,0,1
nether,0,0,1,1
netherland,0,1,0,1
netherlands,13,27,64,104
netherlans,0,0,1,1
nethiopia,0,0,4,4
nethot,0,0,4,4
netirse,0,2,0,2
netjes,0,0,1,1
netlfix,1,0,1,2
netnobdy,0,3,0,3
netnobody,4,32,9,45
netnobodys,3,5,6,14
netnody,0,0,2,2
neto,0,0,2,2
netpbm,0,0,4,4
nets,2,1,9,12
netse,0,0,1,1
netstalkers,0,7,0,7
netsy,0,0,2,2
netted,0,0,4,4
netter,1,0,1,2
nettflix,0,1,0,1
netti,0,1,0,1
netting,0,1,4,5
nettles,0,0,1,1
nettoyer,0,0,1,1
nettoyez,0,3,0,3
nettuno,0,0,1,1
network,42,50,142,234
networker,0,0,1,1
networking,5,4,8,17
networks,13,2,49,64
netzer,1,0,0,1
neu,0,0,2,2
neuafogdps,0,0,1,1
neuclear,0,1,0,1
neud,0,2,0,2
neue,0,1,0,1
neuer,2,54,16,72
neues,0,1,1,2
neumann,0,0,2,2
neuquen,0,2,0,2
neur,0,2,0,2
neural,1,0,5,6
neuralgia,3,0,1,4
neuralyzer,1,0,0,1
neuro,0,0,1,1
neurodivergence,0,0,4,4
neurodiverse,0,0,4,4
neurological,1,0,10,11
neuron,3,0,0,3
neuronas,0,3,0,3
neurons,3,0,13,16
neuropathy,3,0,0,3
neurope,0,1,5,6
neuropean,0,5,2,7
neuropothy,0,0,2,2
neuropsychiatric,0,0,4,4
neuroscience,1,1,4,6
neuroses,0,0,1,1
neurosis,0,3,0,3
neurosurgeon,0,1,9,10
neurotic,6,1,2,9
neurotransmitter,0,0,5,5
neurotypical,0,0,36,36
neurotypicals,0,0,4,4
neurupinn,0,0,1,1
neuter,1,0,0,1
neutered,3,4,9,16
neutering,0,0,2,2
neutral,10,9,74,93
neutrality,6,2,10,18
neutralize,0,0,3,3
neutralized,1,2,0,3
neutrals,0,0,2,2
neutregena,0,0,7,7
neutrinos,0,0,4,4
neutrogena,0,6,17,23
neutron,13,47,15,75
neutrons,6,9,14,29
nev,0,0,3,3
neva,9,6,6,21
nevaadaa,0,0,1,1
nevada,6,2,23,31
nevadaaaa,0,0,1,1
nevaeh,0,0,1,1
nevah,10,0,0,10
nevan,1,6,1,8
neve,9,3,16,28
neveerrr,0,0,1,1
nevelyn,0,0,1,1
neven,26,3,301,330
neventually,3,0,7,10
never,2898,2246,8482,13626
nevera,3,0,0,3
neverbody,0,0,1,1
neverbuyingfromgap,0,5,0,5
nevercopyanother,0,8,0,8
nevere,0,0,4,4
neverending,0,1,2,3
neverforget,0,1,0,1
nevergofullsignore,0,1,0,1
neverhadabakedppotato,0,1,0,1
neverland,0,0,1,1
neverlast,0,1,0,1
nevermind,13,14,38,65
nevermore,0,2,0,2
neverrrrrrrrrr,0,0,1,1
nevers,0,0,2,2
nevershoutnever,0,3,0,3
neversoft,1,0,0,1
nevertheless,18,3,18,39
neverthelessshepersisted,0,1,0,1
neverwhere,0,0,3,3
nevery,25,1,151,177
neverybody,11,2,58,71
neveryone,60,20,69,149
neverything,12,2,27,41
neverywhere,6,0,2,8
neves,0,0,11,11
nevga,0,0,1,1
nevil,2,0,1,3
nevile,0,2,2,4
neville,8,15,33,56
nevis,0,2,0,2
nevity,0,1,0,1
nevr,0,0,2,2
nevrr,0,0,1,1
nevville,1,0,0,1
new,1644,0,12193,13837
newark,2,8,11,21
newbaerittos,0,0,4,4
newbern,0,0,1,1
newbie,1,3,14,18
newbies,0,5,14,19
newborn,6,13,86,105
newborns,0,0,13,13
newcastle,3,17,70,90
newcolorsyou,0,1,0,1
newcomber,0,1,0,1
newcomer,0,7,2,9
newcomers,0,0,1,1
newcumber,0,2,0,2
newe,0,3,0,3
newel,0,0,2,2
newell,1,0,0,1
newer,13,17,94,124
newerending,0,2,0,2
newerk,0,0,1,1
newest,15,33,50,98
newfound,1,11,3,15
newfoundland,0,0,8,8
newhart,0,1,0,1
newish,0,0,1,1
newlife,0,3,0,3
newlook,0,0,1,1
newly,0,0,39,39
newlyweds,1,1,5,7
newman,0,7,19,26
newmans,0,0,6,6
newmusic,0,1,0,1
newness,0,0,1,1
newnew,0,0,4,4
newpersonalert,0,1,0,1
newpipe,0,0,1,1
news,832,215,926,1973
newscast,0,5,0,5
newscaster,0,0,4,4
newscasting,1,0,0,1
newsense,0,0,4,4
newsfeed,0,0,1,1
newsflash,0,2,7,9
newsgroups,1,0,0,1
newsie,0,1,0,1
newsletter,0,7,25,32
newsletters,0,0,5,5
newsman,3,0,0,3
newsom,0,1,0,1
newsound,0,3,0,3
newspaper,27,9,7,43
newspapers,5,0,5,10
newsperson,0,0,3,3
newsreader,2,0,0,2
newsroom,0,0,3,3
newsssss,0,0,1,1
newsteads,5,0,0,5
newsters,0,0,5,5
newstories,0,0,1,1
newsubbie,0,0,3,3
newswipe,0,0,2,2
newsworthy,0,0,5,5
newsy,0,0,2,2
newt,13,26,15,54
newtogot,0,0,1,1
newton,1,9,27,37
newtonian,1,0,1,2
newtons,0,1,2,3
newts,0,1,1,2
neww,0,4,0,4
newworldorder,2,0,0,2
newww,0,4,4,8
newyears,0,2,0,2
newyork,6,3,1,10
newyorker,0,0,1,1
newyorks,0,0,1,1
newyorkshit,0,0,1,1
newzealand,3,6,0,9
nex,0,1,7,8
nexactly,0,1,1,2
nexagerationception,1,0,0,1
nexample,1,0,3,4
nexcelente,0,3,0,3
nexcellent,0,3,13,16
nexcept,6,4,12,22
nexciting,0,3,6,9
nexcluding,0,0,1,1
nexclusive,0,0,1,1
nexcuse,5,1,5,11
nexecute,0,1,0,1
nexecutive,2,0,4,6
nexen,0,1,0,1
nexercise,4,0,0,4
nexflix,0,0,1,1
nexistential,1,0,0,1
nexit,1,0,0,1
nexium,0,0,1,1
nexo,0,0,7,7
nexodus,0,0,1,1
nexorcist,0,3,0,3
nexpectation,0,1,0,1
nexpectations,3,1,0,4
nexperimentado,0,1,0,1
nexplain,0,1,0,1
nexplanon,2,0,0,2
nexploding,1,0,1,2
nexplore,0,0,1,1
next,1102,2084,3626,6812
nextbit,1,0,0,1
nextdoor,0,0,1,1
nextel,0,4,0,4
nextend,0,0,1,1
nextensive,0,0,4,4
nextispoledancing,0,0,3,3
nextn,0,1,0,1
nexto,0,0,1,1
nextra,0,5,0,5
nextraordinary,0,0,6,6
nextreme,0,0,4,4
nextremely,1,0,0,1
nextt,0,1,0,1
nexttowndown,0,1,1,2
nexttttt,0,1,0,1
nexttttttt,0,1,0,1
nexus,9,24,44,77
nexxonmobil,0,0,1,1
nexy,0,1,0,1
ney,0,9,5,14
neydiki,0,3,0,3
neye,0,0,4,4
neyebrows,0,0,2,2
neyes,5,0,1,6
neyeshadow,0,4,0,4
neymar,5,136,70,211
neyo,1,3,0,4
neyse,0,14,0,14
neyyyy,0,1,0,1
nez,0,1,7,8
nezir,0,1,0,1
nezlob,0,1,0,1
nf,47,60,98,205
nfa,1,5,9,15
nfab,0,0,3,3
nfabregas,0,0,6,6
nface,0,0,3,3
nfacebook,1,2,20,23
nfaces,0,1,0,1
nfacial,0,0,1,1
nfact,33,0,3,36
nfacts,0,1,0,1
nfaded,0,0,1,1
nfaggot,1,1,0,2
nfaggotfaggotfaggotfaggotfaggotfaggotfaggotfaggotfaggotfaggotfaggotfaggotfaggotfaggot,0,7,0,7
nfailure,0,0,4,4
nfair,0,0,11,11
nfaiting,0,0,1,1
nfajardo,0,0,2,2
nfake,10,1,4,15
nfakenews,7,0,0,7
nfall,4,1,5,10
nfalling,1,0,9,10
nfam,1,0,1,2
nfamalan,0,0,1,1
nfamiliar,3,0,0,3
nfamily,2,25,6,33
nfan,0,6,2,8
nfangirl,1,0,0,1
nfans,0,3,5,8
nfantastic,1,2,10,13
nfar,2,0,1,3
nfarewell,0,0,1,1
nfargo,0,3,0,3
nfarrah,0,0,2,2
nfarrockmillz,0,0,1,1
nfashion,0,1,5,6
nfast,3,0,37,40
nfatboi,0,0,4,4
nfatevi,0,1,0,1
nfather,6,3,0,9
nfavorite,0,0,3,3
nfavourite,0,0,12,12
nfax,0,0,4,4
nfbfsgoi,0,1,0,1
nfbfshuilfrrsijofr,0,1,0,1
nfbi,0,1,0,1
nfc,0,9,5,14
nfck,0,5,0,5
nfdr,0,1,0,1
nfear,1,1,1,3
nfeb,0,0,1,1
nfebruary,0,0,1,1
nfederally,2,0,0,2
nfedex,0,0,1,1
nfeds,0,0,2,2
nfeedbackloops,0,0,1,1
nfeel,8,2,37,47
nfeelin,1,0,0,1
nfeeling,4,2,2,8
nfeell,0,0,1,1
nfeels,2,0,11,13
nfeelsoverwatchman,0,1,0,1
nfelicidades,0,2,0,2
nfelicitaciones,0,1,0,1
nfelix,0,1,4,5
nfelt,0,2,3,5
nfenerbah,0,1,0,1
nferal,0,0,1,1
nferdinand,0,2,0,2
nferg,16,0,0,16
nfergie,0,4,1,5
nferguson,0,0,2,2
nfetty,0,0,2,2
nfew,0,0,5,5
nffs,2,0,0,2
nffv,0,1,0,1
nfianc,0,0,2,2
nfidget,0,0,2,2
nfif,0,0,1,1
nfifa,0,0,4,4
nfifth,1,0,5,6
nfifty,0,0,1,1
nfighing,0,1,0,1
nfight,0,3,1,4
nfighting,1,9,13,23
nfigures,1,0,1,2
nfiiiiiiiiiiiiif,0,0,1,1
nfile,0,1,0,1
nfilipino,0,1,0,1
nfill,0,0,2,2
nfilter,0,0,4,4
nfinal,1,0,7,8
nfinally,1,4,13,18
nfind,0,9,10,19
nfinding,0,0,1,1
nfinds,0,1,0,1
nfine,2,1,4,7
nfinesse,0,0,2,2
nfinger,0,0,4,4
nfingerprint,0,0,1,1
nfinish,0,4,0,4
nfinn,1,0,1,2
nfire,0,3,6,9
nfireeeee,0,1,0,1
nfires,0,0,3,3
nfirestar,0,1,0,1
nfirst,7,9,65,81
nfirstly,1,0,1,2
nfitting,0,0,1,1
nfive,0,4,8,12
nfix,0,1,0,1
nfjendgvddgbssobtsjsn,0,0,1,1
nfk,0,6,0,6
nfkkdj,0,1,0,1
nfl,367,151,490,1008
nflash,0,2,1,3
nflashback,0,3,0,3
nflat,2,0,2,4
nflatt,0,0,8,8
nflawless,1,0,7,8
nflburnnotice,0,1,0,1
nflers,0,0,1,1
nflesh,0,0,1,1
nflew,0,0,2,2
nflex,0,0,2,2
nflick,0,0,2,2
nflicker,0,0,1,1
nflickering,0,0,1,1
nflight,3,0,0,3
nflip,0,4,0,4
nflnofansleft,0,1,0,1
nfloored,0,0,5,5
nflora,0,3,0,3
nflores,0,0,4,4
nflow,0,0,2,2
nflower,0,0,4,4
nfloyd,0,1,10,11
nflsucks,0,1,0,1
nflutter,1,0,0,1
nfly,0,0,5,5
nflybe,0,0,5,5
nflying,0,0,1,1
nflynt,0,3,0,3
nfnsdnnss,0,3,0,3
nfoaf,0,0,5,5
nfob,0,0,2,2
nfocusing,0,1,0,1
nfold,0,0,2,2
nfolding,0,0,6,6
nfollow,12,9,15,36
nfollowed,0,0,2,2
nfollowing,6,0,2,8
nfollowme,0,2,0,2
nfood,2,1,9,12
nfools,0,0,1,1
nfootball,0,0,3,3
nfor,73,25,215,313
nforce,0,0,1,1
nforcin,0,0,1,1
nforcing,0,0,1,1
nforeign,5,0,0,5
nforever,4,2,12,18
nforget,1,1,29,31
nforgiving,1,0,0,1
nforgot,0,1,0,1
nforming,0,0,3,3
nforrest,0,1,2,3
nfortunately,0,0,1,1
nfortune,3,0,0,3
nforward,0,1,1,2
nforza,0,6,0,6
nfound,1,0,9,10
nfoundation,0,4,4,8
nfour,2,0,3,5
nfourth,2,2,7,11
nfousey,3,0,1,4
nfr,0,0,1,1
nfragile,1,0,0,1
nfrance,5,1,1,7
nfranchement,1,0,0,1
nfrancia,0,0,1,1
nfrank,0,0,4,4
nfranken,0,1,0,1
nfrankie,0,1,0,1
nfrankly,0,0,7,7
nfreak,0,3,0,3
nfreakin,0,0,1,1
nfreaking,0,0,4,4
nfreddie,1,0,0,1
nfree,5,5,34,44
nfreight,0,4,0,4
nfrench,0,1,1,2
nfrenchie,0,0,3,3
nfreshly,2,0,0,2
nfricken,0,1,0,1
nfriday,0,1,6,7
nfried,0,3,0,3
nfriend,4,5,7,16
nfriends,0,1,13,14
nfries,5,15,0,20
nfrieza,0,8,0,8
nfrightened,0,0,4,4
nfrito,0,0,1,1
nfrom,28,14,112,154
nfront,0,0,1,1
nfrozen,0,2,0,2
nfrugality,0,0,2,2
nfruit,0,0,4,4
nfrustration,0,0,2,2
nfs,0,0,2,2
nft,0,0,1,1
nfu,0,5,0,5
nfuck,112,16,34,162
nfucker,0,1,5,6
nfuckin,4,1,5,10
nfucking,21,12,29,62
nfuckung,1,0,0,1
nfuente,0,0,1,1
nfuera,0,0,2,2
nfukers,1,0,0,1
nfulham,0,0,3,3
nfull,0,2,1,3
nfully,0,0,1,1
nfun,0,3,4,7
nfunded,2,0,0,2
nfunnily,3,0,0,3
nfunny,5,1,5,11
nfur,0,0,1,1
nfurther,1,0,0,1
nfurthermore,0,0,6,6
nfury,0,0,12,12
nfuture,0,0,1,1
nfuuu,0,1,0,1
nfuuuck,0,4,0,4
nfuuuuuuuuuuuuuuu,0,4,0,4
nfvvra,0,0,7,7
nfw,0,1,0,1
nfyi,0,5,0,5
ng,20,151,61,232
nga,4,0,4,8
ngaaatoraaadde,1,0,0,1
ngaaayyy,0,0,1,1
ngab,0,0,5,5
ngabbie,1,1,1,3
ngabe,0,0,2,2
ngad,0,0,4,4
ngaga,3,0,0,3
ngaghhh,1,0,0,1
ngakak,1,4,0,5
ngakkeumeun,0,1,0,1
ngaku,0,0,1,1
ngal,0,0,3,3
ngalactic,0,0,1,1
ngalang,0,0,1,1
ngalaxy,0,1,0,1
ngale,0,0,1,1
ngals,0,2,0,2
ngalway,0,1,0,1
ngamarays,0,0,1,1
ngame,0,0,7,7
ngames,1,0,0,1
nganar,0,1,0,1
ngannou,2,0,6,8
nganou,0,2,0,2
ngap,1,0,0,1
ngarage,0,0,1,1
ngarbrandt,0,3,0,3
ngarden,0,0,4,4
ngare,0,1,0,1
ngaresilame,0,2,0,2
ngarfield,0,1,0,1
ngarna,0,1,0,1
ngary,0,2,1,3
ngasp,0,1,0,1
ngatorade,0,2,2,4
ngaun,0,0,1,1
ngave,1,0,7,8
ngay,0,0,5,5
ngayon,0,1,1,2
ngbgbbftcyyutytguygvubbu,0,0,2,2
nge,0,1,0,1
ngedengerin,0,1,0,1
ngee,1,0,0,1
ngeef,0,1,0,1
ngeeh,0,4,0,4
ngeek,0,0,1,1
ngeez,0,0,1,1
ngeeze,0,0,5,5
ngeezus,1,0,0,1
ngel,0,7,0,7
ngelo,0,1,0,1
ngemma,0,0,1,1
ngene,5,0,0,5
ngeneral,1,0,5,6
ngenerally,0,0,2,2
ngenerations,0,0,2,2
ngenie,0,0,1,1
ngenital,0,0,1,1
ngenius,0,4,0,4
ngenna,0,0,2,2
ngeno,0,0,6,6
ngente,0,3,0,3
ngentle,0,0,1,1
ngentot,0,2,0,2
ngeo,0,0,4,4
ngeokjeong,0,1,0,1
ngeological,0,0,4,4
ngeonosis,1,0,0,1
ngeora,0,2,0,2
ngeorge,3,2,17,22
ngeorgie,6,1,5,12
ngeoul,0,3,0,3
ngeoureul,0,1,0,1
nger,0,13,2,15
ngerard,0,0,2,2
ngerin,0,1,0,1
ngermany,10,1,0,11
ngers,2,0,0,2
ngerti,0,0,1,1
ngesaffelstein,0,0,4,4
nget,69,171,86,326
ngets,0,4,2,6
ngettin,0,0,3,3
ngetting,0,2,14,16
ngeudae,0,0,3,3
ngeudaeman,0,0,1,1
ngeudaewa,0,0,1,1
ngeujeo,0,2,0,2
ngeunyang,0,1,0,1
ngeuraedo,0,1,0,1
ngfriend,1,2,2,5
ngg,3,1,2,6
ngga,0,21,0,21
nggas,0,4,0,4
ngggg,0,2,0,2
ngggrlz,0,1,0,1
nghe,0,3,0,3
nghfb,0,1,0,1
nghi,0,6,0,6
nghu,0,1,0,1
ngib,0,1,0,1
ngiddy,1,0,0,1
ngigabyte,0,0,1,1
ngigi,0,0,1,1
ngiii,0,2,0,2
ngikwang,0,0,1,1
ngillette,0,0,1,1
ngimme,1,1,16,18
ngimmicks,0,0,2,2
nginger,1,0,0,1
nginnydum,0,3,0,3
ngiovanni,0,0,1,1
ngireul,0,2,0,2
ngirl,8,8,45,61
ngirlfriend,0,0,4,4
ngirls,0,1,2,3
ngiroud,1,4,4,9
ngive,9,18,185,212
ngiven,1,0,5,6
ngives,2,0,4,6
ngiving,0,0,3,3
ngj,7,0,0,7
ngk,1,3,5,9
ngl,18,33,46,97
nglad,5,0,14,19
nglass,0,0,2,2
nglasses,0,0,1,1
nglobal,5,0,0,5
nglorify,0,0,4,4
nglorious,0,1,8,9
nglyphs,0,1,0,1
ngmaj,3,0,0,3
ngmeisme,0,1,0,1
ngo,68,39,55,162
ngoal,0,1,0,1
ngoalkeeper,0,2,1,3
ngoc,0,1,0,1
ngod,41,13,99,153
ngodbless,0,0,1,1
ngoddammit,0,0,5,5
ngoddamn,0,0,1,1
ngodspeed,0,0,5,5
ngoes,1,0,1,2
ngofundme,0,1,0,1
ngog,0,8,0,8
ngoid,3,0,0,3
ngoing,1,0,17,18
ngojane,0,1,0,1
ngold,0,0,3,3
ngoldddd,0,1,0,1
ngolden,0,0,1,1
ngoma,0,0,1,1
ngon,7,0,0,7
ngone,0,1,7,8
ngonna,2,3,15,20
ngoo,0,0,26,26
ngood,38,38,118,194
ngoodbye,0,1,2,3
ngoodjob,0,0,2,2
ngoodluck,0,0,1,1
ngoodness,0,0,1,1
ngoofy,0,0,1,1
ngoogle,12,9,14,35
ngoonies,3,0,0,3
ngoood,0,3,0,3
ngoooo,0,0,1,1
ngoooollld,0,1,0,1
ngoooood,0,0,2,2
ngoosebumps,0,1,3,4
ngordom,0,2,0,2
ngordon,15,2,6,23
ngorka,0,0,1,1
ngosh,1,0,1,2
ngosling,0,0,2,2
ngot,17,7,66,90
ngotcha,1,0,0,1
ngothic,0,3,0,3
ngotta,0,4,23,27
ngovernment,7,0,9,16
ngoy,0,0,1,1
ngozi,0,0,4,4
ngr,0,1,0,1
ngrab,0,0,12,12
ngrace,0,2,7,9
ngracias,0,11,4,15
ngraduation,0,0,2,2
ngraham,0,1,5,6
ngrama,0,0,1,1
ngrammy,0,1,0,1
ngrammys,0,0,5,5
ngrampy,0,0,1,1
ngrande,0,1,0,1
ngrandioso,0,1,0,1
ngrandma,3,0,4,7
ngrandmother,0,0,2,2
ngrandpy,0,0,1,1
ngranted,2,0,5,7
ngraphcs,1,0,0,1
ngraphics,1,0,0,1
ngrateful,0,0,3,3
ngrats,0,0,1,1
ngratz,0,1,0,1
ngrazie,0,1,0,1
ngreat,27,40,134,201
ngreatest,0,3,0,3
ngreece,0,0,2,2
ngreedo,1,0,0,1
ngreek,0,1,0,1
ngreen,4,4,15,23
ngreetings,2,4,53,59
ngreets,0,0,3,3
ngreetz,0,0,5,5
ngreg,0,6,0,6
ngrew,0,0,1,1
ngreyson,0,0,1,1
ngrilled,0,5,0,5
ngrime,0,1,0,1
ngrip,0,0,6,6
ngrizmann,0,0,2,2
ngrizzly,0,1,0,1
ngroetjes,0,1,0,1
ngros,0,2,3,5
ngrote,0,0,1,1
ngroups,0,0,1,1
ngrover,0,0,1,1
ngrow,4,0,0,4
ngrowing,0,0,1,1
ngrown,5,0,0,5
ngs,0,0,4,4
ngsp,2,0,8,10
ngta,0,7,0,7
ngtf,0,2,0,2
ngtfo,0,6,0,6
ngtx,1,0,0,1
ngu,1,1,0,2
nguaranteed,1,0,0,1
nguayanilla,0,1,2,3
ngucci,6,4,5,15
nguess,6,2,25,33
ngumshoos,0,2,0,2
ngun,7,4,0,11
ngundamz,0,1,0,1
nguns,1,0,3,4
ngurabo,0,0,2,2
ngurdjieff,1,0,0,1
ngurl,3,0,0,3
nguso,0,0,3,3
ngutted,0,0,1,1
nguy,6,0,4,10
nguyen,0,8,1,9
nguys,6,6,16,28
nguyssss,0,0,1,1
ngwaenchanhajil,0,1,0,1
ngwaenhi,0,2,0,2
ngwn,0,1,0,1
ngypsy,0,0,1,1
nh,7,80,17,104
nha,11,11,10,32
nhaa,0,1,0,1
nhaaaaaaaapy,0,0,1,1
nhaaaapppy,0,0,1,1
nhaagen,0,0,2,2
nhaahaahaaa,0,1,0,1
nhabilitate,0,1,0,1
nhacerte,0,4,0,4
nhaces,0,5,0,5
nhacky,0,1,0,1
nhad,7,2,19,28
nhadarine,0,0,1,1
nhades,0,0,1,1
nhah,0,4,0,4
nhaha,8,7,24,39
nhahah,0,2,1,3
nhahaha,1,11,2,14
nhahahah,0,0,3,3
nhahahaha,0,2,1,3
nhahahahaaha,0,0,2,2
nhahahahaahahaha,0,0,2,2
nhahahahah,6,0,0,6
nhahahahaha,6,1,2,9
nhahahahahaha,0,2,0,2
nhahahahahahaha,0,4,4,8
nhahahahahahahahahahaha,0,2,1,3
nhahahahahahahahahahahahahahahah,0,0,1,1
nhahahahahahahahahahahahahahahahahaha,0,0,1,1
nhahahahahahahahahahahahahahahahahahah,4,0,0,4
nhahahahahhahah,0,1,0,1
nhahahahahhahahahahaha,0,1,0,1
nhahahahha,0,1,0,1
nhahahahhahahahahha,0,0,1,1
nhahahahhhaahhahahah,0,1,0,1
nhahahhaa,0,0,1,1
nhahahhaha,0,0,1,1
nhahahhahaha,1,0,0,1
nhahha,0,1,0,1
nhahhaah,0,1,0,1
nhail,2,0,5,7
nhair,2,1,1,4
nhairy,1,0,0,1
nhaiti,0,1,0,1
nhaitian,5,0,0,5
nhala,1,6,0,7
nhalal,0,0,3,3
nhalamadrid,0,6,0,6
nhalf,4,1,4,9
nhallelujah,0,4,1,5
nhallowed,0,0,1,1
nhalloween,0,1,1,2
nhalsey,0,1,0,1
nham,0,0,1,1
nhamburger,0,6,0,6
nhamburgurz,1,0,0,1
nhamd,1,0,0,1
nhan,3,0,0,3
nhand,0,3,7,10
nhandpicked,0,0,2,2
nhands,0,0,16,16
nhandwriting,0,0,1,1
nhang,0,0,2,2
nhani,0,5,0,5
nhank,1,0,0,1
nhap,0,3,0,3
nhappiness,0,0,1,1
nhappy,7,12,24,43
nharassment,0,0,1,1
nhard,0,0,9,9
nhardcore,1,0,2,3
nhari,0,2,0,2
nharley,1,0,0,1
nharming,0,0,1,1
nharry,10,0,21,31
nharvey,11,0,95,106
nhas,5,4,21,30
nhash,0,2,0,2
nhasta,2,0,0,2
nhate,1,1,1,3
nhated,0,0,1,1
nhateful,0,0,3,3
nhaters,0,0,1,1
nhates,0,0,1,1
nhats,0,0,6,6
nhatti,3,0,0,3
nhavana,0,0,1,1
nhave,7,5,92,104
nhaven,0,0,2,2
nhaving,6,0,19,25
nhawaii,0,1,0,1
nhawoweeewnnnnn,4,0,0,4
nhayan,0,0,3,3
nhayes,0,0,4,4
nhayley,0,1,3,4
nhazard,0,4,5,9
nhazel,0,0,6,6
nhds,0,6,0,6
nhe,146,56,591,793
nhead,0,0,29,29
nheadache,0,0,1,1
nheaded,0,0,3,3
nheadphone,0,0,2,2
nheadphones,0,1,0,1
nhealth,0,0,11,11
nhealthcare,1,0,0,1
nhealthy,0,0,1,1
nhear,4,0,2,6
nhearing,0,1,0,1
nhearings,0,0,2,2
nheart,6,1,3,10
nheartache,0,0,4,4
nheartfelt,0,0,1,1
nheartless,0,2,0,2
nheat,0,0,2,2
nheated,0,0,1,1
nheaven,0,1,2,3
nheb,0,0,1,1
nheck,0,0,5,5
nhedgehog,0,3,0,3
nhee,0,0,1,1
nheh,1,2,0,3
nhehe,0,3,1,4
nhehehaha,0,0,1,1
nhehehe,0,1,0,1
nheheheh,0,0,2,2
nhehehehehehehehehhehehe,0,3,0,3
nheidi,0,0,2,2
nheld,0,0,15,15
nhelga,0,3,1,4
nhelinusmt,0,3,0,3
nhell,0,3,8,11
nhella,0,4,4,8
nhelllll,0,1,0,1
nhello,2,2,18,22
nhelp,4,13,2,19
nhelping,0,0,1,1
nhence,0,0,6,6
nhenderson,3,0,0,3
nhenrique,0,3,0,3
nhenry,0,2,2,4
nhenta,0,3,0,3
nhenyo,0,1,0,1
nher,19,8,17,44
nhere,55,3,89,147
nheres,0,1,1,2
nherm,2,0,0,2
nhermes,1,0,0,1
nhermione,0,0,1,1
nhero,1,0,0,1
nheroes,0,1,0,1
nherpes,0,0,2,2
nherrera,1,0,0,1
nherrrrrr,6,0,0,6
nhes,2,1,7,10
nheu,1,0,0,1
nhexa,0,1,0,1
nhey,54,10,71,135
nheyy,0,0,10,10
nhhhmmm,0,0,5,5
nhi,0,12,30,42
nhidden,4,0,0,4
nhide,0,1,0,1
nhigh,1,0,10,11
nhighlight,0,2,2,4
nhighlighter,4,0,0,4
nhighly,0,0,1,1
nhila,0,1,0,1
nhilarious,0,2,0,2
nhillary,3,2,0,5
nhillarys,1,0,0,1
nhillbilly,1,0,0,1
nhim,0,4,13,17
nhimihage,0,1,0,1
nhimself,0,0,2,2
nhint,6,0,0,6
nhippopotamus,0,0,1,1
nhips,0,1,0,1
nhipster,0,0,1,1
nhire,0,0,12,12
nhis,16,11,36,63
nhispanics,4,0,0,4
nhistorias,0,9,0,9
nhistorical,0,0,1,1
nhistory,0,0,1,1
nhit,0,5,11,16
nhitching,0,0,1,1
nhitler,2,1,0,3
nhits,0,0,3,3
nhittin,1,0,0,1
nhl,2,2,3,7
nhm,0,0,4,4
nhmm,6,2,14,22
nhmmm,9,3,5,17
nhmmmm,7,1,5,13
nhmmmmm,0,0,3,3
nhmmmmmm,0,0,1,1
nhmmmmmmm,0,1,0,1
nhmmmmmmmm,0,0,4,4
nhnmmm,0,3,0,3
nho,0,2,1,3
nhod,0,1,0,1
nhodor,0,3,0,3
nhoghead,0,0,2,2
nhola,0,4,0,4
nhold,1,6,17,24
nholding,0,0,12,12
nholla,0,0,1,1
nholly,0,0,6,6
nhollywood,1,3,14,18
nholo,1,0,0,1
nholoooooooooooooooooooooooooooooooooooooooooooooooooooooooooooooooooooooooooooooooooooooooooooooooooooooooooooooooooooooooooooooooooooooooooooooooooooooooooooooooooooooooooooooooooooooooooooooooo,0,1,0,1
nholy,13,1,12,26
nhome,0,0,1,1
nhomecoming,0,4,0,4
nhomeland,2,0,0,2
nhomeless,0,2,0,2
nhomie,1,0,6,7
nhomosexuals,0,0,1,1
nhonest,0,0,1,1
nhonestly,12,8,26,46
nhoney,1,0,0,1
nhong,0,1,0,1
nhonja,0,2,0,2
nhonjaseo,0,1,0,1
nhonk,0,2,0,2
nhonor,0,6,0,6
nhooped,0,0,1,1
nhooray,0,0,7,7
nhop,0,0,2,2
nhope,13,13,111,137
nhopefully,5,2,16,23
nhoping,0,0,6,6
nhopped,0,0,2,2
nhoppin,2,0,1,3
nhoris,0,0,2,2
nhormigueros,0,0,2,2
nhorrendus,1,0,0,1
nhorrible,1,0,0,1
nhorribly,1,0,0,1
nhorrified,2,0,0,2
nhorror,1,2,0,3
nhorse,4,0,1,5
nhoshi,0,0,5,5
nhost,0,1,1,2
nhostage,10,0,0,10
nhot,8,0,14,22
nhotdog,5,0,0,5
nhotel,2,1,12,15
nhouse,0,0,4,4
nhow,131,47,210,388
nhowever,10,0,62,72
nhowevr,0,5,0,5
nhox,0,4,0,4
nhoy,0,6,0,6
nhs,6,6,102,114
nhtt,0,0,1,1
nhttp,0,0,7,7
nhttps,0,0,11,11
nhucxrt,0,1,0,1
nhud,0,5,0,5
nhudson,0,0,1,1
nhug,2,1,0,3
nhuge,0,2,1,3
nhuggs,1,0,0,1
nhugh,0,0,1,1
nhugs,0,0,26,26
nhuh,1,7,6,14
nhuman,0,1,3,4
nhumanity,0,0,1,1
nhumans,0,1,4,5
nhumidity,5,0,0,5
nhumor,0,0,4,4
nhumour,0,0,1,1
nhumpbacks,0,0,3,3
nhundred,1,0,0,1
nhundreds,0,3,0,3
nhungary,0,1,0,1
nhunger,0,2,0,2
nhungry,0,1,0,1
nhunnid,0,0,2,2
nhunny,0,1,0,1
nhunting,0,0,5,5
nhur,0,0,1,1
nhurray,0,1,0,1
nhurricane,0,0,6,6
nhurry,0,3,0,3
nhuuuuuge,0,0,4,4
nhux,1,0,0,1
nhwaiting,0,0,2,2
nhymn,1,0,0,1
nhypernatremia,0,0,1,1
nhypocrite,0,0,1,1
nhypocritical,4,0,7,11
nhypothesize,0,3,0,3
nhypothetical,0,0,5,5
nhyrule,1,0,0,1
nhyundai,0,0,1,1
nhz,0,1,0,1
ni,2049,1090,7123,10262
nia,0,10,11,21
niaaaaaall,0,0,1,1
niaaalll,0,0,1,1
niaana,0,1,0,1
niacinamide,0,0,7,7
niaggagagage,0,2,0,2
nial,1,9,6,16
niale,0,6,0,6
niall,25,81,136,242
nialler,2,4,14,20
nialll,0,1,0,1
niallleeer,0,0,1,1
niallll,0,0,1,1
niallllllllll,0,1,1,2
niallllllllllllllllllllllllllllllllllllllllllllllllllllllllllllllllllllllllllllllllllllllllllllllllllllllllllllll,0,0,1,1
nialls,0,1,1,2
niam,2,0,3,5
niamh,0,0,6,6
niamtheevi,0,1,0,1
nian,0,1,5,6
niana,26,132,169,327
nianaaa,0,2,3,5
nianaaaa,0,1,0,1
nianai,0,1,0,1
nianas,0,1,2,3
nianna,0,0,2,2
nians,0,0,2,2
niapp,0,1,0,1
niarq,0,1,0,1
niasp,0,0,1,1
niave,1,0,0,1
nib,1,0,0,1
niban,1,0,0,1
nibba,1,9,5,15
nibbas,4,3,1,8
nibbke,0,0,5,5
nibble,1,0,7,8
nibbler,0,0,1,1
nibbles,2,1,0,3
nibbling,1,0,2,3
nibiru,4,1,0,5
nibru,0,3,0,3
nibus,0,1,0,1
nibz,1,0,0,1
nic,0,30,230,260
nica,2,24,7,33
nicabod,1,0,0,1
nicaragua,0,2,2,4
nicc,0,1,0,1
nicca,0,5,0,5
niccckkkiiii,0,1,0,1
nicceeee,0,1,0,1
nicckkkkkkkk,0,1,0,1
nice,271,20,8261,8552
nicee,0,7,3,10
niceee,1,7,9,17
niceeee,0,4,0,4
niceeeee,0,1,0,1
niceeeeee,0,9,1,10
niceeeeeee,0,3,0,3
niceeeeeeee,0,1,0,1
niceeeeeeeeeeeeeeeeeee,0,1,0,1
niceguy,1,0,0,1
niceguys,0,0,1,1
nicely,11,0,212,223
niceman,0,0,2,2
niceness,0,0,1,1
nicepeter,0,0,1,1
nicer,14,10,74,98
nices,0,1,0,1
nicest,9,27,44,80
nicetat,0,1,0,1
nicey,0,0,2,2
nicfhiodfikdddpio,0,4,0,4
nicgas,1,0,0,1
nich,0,11,4,15
niche,7,3,15,25
nicholas,3,10,25,38
nichole,1,1,5,7
nicholes,0,0,5,5
nichols,2,0,5,7
nicholson,1,2,16,19
nicht,4,34,10,48
nichts,0,8,0,8
nick,104,337,415,856
nickaloadian,0,0,1,1
nickalodeon,0,0,1,1
nickatnyte,0,2,0,2
nicke,0,0,1,1
nicked,0,0,8,8
nickel,5,0,5,10
nickelback,0,2,0,2
nickeldumb,0,7,1,8
nickelodeon,2,5,9,16
nickhowardmusic,1,0,0,1
nicki,57,120,122,299
nickie,1,2,0,3
nickii,0,1,0,1
nickiiiii,0,0,1,1
nickiminaj,0,0,1,1
nicking,0,7,0,7
nickis,1,0,1,2
nickki,0,1,0,1
nickle,0,0,2,2
nickleback,0,0,1,1
nickname,17,28,25,70
nicknamed,6,0,10,16
nicknames,1,7,6,14
nickpicky,0,0,1,1
nicks,5,12,31,48
nicktoons,0,1,0,1
nicky,5,66,26,97
niclas,0,1,0,1
nico,10,62,15,87
nicol,9,11,19,39
nicola,2,2,0,4
nicolaemeirosu,0,2,0,2
nicolas,7,3,9,19
nicole,28,97,174,299
nicoles,7,15,0,22
nicolin,0,0,5,5
nicols,1,2,1,4
nicon,0,1,0,1
nicons,1,0,0,1
nicooo,0,0,4,4
nicotine,0,0,2,2
nicr,0,0,2,2
nics,0,0,3,3
nicvt,0,3,0,3
nicy,1,0,0,1
niczego,0,2,0,2
nid,0,0,4,4
nidaero,0,1,0,1
niddah,0,0,1,1
niddubz,1,0,0,1
nideas,0,0,1,1
nidiot,0,0,4,4
nidk,0,4,16,20
nidolise,0,0,1,1
nidontknownuttinaboutdatsh,0,3,0,3
nidris,0,6,0,6
nidubbz,0,0,1,1
nie,0,211,5,216
nieatrakcyjnie,0,2,0,2
niebie,0,2,0,2
niebor,0,0,1,1
niece,11,20,50,81
nieces,8,0,29,37
nieco,3,0,0,3
niedawno,0,3,0,3
niedowierzanie,0,2,0,2
niego,0,3,0,3
niegue,0,2,0,2
niej,0,4,0,4
niejednokrotnie,0,2,0,2
nieked,0,0,1,1
niekt,0,2,0,2
niel,0,1,6,7
nielubiana,0,2,0,2
niemals,0,1,0,1
nien,0,4,0,4
nienawi,0,2,0,2
nienie,0,3,0,3
niente,0,8,1,9
niepami,0,2,0,2
nier,1,3,0,4
nies,0,2,0,2
niesamowite,0,6,0,6
niesie,0,2,0,2
niestat,0,0,1,1
niestats,0,2,0,2
niestety,0,9,0,9
niet,1,36,18,55
niether,1,0,0,1
nieto,0,0,14,14
niets,0,1,0,1
nietzsche,2,1,8,11
nieuw,0,1,0,1
nieuwe,1,19,2,22
nieuwen,0,1,0,1
nieve,0,4,1,5
nieves,1,0,0,1
niewiarygodne,0,2,0,2
niez,0,1,0,1
niezgorszy,0,3,0,3
nif,206,65,814,1085
nifty,0,4,1,5
nig,2,17,9,28
niga,3,11,2,16
nigaa,0,1,0,1
nigahiga,10,30,14,54
nigahigas,0,0,1,1
nigas,0,3,1,4
nigdy,0,22,1,23
nigdzie,0,3,0,3
nigel,3,13,45,61
nigelle,0,0,2,2
nigelstanford,0,0,1,1
niger,4,2,4,10
nigeria,2,7,2,11
nigerian,6,11,24,41
nigerians,0,0,9,9
nigers,2,2,0,4
nigetia,0,0,4,4
nigg,2,1,0,3
nigga,366,406,451,1223
niggaa,0,1,0,1
niggaaaa,0,1,0,1
niggaaaaaaa,0,2,0,2
niggah,0,2,2,4
niggahiga,0,1,0,1
niggahz,0,0,5,5
nigganigganigganigganigganigga,0,0,1,1
nigganis,0,1,0,1
niggard,0,1,0,1
niggars,1,0,0,1
niggas,102,82,171,355
niggasup,1,0,0,1
niggaz,11,9,10,30
nigge,1,0,0,1
niggee,0,7,0,7
niggel,0,2,0,2
nigger,144,147,86,377
niggered,0,2,0,2
niggerfaggot,614,3,0,617
niggermovie,0,1,0,1
niggerniggerniggerniggerniggerniggerniggerniggerniggerniggerniggerniggerniggerniggerniggerniggernigger,0,1,0,1
niggerrrrrrrrrr,1,0,0,1
niggers,71,44,18,133
niggertown,0,1,0,1
niggerweather,0,1,0,1
niggerz,2,6,0,8
niggga,0,0,1,1
nigggaaaaaa,0,1,0,1
nigggas,1,0,0,1
niggger,0,1,0,1
niggggggggga,0,0,2,2
niggia,0,5,0,5
niggies,0,1,1,2
niggle,4,2,0,6
niggles,0,1,0,1
niggling,0,0,1,1
niggress,0,2,0,2
niggu,0,6,0,6
nigguh,1,0,0,1
nigguhs,3,0,0,3
niggward,0,6,0,6
niggy,0,0,2,2
nigh,4,1,2,7
nigha,0,0,4,4
nighlitghs,0,0,3,3
night,693,1005,1954,3652
nightclub,5,2,22,29
nightclubs,1,0,0,1
nightcore,0,4,5,9
nightcrawler,8,15,16,39
nightengale,0,0,5,5
nighter,0,0,8,8
nightfall,0,2,0,2
nightfire,1,0,0,1
nighthawks,3,0,2,5
nighthood,0,1,0,1
nightie,1,0,0,1
nightime,0,1,1,2
nightingale,0,1,7,8
nightlife,1,0,0,1
nightline,0,0,4,4
nightly,9,2,2,13
nightmairs,0,0,1,1
nightmare,79,88,108,275
nightmares,41,56,41,138
nightmarish,1,0,0,1
nightmear,0,1,0,1
nightmnare,0,0,4,4
nightqueen,0,3,0,3
nights,31,29,173,233
nightshade,0,1,0,1
nightsky,0,0,4,4
nighttime,0,0,27,27
nightvale,0,2,3,5
nightvision,0,1,0,1
nightwatch,0,0,1,1
nightwing,0,1,5,6
nighty,0,0,9,9
niglet,0,1,0,1
nign,0,0,2,2
nignog,0,0,1,1
nignorance,5,0,0,5
nignore,3,3,10,16
nigot,1,1,2,4
nigriventer,1,0,1,2
nigros,0,0,2,2
nigs,0,2,1,3
nigthmare,2,0,0,2
niguana,0,1,0,1
nih,0,1,0,1
niheligo,0,4,0,4
nihga,0,1,0,1
nihguh,1,0,0,1
nihhg,0,1,0,1
nihilism,2,6,11,19
nihilist,0,5,2,7
nihilistic,2,0,30,32
nihilists,0,2,0,2
nihilo,1,0,0,1
nihislistic,0,0,1,1
nihon,0,1,0,1
nihongo,0,0,1,1
nii,0,7,3,10
niice,3,1,6,10
niigga,0,0,2,2
niii,0,1,1,2
niiiccceee,0,1,0,1
niiice,0,2,6,8
niiiceeee,0,3,0,3
niiii,0,0,1,1
niiiice,0,5,0,5
niiiiceee,0,3,0,3
niiiiice,0,4,1,5
niiiiiice,0,2,0,2
niiiiiiice,0,1,0,1
niiiiiiiice,0,0,2,2
niiiiiiiiice,0,0,2,2
niiiiiiiiiiiiiiiiiiiiiiiiiiiiiiiiiiiiiiiittt,0,1,0,1
niiiiiiipppppppssssssss,1,0,0,1
niijgrijsoijivfdsvds,0,1,0,1
niilista,0,1,0,1
niirc,0,0,1,1
niisuperwomanii,0,0,1,1
nijabs,0,0,3,3
nije,0,0,1,1
nijen,0,1,0,1
nijeneun,0,1,0,1
nijja,0,3,0,3
nijlpaardje,0,1,0,1
nijpoeacdhgicdsaofvdaivfeafveaiuhfeajkhgafedhhcfdkshjoiffds,0,1,0,1
nik,0,5,6,11
nikahin,0,1,0,1
nike,5,34,33,72
nikea,0,0,1,1
niker,0,0,1,1
nikes,9,4,2,15
nikey,0,2,0,2
niki,1,4,8,13
nikii,0,0,1,1
nikis,0,1,0,1
nikita,0,6,8,14
nikkei,0,1,0,1
nikki,13,44,53,110
nikkia,0,0,1,1
nikkie,6,42,72,120
nikkies,0,1,2,3
nikkietutorials,0,2,0,2
nikkiiii,0,0,1,1
nikkitutorial,0,2,0,2
nikkitutorials,0,0,2,2
nikkkiiiii,1,0,0,1
nikko,0,0,5,5
nikky,0,0,1,1
niknits,0,0,4,4
niko,0,7,6,13
nikogo,0,2,0,2
nikola,6,11,9,26
nikolaj,1,0,1,2
nikolas,0,1,0,1
nikomu,0,2,0,2
nikon,1,0,4,5
niks,0,1,0,1
nikt,0,2,0,2
niky,0,2,0,2
nil,13,28,14,55
nila,0,1,2,3
nile,69,256,554,879
nileee,0,6,0,6
niles,21,28,30,79
nilewilson,0,5,0,5
niley,0,1,1,2
nilhilego,0,4,0,4
nilike,0,1,0,1
nill,4,7,6,17
nillegal,1,0,0,1
nillegally,2,0,0,2
nilluminati,0,2,7,9
nillumination,0,0,1,1
nillustrate,0,0,6,6
nilly,0,5,1,6
niloilo,0,0,2,2
nilove,1,0,0,1
niloveyou,0,2,0,2
nils,0,0,3,3
nilsen,0,7,0,7
nilson,1,0,0,1
nily,0,0,6,6
nilysm,0,2,4,6
nim,34,34,61,129
nima,1,0,1,2
nimagine,5,4,22,31
nimao,1,0,0,1
nimble,0,0,2,2
nimboon,0,8,0,8
nimbwit,0,3,0,3
nime,1,0,0,1
nimma,2,1,1,4
nimmature,0,0,1,1
nimmediately,0,0,6,6
nimmersion,0,1,0,1
nimmunoglobulins,0,0,4,4
nimo,0,12,3,15
nimperialism,2,0,0,2
nimplication,0,0,1,1
nimpossible,0,1,0,1
nimpressive,0,0,1,1
nimprison,4,0,0,4
nimprisoning,0,1,3,4
nimprove,0,1,0,1
nimrods,0,1,0,1
nimsorryillgonow,0,2,0,2
nin,116,18,434,568
nina,2,15,21,38
ninaih,0,1,0,1
ninamidlik,0,0,2,2
ninana,0,0,2,2
ninang,0,1,0,1
ninanile,0,0,3,3
ninb,0,0,1,1
ninception,3,0,0,3
ninches,0,2,0,2
nincidentally,0,0,6,6
nincluding,1,0,1,2
nincoming,2,0,2,4
nincorrectas,0,1,0,1
nincrease,0,0,1,1
nincreased,0,0,4,4
nincredibles,0,3,0,3
nincreible,0,1,0,1
nindeed,0,0,1,1
nindependent,2,0,1,3
nindian,3,1,0,4
nindiana,3,0,0,3
nindicate,0,0,1,1
nindichu,0,0,1,1
nindifference,1,0,0,1
nindigo,0,0,1,1
nindonesia,2,4,0,6
nindustry,0,0,4,4
nine,39,40,117,196
niner,0,2,1,3
niners,3,0,11,14
nines,0,0,1,1
nineteen,0,13,3,16
nineteenth,6,0,1,7
ninetendo,0,0,1,1
nineties,2,9,15,26
ninety,3,1,4,8
nineveh,0,1,0,1
ninfact,0,0,1,1
ninfamous,1,0,0,1
ninfertility,0,0,3,3
ninfinity,0,0,2,2
ninflame,0,1,0,1
ninflicted,0,0,1,1
ninfluence,3,0,0,3
ninfluential,3,0,0,3
ninformal,0,0,1,1
ninfrared,0,0,1,1
ning,0,21,9,30
ninga,0,2,0,2
ningens,0,1,0,1
ningredients,0,0,2,2
ningu,0,15,0,15
ningun,0,1,0,1
ninguna,0,2,0,2
ninguno,0,13,0,13
nini,0,0,2,2
niniesta,0,2,10,12
ninigo,0,0,1,1
ninitially,0,0,2,2
ninja,29,51,48,128
ninjago,6,15,7,28
ninjaoa,1,0,0,1
ninjas,6,14,15,35
ninmortal,1,0,0,1
ninni,0,3,0,3
nino,3,8,1,12
ninon,0,0,8,8
ninooooo,0,1,0,1
ninoooooo,0,5,0,5
ninoooooooooo,0,7,0,7
ninos,0,0,1,1
ninsane,0,1,1,2
ninsecurity,8,0,0,8
ninsert,0,0,1,1
ninside,0,4,36,40
ninspiration,0,2,0,2
ninspiring,0,7,1,8
ninsta,0,4,1,5
ninstagram,1,5,37,43
ninstant,0,3,4,7
ninstantly,0,1,0,1
ninstead,6,0,3,9
ninsted,0,0,2,2
ninstgram,0,0,3,3
ninstructed,0,0,1,1
ninstructions,1,0,0,1
ninsuring,0,0,1,1
nintel,0,0,1,1
nintellect,0,1,0,1
ninten,0,1,0,1
nintendo,113,153,202,468
nintendont,0,1,0,1
nintendos,5,0,0,5
ninter,90,0,0,90
ninterconnecting,0,0,1,1
ninteresingly,0,0,2,2
ninteresting,1,0,7,8
ninterests,0,0,4,4
nintergovernmental,0,0,4,4
nintermediary,1,0,0,1
ninternal,10,0,0,10
ninternational,0,0,6,6
ninternet,2,0,0,2
ninternship,0,0,6,6
ninterview,0,2,0,2
ninterviewer,0,1,1,2
ninth,3,5,2,10
ninto,0,2,6,8
nintoaster,1,2,0,3
nintro,1,6,0,7
nintroducing,0,0,2,2
nintytards,0,0,5,5
ninvested,0,0,1,1
ninvestigate,0,0,1,1
ninvestigation,0,0,2,2
ninvestigators,3,0,0,3
ninvisible,0,0,1,1
ninvite,1,0,0,1
ninviting,0,0,1,1
ninvocando,0,1,0,1
nio,0,1,0,1
nioce,0,2,0,2
niomi,4,0,0,4
nioooooo,0,0,6,6
niow,1,0,0,1
nip,6,8,7,21
nipad,1,0,0,1
niphone,5,89,31,125
niphonex,0,0,2,2
niple,0,1,0,1
nipod,0,1,0,1
nipped,1,0,1,2
nippilis,1,0,0,1
nipping,3,0,1,4
nipple,6,27,97,130
nipples,28,65,67,160
nippon,0,1,1,2
nipps,0,1,0,1
nips,8,18,27,53
nipsey,0,1,7,8
niq,0,0,1,1
niqab,4,0,0,4
niqqa,0,1,3,4
niqqah,1,0,1,2
niqqahs,0,0,2,2
niqqers,5,0,0,5
nique,0,0,2,2
niquent,0,1,0,1
niran,10,0,4,14
niranian,5,0,0,5
niraq,20,0,0,20
nireonjeoreon,0,2,0,2
nirma,2,0,3,5
niro,0,1,0,1
niron,0,0,1,1
nironicly,0,0,1,1
nirrational,2,0,0,2
nirt,0,5,0,5
nirvana,0,4,19,23
nis,55,37,168,260
nisabela,0,0,2,2
nisabelle,12,0,0,12
nisane,0,1,0,1
nisco,0,1,0,1
nise,0,4,0,4
nisekoi,0,1,0,1
nisha,0,0,1,1
nishi,0,0,2,2
nisiquiera,0,2,0,2
nisis,0,4,2,6
niska,0,2,0,2
nisla,1,1,0,2
nislam,1,0,0,1
nislamic,2,0,0,2
nisland,6,0,0,6
nisn,3,0,2,5
nisnt,0,0,2,2
nisrael,2,1,0,3
nissa,0,1,0,1
nissachar,0,0,3,3
nissan,2,4,4,10
nissen,0,0,2,2
nisso,0,3,0,3
nisssss,0,1,0,1
nist,0,0,1,1
nit,369,147,1112,1628
nita,0,4,0,4
nitaly,0,1,0,1
nitch,1,1,1,3
nitd,0,0,3,3
nite,10,4,6,20
nitendo,1,0,0,1
nither,0,0,1,1
niticed,0,1,0,1
nitif,0,1,0,1
nito,0,1,0,1
nitpick,3,1,7,11
nitpicking,8,0,3,11
nitpicks,4,0,6,10
nitpicky,0,0,3,3
nitrate,0,0,5,5
nitro,1,2,0,3
nitrogen,5,12,6,23
nitromethane,0,0,5,5
nitrous,0,9,8,17
nits,45,19,95,159
nitty,1,1,0,2
nitwit,0,1,0,1
nitwits,4,0,0,4
nitz,0,1,0,1
niu,0,0,4,4
niv,1,0,0,1
niva,0,1,0,1
nivan,0,1,1,2
nive,3,2,6,11
nivea,0,3,0,3
niveau,3,7,2,12
nivel,0,38,2,40
niveles,0,1,0,1
niw,0,0,2,2
niwobi,0,8,3,11
nix,1,1,0,2
nixed,0,0,1,1
nixon,2,0,6,8
nixwisser,0,6,0,6
nixxa,0,0,1,1
niya,0,5,3,8
niye,0,11,0,11
niyo,0,5,0,5
niyong,0,1,0,1
niyoooo,0,0,1,1
niyooooo,0,0,1,1
nizzel,0,0,4,4
nizzle,0,2,0,2
nj,3,22,26,51
nja,0,0,2,2
njaaaaaaaaaaaaames,0,2,0,2
njaaaaaaaaames,0,1,0,1
njabs,0,1,0,1
njack,13,6,35,54
njackiejackieeekaklciiijackiieeejackiieeep,0,4,0,4
njacksfilms,0,1,0,1
njaclyn,1,1,0,2
njade,0,0,3,3
njaded,0,1,0,1
njaden,1,0,1,2
njag,0,0,1,1
njageun,0,1,0,1
njaime,0,3,0,3
njaja,0,1,0,1
njajaja,0,4,0,4
njajajaja,0,1,0,1
njajajajaja,0,3,0,3
njajajajajaja,2,0,0,2
njajajajajajajajajajaja,0,0,1,1
njajajajjajaj,0,1,0,1
njake,2,4,6,12
njames,1,9,17,27
njameul,0,1,0,1
njamie,0,0,5,5
njammy,0,0,5,5
njan,0,0,1,1
njane,0,0,1,1
njaneway,0,1,0,1
njango,1,0,0,1
njansen,1,0,0,1
njanuary,0,0,1,1
njapanese,0,0,4,4
njar,0,0,1,1
njared,0,0,1,1
njason,0,3,6,9
njaws,3,0,0,3
njay,4,8,0,12
njayuya,0,0,2,2
njazakallah,0,0,1,1
njb,0,0,8,8
njce,0,0,1,1
nje,1,9,2,12
njealousy,0,0,1,1
njean,1,0,0,1
njeanette,0,1,0,1
njeb,0,0,1,1
njednak,0,0,2,2
njeez,1,0,0,1
njeffree,0,0,1,1
njefreestar,0,0,1,1
njemma,0,0,6,6
njen,2,0,0,2
njenna,0,2,2,4
njennifer,0,2,0,2
njenny,0,0,1,1
njeo,0,0,1,1
njeogi,0,1,0,1
njeon,0,1,0,1
njeongsineopsi,0,1,0,1
njeongyeon,0,0,2,2
njeremiah,1,0,1,2
njeremy,1,1,0,2
njerry,1,0,1,2
njess,0,0,1,1
njessica,0,1,0,1
njessie,0,0,1,1
njesssyyyy,0,0,1,1
njesus,73,11,63,147
njesy,0,0,1,1
njewbc,0,0,3,3
njewish,7,0,0,7
njews,0,0,11,11
njewse,0,0,1,1
njheez,5,0,0,5
njhope,1,0,0,1
njhopeeeeeeeeeeeeeeeeeeeeee,0,1,0,1
njibe,0,1,0,1
njiggling,0,1,0,1
njihyo,0,0,1,1
njim,4,0,6,10
njimin,1,2,6,9
njimmy,9,0,2,11
njin,1,2,2,5
njinyong,0,0,1,1
njisoo,0,0,2,2
njitterbug,1,0,0,1
njiya,0,0,1,1
njj,2,3,5,10
njk,12,21,23,56
njkjk,0,0,1,1
njksakjakjask,0,0,1,1
njlo,0,5,0,5
njman,0,0,4,4
njnjknn,0,1,0,1
njoan,0,0,1,1
njoanna,0,5,0,5
njoanne,1,0,0,1
njob,0,0,10,10
njoblessness,2,0,0,2
njoe,0,0,9,9
njoel,0,1,2,3
njoey,0,1,4,5
njohanna,0,0,3,3
njoheun,0,1,0,1
njohn,13,2,9,24
njohnathan,0,0,11,11
njohnson,0,3,0,3
njoi,1,0,0,1
njoin,0,0,1,1
njoke,2,0,0,2
njokes,6,1,0,7
njoking,0,0,5,5
njon,0,1,1,2
njonas,0,1,0,1
njordan,0,0,1,1
njordi,0,0,1,1
njose,2,0,0,2
njoseph,0,0,1,1
njosh,0,9,0,9
njoshler,0,0,1,1
njoshua,0,0,1,1
njp,0,0,1,1
njpw,0,0,2,2
njr,0,3,0,3
nju,0,1,0,1
njub,0,0,1,1
njudah,0,0,3,3
njudaism,3,0,0,3
njudas,0,0,6,6
njude,0,0,1,1
njudge,0,1,0,1
njudgement,5,0,4,9
njudicial,2,0,0,2
njuegate,0,1,0,1
njugando,0,6,0,6
njughead,0,0,1,1
njuiffdjiocfdjocdjiocdsajoijnaerfjnxv,0,1,0,1
njules,0,0,2,2
njulia,2,3,7,12
njulien,1,0,3,4
njulio,0,3,0,3
njuly,0,0,2,2
njump,0,3,0,3
njumpin,2,0,0,2
njun,0,0,2,2
njune,7,0,2,9
njung,0,1,0,1
njungkook,4,1,3,8
njunhyung,0,0,2,2
njurassic,0,0,1,1
njurgen,0,6,0,6
njus,5,0,0,5
njust,104,50,499,653
njustice,0,0,1,1
njustin,0,0,4,4
njustine,0,0,1,1
njvalvin,0,2,0,2
njw,0,0,1,1
njyn,1,0,0,1
njyp,0,1,0,1
nk,25,146,272,443
nkabloom,0,0,1,1
nkadaway,1,0,0,1
nkaepernick,6,1,0,7
nkahn,0,1,0,1
nkaiju,0,0,1,1
nkal,0,1,3,4
nkalm,0,1,0,1
nkamino,0,0,1,1
nkan,0,1,0,1
nkanan,2,0,0,2
nkane,0,0,6,6
nkannst,0,3,0,3
nkante,0,0,5,5
nkappa,1,3,0,4
nkate,0,0,1,1
nkatie,0,0,5,5
nkatina,2,0,0,2
nkatrina,1,0,2,3
nkatuwa,0,1,0,1
nkaty,2,0,4,6
nkay,0,0,1,1
nkayboard,0,2,0,2
nkayleigh,0,0,2,2
nkayne,0,0,1,1
nkayo,0,0,1,1
nkc,0,1,0,1
nke,0,1,0,1
nkechi,0,0,1,1
nkeep,13,11,148,172
nkeeping,0,0,12,12
nkeeps,1,0,0,1
nkeira,0,0,8,8
nkeith,0,0,15,15
nkekeke,0,0,2,2
nkellie,1,0,1,2
nkelly,0,0,6,6
nken,0,2,7,9
nkenan,0,0,1,1
nkendrick,0,0,3,3
nkentucky,2,0,0,2
nkenyatta,0,0,2,2
nkermit,0,4,1,5
nkerry,0,2,0,2
nkesha,0,0,1,1
nkesten,0,0,6,6
nketiah,0,1,0,1
nketih,0,0,5,5
nkev,3,0,0,3
nkevin,1,6,8,15
nkey,0,0,4,4
nkeyboard,0,4,6,10
nkhmer,5,0,0,5
nkicked,1,0,1,2
nkicking,1,0,0,1
nkicks,0,1,0,1
nkid,0,0,4,4
nkidding,1,1,0,2
nkikwang,0,0,1,1
nkill,7,13,13,33
nkiller,0,1,0,1
nkilles,0,0,1,1
nkilling,0,1,3,4
nkills,0,0,4,4
nkilometery,0,1,0,1
nkim,1,5,3,9
nkimmel,0,0,2,2
nkind,0,4,4,8
nkinda,1,1,5,7
nkindly,0,2,3,5
nkindred,0,0,1,1
nkine,0,2,0,2
nking,0,1,6,7
nkingdom,0,1,0,1
nkings,4,0,0,4
nkirk,0,2,0,2
nkiss,0,0,9,9
nkissed,0,0,14,14
nkisses,4,2,2,8
nkit,0,2,0,2
nkj,1,0,0,1
nkjv,4,0,20,24
nkk,0,0,1,1
nkkeuteopsi,0,0,3,3
nkkkilig,0,1,0,1
nkkumeul,0,2,0,2
nkkumyeonaeneun,0,2,0,2
nklondike,0,0,1,1
nklopp,12,0,11,23
nkneeling,1,2,10,13
nknees,0,0,2,2
nknew,0,0,1,1
nknife,3,0,0,3
nknock,4,0,1,5
nknockout,0,1,0,1
nknow,2,1,12,15
nknowing,1,0,0,1
nknows,0,1,0,1
nko,0,0,1,1
nkoaloa,4,0,0,4
nkodak,1,1,1,3
nkohls,0,4,0,4
nkolasnic,0,5,0,5
nkonan,0,0,4,4
nkong,1,0,0,1
nkookiee,0,0,1,1
nkorea,0,0,1,1
nkosovo,5,5,0,10
nkotb,0,2,7,9
nkourtney,0,0,6,6
nkoya,0,1,0,1
nkquisten,0,0,1,1
nkratos,0,1,0,1
nkrennic,1,0,0,1
nkris,0,1,12,13
nkristan,0,0,1,1
nkristen,0,1,2,3
nkronke,1,0,0,1
nks,0,1,0,1
nkshmr,0,1,0,1
nksi,1,0,2,3
nktbffh,0,0,1,1
nku,0,6,0,6
nkudos,0,0,6,6
nkumail,0,1,2,3
nkungs,0,4,0,4
nkurdistan,0,5,0,5
nkurt,1,0,0,1
nkusoga,2,0,0,2
nkwisten,0,2,0,2
nkyle,0,0,1,1
nkylie,0,0,1,1
nkylo,2,1,8,11
nkyrie,0,0,4,4
nl,2,21,16,39
nla,30,28,14,72
nlaatst,0,1,0,1
nlabour,0,3,0,3
nlacazet,0,0,3,3
nlacazette,0,5,0,5
nlacey,0,1,0,1
nlad,0,1,0,1
nladies,0,0,2,2
nlady,0,1,1,2
nladys,0,0,1,1
nlaguardia,0,0,10,10
nlai,0,0,2,2
nlaik,0,1,0,1
nlalalalalalalalalalalaalalala,0,1,0,1
nlallana,0,0,5,5
nlame,2,0,0,2
nlamelo,1,2,3,6
nlana,0,2,1,3
nlance,0,0,3,3
nland,3,0,0,3
nlandmine,0,0,1,1
nlando,1,0,0,1
nlanzamiento,0,2,0,2
nlara,0,1,0,1
nlarga,0,3,0,3
nlarge,0,0,1,1
nlarry,3,0,0,3
nlas,0,3,2,5
nlaser,0,2,6,8
nlashawn,0,0,1,1
nlast,14,5,36,55
nlastimosamente,0,5,0,5
nlastly,3,0,11,14
nlate,0,0,3,3
nlater,0,2,11,13
nlateral,0,0,1,1
nlatifi,0,3,0,3
nlaugh,0,0,1,1
nlaughing,1,0,4,5
nlaura,0,1,0,1
nlaurdiy,0,0,1,1
nlauren,1,1,3,5
nlaurence,0,0,1,1
nlauv,0,0,3,3
nlavar,1,3,3,7
nlaw,0,0,2,2
nlaws,0,0,4,4
nlawyers,0,1,0,1
nlb,0,0,6,6
nlbw,0,5,5,10
nlcb,0,2,0,2
nlead,1,0,2,3
nleads,0,0,1,1
nleaf,0,1,0,1
nleandra,0,2,0,2
nlearn,1,2,5,8
nlearning,10,0,1,11
nleast,0,0,13,13
nleave,1,4,11,16
nleaving,1,0,0,1
nlebron,0,3,0,3
nled,0,0,1,1
nleeds,0,0,3,3
nleft,0,0,1,1
nleftists,0,0,4,4
nlegend,0,6,1,7
nlegendary,0,1,0,1
nlegends,0,2,0,2
nlegislative,2,0,0,2
nlegit,5,0,1,6
nlego,0,0,1,1
nleia,1,1,0,2
nleigh,0,0,3,3
nlel,0,1,0,1
nlele,0,2,0,2
nleleleleleelleelelle,0,0,1,1
nlemme,1,0,4,5
nlena,0,0,2,2
nlenovo,0,0,1,1
nleo,0,1,0,1
nleonardo,0,0,2,2
nlerden,0,7,0,7
nleri,0,3,0,3
nless,2,1,2,5
nlessons,0,0,1,1
nlet,105,44,243,392
nlets,2,3,20,25
nletter,1,0,14,15
nletterman,0,1,0,1
nletting,3,0,0,3
nletttsss,1,0,0,1
nlev,0,1,0,1
nlevel,0,0,1,1
nlevi,0,0,3,3
nleviathan,3,0,0,3
nlex,2,0,0,2
nlexi,0,0,4,4
nlezz,0,1,0,1
nlf,0,1,6,7
nlg,1,1,1,3
nliaa,0,1,0,1
nliam,2,0,7,9
nliangelo,1,3,0,4
nliar,0,2,0,2
nlibbre,0,0,1,1
nliberal,2,1,1,4
nliberalism,1,0,1,2
nliberals,0,0,1,1
nlibtards,0,1,0,1
nlibya,5,1,0,6
nlide,0,1,0,1
nlieblingsspieler,0,3,0,3
nlied,0,0,2,2
nlies,0,1,5,6
nlife,8,1,46,55
nlifeline,0,0,1,1
nlifes,1,0,1,2
nlift,0,0,1,1
nlight,0,0,14,14
nlightly,0,0,2,2
nlights,1,0,5,6
nlightsaber,2,0,0,2
nliiieeeee,0,4,0,4
nlike,109,112,212,433
nlikes,0,1,1,2
nlikey,0,1,0,1
nlil,4,1,11,16
nlili,1,0,1,2
nlillard,0,0,1,1
nlilly,1,5,6,12
nlilo,0,4,0,4
nlilwayne,0,0,1,1
nlily,0,0,3,3
nlimite,0,0,2,2
nlimited,0,0,4,4
nlin,0,4,0,4
nlindaaa,0,1,0,1
nlindo,0,0,1,1
nlindsey,0,0,2,2
nline,0,1,0,1
nliner,0,0,4,4
nlink,0,7,18,25
nlinkin,1,0,2,3
nlinus,7,0,0,7
nlionel,0,0,1,1
nlions,1,0,0,1
nlip,0,1,0,1
nlips,0,4,4,8
nlipstick,0,0,1,1
nlisten,8,5,15,28
nlistening,0,0,2,2
nlit,0,0,3,3
nliteral,0,0,3,3
nliterally,11,7,18,36
nlithe,0,0,6,6
nlittle,13,0,29,42
nlive,1,0,6,7
nliverpool,2,0,14,16
nlivin,2,0,1,3
nliving,0,0,4,4
nliza,2,6,10,18
nlizaa,0,0,1,1
nlizza,0,0,1,1
nlizzo,0,0,2,2
nlizzy,0,0,1,1
nljn,0,0,1,1
nll,0,2,0,2
nllama,1,1,0,2
nllamas,1,0,1,2
nlliparkes,0,0,1,1
nlllllllllllllllllllllllllllllllllllllllllllllllllllllllllllllllllllllllllllllllllllllllllllllllllllllllllllllllllllllllllllllllllllllllllllllllllllllllllllllllllllllllllllllllllllllllllllllllllllllllllllllllllllllllllllllllllllllllllllllllllllllllllllllllllllllllllllllllllllllllllllllllllllllllllllllllllllllllllllllllllllllllllllllllllllllllllllllllllllllllllllllllllllllllllllllllllllllllllllllllllllllllllllllllllllllllllllllllllllllllllllllllllllllllllllllllllllllllllllllllllllllllllllllllllllllllllllllllllllllllllllllllllllllllllllllllllllllllllllllllllllllllllllllllllllllllllllllllllllllllllllllllllllllllillllllllllllllllllllllllllllllllllllllllllllllllllllllllllllllllllllllllllllllllllllllllllllllllllllllllllllllllllllllllllllllllllllllllllllllllllllllllllllllllllllllllllllllllllllllllllllllllllllllllllllllllllllllllllllllllllllllllllllllllllllllllllllllllllllllllllllllllllllllllllllllllllllllllllllllllllllllllllllllllllllllllllllllllllllllllllllllllllllllllllllllllllllllllllllllllllllllllllllllllllllllllllllllllllllllllllllllllllllllllllllllllllllllllllllllllllllllllllllllllllllllllllllllllllllllllllllllllllllllllllllllllllllllllllllllllllllllllllllllllllllllllllllllllllllllllllllllllllllllllllllllllllllllllllllllllllllllllllllllllllllllllllllllllllllllllllllllllllllllllllllllllllllllllllllllllllllllllllllllllllllllllllllllllllllllllllllllllllllllllllllllllllllllllllllllllllllllllllllllllllllllllllllllllllllllllllllllllllllllllllllllllllllllllllllllllllllllllllllllllllllllllllllllllllllllllllllllllllllllllllllllllllllllllllllllllllllllllllllllllllllllllllllllllllllllllllllllllllllllllllllllllllllllllllllllllllllllllllllllllllllllllllllllllllllllllllllllllllllllllllllllllllllllllllllllllllllllllllllllllllllllllllllllllllllllllllllllllllllllllllllllllllllllllllllllllllllllllllllllllllllllllllllllllllllllllllllllllllllllllllllllllllllllllllllllllllllllllllllllllllllllllllllllllllllllllllllllllllllllllllllllllllllllllllllllllllllllllllllllllllllllllllllllllllllllllllllllllllllllllllllllllllllllllllllllllllllllllllllllllllllllllllllllllllllllllllllllllllllllllllllllllllllllllllllllllllllllllllllllllllllllllllllllllllllllllllllllllllllllllllllllllllllllllllllllllllllllllllllllllllllllllllllllllllllllllllllllllllllllllillllllllllllllllllllllllllllllllllllllllllllllllllllllllllllllllllllllllllllllllllllllllllllllllllllllllllllllllllllllllllllllllllllllllllllllllllllllllllllllllllllllllllllllllllllllllllllllllllllllllllllllllllllllllllllllllllllllllllllllllllllllllllllllllllllllllllllllllllllllllllllllllllllllllllllllllllllllllllllllllllllllllllllllllllllllllllllllllllllllllllllllllllllllllllllllllllllllllllllllllllllllllllllllllllllllllllllllllllllllllllllllllllllllllllllllllllllllllllllllllllllllllllllllllllllllllllllllllllllllllllllllllllllllllllllllllllllllllllllllllllllllllllllllllllllllllllllllllllllllllllllllllllllllllllllllllllllllllllllllllllllllllllllllllllllllllllllllllllllllllllllllllllllllllllllllllllllllllllllllllllllllllllllllllllllllllllllllllllllllllllllllllllllllllllllllllllllllllllllllllllllllllllllllllllllllllllllllllllllllllllllllllllllllllllllllllllllllllllllllllllllllllllllllllllllllllllllllllllllllllllllllllllllllllllllllllllllllllllllllllllllllllllllllllllllllllllllllllllllllllllllllllllllllllllllllllllllllllllllllllllllllllllllllllllllllllllllllllllllllllllllllllllllllllllllllllllllllllllllllllllllllllllllllllllllllllllllllllllllllllllllllllllllllllllllllllllllllllllllllllllllllllllllllllllllllllllllllllllllllllllllllllllllllllllllllllllllllllllllllllllllllllllllllllllllllllllllllllllllllllllllllllllllllllllllllllllllllllllllllllllllllllllllllllllllllllllllllllllllllllllllllllllllllllllllllllllllllllllllllllllllllllllllllllllllllllllllllllllllllllllllllllllllllllllllllllllllllllllllllllllllllllllllllllllllllllllllllllllllllllllllllllllllllllllllllllllllllllllllllllllllllllllllllllllllllllllllllllllllllllilllllllllllllllllllllllllllllllllllllllllllllllllllllllllllllllllllllllllllllllllllllllllllllllllllllllllllllllllllllllllllllllllllllllllllllllllllllllllllllllllllllllllllllllllllllllllllllllllllllllllllllllllllllllllllllllllllllllllllllllllllllllllllllllllllllllllllllllllllllllllllllllllllllllllllllllllllllllllllllllllllllllllllllllllllllllllllllllllllllllllllllllllllllllllllllllllllllllllllllllllllllllllllllllllllllllllllllllllllllllllllllllllllllllllllllllllllllllllllllllllllllllllllllllllllllllllllllllllllllllllllllllllllllllllllllllllllllllllllllllllllllllllllllllllllllllllllllllllllllllllllllllllllllllllllllllllllllllllllllllllllllllllllllllllllllllllllllllllllllllllllllllllllllllllllllllllllllllllllllllllllllllllllllllllllllllllllllllllllllllllllllllllllllllllllllllllllllllllllllllllllllllllllllllllllllllllllllllllllllllllllllllllllllllllllllllllllllllllllllllllllllllllllllllllllllllllllllllllllllllllllllllllllllllllllllllllllllllllllllllllllllllllllllllllllllllllllllllllllllllllllllllllllllllllllllllll,0,1,0,1
nllsif,1,0,0,1
nlmao,17,28,27,72
nlmaoo,0,0,2,2
nlmaooo,0,1,0,1
nlmaoooo,0,0,1,1
nlmaooooo,0,0,2,2
nlmaoooooo,3,0,0,3
nlmfao,0,10,5,15
nlo,0,4,1,5
nloa,0,0,1,1
nloaded,0,0,5,5
nloadin,2,0,0,2
nloading,1,1,0,2
nloadza,0,0,6,6
nlobbying,1,0,0,1
nlobov,0,0,1,1
nlobsters,0,0,2,2
nlocality,0,1,1,2
nlocation,0,0,1,1
nlock,0,0,1,1
nlog,1,0,0,1
nlogan,1,2,2,5
nlogang,0,1,0,1
nlogic,0,0,8,8
nlogitech,0,3,2,5
nlois,0,0,1,1
nlol,22,65,45,132
nlolol,1,0,0,1
nlololol,0,0,3,3
nlolololol,0,0,2,2
nlong,1,3,13,17
nlongtime,0,6,0,6
nlongyearbyen,0,0,4,4
nlonzo,1,3,1,5
nlook,27,7,39,73
nlookin,0,0,6,6
nlooking,0,7,38,45
nlooks,4,9,17,30
nlooool,4,4,0,8
nloooool,0,0,1,1
nlooooollllll,0,6,0,6
nloooooool,0,1,0,1
nloooooooooooooooooooool,0,1,0,1
nlootboxes,0,12,0,12
nlord,0,0,7,7
nlos,1,10,5,16
nlose,0,0,2,2
nlosing,0,0,8,8
nlossless,0,0,2,2
nlost,3,10,1,14
nlot,0,0,1,1
nlots,7,0,44,51
nlottery,0,0,3,3
nloud,0,0,1,1
nloudness,5,0,0,5
nlouis,0,0,3,3
nlouise,1,1,6,8
nlouisejesus,0,1,0,1
nlove,65,143,466,674
nloveculture,0,1,0,1
nloved,0,0,62,62
nloveee,0,0,1,1
nlovefromindia,1,0,0,1
nlovely,0,1,10,11
nloves,0,0,2,2
nloveu,0,0,1,1
nloving,11,2,5,18
nlow,0,0,3,3
nlower,4,0,0,4
nlowers,0,0,1,1
nlp,0,5,0,5
nltd,0,1,0,1
nlucia,0,0,3,3
nlucille,0,2,0,2
nluck,0,0,5,5
nluckily,0,0,2,2
nlucky,5,2,1,8
nluda,0,1,0,1
nludacris,0,2,0,2
nluigi,0,0,1,1
nluis,0,0,1,1
nluiz,0,2,8,10
nluke,3,2,13,18
nlul,0,0,4,4
nlumberjulien,0,1,0,1
nlunagonzalez,0,1,0,1
nluquillo,0,0,2,2
nluv,0,1,5,6
nluved,0,0,1,1
nlw,0,2,0,2
nlwb,0,3,0,3
nly,0,4,0,4
nlyft,1,0,0,1
nlying,1,0,15,16
nlyor,0,0,1,1
nlyrically,1,0,0,1
nlyrics,2,2,5,9
nlysm,2,1,0,3
nm,6,24,19,49
nma,0,5,1,6
nmaar,0,1,0,1
nmace,1,0,0,1
nmad,0,4,2,6
nmaddie,1,0,0,1
nmade,7,2,9,18
nmadn,0,1,0,1
nmadness,0,0,5,5
nmadonna,0,1,0,1
nmads,0,0,1,1
nmaeil,0,0,1,1
nmagic,4,2,3,9
nmagny,0,3,0,3
nmah,0,0,3,3
nmail,0,0,1,1
nmain,0,0,2,2
nmais,2,0,7,9
nmaitland,0,4,4,8
nmaja,0,0,1,1
nmajestic,0,2,0,2
nmakasih,0,0,1,1
nmake,23,9,57,89
nmakes,8,2,7,17
nmakeup,1,0,0,1
nmakin,0,0,7,7
nmaking,1,1,10,12
nmal,0,2,0,2
nmalcolm,0,0,1,1
nmaldini,0,1,3,4
nmalibu,0,0,1,1
nmalo,0,4,0,4
nmaluma,1,0,0,1
nmam,0,2,0,2
nmama,6,1,14,21
nmamasse,0,1,0,1
nman,11,18,69,98
nmanage,0,1,1,2
nmanager,0,1,0,1
nmanasseh,0,0,3,3
nmanbun,0,0,1,1
nmanca,0,1,0,1
nmanchester,0,0,7,7
nmane,0,0,5,5
nmanga,0,0,1,1
nmanjeet,0,2,2,4
nmanny,0,1,1,2
nmanqueras,0,2,0,2
nmanuel,0,1,0,1
nmany,12,0,29,41
nmap,0,0,6,6
nmarble,0,1,0,1
nmarbles,0,2,1,3
nmarc,0,2,7,9
nmarcelo,0,1,0,1
nmarch,5,0,2,7
nmarcus,2,0,6,8
nmargot,0,0,1,1
nmarine,2,0,0,2
nmario,0,3,3,6
nmark,2,8,31,41
nmarkiplier,0,2,1,3
nmarley,0,0,18,18
nmaroon,0,2,0,2
nmarples,0,1,0,1
nmarriage,0,0,1,1
nmarry,0,0,1,1
nmars,0,0,2,2
nmarta,0,1,0,1
nmartina,0,0,2,2
nmartyn,0,0,1,1
nmarvel,0,0,3,3
nmarvelous,4,0,0,4
nmarwa,0,4,0,4
nmarxist,5,0,0,5
nmary,0,2,6,8
nmas,0,1,1,2
nmascara,0,4,4,8
nmasseduction,0,0,3,3
nmaster,1,0,0,1
nmastercard,0,0,3,3
nmasterpieces,0,1,0,1
nmasz,0,2,0,2
nmatch,0,0,14,14
nmate,0,0,3,3
nmatic,1,0,0,1
nmating,0,1,0,1
nmatpat,0,3,1,4
nmatrix,0,173,0,173
nmatt,1,0,9,10
nmatthew,7,0,0,7
nmax,0,1,4,5
nmay,2,6,45,53
nmaybe,55,2,83,140
nmayweather,0,0,1,1
nmc,0,2,0,2
nmcdonald,0,1,1,2
nmcdonalds,2,3,0,5
nmcmann,0,3,0,3
nmd,1,0,1,2
nmds,0,2,3,5
nme,212,286,320,818
nmean,3,1,6,10
nmeaning,0,0,15,15
nmeaningful,0,0,1,1
nmeaningless,0,0,3,3
nmeanwhile,11,5,5,21
nmeasured,0,0,6,6
nmeat,0,1,0,1
nmechanical,0,0,1,1
nmedi,0,2,0,2
nmedia,2,0,0,2
nmedias,0,3,0,3
nmedical,0,0,2,2
nmedicare,0,1,0,1
nmedio,0,1,1,2
nmediocre,2,0,0,2
nmee,1,0,0,1
nmeeee,0,4,0,4
nmeet,12,2,0,14
nmegyn,0,0,1,1
nmeh,1,0,0,1
nmehdi,0,0,2,2
nmeigenis,0,6,0,6
nmejor,0,4,0,4
nmejores,0,0,2,2
nmel,0,0,1,1
nmelania,0,0,2,2
nmelbern,1,0,0,1
nmelo,0,1,0,1
nmelodies,0,0,1,1
nmelody,0,1,0,1
nmember,0,3,0,3
nmembrane,0,0,1,1
nmeme,0,7,0,7
nmemento,0,0,2,2
nmemes,0,1,0,1
nmemories,0,4,0,4
nmen,8,3,2,13
nmenahoth,0,0,1,1
nmental,0,1,3,4
nmentally,0,2,0,2
nmeon,0,5,0,5
nmeow,0,0,6,6
nmerci,0,0,1,1
nmercury,0,2,0,2
nmercy,0,0,6,6
nmerry,0,0,2,2
nmertasacker,0,4,0,4
nmeryl,0,0,2,2
nmess,0,0,1,1
nmessage,0,0,7,7
nmessi,0,16,6,22
nmetal,3,1,0,4
nmetallica,1,0,1,2
nmething,3,0,0,3
nmethod,0,0,2,2
nmetro,0,0,1,1
nmexican,10,0,4,14
nmexico,13,4,13,30
nmezlik,0,3,0,3
nmhm,1,0,0,1
nmi,0,7,6,13
nmia,0,0,4,4
nmianhaji,0,2,0,2
nmicah,0,0,5,5
nmichael,2,0,6,8
nmichaels,6,0,0,6
nmichelle,0,0,1,1
nmichy,0,0,1,1
nmickey,1,1,0,2
nmickie,1,0,0,1
nmicrobe,0,0,1,1
nmicrotransactions,0,0,4,4
nmicrowaves,0,0,1,1
nmid,1,0,0,1
nmiddle,1,1,1,3
nmidfielder,0,2,1,3
nmidrasch,0,0,1,1
nmientras,0,1,0,1
nmight,7,0,22,29
nmightcore,0,0,1,1
nmighty,1,0,0,1
nmijn,0,1,0,1
nmike,2,9,4,15
nmikey,0,0,1,1
nmikeyww,0,0,10,10
nmil,0,0,6,6
nmilanoo,0,1,0,1
nmiles,0,2,0,2
nmilestone,0,3,0,3
nmiley,0,0,3,3
nmilitary,0,0,1,1
nmilk,0,1,2,3
nmillenials,1,1,0,2
nmillennials,0,0,1,1
nmillie,0,2,0,2
nmillonarios,0,2,0,2
nmillos,0,1,0,1
nmin,0,3,6,9
nmina,0,1,2,3
nmind,3,0,12,15
nmine,2,3,4,9
nminecraft,0,1,3,4
nminghao,0,0,1,1
nmingyu,0,2,1,3
nmini,0,0,1,1
nminor,0,0,1,1
nminority,0,0,3,3
nminus,0,0,1,1
nminuto,0,1,0,1
nmira,0,3,0,3
nmiranda,0,1,0,1
nmirin,0,0,2,2
nmirror,0,0,3,3
nmis,0,4,1,5
nmisattribution,0,0,1,1
nmish,0,2,0,2
nmismatches,4,0,0,4
nmisplaced,1,0,0,1
nmiss,1,3,4,8
nmissed,1,0,2,3
nmissing,1,0,1,2
nmission,0,5,0,5
nmitch,0,7,6,13
nmitchie,0,3,0,3
nmitchy,8,0,0,8
nmix,0,0,5,5
nmkbhd,0,0,1,1
nmkhitaryan,0,1,0,1
nml,0,3,3,6
nmlp,1,1,0,2
nmm,0,0,6,6
nmmh,0,0,1,1
nmmm,0,0,3,3
nmmmmm,0,0,2,2
nmmmmmmeeeee,0,4,0,4
nmms,0,1,0,1
nmn,0,1,1,2
nmnnn,0,0,1,1
nmobile,1,0,0,1
nmobo,1,0,0,1
nmockingbird,0,6,0,6
nmoderator,0,0,2,2
nmodern,0,0,3,3
nmodeun,0,1,1,2
nmodify,3,0,0,3
nmodish,0,0,1,1
nmods,0,0,1,1
nmollae,0,0,1,1
nmom,9,20,15,44
nmoment,0,0,5,5
nmoments,1,0,5,6
nmomma,4,2,0,6
nmommy,0,0,1,1
nmomo,0,2,1,3
nmonday,0,1,0,1
nmoney,0,1,14,15
nmoneymayweather,0,0,1,1
nmonia,0,3,0,3
nmonitor,0,2,4,6
nmonitoring,0,0,1,1
nmonreal,0,8,4,12
nmonrealxxxmustafixxxkoscielny,0,5,0,5
nmonster,0,1,0,1
nmonth,2,0,0,2
nmonthly,0,5,1,6
nmonths,0,0,1,1
nmontre,0,2,0,2
nmonty,0,0,1,1
nmoobro,0,0,1,1
nmood,0,0,3,3
nmoon,1,0,0,1
nmoose,0,0,2,2
nmorally,0,0,2,2
nmoras,0,3,0,3
nmore,15,12,25,52
nmoritz,7,0,0,7
nmoroccan,0,0,3,3
nmoronic,2,0,0,2
nmorovis,0,0,2,2
nmorrissey,0,1,0,1
nmorty,0,4,2,6
nmos,0,0,2,2
nmoses,5,0,9,14
nmosquitos,0,2,0,2
nmosse,0,2,0,2
nmost,8,10,42,60
nmostly,0,3,4,7
nmostrar,0,1,0,1
nmotaz,0,4,0,4
nmothafucka,0,0,1,1
nmother,0,10,21,31
nmotherfucker,2,1,0,3
nmotherfucking,6,0,0,6
nmothers,0,1,0,1
nmotivate,0,1,0,1
nmotivating,0,0,6,6
nmotive,0,0,4,4
nmotorola,0,0,2,2
nmou,8,0,0,8
nmouayad,0,4,0,4
nmouhannad,0,4,0,4
nmoumen,0,4,0,4
nmount,28,0,0,28
nmountainwhale,0,2,0,2
nmountasir,0,4,0,4
nmounting,0,0,4,4
nmountwhale,0,2,0,2
nmourinho,1,0,0,1
nmouse,0,2,5,7
nmoutasem,0,4,0,4
nmove,0,0,6,6
nmovie,0,0,2,2
nmovies,0,0,3,3
nmoviesgate,0,0,4,4
nmowhal,0,2,0,2
nmr,0,2,4,6
nmtporgsbwy,1,0,0,1
nmu,16,0,0,16
nmuch,1,1,69,71
nmucho,0,1,0,1
nmuchos,0,3,0,3
nmuddafukka,0,1,0,1
nmulticulturalism,0,0,1,1
nmultiple,1,0,0,1
nmultiply,1,0,0,1
nmum,0,2,0,2
nmurders,0,0,2,2
nmuriel,0,1,0,1
nmus,0,0,1,1
nmuseun,0,0,1,1
nmushu,0,0,1,1
nmusic,1,13,13,27
nmuslim,0,1,0,1
nmuslims,1,0,0,1
nmust,5,8,7,20
nmustaphi,0,0,3,3
nmuted,2,0,0,2
nmuy,0,19,2,21
nmv,0,0,1,1
nmvmt,0,0,1,1
nmvmtwatches,0,0,1,1
nmxc,0,1,0,1
nmy,145,68,514,727
nmykie,0,0,4,4
nmysterious,4,0,0,4
nmyth,2,0,0,2
nn,5,41,6,52
nna,6,1,10,17
nnaaaaaaaaaah,0,0,1,1
nnaaaah,0,0,1,1
nnachseolgeman,0,1,0,1
nnada,0,1,0,1
nnadando,0,6,0,6
nnae,0,3,0,3
nnaega,0,1,0,1
nnaeireun,0,1,0,1
nnaguabo,0,0,2,2
nnah,22,3,27,52
nnahhh,3,0,0,3
nnail,0,0,1,1
nnailed,5,2,0,7
nnails,0,0,1,1
nnal,0,1,0,1
nname,0,1,7,8
nnamely,0,0,2,2
nnamjoon,0,0,1,1
nnani,0,2,0,2
nnaphtali,0,0,3,3
nnaranjito,0,0,2,2
nnarrator,0,1,0,1
nnarwhal,0,2,0,2
nnasty,3,0,0,3
nnatalie,2,0,2,4
nnathalie,1,0,0,1
nnathan,0,0,1,1
nnational,2,0,3,5
nnations,0,0,1,1
nnationwide,0,0,1,1
nnative,0,1,0,1
nnato,5,0,0,5
nnatoya,0,0,10,10
nnatural,0,0,4,4
nnature,0,1,0,1
nnaw,0,0,5,5
nnawa,0,1,0,1
nnaya,0,0,2,2
nnayeon,0,1,0,1
nnazis,3,0,3,6
nnazism,0,0,1,1
nnb,1,0,4,5
nnba,0,0,4,4
nnc,2,0,2,4
nnearly,0,0,3,3
nneat,0,2,1,3
nnedi,0,0,2,2
nnee,0,2,0,2
nneed,7,4,12,23
nneedless,1,0,0,1
nneeds,1,7,1,9
nneegeiru,0,4,0,4
nnega,0,0,1,1
nnegan,0,1,0,1
nnegative,0,0,9,9
nnegatives,0,0,1,1
nnegredo,1,0,0,1
nneighbor,0,4,0,4
nneil,13,0,1,14
nneither,2,1,14,17
nnel,0,10,1,11
nnelle,0,2,0,2
nnelly,1,0,1,2
nnelson,0,12,7,19
nnen,0,4,0,4
nnenenenenenene,0,1,0,1
nneoegeseo,0,1,0,1
nneol,0,1,1,2
nneoneun,0,0,1,1
nneoreul,0,1,0,1
nneoui,0,0,1,1
nneptune,0,1,0,1
nnerdfighteria,0,0,3,3
nnerve,0,1,0,1
nnetflix,0,2,1,3
nneuer,0,1,0,1
nneul,0,2,0,2
nnever,8,644,142,794
nnevermind,1,0,0,1
nnevertheless,0,0,10,10
nneverthless,0,0,2,2
nnew,13,17,37,67
nnewcomer,0,0,1,1
nnewdd,0,0,3,3
nnewer,0,0,2,2
nnewly,0,1,0,1
nnews,11,1,0,12
nnewsflash,2,0,0,2
nnext,11,13,33,57
nneymar,0,2,0,2
nnf,0,0,1,1
nnfc,0,0,1,1
nnfl,0,0,7,7
nng,0,0,1,1
nngog,0,1,0,1
nni,0,1,0,1
nnia,1,0,0,1
nnial,0,0,1,1
nniall,0,0,4,4
nniana,0,0,3,3
nnice,8,40,27,75
nnicht,0,0,1,1
nnick,0,1,7,8
nnicki,0,0,4,4
nnickname,1,0,0,1
nnicknamed,0,4,0,4
nnicol,0,2,1,3
nnien,1,0,0,1
nnigahiga,0,0,1,1
nnigga,5,0,2,7
nniggah,0,0,2,2
nniggas,4,0,0,4
nniggeh,0,0,2,2
nnigger,1,0,4,5
nnight,0,1,12,13
nnightcore,0,1,0,1
nnihilego,4,0,0,4
nnikiiiiiii,0,0,1,1
nnikki,0,1,1,2
nnikkie,0,0,1,1
nniko,0,0,1,1
nnile,0,6,5,11
nniles,0,8,0,8
nnilles,0,0,3,3
nnine,0,4,0,4
nninoooooooo,0,0,1,1
nniomi,0,0,1,1
nnipple,0,0,1,1
nnitt,0,0,1,1
nnk,3,0,0,3
nnnnn,0,0,1,1
nnnnnnnnnnnnn,0,1,0,1
nnnnnnnnnnnnnnnnnnnnnniiiiiiiiiiiiiiiiiiiiiiiiiiiiiiiiiiiiiiiggggggggggggggggggggggeeeeeeeeeeeeeeeeeeeeeerrrrrrrrrrrrrrrrsssssssss,0,1,0,1
nnnnnnnnnoooooooooooooooooooooooooooooooooooooooooooo,0,2,0,2
nnnnnnnnoooooooooooooooooooooooope,0,1,0,1
nnnnnoooooooooooo,0,0,1,1
nnnnnoooooooooooooo,3,0,0,3
nnnnoooo,4,0,0,4
nnnot,0,0,2,2
nno,137,129,507,773
nnoah,0,1,1,2
nnobo,0,1,0,1
nnobody,12,8,12,32
nnoel,5,0,1,6
nnoice,0,2,1,3
nnoise,1,0,0,1
nnokia,1,0,0,1
nnomnomnom,0,3,0,3
nnon,3,5,1,9
nnone,7,0,5,12
nnonethetless,2,0,0,2
nnonsense,0,1,0,1
nnoo,0,3,0,3
nnoob,0,1,0,1
nnooo,1,0,0,1
nnoooo,0,0,5,5
nnooooo,1,0,0,1
nnooooooooo,0,1,0,1
nnoooooooooo,0,1,0,1
nnoooooooooooooo,1,0,0,1
nnoos,0,3,0,3
nnoose,0,3,0,3
nnope,6,7,15,28
nnor,3,0,1,4
nnoran,0,0,3,3
nnorm,0,0,8,8
nnormal,0,0,2,2
nnormalizing,1,0,0,1
nnormally,0,0,2,2
nnormalmente,0,2,0,2
nnormani,1,2,0,3
nnorth,10,0,12,22
nnorthside,0,2,0,2
nnorway,0,0,3,3
nnos,0,4,3,7
nnose,1,3,0,4
nnossa,0,1,0,1
nnostalgia,0,0,1,1
nnostalgic,1,0,0,1
nnot,74,37,174,285
nnote,10,2,22,34
nnothing,5,8,14,27
nnotice,1,1,11,13
nnotification,0,1,8,9
nnotifications,0,0,1,1
nnoun,5,1,9,15
nnouveau,0,0,1,1
nnovel,0,0,1,1
nnovember,3,0,2,5
nnow,98,35,233,366
nnowadays,0,0,9,9
nnpoint,0,2,0,2
nnpr,0,0,3,3
nnt,1,0,0,1
nnte,0,5,0,5
nnu,1,0,0,1
nnude,0,2,0,2
nnugungareul,0,1,0,1
nnuh,0,5,0,5
nnumber,0,5,2,7
nnunca,0,1,0,1
nnunes,0,3,3,6
nnuuu,0,4,0,4
nnuvaring,6,0,0,6
nnvm,0,2,4,6
nnw,0,0,1,1
nny,0,0,3,3
nnyc,2,0,0,2
nnylon,0,10,3,13
nnyma,0,0,1,1
nnz,0,0,3,3
no,6716,7153,13312,27181
noa,1,0,0,1
noah,42,70,103,215
noahedgargirls,0,0,1,1
noassatall,0,0,2,2
nob,1,15,1,17
nobama,0,0,1,1
nobamacare,0,0,16,16
nobbel,0,1,0,1
nobdy,1,0,0,1
nobe,0,1,0,1
nobel,1,9,11,21
nobey,0,0,4,4
nobfaced,4,0,0,4
nobi,1,0,0,1
noble,4,0,26,30
nobler,0,0,1,1
nobles,0,4,0,4
noblesville,0,0,1,1
noblet,0,4,0,4
noboa,0,5,0,5
noboby,0,1,0,1
nobodies,4,1,8,13
nobody,406,272,692,1370
nobodycares,2,0,0,2
nobodys,0,0,10,10
nobrigada,0,1,0,1
nobrigado,0,1,0,1
nobservations,0,0,1,1
nobsess,0,1,0,1
nobsessed,0,0,2,2
nobu,0,0,2,2
nobueno,0,2,0,2
nobullshit,0,1,0,1
nobunaga,0,0,8,8
nobviously,1,7,16,24
noc,0,3,0,3
nocd,0,0,1,1
nocean,0,2,1,3
noch,1,11,3,15
noche,22,7,1,30
noches,1,2,1,4
nochmal,0,2,0,2
nock,5,0,0,5
noclip,0,1,2,3
nocontact,0,3,0,3
noct,0,0,9,9
noctober,10,7,4,21
noctua,0,2,2,4
noctural,0,1,0,1
nocturnal,1,6,4,11
nocturne,0,0,3,3
nod,16,4,40,60
nodded,1,0,4,5
nodding,2,4,15,21
noddings,0,0,5,5
noddle,0,1,0,1
noddles,0,2,1,3
noddly,0,0,6,6
node,1,4,9,14
nodes,0,6,3,9
nodig,0,17,2,19
nodlle,0,0,1,1
nodofacation,0,0,1,1
nods,0,2,12,14
nodules,0,0,1,1
noe,2,0,4,6
noeeeeeeeee,1,0,0,1
noel,33,76,132,241
noels,4,4,4,12
noely,0,0,4,4
noentiendo,0,1,0,1
noeop,0,1,0,1
noes,0,1,1,2
nof,37,13,74,124
nofail,0,1,0,1
nofcourse,0,3,5,8
noff,6,0,5,11
noffer,0,1,0,1
nofficers,1,0,0,1
nofficial,0,0,5,5
nofficially,0,1,0,1
noffset,5,0,4,9
noflyzone,0,0,1,1
nog,1,19,18,38
noga,0,1,0,1
nogami,0,2,0,2
nogar,0,1,0,1
nogenta,0,2,0,2
nogga,0,2,0,2
noggin,3,12,19,34
nogla,1,0,0,1
nogle,0,1,0,1
nogmaals,0,0,1,1
noh,214,78,449,741
nohaircut,0,5,0,5
nohate,0,1,1,2
nohay,0,3,0,3
nohea,4,0,0,4
nohh,8,0,3,11
nohhh,0,5,1,6
nohhhhh,1,1,0,2
nohhhhohooooo,0,1,0,1
nohighlightnolife,0,0,1,1
nohijabday,0,0,5,5
nohmaigawd,0,0,1,1
nohomo,0,0,6,6
nohonhonohnhonhonhonhonhonhon,0,0,1,1
nohygod,0,1,0,1
noi,0,6,0,6
noice,2,52,12,66
noices,0,0,3,3
noii,0,1,0,1
nointerracial,0,0,3,3
noiosi,0,1,0,1
noioso,0,1,0,1
noir,1,17,20,38
noire,1,4,1,6
noires,0,1,0,1
noirs,0,0,1,1
nois,0,4,0,4
noise,75,110,243,428
noiseless,0,0,1,1
noises,27,42,78,147
noisesssss,0,0,1,1
noisette,3,0,0,3
noisey,2,0,6,8
noisy,9,2,14,25
noiy,1,0,0,1
noize,0,0,3,3
noizes,0,0,1,1
nojal,0,0,1,1
nojala,2,3,0,5
nojamhyung,0,0,1,1
nojo,0,2,0,2
nojoda,0,8,0,8
nojodas,0,1,0,1
nok,50,22,32,104
nokay,18,16,19,53
noke,0,0,5,5
nokey,0,0,1,1
noki,0,2,0,2
nokia,22,41,58,121
nokias,4,0,1,5
nokie,0,0,6,6
nokor,3,0,0,3
nokta,0,1,0,1
nol,1,3,0,4
nola,0,5,0,5
nolan,4,10,29,43
nold,0,0,7,7
nolder,0,0,1,1
noldest,0,1,0,1
noldu,0,1,0,1
nole,0,3,0,3
noled,0,0,2,2
nolie,0,3,0,3
noliver,0,0,4,4
nolivia,2,0,0,2
noll,0,1,0,1
nolly,0,6,0,6
nolocreo,0,1,0,1
nology,0,0,1,1
nolonger,2,0,0,2
nolte,0,0,5,5
nolympia,1,0,0,1
nom,2,38,21,61
noma,0,5,1,6
nomad,3,1,0,4
nomadhill,0,0,4,4
nomads,2,0,1,3
nomakeupday,0,0,4,4
nomames,0,1,0,1
nomani,1,0,0,1
nomas,2,15,0,17
nomatter,0,0,1,1
nombran,0,1,0,1
nombrar,0,1,0,1
nombre,1,35,5,41
nombreuses,0,1,0,1
nomd,0,0,2,2
nomdat,0,1,1,2
nome,0,10,4,14
nomenclature,0,0,7,7
nomer,0,1,0,1
nomes,0,0,5,5
nomfg,2,1,0,3
nomg,12,7,28,47
nomgagagwtaysyshajshwu,0,0,1,1
nomggggggggg,0,1,0,1
nomgomgomg,0,0,1,1
nominaciones,0,1,0,1
nominal,0,0,3,3
nominate,0,1,7,8
nominated,1,8,32,41
nominating,0,0,1,1
nomination,6,6,14,26
nominations,4,1,9,14
nominee,0,6,3,9
nominees,4,0,3,7
nominous,1,0,0,1
noml,3,1,0,4
nomo,0,2,0,2
nomong,0,1,0,1
nomore,0,0,2,2
nomorescrapsoffoodforadam,0,1,0,1
noms,0,1,2,3
nomsayin,0,1,0,1
nomu,0,2,0,2
nomum,0,1,0,1
non,307,267,796,1370
nona,0,0,1,1
nonagon,0,1,3,4
nonagoninfinitystucked,2,0,0,2
nonaligned,0,0,1,1
noname,2,0,0,2
nonanswer,1,0,0,1
nonas,0,0,2,2
nonbinary,6,1,1,8
nonblacks,0,2,0,2
nonboolean,0,0,1,1
noncarbonated,0,3,0,3
nonce,6,13,52,71
nonces,1,0,8,9
nonchalant,1,0,5,6
nonchalantly,0,1,2,3
nonconforming,0,0,1,1
nonde,0,1,0,1
nondual,0,0,1,1
nonduality,0,2,0,2
none,338,129,615,1082
nones,4,0,0,4
nonesense,0,1,0,1
nonetheless,17,13,81,111
noneul,0,0,1,1
noneun,0,3,0,3
nonexistant,1,0,0,1
nonexistence,0,1,0,1
nonexistent,2,5,10,17
nonexisting,1,0,0,1
nonfactor,0,0,1,1
nonfiction,0,0,12,12
nongentiles,0,2,0,2
noni,0,0,4,4
nonifacationsquad,0,1,0,1
nonlocal,0,1,1,2
nonly,27,11,52,90
nonmedical,0,0,25,25
nonnnnnn,0,1,0,1
nono,1,2,1,4
nonom,0,0,2,2
nonon,0,0,3,3
nonono,0,1,2,3
nononono,0,1,0,1
nononononno,0,1,0,1
nonononono,1,0,1,2
nonononononono,0,2,0,2
nonononononooo,1,0,0,1
nononooooooooooooooo,0,1,0,1
nonpdrm,0,1,0,1
nonpoint,0,0,1,1
nonprofessional,0,0,2,2
nonprofit,0,0,1,1
nonracist,0,0,4,4
nonsens,0,0,6,6
nonsense,112,38,96,246
nonsensical,6,0,7,13
nonsimulated,0,0,1,1
nonstick,0,0,1,1
nonstop,3,6,20,29
nont,0,0,1,1
nonto,0,0,1,1
nontonnya,0,4,0,4
nontoxic,0,5,1,6
nontraditional,0,0,1,1
nontrivial,0,0,1,1
nonverbal,2,3,1,6
nonviable,1,0,0,1
nonviolent,0,0,8,8
nonviolently,0,0,2,2
nonwhite,2,0,0,2
nonwhites,1,0,3,4
noo,14,42,23,79
noob,27,35,26,88
noobies,0,0,1,1
noobnoob,0,0,1,1
noobs,4,5,2,11
nood,0,1,0,1
noodel,0,1,0,1
noodels,0,1,0,1
noodle,22,48,64,134
noodlerella,0,2,0,2
noodles,25,46,90,161
noods,0,2,0,2
noof,0,1,0,1
noogie,0,2,0,2
noognay,0,4,0,4
nooh,54,0,41,95
noohhh,0,0,2,2
nooit,0,9,3,12
nook,0,1,1,2
nooks,0,1,0,1
noon,3,0,12,15
noona,0,1,0,1
noone,28,17,25,70
nooneisgoingtogethatgame,3,0,0,3
noones,1,0,2,3
noonrepeal,1,0,0,1
noontime,1,0,0,1
nooo,25,56,36,117
noooh,9,0,4,13
noooiiiiiiisssssseee,0,2,0,2
noooo,30,47,39,116
noooogggggggooooaaaalllllll,0,5,0,5
nooooh,0,0,8,8
noooohhhh,1,0,0,1
nooooise,0,1,0,1
nooooo,14,34,36,84
noooooeeeeeeeeee,1,0,0,1
noooooh,0,1,0,1
noooooo,13,26,17,56
noooooohhh,1,0,0,1
nooooooo,2,17,1,20
noooooooo,10,17,9,36
nooooooooo,0,18,10,28
noooooooooo,2,3,2,7
nooooooooooo,1,14,4,19
noooooooooooo,1,4,1,6
nooooooooooooddlleeeeeeeessss,0,4,0,4
nooooooooooooo,0,15,0,15
noooooooooooooo,0,3,1,4
nooooooooooooooo,3,4,1,8
noooooooooooooooo,1,0,0,1
nooooooooooooooooo,0,3,0,3
nooooooooooooooooooo,0,1,4,5
noooooooooooooooooooo,0,5,0,5
noooooooooooooooooooooo,0,6,0,6
nooooooooooooooooooooooo,0,1,0,1
nooooooooooooooooooooooooo,0,2,1,3
noooooooooooooooooooooooooo,0,1,0,1
noooooooooooooooooooooooooooo,0,2,1,3
nooooooooooooooooooooooooooooo,0,2,0,2
nooooooooooooooooooooooooooooooo,0,1,0,1
noooooooooooooooooooooooooooooooooooooooooooooooooooooooooooooooooooooooooooooooooooooooooooooooooooooooooooooooooooooooooooooooooooo,1,0,0,1
nooooooooooooooooooooooooooooooooooooooooooooooooooooooooooooooooooooooooooooooooooooooooooooooooooooooooooooooooooooooooooooooooooooooooooooooooooooooooooooooooooooooooooooooooooooo,0,1,0,1
nooooooooooooooooooooooooooooooooooooooooooooooooooooooooooooooooooooooooooooooooooooooooooooooooooooooooooooooooooooooooooooooooooooooooooooooooooooope,0,2,0,2
noooooooooooow,0,0,1,1
noooooooooote,0,1,0,1
nooooooossssstttttaaaaaaaaalllgggiiaaaaaaaaaa,0,3,0,3
nooooooowwww,0,0,4,4
nooooor,0,0,1,1
noooot,1,0,0,1
noooow,0,1,0,1
nooooww,0,0,1,1
nooot,0,1,0,1
nooowww,0,1,0,1
noops,4,5,8,17
noor,1,5,6,12
noordeinde,0,1,0,1
noosa,0,0,1,1
noose,7,3,9,19
nooses,1,0,2,3
noot,2,2,6,10
nootch,0,3,0,3
noots,0,1,0,1
nootttt,0,0,1,1
nooz,0,1,0,1
nop,0,7,1,8
nopa,0,2,0,2
nopainnogain,0,0,3,3
nope,116,146,179,441
noped,0,0,3,3
nopemines,0,0,1,1
nopen,3,0,5,8
nopening,0,0,1,1
nopenopenopenopenopenopenopenopenopenopenopneonpnope,0,1,0,1
nopera,0,1,0,1
noperating,0,0,1,1
noperation,5,0,0,5
noperator,0,1,3,4
nopes,0,1,1,2
nopesta,0,0,2,2
nopeville,0,1,0,1
nophelia,0,0,1,1
nopinion,0,1,0,1
nopinions,0,0,5,5
nopity,0,0,1,1
nopm,0,1,0,1
nopnob,2,0,0,2
nopons,0,1,0,1
nopp,0,1,0,1
nopportunity,0,0,19,19
nopppe,0,1,0,1
noppression,1,0,0,1
noprah,8,0,3,11
noprawnym,0,3,0,3
nor,330,133,348,811
nora,1,2,7,10
noracism,0,3,0,3
norae,0,3,3,6
noragami,0,0,2,2
noramally,0,0,1,1
norang,0,1,0,1
norange,0,1,0,1
norcal,0,2,1,3
norcas,0,0,3,3
norder,0,1,1,2
norders,0,0,4,4
nordic,1,1,15,17
nordinary,0,0,1,1
nordmenn,0,1,0,1
nordstrom,0,1,6,7
nordurlj,0,0,3,3
noregretscampaign,3,0,0,3
noregretssocialexperiment,3,0,0,3
noren,0,1,0,1
norfolk,0,0,1,1
norfolkva,0,1,0,1
norganized,0,0,4,4
norge,0,8,0,8
norgulho,0,1,1,2
norh,0,1,0,1
noriega,0,1,0,1
norient,0,3,0,3
norigin,0,0,2,2
noriginal,2,2,0,4
noriginally,0,0,1,1
norilsk,0,0,1,1
norm,161,151,486,798
norma,0,3,0,3
normal,393,3,1414,1810
normalcy,5,0,5,10
normalement,0,4,1,5
normalest,1,0,0,1
normalise,0,5,0,5
normalises,0,0,1,1
normalish,0,0,1,1
normalising,3,0,8,11
normality,2,0,9,11
normalization,1,0,1,2
normalize,21,1,4,26
normalized,4,0,5,9
normalizes,0,0,4,4
normalizing,14,0,2,16
normallllllll,0,1,0,1
normally,83,9,320,412
normalnie,0,4,0,4
normals,0,0,2,2
normalsten,0,0,6,6
normaly,0,1,2,3
norman,1,12,15,28
normandy,1,1,0,2
normani,10,58,39,107
normaniiiii,1,1,0,2
normaniiiiiiiii,0,1,0,1
normans,2,0,0,2
normanton,0,1,0,1
normany,0,0,1,1
normative,5,0,0,5
norme,0,1,0,1
normed,0,0,1,1
normfags,0,5,0,5
normgod,0,4,0,4
normie,9,17,6,32
normies,30,13,5,48
normifie,0,0,1,1
norminah,0,2,1,3
normoney,0,1,0,1
normonjre,1,0,0,1
normony,0,0,1,1
normous,0,1,0,1
norms,8,2,20,30
normy,15,1,5,21
norocovis,0,0,2,2
norris,12,14,18,44
norrisville,0,1,0,1
norrsken,0,0,1,1
norse,0,1,1,2
norseman,8,1,0,9
nort,0,8,0,8
nortan,0,0,1,1
norte,1,1,0,2
nortee,0,1,0,1
north,133,180,378,691
northamerica,0,0,1,1
northampton,0,4,8,12
northeast,3,0,6,9
northeastern,0,4,0,4
northen,3,0,0,3
northenmost,0,5,0,5
norther,0,0,1,1
northern,9,23,138,170
northerner,1,0,0,1
northerners,1,0,2,3
northernly,0,0,2,2
northernmost,0,20,11,31
northerns,0,0,3,3
northridge,0,0,6,6
northside,0,0,3,3
northward,0,0,4,4
northwest,2,2,6,10
northwestern,4,0,15,19
norton,21,31,66,118
nortons,0,0,10,10
nortrel,0,0,2,2
nortwest,0,0,3,3
norum,0,3,0,3
norway,21,33,81,135
norwegian,0,5,33,38
norwegians,0,1,0,1
norwich,5,7,4,16
nory,0,0,1,1
nos,9,100,34,143
nosama,5,0,0,5
nosananolife,0,1,0,1
noscar,0,0,3,3
noscope,0,1,1,2
nose,141,188,338,667
nosebleed,1,1,0,2
nosebleeds,0,0,2,2
nosebone,1,0,0,1
nosed,4,0,2,6
nosedive,3,0,14,17
noseee,0,1,0,1
nosejob,0,0,1,1
nosense,1,0,3,4
noser,0,1,0,1
noses,14,1,27,42
nosey,0,0,13,13
nosferatu,0,0,1,1
nosh,0,0,1,1
noshame,0,0,1,1
nosing,0,1,0,1
nosotros,0,26,3,29
nospina,0,8,3,11
noss,0,1,0,1
nossa,0,12,3,15
nossas,0,1,0,1
nosso,0,4,0,4
nostagia,0,1,0,1
nostalga,1,0,0,1
nostalgia,30,67,195,292
nostalgic,61,11,65,137
nostalgicness,0,1,0,1
nostalgiiiii,0,1,0,1
nostalgy,1,0,0,1
nostalistic,0,1,0,1
nostlgia,0,0,1,1
nostolgia,1,0,0,1
nostradomus,0,0,4,4
nostri,0,3,0,3
nostril,3,1,0,4
nostrils,0,2,13,15
nostro,0,1,0,1
nosy,0,5,19,24
not,31519,20221,71290,123030
nota,0,32,3,35
notability,0,1,0,1
notable,0,0,28,28
notables,0,1,0,1
notably,0,0,13,13
notado,0,1,0,1
notafication,0,3,0,3
notall,0,1,0,1
notallmuslims,0,0,2,2
notamarysue,0,0,4,4
notamomhere,0,1,0,1
notan,0,2,0,2
notaproblem,0,6,0,6
notashade,0,0,1,1
notashemed,0,2,0,2
notating,1,0,0,1
notation,0,1,3,4
notch,15,5,131,151
notches,0,1,4,5
note,189,282,860,1331
notebook,6,8,14,28
notebooks,0,2,28,30
notecards,0,0,1,1
noted,14,1,38,53
notepad,0,1,2,3
notepads,0,0,2,2
notes,59,57,230,346
notetaking,0,0,3,3
notevensorry,0,4,0,4
noteworthy,0,0,6,6
notez,0,4,0,4
nothankyou,0,1,0,1
nother,3,10,38,51
nothermost,0,1,0,1
nothern,0,3,0,3
nothers,0,1,1,2
notherwise,0,0,8,8
nothi,1,0,0,1
nothin,93,8,48,149
nothing,1463,717,2705,4885
nothingburger,1,1,0,2
nothingissacred,0,1,0,1
nothingness,2,1,10,13
nothings,1,8,14,23
nothink,0,1,0,1
nothn,1,0,0,1
nothng,0,0,1,1
noticable,1,1,6,8
notice,227,378,638,1243
noticeable,12,1,78,91
noticeably,0,0,10,10
noticed,196,224,659,1079
noticeee,0,1,0,1
notices,16,18,39,73
noticia,0,0,3,3
noticias,0,13,3,16
noticing,25,19,56,100
notif,0,16,6,22
notifacationed,0,0,5,5
notifacations,0,0,1,1
notifacationsquad,0,0,1,1
notifaticions,0,0,1,1
notifcation,4,0,0,4
notifica,0,7,0,7
notificacion,0,5,0,5
notification,31,150,150,331
notifications,14,59,127,200
notificationsqaud,0,2,0,2
notificationsquad,0,20,11,31
notified,3,20,17,40
notifs,1,0,4,5
notifsquad,0,0,6,6
notifsquar,0,2,0,2
notify,0,2,2,4
noting,2,0,9,11
notion,29,4,25,58
notions,1,0,2,3
notmaguild,0,1,0,1
notmauniverse,0,1,0,1
notmylaracroft,0,1,0,1
notmytrending,0,1,0,1
notmytrl,0,2,0,2
noto,0,1,0,1
notoiced,0,0,3,3
notonthehighstreet,0,0,10,10
notor,0,1,0,1
notoriety,6,0,1,7
notorious,6,9,3,18
notoriously,8,0,5,13
notoveryou,1,0,0,1
notphillinit,0,0,1,1
notpron,0,2,0,2
notra,0,0,2,2
notre,6,9,23,38
notreally,0,0,1,1
notspecial,0,1,0,1
notsponsered,1,0,0,1
nott,0,1,0,1
notte,0,1,0,1
notthe,0,0,1,1
notting,0,0,14,14
nottingham,0,9,1,10
notts,0,4,4,8
nottt,3,4,0,7
notttt,0,1,0,1
notty,0,6,0,6
notube,0,0,2,2
notverycleanville,0,0,2,2
notwicenolife,0,0,1,1
notwoke,1,0,0,1
notx,4,0,0,4
noty,0,2,0,2
notyourproperty,0,1,0,1
nou,0,11,3,14
nouch,0,0,1,1
nouf,0,1,0,1
noufa,0,1,0,1
nougat,0,5,0,5
nougats,0,0,3,3
nough,2,0,0,2
noughties,0,0,1,1
noui,0,2,1,3
nouis,0,3,0,3
nouman,0,0,1,1
noun,3,13,8,24
nouns,5,5,0,10
nour,17,5,49,71
nouri,0,5,1,6
nourish,0,1,11,12
nourished,0,0,3,3
nourishes,0,0,2,2
nourishing,0,0,1,1
nourishment,7,1,11,19
nous,7,29,23,59
nouse,1,0,0,1
nousmane,0,0,1,1
nousssa,0,1,0,1
nout,31,1,31,63
noutro,0,0,1,1
noutstanding,0,0,7,7
nouveau,0,11,2,13
nouveaux,0,2,0,2
nouvelle,0,7,3,10
nov,6,16,41,63
nova,5,36,61,102
novacaine,0,0,1,1
novam,0,1,0,1
novamariegallman,0,0,3,3
novamente,0,1,0,1
novas,0,4,1,5
novber,0,1,0,1
nove,0,0,3,3
novedades,2,1,1,4
novel,21,27,97,145
novelas,0,4,1,5
novelist,0,0,6,6
novelistically,0,1,0,1
novelists,0,0,2,2
novella,0,0,1,1
novels,9,0,30,39
novelty,2,0,6,8
novem,0,5,1,6
novembe,0,0,1,1
november,60,74,158,292
novemeber,0,1,0,1
noventero,0,1,0,1
nover,1,1,23,25
noverall,0,0,12,12
noverly,0,0,1,1
noverrated,0,1,0,1
novert,0,3,0,3
noverwatch,0,5,0,5
novi,0,0,3,3
novia,0,15,3,18
novice,1,0,2,3
noviembre,2,1,0,3
novio,0,2,1,3
novios,0,3,0,3
novis,0,1,0,1
novnibmonnoohbn,0,1,0,1
novo,0,8,1,9
novocain,0,0,1,1
novos,0,3,0,3
novoxo,1,0,0,1
novritch,0,2,0,2
novritsch,2,1,0,3
novritschs,0,1,0,1
novv,0,0,4,4
now,4435,3842,13594,21871
nowa,0,5,0,5
nowaday,1,0,0,1
nowadays,75,47,169,291
nowarto,0,2,0,2
noway,0,5,0,5
nowaydays,0,0,3,3
nowdays,2,1,2,5
nowe,0,4,0,4
nowego,0,2,0,2
nowehre,0,1,0,1
nowey,0,1,0,1
nowfollowing,0,0,1,1
nowhere,51,53,182,286
nowhereee,0,2,0,2
nowing,0,0,1,1
nown,1,2,0,3
nowner,0,2,0,2
nowon,0,0,1,1
nowplaying,0,1,0,1
nowrich,0,0,4,4
nows,7,0,3,10
nowt,0,1,6,7
nowthats,0,1,0,1
nowthenumberofme,0,0,1,1
nowtv,0,0,1,1
noww,0,1,1,2
nowww,0,2,0,2
nowwww,1,1,0,2
nowwwww,1,1,3,5
nowwwwwww,0,0,4,4
nowwwwwwwww,0,0,1,1
nowwwwwwwwwww,0,0,2,2
nowwwwwwwwwwwwww,0,1,0,1
nowy,0,3,0,3
noxygenos,0,0,1,1
noxzema,0,1,0,1
noy,1,1,6,8
noyce,0,4,0,4
noys,0,0,1,1
noyt,0,1,0,1
nozaki,2,6,0,8
nozomi,0,5,0,5
nozremedycure,0,0,1,1
nozuna,0,1,0,1
nozy,3,0,0,3
np,33,54,216,303
npa,0,1,5,6
npackage,0,0,1,1
npacking,0,0,1,1
npadme,1,0,0,1
npahelp,0,3,0,3
npaid,0,0,2,2
npaint,0,0,1,1
npainted,1,0,0,1
npalestine,0,5,0,5
npalpatine,4,0,0,4
npanama,5,0,0,5
npanda,0,2,0,2
npanic,0,0,1,1
npaolo,0,1,0,1
npapa,0,1,1,2
npaper,0,0,1,1
npaprika,2,0,0,2
npar,0,0,2,2
npara,0,3,0,3
nparacetamol,0,1,0,1
nparaguay,0,1,0,1
nparamjeet,0,0,1,1
nparamo,0,2,0,2
nparamount,0,0,1,1
npardon,0,0,1,1
nparents,6,2,0,8
nparis,1,0,0,1
npark,0,1,0,1
nparker,0,0,6,6
npart,5,15,23,43
npasa,0,27,0,27
npasn,0,0,2,2
npass,0,3,3,6
npassed,0,0,1,1
npassing,5,0,0,5
npassion,0,1,0,1
npassport,0,0,1,1
npassports,2,0,1,3
npast,1,0,1,2
npastah,0,0,1,1
npat,3,0,0,3
npathetic,4,1,0,5
npatiently,0,0,2,2
npatillas,0,0,2,2
npatricia,1,0,1,2
npatrick,1,5,1,7
npatricks,1,0,0,1
npatrickstarrr,0,0,1,1
npatriots,0,4,0,4
npattern,0,0,5,5
npatterns,0,0,5,5
npatti,5,0,0,5
npauline,0,0,6,6
npaulinho,0,0,1,1
npause,36,2,0,38
npaving,0,1,0,1
npay,2,9,2,13
npayback,1,0,0,1
npayeer,0,0,5,5
npaying,0,0,2,2
npayment,0,0,22,22
npaypal,0,0,4,4
npbut,0,0,1,1
npc,4,12,18,34
npcb,0,0,1,1
npcs,0,3,5,8
npd,0,12,19,31
npdp,0,0,2,2
npe,0,0,2,2
npeace,8,0,39,47
npeach,0,1,0,1
npeaches,0,1,0,1
npeachy,0,0,1,1
npedro,0,0,9,9
npeer,0,1,0,1
npeggy,0,0,1,1
npel,0,0,1,1
npelosi,0,0,4,4
npence,0,1,0,1
npenelope,0,0,5,5
npenis,0,0,3,3
npennywise,6,0,11,17
npensando,2,0,0,2
npenta,0,1,0,1
npenthouse,0,0,5,5
npentium,1,0,0,1
npeople,47,3,57,107
npepsi,0,0,1,1
nper,0,11,9,20
npercys,0,0,1,1
nperez,0,4,2,6
nperf,0,0,5,5
nperfect,3,2,9,14
nperfecta,0,1,0,1
nperfection,0,0,1,1
nperform,0,0,2,2
nperformance,0,0,1,1
nperforming,0,0,1,1
nperhaps,10,0,24,34
nperiwinkle,0,0,2,2
npero,1,11,1,13
nperrie,0,0,3,3
nperro,1,0,0,1
npershing,5,0,0,5
nperson,0,7,43,50
npersonality,0,0,1,1
npersonalized,0,173,0,173
npersonally,3,1,18,22
npersons,3,0,1,4
nperspiration,0,0,1,1
nperu,0,1,0,1
npervert,0,1,0,1
npete,1,1,1,3
npeter,7,1,1,9
npetition,0,3,0,3
npets,0,0,1,1
npetttyyyyy,0,2,0,2
npewdiepie,4,0,4,8
npewds,1,0,0,1
npf,1,0,0,1
npfff,0,1,0,1
npfftttt,0,6,0,6
npft,0,0,1,1
npg,1,0,0,1
nph,1,2,0,3
nphantom,0,0,1,1
npharmaceutical,2,0,0,2
nphases,0,0,1,1
nphasma,1,0,0,1
nphat,0,0,1,1
nphazer,0,1,0,1
nphffffftttttt,1,0,0,1
nphil,19,11,13,43
nphilip,0,2,2,4
nphilippine,5,0,0,5
nphilosophy,0,0,1,1
nphoenix,0,1,0,1
nphone,3,0,2,5
nphotos,1,0,0,1
nphotoshop,0,1,0,1
nphysics,0,0,2,2
nphysique,0,0,1,1
npiano,0,8,3,11
npicallili,1,0,0,1
npicard,0,0,2,2
npicasso,0,1,0,1
npick,1,0,6,7
npickel,0,3,0,3
npicking,1,0,4,5
npicture,0,1,0,1
npiece,3,0,0,3
npienso,0,2,1,3
npilot,0,1,0,1
npimpinella,0,1,0,1
npin,1,0,1,2
npinche,0,0,1,1
npink,1,0,2,3
npique,0,0,1,1
npiss,3,0,0,3
npixar,0,0,3,3
npixel,0,4,1,5
npizza,0,1,1,2
npj,1,4,0,5
npla,4,0,0,4
nplace,0,0,1,1
nplaces,0,1,0,1
nplacing,0,0,5,5
nplaid,1,0,0,1
nplane,0,0,3,3
nplanet,0,0,3,3
nplant,0,2,0,2
nplastic,4,0,0,4
nplay,10,7,16,33
nplayer,1,0,0,1
nplayers,2,0,1,3
nplaying,0,0,4,4
nplays,0,1,0,1
npleas,0,5,0,5
nplease,67,78,278,423
npleasee,0,1,1,2
npleaseeeee,0,0,3,3
npleaseeeeeee,0,1,0,1
npleaseeeeeeeeeeeeeeeeeeeeeeeeeeeeee,0,3,0,3
npleaseeeeeeeeeeeeeeeeeeeeeeeeeeeeeee,0,3,0,3
nplenty,0,0,4,4
nplizzzzzzzzzzz,0,1,0,1
nplot,0,3,0,3
npls,0,23,21,44
nplsss,0,0,1,1
nplundered,0,1,0,1
nplural,1,0,0,1
nplus,6,4,20,30
nplz,3,3,15,21
npmdd,1,0,0,1
npoderia,0,1,0,1
npoe,1,0,0,1
npogba,0,1,0,1
npoint,6,2,5,13
npointless,0,3,0,3
npointlessblog,0,0,5,5
npoints,0,0,1,1
npoirot,0,3,0,3
npoison,0,0,1,1
npok,1,0,0,1
npolar,2,1,0,3
npolarization,1,0,0,1
npolice,3,1,0,4
npolicemen,1,0,0,1
npolitical,0,0,2,2
npolygonwanaland,0,3,0,3
npoods,2,0,0,2
npoooooooweeeeeeeeer,0,1,0,1
npoop,0,2,0,2
npoor,0,7,14,21
npop,3,2,1,6
npopbadigadin,0,0,2,2
npoppin,3,0,2,5
npoppy,2,0,0,2
npopulation,2,0,0,2
npor,0,9,0,9
nporg,0,1,0,1
npornhub,0,3,0,3
nporque,2,7,1,10
nportero,0,1,1,2
nportrait,0,0,1,1
nportuguese,0,0,4,4
npose,0,0,5,5
nposeidon,0,1,0,1
nposh,0,0,6,6
npositivity,0,0,1,1
npossibility,0,2,0,2
npossible,2,0,0,2
npossibly,0,0,6,6
npost,0,2,0,2
nposted,0,0,5,5
npostlaunch,4,0,0,4
npotatoes,1,0,0,1
npotential,0,0,6,6
npothead,0,2,0,2
npour,4,0,0,4
npoutine,0,0,1,1
npowder,0,0,5,5
npower,3,1,10,14
npowerful,0,0,1,1
npoyul,0,0,1,1
npozdrawiam,0,2,0,2
npp,0,0,1,1
nppl,8,0,0,8
npppssssshhhhhh,2,0,0,2
npps,0,0,5,5
npr,7,22,30,59
npragmatism,0,0,1,1
npraise,0,0,4,4
npranked,0,2,0,2
npray,3,1,0,4
npraying,0,1,1,2
nprays,0,2,0,2
npre,4,0,0,4
npreciosa,0,0,4,4
nprecious,0,0,1,1
npredictable,1,0,0,1
nprediction,2,1,0,3
npremade,0,0,1,1
npremium,0,0,1,1
nprends,0,0,1,1
nprepare,1,0,0,1
nprepared,0,0,1,1
npresent,0,0,6,6
npresenter,0,3,0,3
npresi,1,0,0,1
npresident,2,0,4,6
npretend,0,1,0,1
npretending,0,0,1,1
npretentious,0,2,0,2
npretty,3,3,13,19
nprettymuch,0,1,2,3
nprety,0,1,0,1
nprevent,0,0,1,1
npreview,0,0,2,2
npriceless,0,1,0,1
nprices,0,0,3,3
npriests,0,0,1,1
nprimary,5,0,0,5
nprimer,3,6,4,13
nprimera,0,1,0,1
nprimitive,0,1,0,1
nprince,2,1,0,3
nprinting,0,0,1,1
nprior,2,0,0,2
npris,0,0,1,1
nprison,0,1,4,5
nprivatbank,1,0,0,1
nprivate,0,0,1,1
npro,5,0,6,11
nproactive,0,0,2,2
nprob,0,2,0,2
nprobably,5,1,5,11
nproblem,5,0,1,6
nproblems,2,0,0,2
nprobs,0,3,0,3
nproceeds,0,0,1,1
nprocessor,1,0,0,1
nproducer,0,2,1,3
nproducing,1,0,0,1
nproducts,0,0,1,1
nproductttt,0,0,1,1
nprofesionals,0,5,0,5
nprofessor,0,4,0,4
nprogrammer,1,0,0,1
nprogression,0,0,2,2
nproject,4,1,0,5
nprojects,2,0,0,2
nprojesten,6,0,0,6
npromise,3,0,0,3
npromoting,0,0,1,1
npronounced,0,10,2,12
nproof,0,1,4,5
nprop,0,0,1,1
npropaganda,5,0,0,5
nproper,0,6,0,6
nproperly,0,0,1,1
nprophecy,0,1,0,1
npropio,0,1,0,1
npros,0,1,1,2
nprostitutes,2,0,0,2
nprotec,0,0,1,1
nprotection,0,0,3,3
nprotests,2,0,0,2
nproud,0,10,5,15
nprove,0,0,2,2
nproverbs,1,0,12,13
nproving,0,1,0,1
nprozd,2,0,0,2
nps,29,9,128,166
npsalm,0,0,5,5
npsdt,0,1,0,1
npsg,0,4,0,4
npsid,0,3,0,3
npssh,0,0,1,1
npssssh,1,0,0,1
npsych,1,0,0,1
npsychiatrist,0,0,1,1
npt,0,0,1,1
nptsd,0,0,1,1
npu,0,0,1,1
npudra,0,1,2,3
npuedes,0,1,0,1
npuerto,12,1,42,55
npues,0,1,0,1
npull,6,0,32,38
npulled,1,0,0,1
npulling,1,0,0,1
npulp,0,1,1,2
npumpkin,0,0,2,2
npunisher,0,0,1,1
npunk,6,0,0,6
npuppies,0,0,6,6
npura,0,1,0,1
npure,3,3,5,11
npush,1,0,0,1
npusheen,0,0,3,3
nput,23,15,31,69
nputin,0,2,0,2
nputs,0,0,1,1
nputting,1,4,5,10
npuyol,0,4,3,7
npyramid,0,0,1,1
nq,1,8,39,48
nqu,1,2,0,3
nquads,0,1,0,1
nquaker,0,0,1,1
nquality,0,3,4,7
nquantum,0,0,1,1
nquaresema,1,0,0,1
nquarters,3,0,0,3
nquasi,5,0,0,5
nquavo,4,5,0,9
nque,1,17,6,24
nqueee,0,1,0,1
nqueen,0,1,6,7
nqueens,0,1,0,1
nquem,0,1,0,1
nquestion,2,0,6,8
nquetzal,0,0,1,1
nquickly,0,0,9,9
nquien,0,1,0,1
nquiero,0,2,0,2
nquiet,0,0,1,1
nquinn,0,3,0,3
nquinoa,0,0,1,1
nquisiera,0,1,0,1
nquit,0,0,3,3
nquite,4,0,1,5
nquitte,0,2,0,2
nr,12,46,29,87
nra,35,9,35,79
nrace,0,0,1,1
nracecars,0,0,4,4
nraces,0,2,0,2
nrachel,0,3,1,4
nracial,0,0,2,2
nracism,0,0,5,5
nracist,0,0,1,1
nracists,0,0,1,1
nradical,3,0,0,3
nradiohead,3,0,3,6
nradiowaves,0,0,1,1
nrage,0,4,0,4
nrages,0,1,0,1
nrah,0,4,0,4
nrahaveuglyshriveleddicks,0,2,0,2
nrailroad,0,6,0,6
nrain,0,0,1,1
nrainbow,1,1,0,2
nrainbows,0,0,1,1
nrainha,0,1,0,1
nraise,3,0,2,5
nraising,2,0,0,2
nrake,0,3,0,3
nram,1,0,0,1
nramen,0,0,1,1
nramsay,4,0,0,4
nramsey,1,0,0,1
nran,0,0,2,2
nrandom,5,0,6,11
nrandy,0,2,5,7
nrank,1,0,0,1
nrap,3,1,1,5
nrape,4,0,0,4
nrapmon,0,0,2,2
nrapmonster,0,0,1,1
nrappers,3,0,1,4
nrapture,0,0,1,1
nrapunzal,0,2,0,2
nrasslicking,0,1,0,1
nrat,0,5,2,7
nrather,0,0,2,2
nratpac,0,1,0,1
nraw,1,1,0,2
nrawwwwww,0,1,0,1
nray,0,0,5,5
nrb,0,0,12,12
nrbm,0,0,2,2
nrbxyadqw,0,0,4,4
nrcb,0,2,0,2
nrd,0,30,0,30
nre,0,0,1,1
nreach,0,0,2,2
nreaction,0,4,0,4
nread,9,0,59,68
nreading,1,0,14,15
nready,0,1,25,26
nreak,0,1,0,1
nreal,10,1,17,28
nrealistically,0,0,2,2
nreality,3,6,1,10
nrealize,0,0,6,6
nrealizing,0,0,7,7
nreally,4,11,46,61
nrealm,0,0,1,1
nrealmente,0,0,1,1
nrealy,0,1,0,1
nreason,3,0,1,4
nreasonably,0,0,1,1
nreasons,1,0,0,1
nreatone,0,1,0,1
nrebellion,20,0,0,20
nrebels,5,0,0,5
nreceived,2,0,0,2
nrecently,0,0,4,4
nrecipe,0,0,4,4
nrecommend,1,0,0,1
nrecommended,0,0,3,3
nrecords,0,1,0,1
nrecupere,0,5,0,5
nred,2,1,7,10
nreddit,0,0,1,1
nredlining,0,1,0,1
nreese,0,1,0,1
nref,0,0,2,2
nreference,0,0,25,25
nreforged,0,1,0,1
nreformations,0,0,2,2
nrefresh,0,0,1,1
nregard,0,0,1,1
nregarding,0,0,9,9
nregardless,1,0,8,9
nregards,0,4,2,6
nreggaeton,1,0,0,1
nregidity,0,1,0,1
nregistered,0,0,1,1
nregrets,0,0,4,4
nregular,5,0,0,5
nreina,0,5,0,5
nreinstall,0,2,0,2
nrejected,1,0,0,1
nrekt,2,0,0,2
nrelating,4,0,0,4
nrelationship,0,0,6,6
nrelax,0,0,6,6
nrelease,0,0,4,4
nrelevance,0,0,1,1
nreligion,0,0,1,1
nreload,0,1,0,1
nrely,1,0,0,1
nremember,8,5,29,42
nremembers,0,0,1,1
nreminded,1,0,0,1
nreminder,0,0,3,3
nreminds,1,1,0,2
nremmembers,0,0,1,1
nremote,0,0,1,1
nremoving,1,0,0,1
nrep,1,0,2,3
nrepeat,0,1,0,1
nrepent,8,0,13,21
nrepert,0,1,0,1
nreplace,0,0,4,4
nreplay,0,3,3,6
nreplie,1,0,0,1
nreply,11,13,34,58
nreporter,3,0,2,5
nrepresent,0,0,1,1
nreprises,0,0,1,1
nrepublicans,0,0,3,3
nrequirements,0,0,2,2
nrescue,0,0,1,1
nresident,1,0,0,1
nrespect,4,5,4,13
nrespectfully,0,0,1,1
nrespectttt,0,1,0,1
nresponder,1,2,0,3
nresponse,0,0,2,2
nrest,2,3,26,31
nresult,0,2,1,3
nresultados,0,1,0,1
nretard,3,0,0,3
nretarded,0,1,0,1
nreturn,0,0,1,1
nreuben,0,0,3,3
nreveal,0,1,0,1
nrevelation,30,0,8,38
nrevenge,0,0,2,2
nreview,0,2,0,2
nreward,3,5,1,9
nrey,1,3,4,8
nrf,0,1,6,7
nrfid,0,0,1,1
nrg,0,0,1,1
nrhett,1,3,5,9
nrhyme,0,0,2,2
nrhymes,0,0,2,2
nrhythm,0,1,0,1
nri,0,1,0,1
nric,0,1,0,1
nricans,4,0,0,4
nrice,1,0,0,1
nricegum,0,0,1,1
nrich,0,1,1,2
nrichard,0,1,2,3
nrichie,0,0,2,2
nrick,0,5,10,15
nrida,7,0,0,7
nride,14,1,4,19
nridley,0,0,1,1
nriff,0,0,1,1
nright,6,4,24,34
nrighteous,0,1,0,1
nrihanna,0,0,5,5
nrinc,0,0,2,2
nring,2,0,7,9
nrinkle,0,1,0,1
nrio,0,4,0,4
nrip,10,16,38,64
nrir,0,1,0,1
nrise,0,0,3,3
nrisin,0,0,3,3
nrita,0,0,1,1
nrl,0,2,1,3
nrlly,0,5,0,5
nrm,1,0,0,1
nroad,0,2,0,2
nroadside,0,0,2,2
nrob,0,0,5,5
nrobbed,0,0,2,2
nrobber,0,0,2,2
nrobbie,2,0,0,2
nrobby,0,0,2,2
nrobin,0,1,0,1
nroblox,0,3,1,4
nrock,3,1,11,15
nrocked,0,1,0,1
nroe,0,1,0,1
nrofl,0,2,0,2
nrogan,0,0,1,1
nroger,4,0,0,4
nrogue,0,0,1,1
nroll,1,0,0,1
nrolls,0,0,1,1
nrom,0,0,2,2
nroma,2,0,0,2
nroman,0,2,0,2
nromance,0,0,5,5
nromans,2,8,18,28
nromelu,1,0,0,1
nronaldinho,0,3,1,4
nronaldo,0,2,2,4
nronnie,0,8,0,8
nrooftop,0,0,5,5
nroom,0,0,6,6
nroony,1,0,0,1
nrosanna,0,0,1,1
nrose,3,0,0,3
nroses,1,1,1,3
nrosie,0,0,2,2
nrotterdam,3,0,0,3
nround,0,0,14,14
nroute,2,0,1,3
nrouting,0,0,2,2
nrowan,0,2,0,2
nrowling,0,0,1,1
nroy,0,0,1,1
nrozpisalam,0,2,0,2
nrsbuvgfsnjvfrsnjvrsfresjreny,0,1,0,1
nrsrsrs,0,1,1,2
nrudiger,0,0,5,5
nrudimental,0,3,0,3
nrudy,1,0,0,1
nruined,1,0,0,1
nrules,0,0,1,1
nrumi,0,5,0,5
nrumour,0,0,1,1
nrun,0,0,19,19
nrunaway,1,3,0,4
nrunning,0,0,2,2
nrusha,0,0,1,1
nrussia,0,0,8,8
nrussian,5,0,0,5
nrussians,2,0,3,5
nrusted,0,4,0,4
nruthless,5,0,0,5
nruud,0,1,0,1
nrw,0,2,0,2
nrwb,0,3,0,3
nryan,0,4,2,6
nryanhiga,0,2,0,2
nryder,0,1,0,1
nrylan,0,1,0,1
nryland,1,1,2,4
nrzgcfvm,4,0,0,4
ns,6,44,61,111
nsa,8,10,20,38
nsaaaaaaaaaaaame,0,1,0,1
nsabe,0,4,0,4
nsabemos,0,0,1,1
nsabrina,1,1,0,2
nsac,0,0,1,1
nsaccnoe,0,0,7,7
nsack,1,0,0,1
nsacramento,0,0,1,1
nsad,3,0,6,9
nsadhnjashfdjsdahfhjdhjsk,0,1,0,1
nsadly,3,0,21,24
nsaebyeogui,0,0,3,3
nsaf,0,0,2,2
nsafe,0,0,5,5
nsafiya,0,0,3,3
nsagat,0,10,3,13
nsaid,9,1,39,49
nsaids,1,0,9,10
nsaith,6,0,1,7
nsakura,0,0,3,3
nsalamat,0,0,1,1
nsalt,2,0,0,2
nsalu,0,4,0,4
nsaludes,0,0,1,1
nsaludos,0,6,1,7
nsalutations,0,0,5,5
nsalute,0,0,1,1
nsam,4,1,7,12
nsamaritans,0,0,1,1
nsame,11,7,26,44
nsami,0,5,0,5
nsamsung,7,1,11,19
nsamuel,0,0,2,2
nsamy,0,0,1,1
nsan,0,2,6,8
nsana,1,2,1,4
nsanchez,0,1,3,4
nsandwich,0,4,0,4
nsandy,0,0,3,3
nsane,0,0,12,12
nsanhedrin,0,0,2,2
nsanic,0,0,7,7
nsaoirse,0,2,0,2
nsap,0,0,1,1
nsarah,0,2,5,7
nsaramdeureun,0,1,0,1
nsaranghae,0,0,3,3
nsash,0,2,0,2
nsasha,1,0,1,2
nsasohan,0,0,1,1
nsatan,0,6,0,6
nsatellite,4,0,0,4
nsatntana,0,0,1,1
nsaturday,0,1,0,1
nsauce,0,2,1,3
nsaucin,0,0,5,5
nsausage,0,1,0,1
nsavage,3,3,5,11
nsave,2,4,0,6
nsaved,0,0,1,1
nsaving,3,0,0,3
nsaw,16,0,5,21
nsay,14,5,32,51
nsaying,6,0,15,21
nsays,3,0,1,4
nscarface,0,1,0,1
nscary,36,1,9,46
nscenario,0,0,5,5
nscene,0,1,0,1
nscenes,0,0,3,3
nschap,0,0,1,1
nschindlers,3,0,0,3
nschmiechel,0,1,0,1
nschoenen,0,0,1,1
nschool,0,1,1,2
nschools,0,0,2,2
nschr,0,1,0,1
nschulchan,0,0,1,1
nscience,0,1,0,1
nscientific,0,0,4,4
nscientist,1,0,0,1
nscientists,0,1,1,2
nscissor,0,0,1,1
nscoope,1,0,0,1
nscopri,0,5,0,5
nscore,0,0,5,5
nscoring,1,0,0,1
nscotland,0,5,0,5
nscott,2,0,2,4
nscp,2,0,0,2
nscratch,4,0,0,4
nscratched,0,1,0,1
nscream,0,1,0,1
nscreaming,0,1,0,1
nscreen,0,1,3,4
nscrew,0,5,0,5
nscroll,1,0,8,9
nse,0,5,2,7
nsea,0,1,0,1
nseal,1,0,0,1
nseamus,0,1,2,3
nsean,16,0,0,16
nsearch,0,2,8,10
nseason,0,8,2,10
nsec,0,1,0,1
nsecessionist,5,0,0,5
nsecond,16,1,42,59
nsecondly,5,0,13,18
nseconds,0,2,0,2
nsecret,0,0,8,8
nsecurity,0,0,2,2
nsee,39,2,76,117
nseeing,2,0,2,4
nseekin,0,0,2,2
nseeking,6,0,1,7
nseem,0,0,1,1
nseems,4,1,13,18
nseen,0,0,1,1
nsees,2,1,0,3
nsegundo,0,2,0,2
nsehaut,0,1,0,1
nseizure,0,0,1,1
nsejeong,0,0,1,1
nself,0,0,4,4
nselim,0,1,0,1
nselma,0,1,0,1
nsemi,0,0,4,4
nsemper,0,0,1,1
nsempre,0,1,0,1
nsemua,0,0,1,1
nsemuah,0,2,0,2
nsend,1,0,8,9
nsending,0,0,31,31
nsensitive,0,0,1,1
nsent,4,0,2,6
nsentarnos,0,3,0,3
nsentir,0,3,0,3
nsentry,0,0,1,1
nseokjin,0,0,1,1
nseolleneun,0,0,1,1
nseoroui,0,0,1,1
nsep,0,0,4,4
nsept,0,0,3,3
nseptember,6,2,7,15
nsequel,0,0,1,1
nsergi,0,0,1,1
nsergio,0,0,1,1
nseries,2,0,0,2
nserious,0,0,1,1
nseriously,14,4,43,61
nserjo,0,0,5,5
nserve,0,0,2,2
nservices,2,0,0,2
nserving,0,0,1,1
nset,1,0,3,4
nseth,1,4,3,8
nsetting,0,0,4,4
nsettings,1,0,0,1
nseulpeul,0,1,0,1
nseungkwan,0,0,3,3
nseven,0,1,0,1
nsevenofnine,0,0,1,1
nseventeen,0,6,4,10
nseventh,0,0,2,2
nseveral,0,0,1,1
nsex,3,0,0,3
nsexual,4,0,0,4
nsexy,0,0,4,4
nsf,1,0,0,1
nsfw,1,4,0,5
nsg,1,0,0,1
nsgn,0,0,1,1
nsh,0,0,1,1
nsha,0,0,2,2
nshaaat,0,0,1,1
nshadow,0,6,4,10
nshady,0,1,0,1
nshag,0,2,0,2
nshake,0,0,5,5
nshaking,0,0,1,1
nshakira,0,2,5,7
nshaky,3,0,0,3
nshall,6,4,15,25
nshalom,6,1,25,32
nshame,2,5,7,14
nshameful,4,3,1,8
nshamwow,0,1,0,1
nshane,3,3,4,10
nshannon,0,0,2,2
nshape,0,0,1,1
nshaq,0,1,0,1
nshare,0,2,43,45
nshared,0,5,0,5
nsharing,0,0,1,1
nsharon,0,0,4,4
nshawnao,0,1,0,1
nshay,5,0,0,5
nshe,204,28,197,429
nshed,0,0,5,5
nsheep,0,0,2,2
nsheepi,0,0,1,1
nsheeva,0,0,2,2
nshes,0,1,2,3
nshiiiiiiiiiiiiiiiiiiiiiiiiiiiiiiiiiiiiiiiiiiiii,0,1,0,1
nshila,0,0,3,3
nshiloh,0,1,0,1
nshinin,2,0,0,2
nshinjuku,0,0,3,3
nship,0,0,1,1
nshit,18,9,5,32
nshitbusters,2,0,0,2
nshite,0,0,2,2
nshits,0,1,0,1
nshittily,0,1,0,1
nshitty,1,0,0,1
nshook,0,5,0,5
nshooketh,0,2,0,2
nshoot,2,0,0,2
nshooting,0,0,2,2
nshort,1,0,1,2
nshortly,0,0,1,1
nshot,0,1,0,1
nshots,0,1,1,2
nshould,16,11,14,41
nshouldn,0,0,6,6
nshout,0,0,6,6
nshoutout,0,0,1,1
nshove,2,0,0,2
nshow,8,0,24,32
nshowin,0,0,2,2
nshowing,4,0,0,4
nshqip,0,0,1,1
nshriek,1,0,0,1
nshrug,0,0,1,1
nshut,6,4,8,18
nsi,0,18,1,19
nsia,1,1,5,7
nsick,3,0,0,3
nsid,0,12,5,17
nside,13,0,6,19
nsidenote,0,0,1,1
nsiempre,0,7,0,7
nsiento,2,2,0,4
nsiga,0,1,0,1
nsigamos,0,1,0,1
nsigh,0,0,3,3
nsight,0,0,2,2
nsign,0,3,1,4
nsigned,3,3,0,6
nsignificado,4,0,0,4
nsignificant,0,6,0,6
nsignificantly,0,0,1,1
nsigo,1,0,0,1
nsiiiiiiiiiii,0,0,1,1
nsike,1,5,2,8
nsilence,0,1,4,5
nsilpaereul,0,1,0,1
nsilsureul,0,1,0,1
nsilva,0,1,0,1
nsilver,0,1,0,1
nsimception,0,1,0,1
nsimeon,0,0,3,3
nsimon,2,0,6,8
nsimple,1,0,4,5
nsimply,0,0,16,16
nsimplynailogical,0,1,0,1
nsimplyschoological,0,0,1,1
nsimulationaniti,0,0,2,2
nsin,1,1,0,2
nsince,10,1,39,50
nsincerely,4,1,22,27
nsing,0,1,8,9
nsinging,0,1,0,1
nsingle,0,0,2,2
nsings,0,0,1,1
nsinner,0,0,30,30
nsino,0,1,0,1
nsinon,0,6,1,7
nsinto,0,1,0,1
nsippin,0,0,5,5
nsir,0,3,1,4
nsiri,0,0,1,1
nsis,0,0,1,1
nsisco,0,1,0,1
nsisko,0,1,0,1
nsister,0,1,2,3
nsit,0,0,2,2
nsites,0,0,2,2
nsittin,0,0,2,2
nsitting,1,0,15,16
nsituations,0,0,2,2
nsix,0,0,1,1
nsixth,1,0,4,5
nsizes,0,0,8,8
nsjfjemrf,0,1,0,1
nsjws,1,0,0,1
nskatsgard,0,0,1,1
nskeet,0,2,0,2
nskidi,0,3,0,3
nskillshare,0,0,1,1
nskip,6,0,1,7
nskrt,0,1,0,1
nslaaaasheeeer,0,2,0,2
nslap,1,0,0,1
nslave,5,0,0,5
nslavery,3,0,0,3
nslay,2,0,8,10
nslayy,0,1,0,1
nslayyyyy,1,0,0,1
nslc,3,0,0,3
nslim,0,0,1,1
nslimmy,0,1,0,1
nslippin,0,0,9,9
nslow,1,0,3,4
nslurp,0,0,2,2
nsmackdown,6,0,0,6
nsmall,0,0,2,2
nsmart,4,1,12,17
nsmarter,0,0,1,1
nsmartphones,0,0,3,3
nsmash,0,0,2,2
nsmelling,0,0,1,1
nsmh,5,0,2,7
nsmile,0,0,1,1
nsmiling,16,0,1,17
nsmith,0,1,0,1
nsmoke,0,0,2,2
nsmoking,2,0,8,10
nsnake,0,0,2,2
nsnapchat,0,5,0,5
nsnatch,0,0,4,4
nsniper,1,0,0,1
nsnl,3,0,0,3
nsnoke,2,2,1,5
nso,233,42,702,977
nsoap,0,7,3,10
nsoapesqeu,0,1,0,1
nsoapesque,0,1,0,1
nsoapy,0,1,0,1
nsocial,1,0,1,2
nsociety,0,0,2,2
nsocks,0,1,0,1
nsodom,0,0,3,3
nsofia,0,0,4,4
nsoft,8,0,5,13
nsoilent,0,1,0,1
nsola,0,0,2,2
nsold,2,5,0,7
nsolid,0,1,0,1
nsolo,0,2,0,2
nsolution,0,0,1,1
nsome,10,7,43,60
nsomebody,0,0,29,29
nsomeday,8,0,16,24
nsomehow,1,0,3,4
nsomeone,0,11,22,33
nsomething,2,0,11,13
nsomethings,0,0,3,3
nsometime,7,0,1,8
nsometimes,4,2,47,53
nsomewhere,4,0,2,6
nsomos,0,4,0,4
nson,9,5,3,17
nsoneul,0,1,0,1
nsong,3,2,2,7
nsongs,1,1,0,2
nsongwriters,0,0,3,3
nsoo,0,0,7,7
nsoon,2,0,6,8
nsooner,19,0,0,19
nsoontm,0,1,0,1
nsooo,0,0,6,6
nsoooo,0,0,1,1
nsooooo,0,0,1,1
nsoooooooo,0,0,1,1
nsooooooooon,0,1,0,1
nsoothes,0,0,6,6
nsorry,44,41,64,149
nsort,0,0,7,7
nsoulja,0,0,2,2
nsoulmate,0,0,1,1
nsouls,1,0,0,1
nsound,1,0,0,1
nsoundcloud,1,6,11,18
nsounds,0,1,8,9
nsource,0,0,8,8
nsouth,1,2,0,3
nsouthside,0,0,2,2
nsowwy,0,2,0,2
nsowy,0,1,0,1
nsoy,0,1,0,1
nspacex,0,0,7,7
nspanish,0,0,5,5
nsparta,0,1,0,1
nspathiphyllum,3,0,0,3
nspeak,1,0,0,1
nspeakin,1,0,0,1
nspeaking,0,0,8,8
nspecial,0,0,2,2
nspecialized,0,0,1,1
nspecially,2,0,0,2
nspecialy,0,0,5,5
nspecifically,0,0,1,1
nspectator,0,0,4,4
nspeech,0,0,4,4
nspeechless,0,3,0,3
nspeed,0,1,0,1
nspeedy,0,0,2,2
nspell,0,0,2,2
nspelled,1,0,0,1
nspend,4,0,0,4
nspent,0,1,0,1
nsperm,1,1,3,5
nspice,6,0,2,8
nspicer,0,0,1,1
nspiders,0,0,1,1
nspidget,0,1,0,1
nspinning,0,0,5,5
nspirit,0,0,1,1
nspitting,0,0,2,2
nsplatoon,0,0,1,1
nsplattered,0,0,1,1
nsplit,0,0,1,1
nspn,0,0,4,4
nspoiler,0,0,1,1
nspoilers,3,1,10,14
nspoke,0,1,0,1
nspoken,0,1,0,1
nspongebob,0,1,0,1
nspoopy,0,0,3,3
nsportsmen,0,0,2,2
nsporty,4,0,0,4
nspot,0,0,2,2
nspotify,1,0,0,1
nspray,0,0,2,2
nspread,1,0,0,1
nspring,0,0,2,2
nsprousehart,0,0,1,1
nspurs,0,0,14,14
nspy,0,0,1,1
nsquirrel,0,4,0,4
nsr,0,1,0,1
nsrsly,2,0,1,3
nsry,2,0,0,2
nsse,0,0,4,4
nsseureojin,0,3,0,3
nssstttttrrrrreeeeeaaaaammmmm,1,0,0,1
nsstb,0,0,3,3
nst,0,3,5,8
nstab,0,0,1,1
nstalin,1,0,0,1
nstamina,0,0,1,1
nstamp,2,0,0,2
nstamps,2,0,0,2
nstan,0,3,1,4
nstand,0,1,2,3
nstandard,0,0,1,1
nstanding,0,0,5,5
nstanley,0,0,1,1
nstar,0,1,8,9
nstarfighters,0,0,1,1
nstarfire,0,1,0,1
nstaring,0,0,5,5
nstarring,2,0,0,2
nstart,5,1,6,12
nstarted,0,0,5,5
nstarts,0,0,3,3
nstasera,0,0,1,1
nstate,2,0,1,3
nstatement,0,0,3,3
nstay,5,8,21,34
nstayed,2,0,0,2
nstaying,0,0,4,4
nsteak,1,0,0,1
nstealing,1,2,0,3
nsteam,0,1,0,1
nsteeeeeve,1,0,0,1
nsteel,1,0,0,1
nstegen,0,0,7,7
nstelaaaaaa,0,0,1,1
nstep,9,22,8,39
nstephanie,0,6,1,7
nstephen,2,2,7,11
nstephens,0,3,0,3
nsteps,1,0,0,1
nstereograms,0,254,0,254
nsteve,0,2,5,7
nsteven,1,2,4,7
nstevie,0,0,2,2
nstewart,0,0,1,1
nstfu,7,0,3,10
nstick,1,0,0,1
nsticking,1,0,0,1
nsticky,0,1,0,1
nstidywappapap,0,1,0,1
nstill,10,17,80,107
nstk,0,0,1,1
nstler,0,8,0,8
nstlich,0,0,1,1
nstock,0,0,1,1
nstoll,0,0,6,6
nstop,28,13,24,65
nstores,1,0,0,1
nstorm,0,0,2,2
nstormtroopers,2,0,0,2
nstormzy,0,0,7,7
nstory,0,1,4,5
nstorytelling,0,0,1,1
nstove,0,4,0,4
nstr,0,1,0,1
nstraight,0,0,2,2
nstrange,0,4,4,8
nstranger,0,0,2,2
nstrangers,1,0,0,1
nstray,1,0,0,1
nstream,0,1,5,6
nstreet,0,0,1,1
nstreets,3,0,10,13
nstresses,0,0,1,1
nstrip,0,0,1,1
nstrong,0,1,1,2
nstruggle,0,0,8,8
nstuck,0,2,2,4
nstudent,0,0,3,3
nstudio,0,1,0,1
nstudy,3,1,0,4
nstudying,0,0,1,1
nstuff,1,0,5,6
nstuffed,0,0,4,4
nstunts,0,0,3,3
nstupid,9,0,0,9
nstupidest,0,6,0,6
nstupiiiiiiiiiiiiiiiiiiiiiiid,5,0,0,5
nsu,0,1,0,1
nsuave,1,0,0,1
nsub,1,1,9,11
nsubbb,0,1,0,1
nsubcribed,0,0,1,1
nsubcriber,0,0,1,1
nsubed,0,0,1,1
nsubmit,0,1,0,1
nsubo,0,1,0,1
nsubs,0,6,8,14
nsubscribe,2,16,50,68
nsubscribed,3,0,1,4
nsubservient,1,0,0,1
nsubstitution,6,0,0,6
nsubtitulos,0,1,0,1
nsuburbs,2,0,0,2
nsubway,0,1,0,1
nsuccess,0,0,5,5
nsuch,3,7,25,35
nsuck,26,3,10,39
nsucker,0,0,1,1
nsucks,0,0,1,1
nsuddenly,0,0,79,79
nsue,0,0,4,4
nsuga,1,1,2,4
nsugar,3,0,0,3
nsuggestion,0,0,1,1
nsugoooooi,0,1,0,1
nsuicidal,3,0,0,3
nsuicide,1,2,0,3
nsuicidelockheedmartin,0,0,1,1
nsuki,0,2,0,2
nsul,0,0,6,6
nsum,0,0,1,1
nsumgappeuge,0,2,0,2
nsummer,0,0,11,11
nsumswigi,0,1,0,1
nsun,2,0,32,34
nsunday,0,1,2,3
nsung,0,0,1,1
nsunlight,0,0,15,15
nsupence,0,2,0,2
nsuper,2,3,8,13
nsuperb,0,1,0,1
nsuperbe,0,5,0,5
nsupercell,0,2,0,2
nsuperficial,1,0,0,1
nsuperman,0,3,0,3
nsupermariologan,0,5,0,5
nsupernova,0,0,2,2
nsuperpowers,0,1,0,1
nsupper,0,6,0,6
nsupplemental,2,0,0,2
nsupport,0,3,11,14
nsupports,0,0,1,1
nsuppose,0,0,2,2
nsure,9,2,18,29
nsurely,0,0,5,5
nsurf,0,0,1,1
nsurface,0,0,1,1
nsurgically,4,0,0,4
nsurly,1,0,0,1
nsurrender,0,0,1,1
nsurrounded,0,0,8,8
nsurtout,0,2,0,2
nsus,0,3,0,3
nsusan,0,2,0,2
nsuscribe,0,0,1,1
nsushi,0,0,2,2
nsuuuuuuuuuuuuuuu,0,1,0,1
nsuv,0,0,1,1
nsw,0,0,7,7
nswallowed,0,0,15,15
nswartzka,0,0,1,1
nswastikas,0,1,0,1
nswat,0,0,7,7
nsway,0,0,1,1
nswc,1,0,0,1
nswear,0,0,2,2
nswears,0,1,0,1
nsweating,1,0,1,2
nsweet,0,0,2,2
nsweeter,0,0,1,1
nswift,2,0,0,2
nswimming,0,1,1,2
nswine,0,0,3,3
nswing,32,0,4,36
nswitch,0,0,1,1
nswitched,4,0,0,4
nswitzerland,0,1,0,1
nswooty,0,1,0,1
nsy,0,0,1,1
nsync,2,3,11,16
nsyndrome,0,3,0,3
nsynonyms,5,0,18,23
nsyria,5,0,4,9
nsza,0,1,0,1
nt,18,74,29,121
nta,0,0,1,1
ntaaaaakkkeeee,1,0,0,1
ntaco,3,0,0,3
ntadinho,0,1,0,1
ntae,0,2,0,2
ntaehyung,0,0,4,4
ntaemin,0,3,3,6
ntaeyang,0,1,0,1
ntag,0,4,0,4
ntagged,0,0,3,3
ntahnk,0,0,1,1
ntail,1,0,0,1
ntaiwan,0,0,2,2
ntakbeer,0,1,0,1
ntake,5,14,96,115
ntakedowns,0,6,0,6
ntaken,0,0,10,10
ntakeoff,3,7,0,10
ntakes,2,0,0,2
ntakin,0,0,7,7
ntaking,20,0,3,23
ntalent,0,1,0,1
ntalk,7,1,1,9
ntalking,3,0,1,4
ntalks,3,0,0,3
ntalvez,0,5,0,5
ntambi,0,0,1,1
ntambien,0,1,0,1
ntamika,1,0,0,1
ntamo,0,0,1,1
ntan,0,2,1,3
ntana,2,1,0,3
ntaniel,0,2,0,2
ntanto,0,1,0,1
ntanya,0,0,1,1
ntap,1,4,6,11
ntapestry,0,0,3,3
ntar,0,1,0,1
ntara,0,1,0,1
ntarzan,0,0,1,1
ntaste,0,0,1,1
ntastes,0,0,3,3
ntat,0,3,0,3
ntate,0,5,0,5
ntati,0,1,2,3
ntator,0,1,0,1
ntaxation,0,0,2,2
ntaxes,2,0,0,2
ntaylor,0,0,5,5
ntbh,5,0,3,8
ntbm,1,0,0,1
ntch,0,5,0,5
ntd,0,0,1,1
nte,0,12,1,13
ntea,0,0,2,2
nteach,1,0,0,1
nteacher,5,2,3,10
nteachers,0,0,2,2
nteam,1,0,5,6
ntears,0,0,1,1
ntease,0,0,7,7
ntech,2,0,0,2
ntechbreakist,0,0,1,1
ntechnically,1,0,0,1
ntechno,1,1,0,2
nteddy,0,0,1,1
nteded,0,2,0,2
nteenage,0,1,0,1
nteew,0,1,0,1
ntehehehe,1,0,0,1
nteleporting,0,0,2,2
nteletubbies,0,1,0,1
ntelevision,0,0,5,5
ntell,30,18,106,154
ntelling,0,1,4,5
ntells,0,1,0,1
ntem,0,1,0,1
ntemporary,0,1,0,1
ntemus,0,1,0,1
nten,0,0,7,7
ntengo,1,0,0,1
ntens,0,1,0,1
ntensions,3,0,0,3
nter,0,0,11,11
ntera,0,0,2,2
nterence,0,0,2,2
nteresa,0,1,0,1
nteresting,0,1,0,1
ntermination,0,1,0,1
ntermini,0,0,1,1
nternet,0,1,0,1
nterraria,1,0,0,1
nterrible,0,0,2,2
nterrorist,15,0,1,16
nterrorists,5,0,0,5
nterry,0,1,0,1
ntersedia,0,0,2,2
ntesla,0,2,0,2
ntest,0,0,2,2
ntestimony,0,0,12,12
ntext,0,0,1,1
ntf,0,0,3,3
nth,2,4,4,10
ntha,0,0,1,1
nthaaaaa,0,0,1,1
nthabk,0,1,0,1
nthailand,0,1,0,1
nthan,4,0,1,5
nthank,55,47,324,426
nthankfully,0,0,8,8
nthankin,0,0,6,6
nthanks,45,48,208,301
nthankss,0,1,0,1
nthankyou,4,0,2,6
nthat,218,88,510,816
nthathoeoverthere,0,1,0,1
nthatll,0,1,0,1
nthats,7,17,30,54
nthe,568,203,1448,2219
ntheend,0,0,1,1
ntheir,5,3,31,39
ntheirs,0,0,2,2
nthem,6,0,2,8
nthemselves,0,0,1,1
nthen,36,30,110,176
ntheo,0,4,0,4
ntheodd,0,0,2,2
nther,0,1,0,1
ntherafflechannel,0,0,1,1
nthere,113,27,264,404
ntherefore,4,0,10,14
ntheres,0,2,2,4
ntherpist,0,0,1,1
nthesaurus,0,1,0,1
nthese,25,1,53,79
nthey,151,45,358,554
nthick,0,0,4,4
nthief,0,0,2,2
nthing,0,1,4,5
nthings,2,0,13,15
nthink,6,2,94,102
nthinkin,0,0,6,6
nthinking,0,4,3,7
nthinks,0,0,1,1
nthird,7,0,26,33
nthirteen,0,1,0,1
nthis,248,109,680,1037
nthisi,0,0,3,3
ntho,0,0,4,4
nthomas,0,1,1,2
nthompson,0,3,0,3
nthony,0,2,0,2
nthor,1,0,0,1
nthoroughly,0,0,1,1
nthose,8,3,48,59
nthou,1,0,1,2
nthough,11,6,31,48
nthought,7,0,4,11
nthoughts,3,0,1,4
nthousand,1,0,1,2
nthousands,0,0,8,8
nthr,0,0,2,2
nthree,1,4,11,16
nthrough,23,0,8,31
nthroughout,0,0,6,6
nthrow,2,2,36,40
nthrowing,0,0,3,3
nthrows,1,0,0,1
nthugger,0,0,3,3
nthumbs,3,1,10,14
nthunder,0,2,0,2
nthursday,0,0,6,6
nthus,8,0,10,18
nthx,7,5,14,26
nthy,0,3,2,5
nti,0,0,2,2
ntica,0,3,0,3
nticas,1,0,0,1
ntico,0,4,0,4
nticos,0,3,0,3
ntide,0,0,1,1
ntiene,0,8,0,8
ntienes,0,1,0,1
ntierra,0,0,2,2
ntighter,1,0,0,1
ntil,1,0,8,9
ntiled,0,1,0,1
ntill,1,2,11,14
ntiller,0,0,1,1
ntim,0,0,8,8
ntime,6,5,22,33
ntimes,0,3,4,7
ntimi,0,0,1,1
ntimientos,0,2,0,2
ntimo,0,4,1,5
ntin,0,2,0,2
ntina,1,0,0,1
ntingles,0,0,1,1
ntink,0,1,0,1
ntiny,3,0,0,3
ntional,0,0,1,1
ntip,1,0,0,1
ntipical,0,0,1,1
ntips,0,4,0,4
ntired,1,0,0,1
ntitanic,0,1,0,1
ntitanium,0,1,0,1
ntitle,0,0,5,5
ntits,0,1,0,1
ntj,0,0,1,1
ntks,0,0,2,2
ntl,0,0,3,3
ntligen,0,3,0,3
ntlong,0,1,0,1
ntmz,3,0,0,3
nto,75,41,281,397
ntoa,0,0,2,2
ntoad,0,0,1,1
ntoby,0,0,2,2
ntocan,1,0,0,1
ntock,0,0,1,1
ntoda,0,0,1,1
ntoday,9,5,8,22
ntodo,2,2,0,4
ntodos,0,1,0,1
ntogether,0,0,4,4
ntohoku,0,1,0,1
ntoilet,6,0,0,6
ntokyo,0,1,0,1
ntold,0,0,1,1
ntom,3,11,9,23
ntomarnos,0,3,0,3
ntomb,0,0,2,2
ntommy,0,1,1,2
ntomorrow,0,0,3,3
ntomsk,0,3,0,3
nton,0,0,1,1
ntonight,4,0,1,5
ntony,0,1,0,1
ntoo,15,3,38,56
ntook,1,0,7,8
ntop,9,7,10,26
ntopheth,13,0,0,13
ntopics,0,0,1,1
ntornado,0,1,0,1
ntorneau,1,0,0,1
ntornska,0,3,0,3
ntorry,0,0,2,2
ntorture,0,1,0,1
ntoss,0,0,2,2
ntotal,1,1,4,6
ntotally,7,0,16,23
ntouch,0,0,1,1
ntouching,0,0,1,1
ntour,0,0,6,6
ntourneau,10,0,0,10
ntouzaniii,0,1,0,1
ntowards,0,1,0,1
ntr,0,3,26,29
ntrade,0,0,4,4
ntrademark,0,5,0,5
ntragedy,6,0,0,6
ntrail,0,0,1,1
ntrailer,2,1,0,3
ntrain,0,0,2,2
ntramping,0,0,1,1
ntransfer,0,0,3,3
ntransferring,2,0,0,2
ntransformed,0,0,1,1
ntrapped,0,1,2,3
ntrash,0,2,4,6
ntrashcan,0,0,2,2
ntrashhhhh,0,1,0,1
ntrauma,0,0,2,2
ntravis,0,3,0,3
ntravolta,0,0,1,1
ntreason,0,1,0,1
ntreat,3,0,0,3
ntreating,2,0,1,3
ntrending,2,1,0,3
ntrevor,0,0,1,1
ntriangular,0,0,2,2
ntrident,0,0,1,1
ntried,0,0,6,6
ntriggered,0,1,0,1
ntriggers,0,0,2,2
ntripping,0,0,7,7
ntriton,0,0,1,1
ntrivago,2,1,0,3
ntroi,0,1,0,1
ntronska,0,3,0,3
ntroop,0,0,1,1
ntroopers,0,1,0,1
ntroye,0,1,0,1
ntrue,0,4,5,9
ntrujillo,0,0,2,2
ntruly,4,0,0,4
ntrump,10,4,39,53
ntrumpet,0,9,3,12
ntrust,10,0,5,15
ntrusting,0,0,1,1
ntruth,10,0,0,10
ntry,13,7,34,54
ntryin,0,0,6,6
ntrying,1,14,22,37
ntryna,0,0,9,9
ntrynna,0,0,6,6
ntsc,6,1,1,8
ntsm,0,3,0,3
ntt,0,0,1,1
nttg,0,0,1,1
nttyl,1,0,0,1
ntu,0,11,4,15
ntucker,0,3,0,3
ntuesday,0,1,1,2
ntulio,0,0,2,2
ntupac,1,0,0,1
nturkey,0,1,0,1
nturn,7,0,8,15
nturns,6,0,5,11
nturtles,0,1,0,1
ntut,0,6,0,6
ntv,0,0,1,1
ntvxq,0,0,1,1
ntweeted,0,0,4,4
ntwice,0,7,17,24
ntwist,0,0,1,1
ntwitter,2,1,14,17
ntwo,6,6,31,43
ntxt,0,0,1,1
nty,1,0,0,1
ntyler,2,5,4,11
ntype,5,0,1,6
ntyped,0,1,0,1
ntypical,1,0,3,4
ntyping,0,0,1,1
ntyrese,2,2,6,10
ntyvm,0,1,0,1
ntzuyu,0,3,1,4
nu,101,64,64,229
nuance,6,1,4,11
nuanced,0,4,13,17
nuances,4,0,9,13
nub,0,4,1,5
nubek,0,4,0,4
nuber,3,4,0,7
nuberto,0,0,1,1
nubi,0,0,1,1
nubia,0,0,2,2
nubian,0,1,5,6
nubies,0,0,1,1
nubisoft,4,0,1,5
nubs,1,0,0,1
nuc,0,0,1,1
nuca,0,1,0,1
nuce,0,2,1,3
nuckuler,0,1,0,1
nuclear,72,112,127,311
nuclei,0,1,0,1
nucleoli,0,0,1,1
nucleon,1,0,0,1
nucleons,1,0,0,1
nucleus,1,7,8,16
nucular,1,0,0,1
nud,0,0,3,3
nuddle,0,1,0,1
nude,8,55,124,187
nudeish,0,0,1,1
nudes,0,41,33,74
nudge,3,0,12,15
nudged,3,0,3,6
nudges,0,0,1,1
nudging,4,1,3,8
nudity,1,10,12,23
nudo,0,6,0,6
nudy,0,9,0,9
nudydhdhyf,0,2,0,2
nueast,0,0,1,1
nuernberg,0,0,2,2
nues,1,0,0,1
nuest,0,3,6,9
nuestra,0,38,4,42
nuestras,0,1,0,1
nuestro,2,34,1,37
nuestros,0,15,1,16
nuestw,1,0,0,1
nuetrals,0,0,2,2
nueva,0,23,3,26
nuevamente,0,3,0,3
nuevas,0,5,0,5
nueve,0,1,0,1
nuevo,6,88,14,108
nuevos,0,2,0,2
nuf,0,2,0,2
nufc,0,0,15,15
nufe,0,2,0,2
nuff,7,17,9,33
nuffin,6,3,3,12
nuffings,0,0,1,1
nuffins,0,0,2,2
nuffsaid,0,0,1,1
nug,1,0,3,4
nugent,4,2,0,6
nuget,1,0,2,3
nuggeds,2,0,0,2
nuggers,0,4,0,4
nugget,68,31,47,146
nuggets,24,4,12,40
nuggggggggggggggggggggggga,1,0,0,1
nuggies,1,0,0,1
nugh,12,0,12,24
nuglas,2,0,0,2
nuguyun,0,6,0,6
nuh,5,7,10,22
nuhahauhahahuhahuhuuhahauahhauaha,0,3,0,3
nuhdeen,0,2,1,3
nuhh,0,2,0,2
nuhhhh,2,0,0,2
nuhhhuh,0,0,1,1
nuhuhuhhhhhh,0,2,0,2
nuhv,0,1,0,1
nuisance,2,2,9,13
nuit,0,0,1,1
nuitomilw,0,1,0,1
nuk,3,4,10,17
nuka,0,1,0,1
nukazooka,2,0,3,5
nuke,31,77,66,174
nuked,1,13,7,21
nukeharvey,0,2,0,2
nukes,9,15,25,49
nukeular,0,1,0,1
nuking,2,1,7,10
nukular,2,0,0,2
null,0,1,13,14
nulla,1,6,1,8
nullifies,0,0,1,1
nullify,0,0,11,11
nultimately,0,0,2,2
nultra,1,0,1,2
nultrasonic,0,0,3,3
nultrawide,0,0,1,1
num,1,40,5,46
numa,0,1,0,1
numale,0,7,0,7
numan,1,0,4,5
numaral,0,1,0,1
numb,45,3,21,69
numba,4,9,3,16
numbah,0,7,2,9
numbawannn,0,1,0,1
numbed,4,0,4,8
numbeh,0,4,0,4
number,356,586,922,1864
numbered,0,1,9,10
numberphile,0,11,23,34
numbers,73,89,255,417
numbersixwithcheese,0,0,1,1
numberso,0,1,0,1
numberwang,0,0,5,5
numbies,0,0,2,2
numbing,1,0,6,7
numbingly,1,0,0,1
numbness,2,3,6,11
numbnuts,0,1,0,1
numbuh,0,2,0,2
nume,0,0,4,4
numer,0,1,0,1
numeral,6,3,1,10
numerals,0,4,1,5
numerator,0,0,1,1
numeric,0,2,0,2
numerical,0,0,12,12
numerically,0,0,1,1
numero,2,11,2,15
numerology,0,0,8,8
numeros,0,5,0,5
numerous,23,0,37,60
numis,0,1,0,1
numm,0,1,2,3
numma,0,0,3,3
nummbbaa,0,1,0,1
nummer,1,2,0,3
nummerm,0,1,0,1
nummi,0,0,1,1
nummier,0,0,1,1
nummies,6,18,19,43
nummiest,0,0,1,1
nummm,0,1,1,2
nummmmmmmm,0,0,2,2
nummys,0,0,1,1
numnoms,0,0,1,1
numpties,1,0,0,1
numpty,0,1,5,6
nums,1,1,0,2
numusicview,0,0,1,1
nun,8,15,27,50
nuna,0,3,0,3
nunavut,0,1,7,8
nunb,1,0,0,1
nunbeelievable,0,0,1,1
nunbelievable,0,0,4,4
nunbicc,0,1,0,1
nunbowed,2,0,0,2
nunca,3,103,9,115
nunchi,0,1,0,1
nunchucks,0,4,0,4
nuncle,6,0,1,7
nuncontrollably,1,0,0,1
nundefined,0,1,0,1
nunder,1,1,5,7
nunderstand,0,0,4,4
nunderstanding,0,0,4,4
nundertale,0,1,0,1
nunes,36,36,78,150
nunesfakechampion,0,3,0,3
nunez,3,2,0,5
nunfollow,1,0,0,1
nunfortunately,4,0,4,8
nunicorn,0,0,4,4
nunicorns,0,0,1,1
nunique,1,0,0,1
nunited,12,0,2,14
nuniversity,0,0,2,2
nunkown,0,0,2,2
nunless,0,5,43,48
nunlike,0,0,1,1
nunlocked,0,1,0,1
nunlucky,0,0,2,2
nunoriginal,4,0,0,4
nunpolarized,0,0,1,1
nuns,2,4,4,10
nunscramble,4,0,0,4
nunspecified,0,0,1,1
nunsubscribed,1,5,0,6
nunsuccessful,0,0,5,5
nuntamed,0,1,0,1
nunthaless,0,2,0,2
nuntil,1,4,55,60
nuntill,0,0,1,1
nunuvat,0,1,0,1
nunwatchable,1,0,0,1
nuon,0,0,2,2
nuova,0,0,2,2
nuovo,0,5,1,6
nup,0,1,3,4
nupdate,1,1,11,13
nupgraded,0,0,1,1
nupload,0,1,0,1
nupping,0,1,0,1
nuprol,0,0,1,1
nuprooted,0,0,1,1
nuprooting,0,0,1,1
nupsss,1,0,0,1
nuptials,0,2,0,2
nur,1,22,17,40
nura,0,1,0,1
nuranus,0,0,4,4
nurburgring,0,7,0,7
nurd,0,1,0,1
nurl,0,0,1,1
nurples,0,1,0,1
nurse,27,4,35,66
nursed,2,0,3,5
nurseries,0,2,0,2
nursery,10,21,74,105
nurses,6,0,19,25
nursing,8,7,51,66
nurture,7,0,3,10
nurtured,0,2,0,2
nurturer,0,0,3,3
nurtures,0,1,4,5
nurturing,4,0,14,18
nuruto,0,1,0,1
nus,5,0,10,15
nusa,2,6,1,9
nusaa,0,0,1,1
nusausausa,0,2,0,2
nusb,0,0,2,2
nuse,4,4,13,21
nused,4,0,2,6
nuseless,6,0,0,6
nuses,1,1,0,2
nusher,0,0,2,2
nusica,0,2,0,2
nusing,2,1,4,7
nustedes,0,0,1,1
nusters,0,2,0,2
nusually,0,0,2,2
nut,38,73,83,194
nutapau,1,0,0,1
nutbag,3,0,0,3
nutbar,1,0,0,1
nutcase,5,1,2,8
nutcases,1,0,0,1
nutcracker,0,0,1,1
nutella,10,72,111,193
nuth,0,1,0,1
nuthin,1,2,0,3
nuthuggers,4,0,0,4
nutin,0,0,5,5
nutjob,2,1,14,17
nutjobs,0,1,5,6
nutless,0,0,6,6
nutmeg,1,5,11,17
nutneun,0,1,0,1
nutrient,4,0,5,9
nutrients,16,5,31,52
nutrition,9,0,17,26
nutritional,6,0,13,19
nutritionfacts,0,1,0,1
nutritionist,0,0,16,16
nutritious,0,1,16,17
nutrogena,0,0,3,3
nutron,0,0,2,2
nuts,75,121,188,384
nutsack,6,0,2,8
nutshell,16,68,12,96
nutt,1,1,0,2
nutted,1,16,2,19
nuttela,0,1,3,4
nutter,0,6,4,10
nutters,5,0,4,9
nuttery,0,0,1,1
nuttig,0,0,1,1
nuttin,3,3,4,10
nutting,1,1,0,2
nuttshell,1,0,0,1
nutty,2,6,9,17
nuttybuddy,0,1,0,1
nutural,0,1,1,2
nuture,0,0,2,2
nutville,0,0,2,2
nutz,0,8,3,11
nuu,0,5,0,5
nuuuu,0,2,2,4
nuuuude,0,4,0,4
nuuuuu,0,4,0,4
nuuuuuu,0,2,0,2
nuva,0,0,1,1
nuvaring,0,0,4,4
nuve,0,2,0,2
nuwielbiam,0,2,0,2
nuwodo,0,2,0,2
nv,0,3,17,20
nva,0,5,0,5
nvad,0,3,0,3
nvalar,0,0,4,4
nvalidate,0,0,1,1
nvamos,0,9,0,9
nvampire,1,0,5,6
nvanellope,0,0,1,1
nvanilla,0,0,2,2
nvans,1,0,0,1
nvarious,15,0,0,15
nvedo,0,0,5,5
nveeery,0,0,2,2
nveel,0,1,0,1
nvega,0,0,2,2
nveganism,8,0,0,8
nvegas,0,0,3,3
nveilchen,0,1,0,1
nvelcro,0,5,0,5
nvelinatheflutterby,0,1,1,2
nven,0,9,0,9
nveo,0,2,0,2
nverb,4,0,3,7
nverily,0,7,10,17
nverizon,0,0,1,1
nveronica,0,3,0,3
nverses,0,0,3,3
nvertical,0,5,0,5
nvery,4,12,49,65
nvfinestine,0,1,0,1
nvhgchgxgcf,1,0,0,1
nvia,0,0,1,1
nvic,0,0,1,1
nvicariously,0,0,4,4
nvicks,0,0,1,1
nvictim,1,0,0,1
nvictory,0,1,0,1
nvid,0,1,0,1
nvideo,6,19,0,25
nvideos,0,1,1,2
nvidia,5,4,12,21
nvidio,0,1,0,1
nvidua,0,0,1,1
nview,5,0,29,34
nviews,0,0,6,6
nvim,0,1,0,1
nvince,0,0,6,6
nviolence,0,3,0,3
nviolet,0,0,5,5
nviolets,10,11,7,28
nvirgin,0,0,1,1
nvirginia,0,0,5,5
nvirtue,4,0,0,4
nvisa,0,0,1,1
nvisible,0,0,1,1
nvisit,1,2,78,81
nvisual,0,0,1,1
nviva,0,9,3,12
nvivan,0,1,0,1
nvive,0,2,0,2
nvivi,0,1,0,1
nvivir,2,0,0,2
nvixey,0,0,3,3
nvl,0,0,5,5
nvm,27,23,13,63
nvoc,0,2,5,7
nvocal,0,0,2,2
nvocalizes,0,0,1,1
nvocals,0,0,1,1
nvogue,0,1,0,1
nvoice,0,0,1,1
nvoices,0,1,0,1
nvoil,0,0,1,1
nvoldemort,0,1,0,1
nvorallem,0,6,0,6
nvos,0,3,0,3
nvote,4,5,9,18
nvoting,0,1,0,1
nvou,0,1,0,1
nvous,0,1,1,2
nvox,0,0,1,1
nvq,0,0,4,4
nvr,0,0,4,4
nvraiment,0,0,2,2
nvrs,0,1,0,1
nvrsajiko,0,1,0,1
nvs,5,1,3,9
nvuelvo,0,1,0,1
nvulnerable,0,0,1,1
nw,3,8,29,40
nwa,1,8,8,17
nwaa,0,1,0,1
nwaaaaaaaaaaaaaaaaaa,0,0,5,5
nwaaaaaah,0,5,0,5
nwack,1,0,0,1
nwacky,0,0,2,2
nwade,0,2,0,2
nwah,0,0,1,1
nwahhh,0,0,1,1
nwai,0,1,0,1
nwait,1,24,26,51
nwaited,0,0,1,1
nwaiter,0,0,1,1
nwaiting,3,4,33,40
nwake,1,3,10,14
nwaker,1,0,0,1
nwala,0,0,1,1
nwalcott,0,8,3,11
nwaldo,0,0,2,2
nwalk,7,0,2,9
nwalked,0,0,1,1
nwalker,2,0,0,2
nwalkin,0,1,7,8
nwalking,0,1,2,3
nwall,0,0,1,1
nwallah,0,5,0,5
nwallahi,0,1,0,1
nwallpaper,0,1,0,1
nwalmart,3,0,2,5
nwalt,0,0,1,1
nwaluigi,0,1,0,1
nwan,4,0,0,4
nwands,1,0,0,1
nwanna,0,4,11,15
nwant,0,3,16,19
nwanted,0,5,3,8
nwants,0,0,4,4
nwar,5,2,0,7
nwarm,0,0,3,3
nwarmonger,0,4,0,4
nwarning,1,0,1,2
nwas,41,1,55,97
nwash,0,0,1,1
nwashed,1,0,0,1
nwasn,0,1,9,10
nwasp,0,0,2,2
nwass,0,0,1,1
nwasted,0,1,1,2
nwasting,0,0,3,3
nwat,4,0,6,10
nwatch,31,19,41,91
nwatched,0,0,2,2
nwatches,0,1,0,1
nwatching,2,1,21,24
nwatchmojo,2,0,0,2
nwatchnow,0,0,2,2
nwater,3,12,0,15
nwaterproof,0,0,2,2
nwatlas,0,0,2,2
nwats,0,1,0,1
nwaves,0,0,5,5
nway,0,4,10,14
nways,0,3,0,3
nwb,0,0,5,5
nwe,321,66,706,1093
nweaker,0,0,1,1
nweapons,0,0,5,5
nweather,0,0,1,1
nweb,0,0,1,1
nweber,0,1,0,1
nwecan,0,0,2,2
nwednesday,0,2,0,2
nweekly,0,5,0,5
nweezer,1,0,0,1
nweinstein,0,1,1,2
nweird,0,1,8,9
nweirdest,0,0,1,1
nwelcome,3,5,8,16
nwell,58,40,152,250
nwelp,1,1,3,5
nwen,0,0,1,1
nwendy,1,3,0,4
nwenger,1,0,0,1
nwengie,0,1,0,1
nwent,1,0,4,5
nwerdum,0,5,0,5
nwere,0,1,0,1
nwes,0,0,1,1
nwest,0,0,1,1
nwestbrook,0,0,1,1
nwestern,3,0,1,4
nwh,0,0,8,8
nwhaaa,0,1,0,1
nwhaaaaaat,1,0,0,1
nwhaaat,0,1,0,1
nwhaat,0,0,4,4
nwhat,215,137,434,786
nwhatever,3,1,231,235
nwhats,0,5,2,7
nwhatsapp,0,0,21,21
nwhatthepthepyhepthepidath,0,2,0,2
nwhay,0,1,2,3
nwhelp,0,1,0,1
nwhelps,0,0,4,4
nwhen,79,44,371,494
nwhenever,1,0,0,1
nwhere,20,38,66,124
nwhered,0,0,1,1
nwheres,0,0,3,3
nwheter,0,0,5,5
nwhether,1,1,0,2
nwhhhhaaaaatttt,0,0,1,1
nwhhhhhhhhhhhhaaaaaaaaaaaa,0,0,1,1
nwhhhhhhhhhhhhhhhhhhhhhhy,1,0,0,1
nwhich,16,3,48,67
nwhile,22,0,32,54
nwhilst,14,0,1,15
nwhip,0,0,14,14
nwhipped,0,0,2,2
nwhiskey,0,0,1,1
nwhispering,0,0,2,2
nwhistle,0,0,1,1
nwhite,10,2,22,34
nwhites,0,0,4,4
nwho,40,56,77,173
nwhoa,2,0,5,7
nwhoever,6,0,16,22
nwhole,0,0,3,3
nwhooop,0,6,0,6
nwhoops,1,0,0,1
nwhopper,0,3,0,3
nwhos,0,1,0,1
nwhose,0,1,0,1
nwhy,93,55,201,349
nwhyd,0,1,0,1
nwhyy,0,0,1,1
nwhyyy,0,1,0,1
nwhyyyy,1,0,0,1
nwich,0,0,1,1
nwickedly,1,0,0,1
nwicky,0,8,0,8
nwidely,2,0,0,2
nwifi,0,1,0,1
nwig,0,2,0,2
nwiggle,0,567,0,567
nwigglw,0,1,0,1
nwii,0,0,3,3
nwil,0,1,4,5
nwildcat,0,0,2,2
nwill,3,13,58,74
nwillian,0,0,8,8
nwilly,0,0,2,2
nwilshere,0,4,0,4
nwilshire,0,4,0,4
nwilt,0,0,5,5
nwilte,0,0,1,1
nwin,0,0,3,3
nwindows,4,1,0,5
nwinning,0,2,3,5
nwinston,0,1,0,1
nwinter,0,0,1,1
nwir,0,1,0,1
nwiser,0,1,0,1
nwish,1,8,50,59
nwishing,0,0,9,9
nwitch,5,0,0,5
nwith,18,16,135,169
nwithin,0,3,8,11
nwithot,0,0,1,1
nwithout,3,4,13,20
nwitht,0,0,1,1
nwiz,0,0,2,2
nwizop,0,0,2,2
nwlsndhfafaggsgsgshafafffssff,0,1,0,1
nwo,2,5,10,17
nwoah,0,3,12,15
nwoahrio,0,0,1,1
nwocrh,0,0,1,1
nwoke,0,0,1,1
nwolfo,0,1,0,1
nwoman,0,2,5,7
nwomen,7,2,4,13
nwon,12,0,18,30
nwonder,3,20,2,25
nwonderful,0,1,4,5
nwonders,2,0,0,2
nwonderwoman,0,0,1,1
nwonwoo,0,0,1,1
nwoo,0,0,2,2
nwoodwork,0,0,2,2
nwoody,0,0,1,1
nwoof,0,0,6,6
nwooo,0,6,0,6
nwoooh,1,0,0,1
nwooooo,0,1,0,1
nwoooooo,3,0,0,3
nwoops,4,0,0,4
nword,0,0,23,23
nworden,0,0,1,1
nwords,10,1,1,12
nwork,0,0,3,3
nworker,0,0,6,6
nworking,0,0,15,15
nworld,10,2,3,15
nworldstarhiphop,1,0,0,1
nworldwide,0,0,1,1
nworse,1,0,0,1
nworst,2,3,0,5
nworth,0,9,16,25
nwote,0,0,6,6
nwould,16,5,87,108
nwoulda,0,0,1,1
nwouldn,1,3,3,7
nwouldnt,0,1,1,2
nwow,20,15,39,74
nwowsh,0,1,0,1
nwpa,0,0,2,2
nwrap,2,0,0,2
nwren,0,0,1,1
nwrist,4,0,2,6
nwrite,0,0,15,15
nwriters,0,0,2,2
nwriting,0,0,1,1
nwritting,0,0,1,1
nwrong,5,6,2,13
nwszystko,0,0,2,2
nwt,0,1,0,1
nwtc,3,0,0,3
nwtf,7,17,8,32
nwtffffffffffff,0,1,0,1
nwth,1,0,1,2
nwtht,0,3,3,6
nwui,0,1,0,1
nwut,0,0,1,1
nwuz,0,1,0,1
nwwda,0,1,0,1
nwwe,2,0,1,3
nwww,0,2,0,2
nwyy,0,1,0,1
nx,9,7,39,55
nxavi,0,2,3,5
nxbox,0,0,1,1
nxcellent,1,0,0,1
nxcited,1,0,0,1
nxclusive,1,0,0,1
nxcuse,1,0,0,1
nxd,10,16,6,32
nxdd,0,0,4,4
nxenoblade,0,0,1,1
nxenomorph,0,0,1,1
nxenophon,0,0,1,1
nxhaka,0,4,0,4
nximby,0,2,0,2
nxmd,0,0,1,1
nxo,0,0,11,11
nxojdhuc,0,0,1,1
nxox,0,3,0,3
nxoxo,0,5,27,32
nxoxox,0,0,5,5
nxoxoxo,0,0,8,8
nxpctd,0,1,0,1
nxpensive,1,2,0,3
nxpialidocious,1,0,0,1
nxt,7,13,24,44
nxtraordinary,1,0,0,1
nxx,3,3,27,33
nxxi,0,2,0,2
nxxx,0,3,10,13
nxxxtentacion,0,0,1,1
nxxxx,0,0,3,3
nxxxxx,0,0,1,1
nxxxxxxx,0,0,4,4
nxxxxxxxxxxxcechxxxxxx,0,5,0,5
nxy,0,2,0,2
ny,26,126,203,355
nya,4,33,22,59
nyaa,0,1,0,1
nyaaa,0,1,0,1
nyaaaaa,4,0,0,4
nyaaaaaaaaaaaaaaaaaaaa,0,1,0,1
nyaaaaaaaaaaaaaaaaaaaaaaaaaaaaaaaaaaaaaaaaaaaaaaaaaaaaaaaaaaaaaaaaaaaaaaaaaaaaaaaaassssssssssssssssssssssssssssssssssssssssssss,0,1,0,1
nyaaaaaaaaaaaaaaaaaaaaaaaaaaaaaaaaaaaaaaaaaaaassssssssssssssssssssssssssssssssssss,0,1,0,1
nyaaaaaas,0,1,0,1
nyaaaaas,0,0,1,1
nyaaaas,0,0,2,2
nyaaaassss,0,0,2,2
nyaaaay,0,0,1,1
nyaaay,0,0,1,1
nyabucoa,0,0,2,2
nyadar,0,1,0,1
nyael,0,0,1,1
nyah,0,0,1,1
nyahahahah,0,2,0,2
nyahhhhhhhh,0,2,0,2
nyall,1,8,13,22
nyam,0,2,0,2
nyamborghini,3,0,0,3
nyan,0,3,4,7
nyana,0,0,2,2
nyanda,0,0,1,1
nyang,0,0,1,1
nyanyi,0,0,1,1
nyap,1,0,0,1
nyar,0,1,0,1
nyargh,0,2,0,2
nyas,0,3,2,5
nyassss,0,1,0,1
nyauco,0,0,2,2
nyay,3,19,5,27
nyaya,0,2,0,2
nyb,0,6,0,6
nybornandraised,0,0,1,1
nyc,38,47,164,249
nycc,0,2,0,2
nycccc,0,1,0,1
nycferry,0,0,6,6
nycggfyc,0,0,2,2
nydmtmsmysmeuymtdmydt,0,4,0,4
nye,7,11,15,33
nyea,5,0,12,17
nyeaaaa,0,2,0,2
nyeaaaaaaaaaaaaaaaaaaaaah,0,1,0,1
nyeaaaaaah,0,0,1,1
nyeaaaah,0,0,5,5
nyeah,65,22,152,239
nyeahh,1,0,0,1
nyears,0,0,9,9
nyebelin,1,0,0,1
nyeeeeeey,0,0,1,1
nyeh,5,8,1,14
nyellow,2,1,0,3
nyemen,3,0,0,3
nyeogiseo,0,3,0,3
nyep,5,0,12,17
nyes,35,55,69,159
nyesh,0,0,1,1
nyess,0,0,4,4
nyesssss,0,0,1,1
nyessssssss,0,1,0,1
nyestaday,0,0,2,2
nyesterday,0,2,3,5
nyet,10,0,13,23
nyey,0,1,0,1
nyfw,0,1,12,13
nyg,0,0,1,1
nygaard,1,7,5,13
nygaardians,0,1,0,1
nygaards,0,1,0,1
nygard,0,0,3,3
nygs,0,1,0,1
nyh,0,4,0,4
nyhnh,0,0,1,1
nyikes,0,0,7,7
nyinden,0,2,0,2
nyinyirin,0,1,0,1
nyiyun,0,0,2,2
nyjah,0,1,0,1
nyknow,0,1,0,1
nyla,0,0,1,1
nylon,20,15,31,66
nyma,3,11,40,54
nymb,0,1,0,1
nymeria,6,2,0,8
nymeros,4,0,0,4
nymi,0,2,0,2
nymph,0,0,2,2
nyo,21,34,19,74
nyoba,0,2,0,2
nyoda,1,0,0,1
nyogurt,0,6,0,6
nyolo,0,1,0,1
nyone,0,0,1,1
nyoo,0,0,7,7
nyoou,0,0,1,1
nyoseob,0,0,1,1
nyou,501,186,1672,2359
nyouhavetosmellthesehoneycrispapples,0,5,0,5
nyoull,0,0,1,1
nyoung,7,0,4,11
nyoungjae,0,0,1,1
nyour,51,22,261,334
nyoure,0,0,8,8
nyours,0,0,7,7
nyouthfulness,0,0,1,1
nyoutube,5,96,59,160
nyoutubers,1,0,0,1
nypd,4,2,0,6
nys,0,0,1,1
nyt,1,1,4,6
nything,0,6,0,6
nytimes,0,0,1,1
nytt,0,1,0,1
nyu,0,2,6,8
nyuck,1,0,0,1
nyugoslavia,5,0,0,5
nyugyoem,0,0,1,1
nyuk,2,0,0,2
nyummmyyyyy,0,1,0,1
nyunho,0,0,1,1
nyup,8,3,4,15
nyuri,0,1,0,1
nyv,0,0,2,2
nyways,0,0,5,5
nyx,5,15,44,64
nyxs,0,0,2,2
nz,21,35,39,95
nzabdiel,0,1,0,1
nzabulun,0,0,3,3
nzac,3,4,2,9
nzack,0,1,0,1
nzak,0,0,1,1
nzappacosta,0,0,13,13
nzara,0,0,2,2
nzayn,1,1,4,6
nzd,0,0,13,13
nze,0,1,0,1
nzebra,0,0,1,1
nzelda,1,0,1,2
nzeus,2,0,1,3
nzhora,0,0,1,1
nziam,0,1,0,1
nzie,0,0,1,1
nzig,36,0,6,42
nzion,0,1,0,1
nzlnzlnznznznnz,0,1,0,1
nzoe,0,0,5,5
nzoella,0,0,1,1
nzombaes,1,0,0,1
nzombie,3,0,0,3
nzsl,5,0,0,5
nzulu,1,0,0,1
nzxt,0,1,0,1
nzz,0,0,6,6
oa,5,14,4,23
oacar,0,0,2,2
oadjf,0,0,1,1
oaf,5,0,0,5
oahu,1,6,6,13
oak,0,6,3,9
oakerson,0,0,3,3
oakland,5,4,12,21
oakley,7,6,15,28
oakmoss,0,0,2,2
oaks,0,1,8,9
oakton,0,0,1,1
oan,0,0,2,2
oancitizen,0,1,0,1
oane,0,2,0,2
oanh,0,1,0,1
oao,0,5,0,5
oar,0,0,4,4
oases,0,0,4,4
oashdoasfhoa,0,1,0,1
oasis,8,15,50,73
oass,0,0,6,6
oat,1,2,2,5
oates,3,9,1,13
oath,3,1,10,14
oathkeepers,1,0,0,1
oatmeal,12,7,18,37
oats,6,13,34,53
oatsstudio,0,0,1,1
oaxaca,0,4,6,10
oaxaque,0,3,0,3
ob,2,9,7,18
obadiah,0,0,3,3
obagi,0,0,1,1
obahma,0,1,0,1
obama,218,66,193,477
obamacare,13,3,97,113
obamacrap,0,0,1,1
obamas,33,4,2,39
obamscare,0,0,3,3
oban,0,1,0,1
obbesion,1,0,0,1
obbiettivamente,0,1,0,1
obbsesed,4,1,0,5
obchodzi,0,2,0,2
obcis,0,1,0,1
obe,5,5,3,13
obecnie,0,4,0,4
obedience,4,0,29,33
obedient,0,0,6,6
obejrza,0,1,0,1
obejrze,0,5,0,5
obelgi,0,2,0,2
ober,0,0,1,1
oberyn,3,0,1,4
obese,11,8,36,55
obesed,0,0,3,3
obesesd,0,1,0,1
obesity,5,14,7,26
obessed,0,2,3,5
obesseddddd,0,0,1,1
obey,39,6,56,101
obeyed,1,0,4,5
obeygodnotman,0,0,4,4
obeying,0,1,3,4
obeyobed,3,0,0,3
obeys,0,1,11,12
obfuscate,1,0,0,1
obgyn,0,1,0,1
obi,32,0,9,41
obiangs,0,0,6,6
obispo,0,0,4,4
obivious,0,0,1,1
obiviously,0,0,1,1
obiwan,0,1,0,1
obixooo,0,1,0,1
obj,2,5,4,11
object,35,7,79,121
objected,0,0,6,6
objectif,0,4,0,4
objectification,0,1,8,9
objectified,5,2,5,12
objectifies,0,0,3,3
objectifs,0,0,4,4
objectify,0,1,2,3
objectifying,4,1,5,10
objection,6,1,8,15
objective,15,1,66,82
objectively,1,0,12,13
objectives,4,0,8,12
objectivist,0,0,1,1
objectivity,0,0,1,1
objects,20,12,34,66
objet,0,0,3,3
objetividad,0,1,0,1
objets,0,2,0,2
oblack,0,0,2,2
oblada,0,0,3,3
obladi,0,0,3,3
oblak,0,21,9,30
oblate,3,0,0,3
oblation,3,0,3,6
oblec,0,0,2,2
obligaciones,0,1,0,1
obligado,0,0,1,1
obligate,0,0,1,1
obligated,2,5,18,25
obligation,6,2,14,22
obligations,4,0,13,17
obligatoire,0,0,1,1
obligatory,2,11,9,22
obliged,2,1,4,7
oblique,0,0,3,3
obliquely,0,0,1,1
oblisuly,0,0,4,4
obliterate,0,0,6,6
obliterated,1,0,9,10
obliterates,0,0,2,2
obliterating,0,4,0,4
obliteration,4,0,0,4
oblivion,4,6,5,15
oblivious,13,0,9,22
oblock,0,0,1,1
oblong,0,5,0,5
obnoxios,0,0,1,1
obnoxious,26,35,54,115
obnoxiously,0,1,5,6
oboe,0,5,2,7
obok,0,2,0,2
obor,0,0,2,2
obout,0,0,3,3
oboy,0,5,0,5
obra,0,13,1,14
obraz,0,2,0,2
obrian,0,1,0,1
obrien,0,1,0,1
obrigada,0,5,0,5
obrigado,0,19,2,21
obrzydliwe,0,6,0,6
obs,0,1,2,3
obscene,6,1,13,20
obscenely,1,0,2,3
obscenity,0,0,1,1
obscure,2,6,13,21
obscured,0,2,0,2
obscures,1,0,0,1
obscurial,1,3,0,4
obscurity,2,1,3,6
obscurityville,1,0,0,1
obscurus,1,0,0,1
observa,0,0,4,4
observable,0,7,4,11
observaci,0,1,0,1
observado,0,0,8,8
observan,0,4,0,4
observant,2,0,7,9
observation,14,13,39,66
observations,9,0,38,47
observatories,0,0,2,2
observatory,0,0,3,3
observe,8,6,27,41
observed,10,7,48,65
observen,0,5,0,5
observer,4,1,7,12
observing,9,3,15,27
obses,0,0,1,1
obsesed,1,0,0,1
obsesionada,0,1,0,1
obsesj,0,2,0,2
obsess,4,1,20,25
obsessed,574,72,288,934
obsesseddd,0,0,2,2
obsessedddd,0,0,7,7
obsessedddddd,0,1,0,1
obsessing,1,11,5,17
obsession,34,30,116,180
obsessions,0,0,2,2
obsessive,5,1,7,13
obsessiveley,0,0,1,1
obsessively,2,1,7,10
obsesssed,0,0,2,2
obsessssed,4,0,0,4
obsessssssssss,0,1,0,1
obsevation,0,1,0,1
obsidian,0,1,1,2
obsolescence,1,0,1,2
obsoleta,0,4,0,4
obsolete,10,7,17,34
obssd,0,5,0,5
obssesed,2,2,4,8
obsseseed,0,0,1,1
obssesion,0,0,3,3
obssessed,4,11,1,16
obstacle,0,9,8,17
obstacles,9,0,14,23
obstetrician,0,1,0,1
obstetrics,0,0,1,1
obstructed,0,2,0,2
obstructing,4,3,0,7
obstruction,0,0,7,7
obstruer,0,0,1,1
obtain,18,1,27,46
obtainable,0,0,3,3
obtained,7,1,15,23
obtaining,21,0,9,30
obtener,0,8,1,9
obtuse,1,0,0,1
obtuso,0,3,0,3
obumer,14,0,0,14
obumma,4,0,0,4
obummer,0,0,1,1
obut,0,1,0,1
obv,3,2,17,22
obvi,5,1,3,9
obviamente,0,3,0,3
obviasly,0,5,0,5
obvio,0,10,0,10
obviosly,1,0,0,1
obvious,145,109,340,594
obviously,352,160,757,1269
obviousness,0,0,2,2
obviuosly,1,0,0,1
obviusly,1,0,4,5
obvously,0,0,2,2
obvs,16,5,17,38
obwohl,0,1,0,1
oby,0,5,0,5
oc,5,10,2,17
ocado,0,3,0,3
ocala,0,0,1,1
ocall,0,1,0,1
ocampo,0,0,3,3
ocarina,1,4,8,13
ocasiones,2,16,0,18
ocasions,0,0,2,2
ocassions,0,0,5,5
ocboaw,0,0,1,1
occ,1,0,0,1
occa,1,1,0,2
occam,1,1,0,2
occasion,12,6,67,85
occasional,11,1,24,36
occasionally,19,5,54,78
occasioni,0,0,1,1
occasions,24,1,51,76
occassional,3,0,0,3
occassionally,2,0,0,2
occassions,3,0,0,3
occiloscope,0,2,0,2
occitane,0,3,5,8
occlusion,0,0,1,1
occorimg,0,0,1,1
occult,0,4,1,5
occultism,1,0,0,1
occultist,0,3,0,3
occultists,0,0,1,1
occupants,4,0,0,4
occupated,0,0,1,1
occupation,13,1,14,28
occupational,0,0,2,2
occupations,0,2,1,3
occupied,8,5,18,31
occupiers,0,0,1,1
occupies,1,0,5,6
occupy,7,0,3,10
occupying,5,0,0,5
occur,32,20,35,87
occured,2,2,13,17
occurence,6,0,1,7
occurred,23,10,45,78
occurrence,9,0,7,16
occurrences,5,0,7,12
occurring,11,0,14,25
occurrrence,2,0,0,2
occurs,3,5,11,19
ocd,30,10,34,74
ocds,0,0,1,1
ocean,77,134,172,383
oceanarium,0,4,0,4
oceanian,0,1,0,1
oceans,4,10,22,36
oceanside,0,0,1,1
ocelani,0,6,0,6
ocelot,0,1,0,1
ocenia,0,2,0,2
ocerwinner,0,2,0,2
och,0,5,3,8
ochinchin,0,1,0,1
ocho,3,0,0,3
ochoa,0,1,0,1
ochoty,0,2,0,2
ochre,1,0,0,1
ochydnym,0,2,0,2
ock,0,1,0,1
ocker,0,1,0,1
ocking,0,0,1,1
oclock,0,0,4,4
ocorina,0,1,0,1
ocotber,0,4,0,4
ocr,0,3,0,3
oct,16,56,59,131
octa,0,0,8,8
octagon,25,29,38,92
octagonal,1,0,1,2
octane,0,0,2,2
octava,6,0,0,6
octave,0,0,4,4
octaves,0,0,9,9
octavia,2,1,0,3
octavioboris,0,0,1,1
octavius,0,3,2,5
octet,0,0,8,8
octets,0,0,8,8
octo,0,0,2,2
october,95,170,326,591
octoberary,0,0,1,1
octoberfestbruh,0,1,0,1
octobre,0,0,3,3
octoby,0,0,2,2
octomom,1,0,0,1
octopedes,1,0,0,1
octopus,1,9,5,15
octubre,0,1,5,6
ocu,0,4,1,5
ocuk,0,1,0,1
ocuklar,0,1,0,1
ocuklari,0,2,0,2
ocular,0,0,2,2
ocultos,1,0,0,1
ocupada,0,1,0,1
ocupar,0,4,0,4
ocuparon,0,1,0,1
ocupemos,0,5,0,5
ocurre,0,4,1,5
ocurrio,0,1,0,1
oczach,0,3,0,3
oczekiwaniach,0,2,0,2
oczy,0,4,0,4
oczywi,0,2,0,2
od,9,43,29,81
oda,2,5,4,11
odaban,0,1,0,1
odair,0,1,0,1
odango,0,0,4,4
odangos,4,0,0,4
odb,0,4,2,6
odc,1,0,0,1
odd,262,0,221,483
oddanie,0,2,0,2
oddball,0,0,3,3
oddbods,0,0,1,1
oddesy,0,0,1,1
oddisee,0,1,0,1
oddisey,0,0,2,2
oddities,0,0,1,1
oddity,1,0,4,5
oddly,15,8,50,73
oddlysatisfying,0,5,0,5
oddness,0,0,2,2
odds,8,7,61,76
oddworld,0,1,0,1
oddysey,0,1,2,3
ode,0,7,10,17
odeas,0,1,0,1
odeaza,0,0,1,1
odechciewa,0,2,0,2
odedfriedgaon,0,0,1,1
odedmusic,0,0,1,1
odeen,1,0,0,1
odegaard,0,0,2,2
odegra,0,3,0,3
odeio,0,3,0,3
odelay,0,0,1,1
odell,8,36,23,67
odenkirk,0,0,1,1
oder,1,10,1,12
oderless,0,1,0,1
odessa,0,1,0,1
odesza,0,13,21,34
odette,1,0,0,1
odhran,1,0,0,1
odi,0,3,0,3
odia,0,3,0,3
odiar,0,1,0,1
odiara,0,1,0,1
odiarla,0,0,1,1
odie,0,1,0,1
odin,0,3,0,3
odinary,0,0,2,2
odinforce,0,1,0,1
odio,0,19,8,27
odios,0,1,0,1
odious,3,2,1,6
odisee,0,6,0,6
odizolowa,0,2,0,2
odk,0,5,0,5
odkopa,0,3,0,3
odkopnie,0,3,0,3
odkry,0,2,0,2
odkrycia,0,3,0,3
odkryje,3,0,0,3
odmksmsmskskskskss,0,1,0,1
odnajdzie,0,2,0,2
odnalezienia,0,3,0,3
odnalezienie,3,0,0,3
odnalezione,0,3,0,3
odnaleziony,0,3,0,3
odnios,0,0,3,3
odom,0,5,0,5
odont,0,1,0,1
odor,2,0,32,34
odour,1,0,2,3
odpalane,0,3,0,3
odpali,0,8,0,8
odpuka,0,2,0,2
odpychaj,0,2,0,2
odrobin,0,2,0,2
odsun,0,2,0,2
oduba,0,0,1,1
odwraca,0,2,0,2
ody,1,0,0,1
odyessey,0,0,7,7
odyssee,0,1,0,1
odysseus,0,6,1,7
odyssey,12,24,55,91
odysseys,2,0,0,2
oe,0,14,0,14
oedipus,3,1,23,27
oeee,0,1,0,1
oeh,0,0,5,5
oeil,0,2,0,2
oem,0,0,8,8
oemtsh,0,3,0,3
oen,0,0,1,1
oeople,1,0,0,1
oeryyyyyyyyyyyyyyyyyyyyyyyyyyyyyyyyy,0,1,0,1
oes,0,1,0,1
oesophageal,0,0,1,1
oesophagus,1,2,0,3
oestrogen,0,0,14,14
oeuvres,1,0,0,1
of,30263,21886,92056,144205
ofa,1,0,0,1
ofb,0,1,0,1
ofbthiz,0,1,0,1
ofc,6,9,36,51
ofcom,0,0,6,6
ofcourse,11,14,38,63
ofcourseistillloveyou,0,7,0,7
ofd,0,2,0,2
ofended,0,0,1,1
ofensiva,0,2,0,2
off,2574,1894,5219,9687
offa,0,3,0,3
offcial,0,1,0,1
offcourse,0,4,0,4
offeeshal,0,1,0,1
offen,0,0,3,3
offenbach,0,0,3,3
offence,26,28,48,102
offend,36,10,48,94
offendable,4,0,0,4
offended,122,37,163,322
offender,2,6,10,18
offenders,2,2,5,9
offending,10,1,22,33
offends,11,5,8,24
offense,48,35,131,214
offenses,4,0,5,9
offensive,71,25,100,196
offensively,7,0,8,15
offer,42,19,319,380
offered,28,16,65,109
offering,11,20,74,105
offerings,1,0,1,2
offers,2,0,41,43
offert,0,4,0,4
offest,0,0,1,1
offf,2,2,0,4
offff,0,7,4,11
offfff,0,5,3,8
offffff,2,2,0,4
offfffffff,1,0,0,1
offffffffffff,0,1,0,1
offguard,0,0,1,1
offhand,1,0,1,2
offical,0,0,4,4
officcial,0,3,0,3
office,183,128,359,670
officer,48,20,104,172
officers,15,10,45,70
offices,14,18,44,76
official,63,127,231,421
officialbaileyc,0,3,0,3
officialhighlightchannel,0,0,1,1
officially,51,80,120,251
officialmadcrew,0,6,0,6
officialmoz,0,0,2,2
officials,24,0,35,59
officialy,0,1,0,1
officiating,3,0,0,3
officiation,0,0,2,2
offing,0,0,1,1
offit,0,5,0,5
offline,3,8,37,48
offload,0,4,4,8
offloaded,0,0,1,1
offloading,0,0,7,7
offput,1,0,0,1
offputting,1,0,1,2
offs,13,11,21,45
offscreen,1,0,0,1
offseason,0,0,1,1
offset,47,168,106,321
offsets,1,2,0,3
offsetting,2,0,0,2
offsettttttttttttt,0,1,0,1
offshore,1,4,1,6
offside,8,37,24,69
offsider,0,0,1,1
offspring,17,3,15,35
offsprings,0,0,1,1
offstage,0,0,4,4
offten,0,6,0,6
offtenly,0,0,3,3
offtopic,0,0,1,1
ofh,0,1,0,1
ofical,0,2,0,2
oficial,5,10,2,17
ofishally,0,0,1,1
ofjcdhc,0,4,0,4
ofjesse,1,0,0,1
ofjnqw,0,1,0,1
oflyng,1,0,0,1
ofmbabahdhd,0,5,0,5
ofn,0,1,0,1
ofortuna,0,3,0,3
ofra,2,1,1,4
ofsomething,0,0,1,1
ofsted,0,0,1,1
oft,0,0,2,2
often,183,68,895,1146
oftentimes,3,0,4,7
ofthem,0,0,1,1
oftwominds,3,0,0,3
ofu,0,2,0,2
ofuk,0,7,0,7
ofunlawful,1,0,0,1
ofwgkta,0,1,0,1
ofz,8,0,0,8
ofzo,0,1,1,2
og,15,73,92,180
ogalla,0,0,1,1
ogata,0,0,1,1
ogen,0,1,0,1
ogg,0,6,8,14
oggi,5,2,0,7
oggie,0,0,2,2
oggy,0,1,0,1
ogh,4,0,0,4
ogl,0,8,0,8
ogm,3,0,1,4
ogmd,0,1,0,1
ogne,0,1,0,1
ogni,0,6,0,6
ogre,3,0,0,3
ogrendiniz,0,1,0,1
ogromn,0,2,0,2
ogros,0,1,0,1
ogs,0,2,2,4
ogsss,3,0,0,3
ogx,0,0,4,4
oh,1662,2426,4420,8508
oha,4,4,3,11
ohana,0,0,1,1
ohanian,0,3,12,15
ohaoadhsasaghagdaxd,0,3,0,3
ohara,0,1,0,1
ohboy,0,0,6,6
ohd,0,1,0,1
ohf,1,0,0,1
ohgmgjiffk,0,0,1,1
ohh,36,58,113,207
ohhh,29,61,98,188
ohhhh,11,46,36,93
ohhhhh,5,18,10,33
ohhhhhh,2,10,14,26
ohhhhhhh,1,7,11,19
ohhhhhhhh,2,4,4,10
ohhhhhhhhhh,0,0,3,3
ohhhhhhhhhhhh,0,1,0,1
ohhhhhhhhhhhhh,0,1,0,1
ohhhhhhhhhhhhhhh,0,0,2,2
ohhhhhhhhhhhhhhhhhhhhh,0,6,0,6
ohhhhhhhhhhuuuu,0,1,0,1
ohhhhho,0,1,0,1
ohhho,0,1,0,1
ohhhokk,0,1,0,1
ohhkay,0,0,2,2
ohhohh,1,0,0,1
ohi,0,0,1,1
ohil,1,0,0,1
ohio,18,16,43,77
ohip,0,0,1,1
ohk,0,1,0,1
ohly,1,0,0,1
ohm,1,1,0,2
ohmaaaagahhhdddd,0,1,0,1
ohmagawd,3,1,0,4
ohmahgawd,0,1,0,1
ohmayghad,0,0,1,1
ohmeeegoshhhhhhhh,0,1,0,1
ohmigod,0,0,1,1
ohmmmyyyyyggggooooodddddddd,0,1,0,1
ohmuhgodfinally,0,3,0,3
ohmy,0,1,1,2
ohmygahhh,0,1,0,1
ohmygawd,0,0,1,1
ohmygawda,0,1,0,1
ohmygawdisawnedisawnedisawnedisawnedisawnedisawnedisawned,0,1,0,1
ohmyghaaddd,0,1,0,1
ohmygod,5,16,13,34
ohmygodd,1,0,1,2
ohmygodn,0,5,0,5
ohmygodyouaresocute,0,0,3,3
ohmygoodddd,0,0,1,1
ohmygoodness,0,0,2,2
ohmygooood,0,1,0,1
ohmygosh,0,5,2,7
ohmyguys,0,0,1,1
ohmyhoes,0,0,1,1
ohmylord,0,1,0,1
ohmyy,0,1,0,1
ohne,1,0,0,1
oho,0,0,1,1
ohone,0,1,0,1
ohoohooo,0,3,0,3
ohooo,0,7,0,7
ohou,0,3,0,3
ohrwurm,0,1,3,4
ohsheglows,0,0,8,8
ohthatsdualipa,0,1,0,1
ohwaooohaaawaaaaohwaah,0,5,0,5
ohweeeee,0,0,1,1
ohweejah,0,1,0,1
ohya,0,0,1,1
ohydna,0,2,0,2
ohygodharry,0,1,0,1
ohymgod,0,0,1,1
ohyou,0,2,0,2
oi,7,114,38,159
oia,0,0,39,39
oidas,0,1,0,1
oidos,0,1,0,1
oie,0,5,0,5
oigan,0,5,0,5
oigo,0,5,0,5
oii,0,0,4,4
oiii,0,2,0,2
oiiii,0,1,0,1
oiiiiiii,0,1,0,1
oike,0,0,1,1
oil,74,105,441,620
oiled,0,0,1,1
oilier,1,0,0,1
oiliest,0,0,1,1
oilly,0,0,1,1
oils,8,0,49,57
oily,92,43,218,353
oin,0,1,0,1
oingo,0,0,2,2
oinouses,0,0,2,2
ointment,3,0,11,14
oioi,0,1,0,1
oioiiiiiiii,0,1,0,1
oir,0,0,1,1
ois,0,4,5,9
oiste,0,1,0,1
oit,0,0,2,2
oitnb,0,7,9,16
oj,8,5,9,22
ojaa,0,3,0,3
ojal,0,29,5,34
ojala,2,13,2,17
ojay,1,0,0,1
ojej,0,3,0,3
oji,0,0,1,1
ojitos,0,1,0,1
ojjjjj,0,1,0,1
ojla,0,1,0,1
ojo,0,17,0,17
ojon,0,4,0,4
ojos,2,11,8,21
ok,310,52,3293,3655
okaaaaaaaaayyyy,0,2,0,2
okaaaaay,0,3,0,3
okaaaay,0,1,0,1
okaaaayyyy,0,0,1,1
okaaayy,0,1,0,1
okai,0,0,2,2
okaley,1,0,0,1
okami,4,1,0,5
okath,1,0,0,1
okay,210,33,2128,2371
okayish,0,4,0,4
okayyy,0,1,0,1
okayyyy,1,0,0,1
okayyyyy,0,0,2,2
okayyyyyyyy,0,1,0,1
okazaki,4,0,12,16
okazuje,0,2,0,2
okbaby,0,7,1,8
okc,19,0,6,25
okcomputer,0,1,0,1
okd,0,5,0,5
oke,1,4,3,8
okeh,0,1,0,1
okeis,0,0,12,12
okej,0,3,0,3
okerson,0,2,0,2
okey,4,11,11,26
okg,0,2,2,4
oki,0,0,1,1
okie,4,0,2,6
okinawa,1,0,6,7
okinawan,0,0,2,2
oking,0,0,7,7
okis,0,0,1,1
okja,0,1,0,1
okk,0,7,0,7
okkayy,0,2,0,2
okke,0,5,0,5
okkk,0,0,1,1
okkkkayyyyy,0,1,0,1
okkkkkk,0,1,0,1
okkkkkkakkkkkkk,0,1,0,1
oklahoma,1,7,14,22
oklu,0,3,0,3
okno,0,1,0,1
oknotok,3,0,5,8
oko,0,5,0,5
okocha,0,3,0,3
okodak,0,0,1,1
okok,0,0,2,2
okolicach,0,3,0,3
okonomiyaki,0,1,0,1
okorafor,0,0,2,2
okoruwa,0,0,9,9
okra,8,0,0,8
okres,0,4,0,4
okropn,0,0,1,1
okropnego,0,2,0,2
okropnie,0,0,1,1
oksellll,0,1,0,1
oksijen,0,1,0,1
oktar,0,2,0,2
oktober,0,0,1,1
oktoberfest,0,13,20,33
okuldan,0,2,0,2
okullar,0,2,0,2
okura,0,0,2,2
okynihne,0,0,5,5
ol,26,217,122,365
ola,0,27,4,31
olaaaaaaan,2,0,0,2
olabilir,0,1,0,1
olabilirmisiniz,0,4,0,4
olaca,0,1,0,1
olaf,1,15,12,28
olan,9,13,21,43
olander,0,0,2,2
olanlar,0,3,0,3
olanrogers,0,0,3,3
olans,0,4,0,4
olar,0,1,0,1
olarak,0,17,3,20
olas,0,11,0,11
olbermann,1,0,0,1
olcak,0,1,0,1
olchemist,0,1,0,1
old,1396,38,5622,7056
oldboy,0,0,1,1
olddd,0,2,0,2
olddddd,0,1,0,1
olddddddddddddddd,0,1,0,1
olde,0,0,3,3
olden,0,0,6,6
older,129,0,951,1080
olderpeople,2,0,0,2
oldest,19,64,81,164
oldfashioned,0,0,2,2
oldfield,0,3,0,3
oldham,0,0,6,6
oldhead,0,2,0,2
oldheads,1,0,0,1
oldie,0,4,10,14
oldies,0,2,3,5
oldish,0,0,1,1
oldman,0,8,0,8
oldrrzk,0,0,3,3
olds,26,35,82,143
oldschool,0,11,3,14
oldskool,0,0,1,1
oldsmobile,0,0,1,1
oldspice,0,1,0,1
oldster,0,0,1,1
oldtimers,1,0,1,2
oldu,0,5,0,5
olduda,0,1,0,1
oldum,0,4,0,4
olduum,0,1,0,1
ole,24,13,56,93
olease,0,7,1,8
oled,4,4,17,25
oleee,0,1,0,1
oleff,2,0,4,6
oleg,0,3,0,3
olejcie,0,2,0,2
oleophobic,0,2,0,2
oles,0,41,1,42
oley,0,3,0,3
olf,0,0,2,2
olga,1,1,49,51
olha,1,2,1,4
olhadinha,0,1,0,1
olhando,0,1,0,1
olhasse,1,0,0,1
olhem,0,1,0,1
olho,0,6,0,6
olhos,0,2,0,2
oli,3,17,15,35
olic,0,2,0,2
olie,0,0,2,2
oligarch,0,0,6,6
oligarchs,0,0,2,2
oligarchy,0,3,4,7
oliiviia,0,2,0,2
olimp,0,6,0,6
olimpic,0,0,3,3
olimpicas,6,0,0,6
olimpics,0,2,0,2
olin,0,0,1,1
oliv,0,4,0,4
oliva,1,0,0,1
olival,3,0,0,3
olive,21,61,125,207
oliver,62,134,191,387
olivere,0,0,2,2
oliverjonbeevers,0,0,2,2
olivero,0,0,2,2
olivers,0,5,7,12
olives,0,2,3,5
olivia,11,25,22,58
oliviaortegaaa,0,0,1,1
olivier,0,1,0,1
olivy,0,9,0,9
oljawon,0,0,3,3
olla,0,0,1,1
olles,0,1,0,1
ollie,1,10,47,58
ollivander,4,0,0,4
olllddd,0,1,0,1
olllllllll,0,1,0,1
olllllyyyyyyyyyyyy,0,1,0,1
olly,3,32,32,67
ollys,0,0,5,5
olm,0,11,0,11
olmad,0,2,0,2
olmam,0,1,0,1
olmas,0,1,0,1
olmasa,0,2,0,2
olmasak,0,1,0,1
olmasn,0,3,0,3
olmayan,0,3,0,3
olmaz,0,7,0,7
olmazd,0,1,0,1
olmos,0,1,1,2
olmsted,0,0,1,1
olmu,0,8,2,10
olny,0,1,0,1
olofmeister,0,1,0,1
ologul,1,0,0,1
ologun,0,0,2,2
ology,0,1,0,1
ols,0,0,3,3
olsa,0,1,0,1
olsan,0,2,0,2
olsen,1,5,8,14
olso,1,1,0,2
olson,0,0,1,1
olsun,0,15,0,15
olucak,0,2,0,2
olucakd,0,7,0,7
olugun,0,0,4,4
oluje,0,0,1,1
olum,0,1,0,1
olun,0,1,0,1
olunda,0,1,0,1
olup,0,2,1,3
olupta,0,1,0,1
olur,0,1,0,1
olurdu,0,1,0,1
olurmusun,0,1,0,1
olursun,0,1,0,1
olurum,0,1,0,1
oluyor,0,6,0,6
olvida,0,3,0,3
olvidables,0,0,1,1
olvidada,0,1,0,1
olvidado,0,3,0,3
olvidan,0,3,0,3
olvidar,0,3,0,3
olvidarias,0,2,0,2
olvidas,0,1,0,1
olvidaste,0,1,0,1
olvide,1,2,0,3
olviden,0,5,0,5
olvides,0,1,0,1
olvido,0,5,1,6
oly,0,0,3,3
olympia,0,10,24,34
olympiacos,0,2,0,2
olympiacosu,0,0,1,1
olympiad,0,2,0,2
olympiakos,0,1,0,1
olympian,0,3,1,4
olympic,3,10,10,23
olympics,1,16,5,22
olympus,0,2,1,3
om,4,76,30,110
omad,0,6,0,6
omae,0,9,1,10
omaewa,0,2,0,2
omaghaadd,0,1,0,1
omaha,0,0,14,14
omahgaaaaaaaaad,0,1,0,1
omai,0,6,0,6
omaiga,0,1,0,1
omaigaidddd,0,0,1,1
omaigat,0,0,1,1
omaigod,0,2,0,2
omaigoddd,0,0,2,2
omaiii,1,0,0,1
omalu,0,0,2,2
omamori,0,0,2,2
omar,2,6,0,8
omarion,0,0,5,5
omayepin,0,1,0,1
omaygad,0,0,1,1
omaygahd,0,1,0,1
omaygattttt,0,1,0,1
omaygattttttttttt,0,0,1,1
omayghad,0,0,3,3
omb,0,0,1,1
ombr,0,3,12,15
ombre,0,2,10,12
omd,0,7,5,12
omdat,3,187,46,236
omdattouzani,0,1,0,1
omds,0,1,4,5
omdss,0,0,6,6
omdsss,0,0,6,6
ome,0,0,3,3
omedeto,0,0,1,1
omega,12,4,19,35
omegalul,0,2,0,2
omelet,2,1,0,3
omelette,11,1,4,16
omen,1,0,8,9
omergahd,0,1,0,1
omerica,0,0,1,1
omes,0,0,1,1
omf,2,2,10,14
omff,0,2,0,2
omfffffffff,0,0,1,1
omfffffgggg,0,1,0,1
omfg,80,219,195,494
omfgeysfsjish,0,1,0,1
omfgfomfosdndgfkngdxmgfdspxfcovgmzdxjfgngdgvljgdwauazdxvbshyacf,0,0,1,1
omfgg,2,2,2,6
omfggg,0,0,1,1
omfgggg,0,4,2,6
omfggggg,0,1,2,3
omfgggggg,0,0,1,1
omfggggggggg,0,4,0,4
omfgggggggggggggggg,0,0,1,1
omfggggggggggshfvkjbfskjvj,0,1,0,1
omfghfjfjdyghfi,0,1,0,1
omfgkvmf,0,0,1,1
omfhdjd,0,1,0,1
omfl,0,1,1,2
omfmfmfg,1,0,0,1
omg,1022,3638,6125,10785
omgaaddddddd,0,1,0,1
omgah,0,0,1,1
omgahhh,0,1,0,1
omgawd,0,5,0,5
omgd,1,0,1,2
omgdays,0,0,6,6
omgee,0,0,1,1
omgeee,1,0,0,1
omgeode,0,1,0,1
omgff,0,1,0,1
omgg,5,36,42,83
omggg,12,41,63,116
omgggg,7,41,60,108
omggggg,5,20,38,63
omgggggg,1,13,25,39
omggggggg,6,8,17,31
omgggggggg,2,5,2,9
omggggggggg,1,2,2,5
omgggggggggg,0,3,3,6
omggggggggggg,0,2,0,2
omgggggggggggg,0,3,1,4
omggggggggggggg,0,0,1,1
omgggggggggggggg,0,1,0,1
omgggggggggggggggggggggg,0,1,0,1
omggggggggggggggggggggggggggggggggggggggg,0,1,0,1
omgggggggggggggggggggggggggggggggggggggggg,0,0,1,1
omggggggghhggh,0,1,0,1
omgggggghg,0,1,0,1
omggggh,0,1,0,1
omggghhggg,0,1,0,1
omggvgggggg,0,1,0,1
omgh,0,1,0,1
omghe,0,1,0,1
omghfjgffhj,0,0,1,1
omghfkrkoskemdkemd,0,1,0,1
omghh,0,0,1,1
omghhg,0,1,0,1
omgi,0,5,0,5
omgigi,0,0,1,1
omgjskdk,0,1,0,1
omgmfmgnfkfn,1,0,0,1
omgmgkfkfkfkdkdkdkdkdkdkdkdkdkdkfkffk,0,0,1,1
omgmgmmgmgmgmmmggmm,0,1,0,1
omgness,0,0,1,1
omgo,0,0,9,9
omgod,0,2,2,4
omgomg,1,0,8,9
omgomgomg,0,4,0,4
omgomgomgomg,0,1,1,2
omgomgomgomgomgomg,0,1,0,1
omgoodness,0,0,8,8
omgooodd,0,1,0,1
omgosh,4,6,20,30
omgoshhh,0,1,0,1
omgronny,0,1,0,1
omgs,0,0,2,2
omgsh,0,7,1,8
omgthedogsocute,0,1,0,1
omgthemovement,0,3,0,3
omgurd,0,1,0,1
omgwaaaaadddd,1,0,0,1
omgweareallgoingtodie,0,1,0,1
omh,0,4,7,11
omheen,0,1,0,1
omhhhggggg,0,1,0,1
omies,0,1,0,1
omigawd,0,1,1,2
omigod,1,2,2,5
omigosh,0,5,5,10
ominous,1,1,4,6
omission,1,0,0,1
omissions,1,1,0,2
omit,1,1,3,5
omitirlo,0,1,0,1
omitted,4,0,8,12
omitting,0,0,1,1
oml,19,109,156,284
omlet,0,0,1,1
omlete,0,0,1,1
omlg,0,1,0,1
omlgmhlkg,0,0,2,2
omlll,0,1,4,5
omllll,0,1,0,1
omlllll,0,4,0,4
omllllllllll,0,2,0,2
omly,0,0,1,1
omm,1,1,1,3
omma,0,0,1,1
ommc,0,1,0,1
ommgg,0,0,1,1
ommggg,0,1,0,1
ommgggg,0,1,0,1
ommgggggg,0,1,0,1
ommggggggggggggg,0,1,0,1
ommgmgmgmgmgmgmg,0,4,0,4
ommited,0,0,3,3
ommmg,1,2,0,3
ommmggggg,0,0,1,1
ommmgggggg,0,0,1,1
ommmggggggggggg,0,0,1,1
ommmmg,0,1,0,1
ommmmgggg,0,0,1,1
ommmmggggg,1,0,0,1
ommmmmggggg,0,0,1,1
ommmooo,0,1,0,1
ommo,0,1,1,2
omni,0,0,3,3
omnia,0,0,2,2
omnidroid,1,0,0,1
omnipotence,0,1,1,2
omnipotent,0,0,10,10
omnipresent,0,1,3,4
omniscience,0,0,1,1
omniscient,0,0,3,3
omnisophence,0,0,1,1
omnitrix,0,1,0,1
omnitron,0,4,0,4
omnivore,0,0,4,4
omnivores,0,0,1,1
omnivorism,0,0,7,7
omo,0,4,11,15
omoe,0,1,0,1
omogosh,0,2,0,2
omoha,0,1,0,1
omoji,0,2,0,2
omoled,0,0,5,5
omomg,1,0,0,1
omomomo,0,1,0,1
omomomomomomo,1,0,0,1
omoo,0,0,1,1
omooo,0,1,1,2
omoooo,0,0,5,5
omorivizca,0,0,2,2
omoshiroi,0,3,0,3
omp,0,1,0,1
omq,0,1,0,1
oms,0,1,0,1
omstandigheden,0,0,1,1
omt,1,0,2,3
omurice,0,3,0,3
omuz,0,3,0,3
omw,0,5,0,5
omy,0,7,2,9
omygawd,1,0,2,3
omyghad,0,0,5,5
omyghadddd,0,1,0,1
omygod,0,6,0,6
omygoddd,0,1,0,1
omygoodness,0,0,2,2
omygosh,0,1,0,1
omygshhhhh,0,2,0,2
omygush,0,0,2,2
omyy,0,0,1,1
omyyy,0,0,5,5
omzu,0,3,0,3
on,15211,17945,44981,78137
ona,0,0,1,1
onald,2,0,0,2
onamori,0,1,0,1
onboard,1,0,13,14
onbox,0,0,1,1
once,674,562,2095,3331
oncefighting,0,0,1,1
oncefound,0,0,1,1
onceler,4,0,0,4
onceph,0,0,1,1
onces,2,8,40,50
oncetwicetheory,0,0,1,1
oncexahgase,0,0,1,1
oncology,1,0,0,1
oncoming,0,0,6,6
onda,0,8,1,9
onde,0,12,4,16
onder,0,2,1,3
onderkant,0,1,0,1
onderstand,2,0,0,2
ondo,0,2,0,2
ondul,0,1,0,1
one,6684,6615,22718,36017
onechipchallenge,0,0,1,1
oned,0,1,0,1
oneday,0,2,8,10
onedayatatime,0,5,0,5
onedirection,1,0,0,1
onee,0,4,2,6
oneee,0,5,0,5
oneeee,0,1,0,1
oneeeee,0,0,1,1
oneeeeeeee,0,1,0,1
oneeeeeeeeeeeeeeeeeeeeeeeeeeeeeeeeeeeeeeeee,0,1,0,1
onefootball,1,0,0,1
onegai,0,1,0,1
oneless,0,3,0,3
oneliners,3,0,0,3
onella,0,1,0,1
onelove,1,0,3,4
onemilioninchannelormancity,0,5,0,5
onemillionviews,0,3,0,3
onemorelight,0,1,0,1
onemoretime,0,1,0,1
oneness,1,0,10,11
onenote,0,1,0,1
oneocean,0,0,3,3
oneoceanfm,0,0,3,3
oneplus,1,9,20,30
onerepublic,0,1,3,4
ones,447,192,1756,2395
oneself,4,0,10,14
oneshotkilled,0,0,1,1
oneshotkills,0,0,1,1
onesie,1,10,10,21
onesies,0,0,1,1
oness,0,0,1,1
onethot,0,0,4,4
oneun,0,1,0,1
onewait,1,0,0,1
onex,0,1,0,1
oney,0,1,0,1
oneyng,0,1,0,1
oneyplays,0,1,0,1
onez,5,0,0,5
onezie,0,3,0,3
ong,0,2,6,8
ongelofelijk,0,1,0,1
ongelofelijke,0,1,0,1
ongelovelijk,0,0,1,1
ongeveer,1,0,0,1
ongles,0,2,0,2
ongod,0,0,1,1
ongoing,8,3,27,38
ongoings,0,0,1,1
oni,1,11,3,15
onigiri,0,0,2,2
onii,0,1,0,1
onika,1,0,0,1
onioff,1,0,0,1
onion,25,61,47,133
onionbro,0,3,0,3
onions,55,40,37,132
onision,1,3,5,9
oniwhat,1,0,0,1
onky,0,0,2,2
onl,0,1,1,2
onless,0,1,0,1
onli,3,0,0,3
onlin,0,0,1,1
online,145,197,591,933
onlly,0,1,0,1
onlooker,2,1,2,5
onlookers,1,2,1,4
only,3897,3340,9768,17005
onlya,0,1,0,1
onlybutter,0,2,0,2
onlyhd,0,1,0,1
onlyrichpeoplecanbuythis,0,1,0,1
onlyy,0,2,0,2
onlyyyyyy,0,0,1,1
onmogelijk,0,1,0,1
onmy,2,0,0,2
onn,0,1,6,7
onna,0,0,2,2
onnat,0,1,0,1
onnn,0,6,0,6
onnnn,2,6,2,10
onnnnn,0,8,5,13
onnnnnn,0,0,4,4
onnnnnnn,0,1,0,1
onnnnnnnn,0,5,0,5
onnnnnnnnn,1,0,0,1
ono,0,4,10,14
onolicious,0,0,5,5
onononline,0,1,0,1
onorato,0,0,1,1
onore,0,5,0,5
onother,0,1,0,1
onr,1,0,2,3
onrepeatforevs,0,1,0,1
ons,11,3,33,47
onscreen,3,0,2,5
onse,1,0,0,1
onsens,4,0,0,4
onset,2,2,4,8
onside,0,3,0,3
onsie,0,4,0,4
onslaught,2,0,0,2
onstage,2,6,16,24
onstantly,0,1,0,1
ont,7,19,15,41
ontario,3,5,7,15
onther,0,0,3,3
onthology,0,1,0,1
ontil,0,1,0,1
ontmoet,0,0,1,1
ontmoeten,0,9,2,11
onto,114,81,239,434
ontological,0,0,1,1
ontology,0,0,1,1
ontop,5,0,2,7
ontranding,0,1,0,1
ontrending,0,38,1,39
ontrendinh,0,0,1,1
ontvangst,0,1,0,1
ontzettend,0,0,1,1
onu,0,1,0,1
onunda,0,2,0,2
onverwacht,0,1,0,1
onward,1,1,5,7
onwards,1,1,15,17
ony,0,1,0,1
onychotillomanie,2,0,0,2
onyentevwe,0,1,0,1
onyetenyevwe,0,2,0,2
onym,0,0,3,3
onyx,1,0,20,21
onze,0,2,0,2
oo,2,51,35,88
ooa,0,4,0,4
oobleck,0,1,0,1
oochie,0,1,0,1
ooctober,0,1,0,1
ood,0,4,3,7
oodles,0,0,1,1
ooey,0,2,1,3
oof,1,515,11,527
ooft,0,3,0,3
ooga,0,1,3,4
oogie,0,4,1,5
oogjes,0,1,0,1
oogly,0,0,3,3
ooh,142,84,197,423
ooheeegjah,1,0,0,1
oohh,0,4,10,14
oohhh,0,3,9,12
oohhhh,0,3,1,4
oohhhhweeee,0,7,0,7
ooit,0,4,3,7
ooj,0,2,0,2
ook,0,45,23,68
ookaaay,0,1,0,1
ookalaylee,0,0,7,7
ooki,0,1,0,1
ool,0,0,5,5
oolgaa,0,1,0,1
oom,0,1,0,1
oommgg,0,1,0,1
oommggg,0,1,0,1
oommmll,1,0,0,1
oompa,0,9,1,10
oompah,0,1,0,1
oompaloompa,1,0,0,1
oompaville,0,0,1,1
oon,0,1,1,2
oona,0,1,0,1
oonnnn,0,2,0,2
ooo,19,36,45,100
ooof,1,3,0,4
ooofttt,0,1,0,1
oooh,24,28,57,109
ooohh,1,6,1,8
ooohhh,0,6,1,7
ooohhhh,0,0,1,1
ooohhhhh,0,4,1,5
ooohhhhhh,0,2,0,2
ooohhhhhhhh,0,3,1,4
ooohoh,0,0,1,1
oookjaaaaa,0,1,0,1
ooomg,0,0,1,1
ooommg,0,1,0,1
ooommggfgftfgtttttttggg,0,0,3,3
ooommmmgggg,0,1,0,1
oooo,14,18,36,68
ooooh,3,33,38,74
oooohh,1,2,5,8
oooohhh,3,2,2,7
oooohhhh,0,1,3,4
oooohhhhh,0,1,3,4
ooook,0,0,1,1
ooookay,0,3,0,3
ooookkkkkkkkkkkkkkkkkkk,0,1,0,1
ooool,0,1,0,1
oooolllldd,0,0,4,4
oooonnnnllliiineee,0,1,0,1
ooooo,6,13,22,41
oooooaaaaoooaoa,0,1,0,1
oooooaallllll,0,1,0,1
oooooh,1,8,12,21
ooooohhh,1,1,0,2
ooooohhhh,0,2,0,2
ooooohhhhhhh,0,0,3,3
oooooiiiiii,0,1,0,1
oooook,0,0,1,1
ooooommmmmgggg,0,0,1,1
oooooo,5,15,7,27
ooooooh,1,13,3,17
oooooohhhh,0,1,0,1
oooooohhhhhh,0,1,0,1
oooooom,0,0,3,3
oooooomggg,0,1,0,1
oooooommmmmmmgggggggg,0,1,0,1
oooooone,0,1,0,1
oooooonnnnnn,0,1,0,1
ooooooo,0,8,4,12
oooooooh,2,0,3,5
ooooooohh,0,0,6,6
ooooooohhh,0,1,0,1
ooooooohhhhhhhhh,1,0,0,1
ooooooomg,0,0,1,1
ooooooone,0,0,1,1
oooooooo,2,3,2,7
ooooooooh,1,2,0,3
oooooooohhhhhhhh,1,0,0,1
oooooooohhhhhhhhhhhh,0,0,3,3
ooooooook,0,0,1,1
ooooooookayyy,0,1,0,1
ooooooooo,3,0,6,9
oooooooooh,0,2,0,2
oooooooookkkaaaayyyyy,0,1,0,1
ooooooooommmmmmmmmmmggggggggggggggg,0,0,5,5
oooooooooo,0,1,0,1
ooooooooooh,0,4,1,5
oooooooooohhhhh,0,1,0,1
ooooooooooo,0,1,0,1
ooooooooooommmmmmmmmmmmggggggggggggg,0,1,0,1
oooooooooooo,0,6,1,7
ooooooooooooo,0,0,6,6
ooooooooooooohhhhhhhhhhhhhhhhhhhhh,0,2,0,2
oooooooooooooo,0,1,1,2
ooooooooooooooghhhhhhhhh,0,1,0,1
oooooooooooooohhhhhhhhhhhhoooooo,0,0,2,2
oooooooooooooooo,2,0,0,2
ooooooooooooooooo,0,3,0,3
oooooooooooooooooooooh,0,1,0,1
ooooooooooooooooooooonnnnnnnnnnnnnnnnnnnnnnnnnnnnnnnnnnnnnnnnnnnnnnnnnnnnnnnnnnnnnnnnn,0,3,0,3
oooooooooooooooooooooommmmmmmmmmmmmmmmyyyyyyyyyyyyyyyyyyyyyyllllllllllllllllllllllllllllllllllllllllooorrrrrrrrrrrrrrrrrrrrdddddddddddddddddddeeee,0,1,0,1
ooooooooooooooooooooooohhhhhhhhhhhh,0,2,0,2
oooooooooooooooooooooooooohhhhh,1,0,0,1
oooooooooooooooooooooooooooooooo,0,0,2,2
oooooooooooooooooooooooooooooooooooo,0,0,1,1
oooooooooooooooooooooooooooooooooooooooooooooooooo,0,1,0,1
oooooooooooooooooooooooooooooooooooooooooooooooooooooeatstereggooooooooooooooooooooooooooooooooooooooooooooooooooooooooooooooooooooooooooooooooooooo,0,0,2,2
ooooooooooooooooooooooooooooooooooooooooooooooooooooooooooo,0,0,2,2
oooooooooooooooooooooooooooooooooooooooooooooooooooooooooooooooooooooooooooooooooooooooooooooooooooooooooooooommmmmmmmmmmmmmmmmmmmmmmmmmmmmmmmmmmmmmmmmmmmmmmmmmmmmmmmmmmmmmmmmmmmmmmmmmmmmmmmmmmmmmmmmmmmmmmmmmmgggggggggggggggggggggggggggggggggggggggggggggggggggggggggggggggggggg,0,1,0,1
oooooooooooooooooooooooooooooooooooooooooooooooooooooooooooooooooooooooooooooooooooooooooooooooooooooooooooooooooaooooooooooooooooooooooooooooooooooooooooooooooooooooooooooooooooooooooooooooooooooooo,0,0,2,2
oooooooooooooooooowwwwwww,0,1,0,1
oooooouuu,0,0,1,1
oooooouuuuuuuuuaaaaaaaaa,0,1,0,1
oooooover,0,1,0,1
oooooowee,0,2,0,2
ooooor,0,0,1,1
ooooouu,0,0,1,1
ooooover,0,0,1,1
oooooyy,0,2,0,2
oooor,2,0,0,2
oooorrrr,0,0,4,4
oooout,0,1,0,1
oooouuuuut,0,0,2,2
ooooweee,0,1,0,1
oooowwaaaaaaaaaaa,0,1,0,1
ooops,0,0,3,3
ooopss,1,0,0,1
ooosoom,0,1,0,1
ooosssshhhh,0,0,1,1
ooouu,0,2,0,2
ooouuh,0,0,1,1
ooouuu,0,0,1,1
ooouuuuu,0,1,0,1
oooweee,1,0,0,1
oooww,0,1,0,1
oop,0,0,1,1
ooppsss,3,0,0,3
oops,38,42,72,152
oorr,1,0,0,1
oort,0,0,1,1
oosna,0,2,0,2
oot,0,1,8,9
ootd,0,5,21,26
ootdfash,0,1,0,1
ootn,0,0,2,2
oouuuu,0,0,1,1
oovvverr,1,0,0,1
oow,0,2,0,2
oowhhh,6,0,0,6
ooz,0,7,8,15
ooze,0,0,10,10
oozes,0,0,1,1
oozi,0,0,1,1
oozing,1,4,7,12
op,35,116,92,243
opa,0,3,1,4
opaaa,0,1,0,1
opacar,0,1,0,1
opada,0,2,0,2
opaki,0,1,3,4
opal,3,2,2,7
opalescence,0,0,1,1
opalescent,0,0,1,1
opals,0,0,1,1
opaque,2,0,6,8
opbrengst,0,1,0,1
opc,0,2,0,2
opci,0,6,0,6
opcion,0,7,0,7
opciones,2,4,0,6
opd,0,1,0,1
ope,0,0,2,2
opearas,0,0,1,1
opeen,0,0,9,9
opel,2,0,0,2
open,439,279,1100,1818
openai,0,0,3,3
opened,69,74,180,323
openeing,0,1,0,1
opener,3,5,24,32
openess,0,0,2,2
opengl,0,0,5,5
openin,0,0,1,1
opening,85,133,333,551
openingly,1,0,0,1
openings,7,1,19,27
openly,25,9,69,103
openness,0,0,18,18
openng,0,1,0,1
openoffice,0,2,1,3
opens,14,22,71,107
opera,18,32,110,160
operable,2,0,0,2
operate,20,7,29,56
operated,5,3,17,25
operates,3,3,10,16
operatic,0,0,1,1
operating,2,6,36,44
operation,57,24,50,131
operational,1,0,0,1
operations,4,0,6,10
operative,0,0,6,6
operatives,3,0,0,3
operator,2,6,11,19
operators,0,0,6,6
operendi,0,0,4,4
opheim,0,0,1,1
ophelia,1,15,3,19
ophir,0,0,5,5
ophoog,0,1,0,1
opiate,0,0,4,4
opiates,1,0,3,4
opie,0,1,0,1
opieraj,0,3,0,3
opima,0,0,1,1
opin,0,1,0,1
opina,0,1,0,1
opinan,0,1,0,1
oping,0,2,0,2
opini,0,18,3,21
opinii,0,2,0,2
opiniion,1,0,0,1
opining,0,0,3,3
opinion,346,114,1127,1587
opinionated,0,5,3,8
opinions,82,26,255,363
opinium,0,0,3,3
opinons,7,0,0,7
opioid,0,1,1,2
opioids,0,1,1,2
opion,2,0,0,2
opionion,0,1,1,2
opions,0,0,1,1
opis,0,3,0,3
opition,0,1,0,1
opium,0,0,9,9
opl,0,4,0,4
opned,0,1,0,1
opo,0,1,0,1
opon,3,2,0,5
oponente,0,4,0,4
oportunidad,4,2,0,6
opossite,0,0,3,3
opossums,2,0,0,2
opotanie,0,2,0,2
opp,2,5,1,8
oppa,12,27,26,65
oppaaaaaaaaaaa,0,1,0,1
oppadeul,0,0,2,2
oppahaahahhahah,0,5,0,5
oppar,0,1,0,1
oppas,0,0,4,4
oppaya,0,1,0,1
opperations,0,0,7,7
oppertunity,1,0,3,4
opping,0,4,0,4
oppinion,0,0,3,3
opponent,49,11,44,104
opponents,24,6,32,62
opportune,0,1,0,1
opportunism,0,0,2,2
opportunist,4,2,1,7
opportunistic,1,0,5,6
opportunit,0,0,1,1
opportunities,19,12,72,103
opportunity,61,36,313,410
opportunties,0,0,2,2
oppose,6,0,14,20
opposed,23,12,85,120
opposes,15,0,2,17
opposing,3,0,25,28
opposite,93,33,215,341
opposites,1,0,5,6
opposition,28,14,80,122
oppositions,0,0,2,2
oppp,0,1,0,1
opppa,0,1,0,1
opppaaaaaaaaaaaaaaaaaaaaa,0,1,0,1
opppppppaaaaaa,0,1,0,1
oppress,1,0,8,9
oppressed,24,6,36,66
oppresses,1,0,0,1
oppressing,0,3,11,14
oppression,41,17,36,94
oppressive,19,0,17,36
oppressors,3,0,1,4
opps,1,8,3,12
oppunrtunity,0,0,2,2
oppurtunity,3,0,1,4
opr,0,2,0,2
opra,0,1,4,5
oprah,38,113,108,259
oprahs,0,1,1,2
oprahside,0,2,0,2
opras,0,0,3,3
opravdu,0,0,2,2
opresores,0,3,0,3
opress,1,0,0,1
opressed,1,1,0,2
opression,0,0,5,5
opry,1,4,6,11
ops,14,4,27,45
opsina,0,8,0,8
opt,4,0,27,31
opted,8,1,5,14
optic,1,8,11,20
optical,5,8,10,23
optics,1,0,7,8
optimal,0,1,14,15
optimally,0,0,1,1
optimise,0,0,6,6
optimised,0,0,5,5
optimisim,0,1,0,1
optimism,3,8,14,25
optimist,1,0,2,3
optimistic,5,8,23,36
optimization,13,6,33,52
optimize,2,0,0,2
optimized,1,1,9,11
optimizer,0,0,1,1
optimum,1,0,0,1
optimus,0,4,1,5
opting,0,0,9,9
option,61,48,209,318
optional,8,5,14,27
options,38,19,247,304
optiplex,0,2,0,2
optmistic,0,0,1,1
optometrist,1,0,0,1
optometry,0,0,1,1
opublikowanie,0,3,0,3
opublikowany,0,3,0,3
opublikujecie,0,3,0,3
opulence,0,1,1,2
opus,4,3,17,24
opvolgen,0,1,0,1
opwir,0,0,16,16
oq,0,1,0,1
oqbopeh,0,0,1,1
or,8042,5253,18987,32282
ora,7,48,49,104
oraci,0,0,1,1
oraciones,0,6,0,6
oracle,0,0,2,2
oracular,0,0,2,2
oragasam,0,0,2,2
orage,0,0,3,3
oral,4,6,10,20
oraleeeeee,0,1,0,1
orally,2,0,2,4
oram,1,1,0,2
oramai,5,0,0,5
orang,0,5,0,5
orange,115,155,333,603
oranges,2,6,3,11
orangey,4,1,11,16
oranggge,0,1,0,1
orangindoygkomen,0,1,0,1
orangish,0,0,1,1
orangutan,2,0,3,5
orangutanes,0,3,0,3
orangutans,5,0,0,5
orangy,0,0,5,5
oraoraoraoraoraoraoraoraoraoraoraoraoraoraora,0,1,0,1
orar,0,2,0,2
oras,0,1,0,1
oraz,0,7,0,7
orb,4,9,9,22
orbeez,0,4,0,4
orbeze,0,1,0,1
orbison,0,1,0,1
orbit,12,7,23,42
orbital,1,0,0,1
orbiting,0,2,0,2
orbits,5,0,7,12
orbitz,0,0,2,2
orbs,0,0,4,4
orbweaver,0,2,0,2
orbz,2,0,0,2
orc,7,16,33,56
orca,1,7,2,10
orcana,0,1,0,1
orcania,1,0,0,1
orcas,14,8,22,44
orcastra,0,0,1,1
orcca,4,0,0,4
orchard,2,0,10,12
orchards,0,0,6,6
orchestra,0,7,20,27
orchestral,4,3,2,9
orchestrated,5,0,2,7
orchestrates,1,0,0,1
orchestrating,1,0,0,1
orchestration,0,1,3,4
orchid,0,6,5,11
orchistrated,0,0,2,2
orci,1,0,0,1
orcphobia,0,0,2,2
orcs,1,6,11,18
ordada,0,1,0,1
ordained,0,0,1,1
ordan,0,1,0,1
ordeal,5,1,5,11
ordely,0,0,1,1
orden,0,0,1,1
ordenan,0,4,0,4
ordenes,0,3,0,3
order,272,443,918,1633
orderd,1,0,1,2
ordered,50,152,351,553
ordereddddd,0,3,0,3
ordering,15,16,53,84
orderly,0,0,7,7
orders,14,18,19,51
ordi,0,0,2,2
ordinal,0,0,1,1
ordinarily,3,0,4,7
ordinary,103,0,93,196
ordinate,0,0,1,1
ordinates,0,1,0,1
ordination,0,0,1,1
ordnance,0,0,1,1
ore,3,6,18,27
orea,0,1,0,1
oreal,1,6,21,28
orecchio,0,5,0,5
oregano,1,0,8,9
oregel,1,0,0,1
oregnant,3,0,0,3
oregon,18,4,33,55
oreil,0,1,0,1
oreille,0,1,0,1
oreilles,0,2,0,2
oreo,6,54,41,101
oreos,2,6,31,39
orepros,0,1,0,1
ores,1,8,1,10
orestaia,0,0,2,2
orf,0,0,5,5
orffy,4,0,0,4
org,6,23,28,57
orgagnized,0,1,0,1
orgainic,0,0,2,2
orgami,0,1,0,1
organ,20,5,17,42
organa,0,0,2,2
organic,20,17,83,120
organically,0,1,16,17
organiced,0,0,8,8
organicii,0,0,1,1
organis,0,1,0,1
organisatie,0,1,0,1
organisation,30,4,31,65
organisational,0,0,4,4
organisations,2,1,10,13
organise,2,0,14,16
organised,2,4,36,42
organiser,0,0,4,4
organising,0,0,6,6
organism,1,1,10,12
organisms,7,1,9,17
organizacion,5,0,0,5
organizadores,0,7,0,7
organizan,0,3,0,3
organizar,0,1,0,1
organization,37,7,68,112
organizations,7,1,26,34
organize,7,6,13,26
organized,11,1,47,59
organizer,1,1,9,11
organizing,0,6,9,15
organs,12,8,47,67
orgasiming,0,1,0,1
orgasm,6,27,11,44
orgasme,0,1,0,1
orgasmed,2,4,1,7
orgasmic,1,11,8,20
orgasmo,1,0,0,1
orgasmos,0,1,0,1
orgasms,1,4,1,6
orgazmic,1,0,0,1
orge,0,1,0,1
orgies,3,0,1,4
orginal,4,1,6,11
orginial,0,4,0,4
orgins,2,1,0,3
orginsl,0,0,1,1
orgnazation,0,1,0,1
orgnized,6,0,0,6
orgs,0,1,5,6
orgulho,0,3,0,3
orgulhosa,0,1,0,1
orgulhoso,0,1,0,1
orgulhosos,0,0,2,2
orgullo,0,19,7,26
orgullocolombiano,0,1,0,1
orgullosa,0,12,8,20
orgullosamente,0,2,0,2
orgulloso,0,11,6,17
orgullosos,0,4,1,5
orgy,15,10,16,41
orhan,0,2,0,2
ori,4,0,0,4
oribe,0,0,4,4
oricals,0,2,0,2
orient,3,1,3,7
oriental,4,2,7,13
orientated,0,4,1,5
orientateur,0,0,3,3
orientation,9,4,36,49
orientations,1,0,4,5
oriented,7,1,27,35
orienting,0,0,1,1
orients,0,0,1,1
orifices,1,0,0,1
origami,0,3,4,7
origanal,0,0,2,2
origen,0,1,0,1
origens,0,0,1,1
origibal,0,1,0,1
origiinality,1,0,0,1
origin,55,17,64,136
original,217,5,2256,2478
originale,0,1,0,1
originales,0,0,1,1
originality,5,3,19,27
originally,13,1,178,192
originalmummy,0,0,1,1
originals,8,6,42,56
originalson,0,1,0,1
originam,0,0,4,4
originate,0,0,6,6
originated,12,5,5,22
originates,0,0,1,1
originato,0,3,0,3
originator,0,0,1,1
origines,0,0,1,1
originial,3,0,0,3
originl,3,0,0,3
origins,19,24,49,92
origional,1,1,0,2
origionally,0,0,1,1
orignal,0,4,2,6
origninal,0,0,1,1
origuinal,0,1,0,1
orijinal,0,1,0,1
orin,0,0,1,1
oringinal,0,0,1,1
orio,0,1,0,1
oriol,0,2,0,2
oriole,0,0,2,2
orioles,0,0,4,4
orion,2,2,5,9
oriville,4,0,0,4
ork,4,0,0,4
orkambi,0,0,1,1
orkest,0,1,0,1
orkin,0,1,0,1
orkney,0,0,6,6
orks,0,1,0,1
orlando,10,35,31,76
orlandos,0,1,0,1
orleans,0,0,30,30
ormai,0,2,0,2
ormandaki,0,2,0,2
ormson,5,2,0,7
orn,0,0,1,1
ornald,0,0,1,1
ornaldo,0,1,0,1
ornament,1,2,3,6
ornaments,0,0,2,2
ornate,0,0,5,5
orndorf,0,0,1,1
orneld,1,0,0,1
ornery,3,0,0,3
ornges,0,1,0,1
ornn,0,0,1,1
oro,1,28,1,30
orochi,0,0,2,2
orocovis,0,1,0,1
orospu,0,5,1,6
orpah,0,0,1,1
orphan,14,9,21,44
orphanage,0,0,5,5
orphaned,0,0,12,12
orphans,0,4,2,6
orqullo,0,1,0,1
orrendo,0,2,0,2
orris,1,0,0,1
orrr,0,0,1,1
orrrr,6,5,5,16
orrrrrr,0,0,1,1
orrrrrrr,0,0,2,2
orrrrrrrr,0,0,6,6
orson,2,0,1,3
orta,0,4,0,4
ortas,0,3,0,3
ortel,0,0,4,4
orth,1,0,0,1
orther,0,0,1,1
ortho,2,0,0,2
orthodontist,0,1,4,5
orthodox,2,0,0,2
orthopathism,0,0,1,1
orthopedic,0,1,0,1
ortiz,0,0,23,23
orto,0,5,0,5
orton,0,0,3,3
orusbu,0,2,0,2
oruspu,0,5,0,5
orville,3,16,17,36
orwell,5,1,6,12
orwellian,0,1,6,7
oryx,1,0,6,7
orzabal,0,0,3,3
os,45,366,195,606
osa,0,1,2,3
osaczony,0,2,0,2
osad,0,2,0,2
osage,0,8,4,12
osaka,5,0,4,9
osam,0,1,0,1
osama,13,2,4,19
osami,0,2,0,2
osas,0,1,0,1
osborn,0,0,2,2
osborne,1,0,1,2
osbourne,0,0,9,9
oscar,46,75,131,252
oscarine,0,4,0,4
oscars,13,9,22,44
oscer,0,1,0,1
oscilate,0,0,1,1
oscilation,0,2,1,3
oscilations,0,0,1,1
oscillascope,0,1,0,1
oscillate,0,0,3,3
oscillates,2,0,0,2
oscillating,4,2,0,6
oscillation,1,0,9,10
oscillations,4,0,4,8
oscillator,0,0,1,1
oscilliscope,0,0,4,4
oscilloscope,1,20,15,36
oscilloscopes,0,3,0,3
osciloscope,0,1,0,1
oscorp,0,2,0,2
oscura,0,6,0,6
oscuridad,4,2,0,6
oscuro,0,5,0,5
osdecoraz,0,0,1,1
osea,2,6,1,9
osease,2,0,0,2
osem,0,1,0,1
osha,0,1,12,13
oshinderu,0,1,0,1
oshoyu,0,0,2,2
osi,0,8,24,32
osipova,0,12,6,18
osiris,0,3,1,4
osksjd,0,0,1,1
osm,0,13,1,14
osman,0,10,2,12
osmar,0,1,0,1
osmmmmmm,0,4,0,4
osmomis,0,2,0,2
osmosis,1,1,2,4
osn,0,6,1,7
osng,0,0,1,1
oso,0,3,0,3
osob,0,2,0,2
osoba,0,12,0,12
osobie,0,4,0,4
osoby,0,4,0,4
osom,0,4,0,4
osome,0,1,0,1
osp,4,0,0,4
ospina,0,16,11,27
osprey,0,6,18,24
osrs,0,1,0,1
oss,0,5,0,5
ossa,0,1,0,1
ossas,0,1,0,1
ossibly,0,1,0,1
ossicles,0,1,0,1
ossicliscope,0,1,0,1
ossss,0,1,0,1
ost,4,15,12,31
ostatni,0,2,1,3
ostatnia,0,0,2,2
ostatnio,0,5,0,5
ostendit,0,1,0,1
ostentatious,0,0,1,1
osteoarthritis,0,0,1,1
osteopath,2,0,0,2
osteoporosis,1,5,0,6
osterich,0,0,1,1
ostracized,0,0,6,6
ostrich,1,7,18,26
ostriche,0,1,0,1
ostriches,0,0,1,1
ostrisized,0,0,1,1
osts,0,0,1,1
osu,6,26,11,43
osum,0,1,0,1
osuna,0,1,0,1
osuuuuu,0,4,0,4
oswald,11,8,2,21
oswalt,0,2,0,2
oswelf,0,0,1,1
osx,3,0,0,3
ot,12,9,36,57
ota,1,0,2,3
otacon,0,0,1,1
otaki,1,0,0,1
otaku,0,1,2,3
otamendi,0,4,0,4
otb,0,1,0,1
otbc,0,0,5,5
otber,0,1,0,1
otc,0,0,2,2
otch,0,1,0,1
otep,0,1,0,1
otf,0,1,0,1
otg,0,1,0,1
oth,0,3,0,3
otha,0,0,1,1
othas,0,0,1,1
othe,1,0,7,8
other,4162,12,6881,11055
otherme,1,0,0,1
otherness,0,0,4,4
others,387,144,1749,2280
othersd,0,0,4,4
otherside,0,0,7,7
otherstories,0,5,5,10
otherwise,166,27,467,660
otherwize,6,0,0,6
otherwords,0,0,2,2
otherworldly,0,0,3,3
othrs,0,6,0,6
othwr,0,0,1,1
otieno,4,3,0,7
otiginal,0,0,6,6
otis,0,5,1,6
otisao,0,2,0,2
otll,0,0,1,1
oto,0,4,0,4
otoh,0,0,1,1
otomatones,0,0,3,3
otomo,1,0,0,1
otorgarle,0,4,0,4
otp,1,4,7,12
otps,0,0,2,2
otr,1,0,0,1
otra,12,49,3,64
otras,6,5,2,13
otrauma,0,5,0,5
otraves,0,1,0,1
otrivin,0,1,0,1
otro,5,45,19,69
otroligt,0,1,0,1
otros,4,28,23,55
ots,2,6,4,12
ott,6,0,5,11
ottawa,0,0,5,5
otter,7,0,4,11
otterbox,0,0,1,1
ottima,5,16,0,21
otto,6,9,17,32
ottolenghi,0,0,2,2
ottoman,0,10,18,28
ottomen,1,0,0,1
ottt,0,1,0,1
otw,0,4,0,4
otwiera,0,2,0,2
ou,7,138,29,174
ouai,0,0,25,25
ouais,0,1,0,1
ouapflbw,0,0,1,1
ouat,0,1,1,2
oubli,2,4,0,6
oublie,0,0,2,2
oublier,0,6,0,6
oubliera,0,2,0,2
oublieras,0,2,0,2
ouch,14,38,43,95
ouchy,1,0,0,1
oud,0,1,4,5
oude,0,2,0,2
ouder,0,1,2,3
ouders,0,6,0,6
ouf,0,4,2,6
ouff,0,0,2,2
oufit,0,0,1,1
oufits,0,0,4,4
ougga,0,4,0,4
ought,14,7,18,39
oughta,0,4,24,28
oughtta,0,8,0,8
ougieu,0,1,0,1
ouh,0,3,0,3
ouhh,0,1,0,1
ouhhh,0,0,1,1
oui,0,11,6,17
ouige,0,1,0,1
ouija,5,10,3,18
ouioui,0,1,0,1
oujia,0,1,0,1
ouka,0,0,3,3
oukitel,0,1,0,1
ouktiel,0,3,0,3
oum,0,0,2,2
oumag,0,2,0,2
ounce,10,2,17,29
ounces,0,8,5,13
ounli,0,1,0,1
ouo,8,0,1,9
oups,0,0,1,1
our,1747,1047,5995,8789
ouran,0,0,1,1
ourbest,0,0,1,1
ourbrains,0,0,2,2
ourculture,0,0,1,1
ourguy,0,4,0,4
ouring,0,0,1,1
ourl,0,0,6,6
ourmetal,2,0,0,2
ouro,0,4,0,4
ouroboros,2,0,0,2
ours,36,22,72,130
ourself,2,1,9,12
ourselfs,0,0,2,2
ourselves,50,29,243,322
ous,0,1,1,2
ouside,0,0,2,2
ousmane,0,10,0,10
ousside,1,2,1,4
oust,2,0,0,2
ousted,0,3,0,3
oustside,0,2,0,2
out,6929,5807,18005,30741
outa,2,12,4,18
outacted,0,0,3,3
outage,0,0,1,1
outages,0,0,1,1
outback,0,4,5,9
outbid,1,0,0,1
outbonoing,0,1,0,1
outbound,0,1,0,1
outbreak,5,1,8,14
outbreaks,0,0,5,5
outbreet,0,0,1,1
outburst,0,0,3,3
outbursts,0,0,2,2
outcast,8,5,66,79
outcasts,0,0,3,3
outchea,0,3,0,3
outchyo,0,0,1,1
outclassed,1,0,1,2
outcold,0,4,0,4
outcome,24,5,58,87
outcomes,6,0,1,7
outcompete,2,0,0,2
outcry,42,0,8,50
outdated,21,0,19,40
outdaughtered,0,0,1,1
outdid,0,0,10,10
outdo,0,5,1,6
outdoing,0,0,1,1
outdone,0,3,23,26
outdoor,18,4,29,51
outdoors,4,6,23,33
outdoorsy,0,0,2,2
outdraw,0,1,0,1
outed,3,3,4,10
outer,29,20,56,105
outerdpace,0,1,0,1
outerspace,0,0,2,2
outf,0,1,0,1
outfiiittt,0,0,6,6
outfir,0,0,4,4
outfit,94,253,876,1223
outfits,46,90,444,580
outfitter,0,0,4,4
outfitters,5,12,13,30
outfitting,0,5,0,5
outfittt,0,1,0,1
outfoxed,0,0,1,1
outfunnied,1,0,0,1
outfut,0,1,0,1
outgoing,0,0,15,15
outgrew,1,0,5,6
outgrow,2,0,0,2
outgrowing,0,0,2,2
outgrown,0,0,1,1
outh,0,3,0,3
outhouse,1,1,1,3
outide,0,0,4,4
outifit,0,0,2,2
outift,0,0,2,2
outing,1,1,7,9
outings,0,0,6,6
outisde,0,1,0,1
outkast,0,6,6,12
outlander,7,16,39,62
outlandish,5,0,11,16
outlandishly,0,0,7,7
outlast,0,5,2,7
outlaw,1,1,4,6
outlawed,0,1,2,3
outlawing,0,0,1,1
outlaws,0,0,3,3
outlet,10,10,31,51
outlets,9,2,32,43
outliers,1,0,5,6
outline,5,1,8,14
outlined,0,0,5,5
outlines,0,0,1,1
outlining,0,0,2,2
outlive,0,1,5,6
outlived,0,0,1,1
outlives,0,0,2,2
outlook,3,1,46,50
outlooks,1,0,0,1
outloud,1,1,2,4
outmatched,1,1,0,2
outmoded,0,1,0,1
outnumber,3,0,4,7
outnumbered,0,0,3,3
outpaces,0,2,0,2
outpatient,0,0,2,2
outperform,1,0,0,1
outperforms,1,0,0,1
outplayed,0,0,7,7
outpost,0,0,5,5
outpouring,0,0,1,1
output,7,4,38,49
outputs,0,0,3,3
outputting,0,0,1,1
outra,0,1,0,1
outrage,28,10,12,50
outraged,38,0,4,42
outrageous,45,0,7,52
outrageously,9,3,9,21
outrages,0,1,1,2
outrances,0,8,8,16
outras,0,2,0,2
outreach,1,0,8,9
outrebounded,0,0,2,2
outrides,0,1,0,1
outright,10,1,36,47
outro,15,134,153,302
outros,0,6,4,10
outrotrack,0,1,0,1
outrun,0,0,6,6
outs,13,13,35,61
outsell,0,0,1,1
outselling,0,0,1,1
outsells,1,0,0,1
outshine,0,0,2,2
outshined,0,0,7,7
outshines,0,6,0,6
outshone,0,1,3,4
outsid,0,1,0,1
outside,202,150,637,989
outsider,11,5,5,21
outsiders,0,2,7,9
outsides,0,0,4,4
outskirts,0,0,1,1
outsmack,0,0,6,6
outsmart,0,1,2,3
outsmarted,1,0,0,1
outsode,0,0,1,1
outsource,0,0,4,4
outsourced,0,0,1,1
outspoken,4,5,16,25
outstand,0,2,0,2
outstandig,0,0,4,4
outstanding,4,0,144,148
outstretched,0,0,4,4
outstrip,0,0,3,3
outt,0,0,3,3
outta,124,70,95,289
outtake,0,0,2,2
outtakes,6,8,8,22
outter,0,0,3,3
outthere,1,0,3,4
outtro,0,7,5,12
outtt,0,2,0,2
outtta,0,1,0,1
outttt,3,1,0,4
outtttt,0,1,0,1
outtttttt,0,7,1,8
outttttttt,0,0,5,5
outuben,0,3,0,3
outubro,0,2,0,2
oututune,0,1,0,1
outve,0,0,1,1
outward,1,1,7,9
outwardly,2,0,7,9
outwards,0,2,5,7
outway,0,0,2,2
outways,0,0,1,1
outweigh,8,0,5,13
outweighed,1,0,2,3
outweighing,0,0,2,2
outweighs,0,3,3,6
outwit,0,0,3,3
outxoxoxo,0,1,0,1
ouu,0,1,0,1
ouuu,0,6,1,7
ouuuii,0,1,0,1
ouuurr,0,0,1,1
ouuuse,2,0,0,2
ouuuu,0,0,2,2
ouuuuh,0,1,0,1
ouuuut,1,1,0,2
ouuuuu,0,0,2,2
ouuuuut,0,0,1,1
ouuuuuu,0,0,2,2
ouuuuuuuut,0,1,0,1
ouuuuuuuuuuuu,0,1,0,1
ouuuuuuuuuuuuu,0,1,0,1
ouuuuuuuuuuuuuu,0,1,0,1
ouuuuuuuuuuuuuuuuuuuuuu,0,1,0,1
ouvi,0,4,0,4
ouvidos,0,4,0,4
ouvindo,0,6,0,6
ouvir,0,10,0,10
ouw,0,1,0,1
ouwe,1,2,0,3
ov,7,8,5,20
ova,0,5,5,10
oval,7,2,5,14
ovalles,0,1,0,1
ovard,0,0,5,5
ovarian,6,3,3,12
ovarians,0,0,2,2
ovaries,35,11,21,67
ovary,3,0,16,19
ovation,5,5,13,23
ovbious,3,0,0,3
ovbs,0,0,5,5
ove,1,7,5,13
ovechkin,0,0,5,5
ovee,0,0,1,1
oveer,0,0,4,4
oven,15,54,55,124
ovens,0,6,2,8
ovepfpnmn,0,1,0,1
over,2395,1735,5432,9562
overabundance,1,0,0,1
overachiever,0,1,0,1
overacted,0,0,2,2
overacting,3,0,3,6
overactive,1,0,3,4
overal,0,2,1,3
overall,77,23,309,409
overalls,2,2,8,12
overamplified,0,0,2,2
overanalyzing,0,2,2,4
overarching,0,0,3,3
overated,7,6,5,18
overatedddddddddddddd,0,1,0,1
overbearing,0,0,6,6
overbite,0,1,2,3
overbloated,1,0,0,1
overblown,0,0,5,5
overboard,8,0,3,11
overbook,0,3,0,3
overbooked,0,1,0,1
overbroad,0,1,0,1
overcame,1,0,11,12
overcast,0,0,4,4
overcharge,0,0,4,4
overcharged,0,1,0,1
overcharging,0,0,5,5
overclocked,0,0,1,1
overclocking,0,1,0,1
overcoats,3,0,0,3
overcome,31,5,106,142
overcomes,0,0,2,2
overcoming,2,0,20,22
overcompensatin,0,0,1,1
overcomplicate,0,4,1,5
overcomplicates,0,0,1,1
overcompressed,0,0,2,2
overconfident,0,1,8,9
overconsumption,0,0,1,1
overcontrol,1,0,0,1
overcooked,0,6,7,13
overcorrect,1,0,6,7
overcorrected,0,0,1,1
overcorrecting,3,0,0,3
overcorrection,1,0,3,4
overcorrections,0,0,2,2
overcorrects,0,0,1,1
overcostly,1,0,0,1
overcrowded,1,0,0,1
overcurl,0,0,5,5
overdid,0,0,3,3
overdo,0,0,7,7
overdocumenting,3,0,0,3
overdoing,1,0,8,9
overdone,3,2,8,13
overdose,8,6,13,27
overdosed,2,0,7,9
overdoses,0,0,1,1
overdosing,0,1,3,4
overdraft,1,0,8,9
overdramatic,1,0,1,2
overdrive,0,6,6,12
overdubbing,1,0,0,1
overdue,2,3,14,19
overe,0,0,1,1
overeat,0,0,5,5
overeating,0,0,13,13
overed,0,1,0,1
overeem,0,0,6,6
overemphasis,0,0,1,1
overestimated,0,0,3,3
overestimating,0,1,3,4
overexagerated,0,2,0,2
overexaggerated,1,0,0,1
overexploited,0,0,3,3
overexposed,0,0,3,3
overexposure,0,0,4,4
overextend,0,4,0,4
overextending,0,2,0,2
overfishing,0,0,3,3
overflow,0,3,7,10
overflowing,1,1,4,6
overflows,2,0,0,2
overfunded,0,0,2,2
overgeneralizations,0,0,1,1
overgeneralizes,0,0,1,1
overground,0,4,4,8
overgrown,6,3,7,16
overgrowth,0,0,1,1
overhaul,11,0,16,27
overhead,2,7,17,26
overheard,0,0,8,8
overhearing,0,2,0,2
overheat,0,2,0,2
overheated,0,0,10,10
overheating,1,10,3,14
overheats,0,0,1,1
overhype,1,0,2,3
overhyped,10,7,12,29
overhyphed,0,0,1,1
overhyping,0,1,14,15
overies,3,0,0,3
overit,0,2,0,2
overjoyed,0,3,10,13
overkill,2,2,11,15
overlaid,0,1,2,3
overland,0,0,3,3
overlap,0,3,14,17
overlapping,2,0,9,11
overlaps,2,0,0,2
overlaughing,0,1,0,1
overlay,5,2,11,18
overlaying,0,0,1,1
overline,0,0,1,1
overlines,0,1,0,1
overlining,0,0,1,1
overload,3,25,18,46
overloaded,1,1,1,3
overloded,0,1,0,1
overlong,0,0,4,4
overlook,4,0,15,19
overlooked,7,8,15,30
overlooking,0,0,15,15
overlooks,0,0,4,4
overlords,3,3,3,9
overly,21,5,119,145
overmars,0,0,5,5
overnight,9,22,65,96
overpaid,15,7,16,38
overpass,1,0,0,1
overpaying,0,0,1,1
overpilled,0,0,2,2
overplay,0,1,5,6
overplayed,3,0,4,7
overplucked,0,0,6,6
overpo,0,4,0,4
overpolluted,0,0,3,3
overpopulate,2,1,1,4
overpopulated,4,2,6,12
overpopulating,0,3,1,4
overpopulation,14,12,20,46
overpower,1,0,10,11
overpowered,22,29,75,126
overpowering,0,0,11,11
overpoweringly,0,0,1,1
overpowers,0,0,3,3
overprice,1,0,4,5
overpriced,40,15,63,118
overpricing,0,0,2,2
overpricy,0,0,2,2
overprised,1,0,0,1
overprized,0,0,3,3
overproduced,4,0,11,15
overproduction,0,4,0,4
overpronounced,1,0,0,1
overprotective,1,0,0,1
overqualified,0,0,5,5
overr,0,1,0,1
overrate,0,0,5,5
overrated,86,145,191,422
overratted,0,0,1,1
overreach,4,0,0,4
overreact,11,0,1,12
overreacted,0,1,0,1
overreacting,12,11,8,31
overreaction,0,0,7,7
overreactions,0,0,6,6
overreactors,1,0,0,1
overreacts,4,0,0,4
override,5,0,4,9
overrides,4,0,0,4
overriding,0,0,8,8
overrrr,0,1,0,1
overrrrrrpriced,0,2,0,2
overrun,3,0,10,13
overrunned,1,0,0,1
overruns,0,0,2,2
overs,1,0,19,20
oversang,1,0,0,1
oversaturated,2,0,3,5
oversaw,5,0,0,5
overschakelijk,1,0,0,1
overseas,16,8,33,57
overseassssss,0,4,0,4
oversee,1,0,4,5
overseeing,1,0,3,4
overseen,0,0,6,6
oversensitive,2,5,0,7
oversexualized,0,1,0,1
overshadow,1,0,4,5
overshadowed,1,8,14,23
overshare,0,0,4,4
oversharing,3,0,0,3
oversharpened,4,0,0,4
overshoot,1,0,1,2
oversight,5,1,4,10
oversimplification,0,1,0,1
oversimplified,1,0,1,2
oversimplifies,1,0,0,1
oversize,2,3,16,21
oversized,10,14,43,67
overspray,0,0,3,3
overstand,0,1,5,6
overstate,1,0,0,1
overstating,1,0,0,1
overstayed,0,0,1,1
oversteer,1,0,1,2
overstepped,0,0,1,1
overstepping,0,0,1,1
overstocked,0,0,1,1
overstretching,0,0,1,1
overstriding,0,0,1,1
overt,0,1,5,6
overtake,0,0,6,6
overtaken,6,0,0,6
overtakes,0,0,2,2
overtax,0,0,1,1
overthink,8,2,13,23
overthinking,4,4,9,17
overthrew,8,0,0,8
overthrow,3,2,4,9
overthrowing,0,0,5,5
overthrown,6,0,3,9
overtime,4,2,11,17
overtly,0,0,4,4
overton,4,0,12,16
overtone,0,2,3,5
overtones,4,1,12,17
overtook,0,1,6,7
overture,1,3,0,4
overusage,0,0,1,1
overuse,3,0,7,10
overused,6,7,27,40
overuses,0,2,0,2
overvalued,1,0,2,3
overview,0,0,18,18
overwatch,22,74,64,160
overwatered,0,2,0,2
overweight,38,3,68,109
overwelming,4,0,0,4
overwhaleming,1,0,0,1
overwhelm,1,0,4,5
overwhelmed,14,8,23,45
overwhelming,16,0,104,120
overwhelmingly,2,0,20,22
overwhelms,3,0,0,3
overwood,0,0,1,1
overwork,3,0,0,3
overworked,0,0,3,3
overworld,1,0,0,1
overwrite,0,0,3,3
overwrites,0,0,1,1
overwritten,0,0,2,2
overwtach,0,0,1,1
overzealous,0,0,2,2
ovet,0,0,8,8
ovia,19,0,45,64
ovial,0,0,3,3
ovidi,0,0,5,5
oviedo,0,0,5,5
oving,0,0,1,1
ovisoley,0,1,0,1
ovni,3,0,0,3
ovo,0,11,2,13
ovokkkkkxvideoskkkkkkk,0,2,0,2
ovos,0,7,0,7
ovs,0,3,3,6
ovulate,3,0,2,5
ovulating,0,0,3,3
ovulation,3,0,2,5
ovum,0,1,0,1
ovviamente,0,2,1,3
ovviusly,0,3,0,3
ovvv,0,3,0,3
ovvver,0,0,1,1
ow,23,44,50,117
owa,0,4,0,4
owasome,0,0,2,2
owc,0,0,1,1
owch,0,1,0,1
owchi,0,1,0,1
owe,15,11,81,107
owed,6,3,12,21
owels,0,0,1,1
owen,22,34,69,125
oweners,1,0,0,1
owens,46,100,75,221
ower,0,1,1,2
owerpriced,0,0,1,1
owes,3,0,6,9
owesome,0,1,0,1
owh,0,2,0,2
owhh,0,1,0,1
owhmygawhd,0,0,2,2
owie,1,9,0,10
owiek,0,2,0,2
owing,0,0,9,9
owjshdlskshd,0,0,1,1
owl,1,17,6,24
owlette,0,2,0,2
owlf,0,1,0,1
owls,3,4,4,11
owmaygad,0,1,0,1
own,486,14,4957,5457
owned,43,33,157,233
ownens,0,1,0,1
owner,60,24,128,212
owners,70,19,159,248
ownership,8,2,28,38
ownie,0,2,0,2
owning,21,23,55,99
ownnnn,0,3,0,3
owns,18,20,49,87
owo,0,8,1,9
owow,0,1,0,1
owsam,0,1,0,1
owsla,0,6,0,6
owsm,0,2,0,2
owuld,0,0,1,1
owva,0,0,2,2
oww,0,2,1,3
owwh,0,3,0,3
owww,0,1,0,1
owwww,0,1,0,1
owwwwn,0,1,0,1
owwwwwwwwn,0,1,0,1
owwwwwwwwwwwwowwwww,0,1,0,1
owy,0,2,1,3
owziwm,0,0,1,1
ox,30,24,54,108
oxdales,0,0,1,1
oxegen,1,0,1,2
oxford,6,13,13,32
oxidation,1,0,6,7
oxide,0,6,15,21
oxides,1,0,1,2
oxidice,1,0,0,1
oxidisation,1,0,1,2
oxidise,1,2,2,5
oxidised,2,0,0,2
oxidises,0,1,11,12
oxidization,1,0,1,2
oxidize,1,1,8,10
oxidized,5,3,6,14
oxidizes,3,1,1,5
oxidizing,1,0,3,4
oxies,0,0,1,1
oxigeno,0,1,0,1
oxitane,0,2,0,2
oxlade,6,6,0,12
oxle,0,0,1,1
oxo,0,0,3,3
oxox,0,0,6,6
oxoxo,0,0,1,1
oxoxooxox,0,0,4,4
oxsidies,1,0,0,1
oxsigent,0,0,1,1
oxtail,4,0,0,4
oxy,0,4,4,8
oxybutynin,0,1,1,2
oxycontin,0,1,1,2
oxydase,0,0,1,1
oxygen,19,25,26,70
oxygene,0,0,2,2
oxymoron,6,0,2,8
oxytosin,0,0,2,2
oy,3,28,6,37
oyakodon,1,0,0,1
oye,1,15,4,20
oyes,0,1,0,1
oynad,0,2,0,2
oynamak,0,1,0,1
oynar,0,1,0,1
oynayal,0,1,0,1
oynayan,0,1,0,1
oyniyorlardi,0,0,1,1
oyster,2,8,8,18
oysters,6,7,7,20
oyu,2,0,1,3
oyul,0,0,2,2
oyun,0,1,0,1
oyuncular,0,2,0,2
oyununa,0,2,0,2
oyyhhg,0,4,0,4
oz,8,7,53,68
ozawa,0,1,0,1
ozeki,0,0,1,1
ozelle,1,0,0,1
ozeroo,0,0,4,4
ozil,50,38,117,205
ozils,2,2,0,4
ozmoroid,0,0,1,1
ozone,2,2,3,7
ozric,0,1,0,1
ozu,1,0,0,1
ozuma,0,1,0,1
ozuna,4,52,2,58
ozunaa,0,1,0,1
ozut,0,2,0,2
ozzes,0,0,2,2
ozzie,3,2,20,25
ozzy,0,1,4,5
ozzyman,0,1,0,1
pa,3,181,59,243
paaaaauuuuuullll,0,1,0,1
paaaawerr,0,1,0,1
paaainnnnnusssssss,0,2,0,2
paaaleeeease,0,1,0,1
paaark,0,0,1,1
paak,0,10,0,10
paal,0,1,0,1
paaleeease,0,0,2,2
paamplemoose,0,1,0,1
paar,0,2,5,7
paawer,0,2,0,2
pabibo,0,1,0,1
pabllo,4,11,0,15
pablo,16,37,24,77
pablooo,0,1,0,1
pablos,0,1,0,1
pablum,1,0,0,1
pabo,0,0,1,1
pabona,0,0,2,2
paboom,0,1,0,1
pabooo,0,1,0,1
pabst,0,1,1,2
pac,27,32,21,80
pacc,1,0,0,1
pace,32,25,119,176
paced,1,3,40,44
pacem,1,1,0,2
pacemaker,0,0,1,1
pacer,2,1,6,9
paces,8,2,11,21
pacey,1,0,0,1
pachbel,1,0,0,1
pacheco,1,0,0,1
pachelbel,1,0,0,1
pachi,0,12,0,12
pachimari,0,0,8,8
pachimaris,0,4,0,4
pacian,1,0,0,1
paciencia,0,1,0,1
pacier,0,0,1,1
pacific,28,46,63,137
pacifica,0,0,3,3
pacifier,0,1,0,1
pacifiers,0,2,0,2
pacifin,0,1,0,1
pacifist,4,0,0,4
pacifit,0,1,0,1
pacify,0,0,1,1
pacing,21,1,54,76
pacino,2,2,1,5
pack,53,80,199,332
package,15,30,87,132
packaged,1,0,13,14
packages,5,7,15,27
packaging,35,39,123,197
packagingggg,0,0,2,2
packard,0,4,0,4
packed,15,5,74,94
packer,0,2,4,6
packers,1,6,0,7
packet,15,23,33,71
packets,4,9,18,31
packgaing,0,0,2,2
packie,0,4,0,4
packin,0,0,1,1
packing,6,10,40,56
packinski,0,1,0,1
packoh,0,0,1,1
packs,18,21,55,94
pacman,0,0,1,1
pacmansuper,1,0,0,1
pacquaio,0,0,2,2
pacquiao,1,1,3,5
pacs,0,3,0,3
pact,0,0,8,8
pacts,0,0,1,1
pacum,1,0,0,1
pad,16,30,63,109
pada,0,5,0,5
padahal,0,1,0,1
padalecki,0,0,5,5
padded,1,0,5,6
padden,1,0,0,1
padding,0,1,4,5
paddings,0,2,0,2
paddington,0,1,4,5
paddle,1,1,12,14
paddles,0,0,1,1
paddling,1,10,0,11
paddoch,3,0,0,3
paddock,25,16,53,94
paddocks,5,0,0,5
paddox,7,0,0,7
paddy,0,1,4,5
paderborn,0,1,0,1
padi,0,0,4,4
padidabadapipapa,0,1,0,1
padiddle,0,2,0,2
padigadipapa,0,0,2,2
padildo,0,2,0,2
padilla,2,4,2,8
padm,0,0,2,2
padma,0,1,0,1
padmavati,0,1,0,1
padme,5,6,4,15
pado,0,0,5,5
padr,0,4,15,19
padrastro,1,0,0,1
padre,0,35,5,40
padres,2,9,0,11
padrismo,0,1,0,1
padron,5,15,3,23
pads,11,17,52,80
padsickles,0,0,2,2
paducas,0,0,2,2
paedo,5,0,0,5
paedohile,0,0,5,5
paedophile,7,0,11,18
paedophiles,1,0,14,15
paedophilia,0,2,0,2
paedos,1,0,0,1
paella,0,1,0,1
paelle,0,1,0,1
paernts,0,1,0,1
paesh,0,1,0,1
paetir,0,1,0,1
pafifc,0,0,2,2
pag,0,6,3,9
paga,0,5,0,5
pagaban,0,3,0,3
pagaling,0,5,0,5
pagalvosiu,0,3,0,3
pagan,12,0,1,13
pagando,0,3,0,3
pagani,0,1,0,1
pagar,6,8,0,14
pagaran,0,1,0,1
pagaron,0,7,0,7
page,144,237,529,910
pageant,0,5,8,13
pageantry,0,0,2,2
pageants,0,4,3,7
pagee,0,1,0,1
pagemaster,0,1,0,1
pager,0,0,1,1
pages,12,31,82,125
pagheremo,5,0,0,5
pagina,0,2,0,2
pagka,0,3,0,3
pago,0,8,0,8
pagol,0,0,2,2
pagu,0,4,0,4
pague,0,1,0,1
paguemos,0,2,0,2
pah,0,10,6,16
pahah,0,0,3,3
pahaha,0,1,0,1
pahahaha,0,1,0,1
pahamin,0,0,3,3
pahhahaha,0,0,1,1
pahlaniuk,0,0,1,1
pai,0,9,7,16
paia,0,1,0,1
paiamas,0,3,0,3
paid,206,137,496,839
paige,6,6,4,16
paik,0,0,1,1
pailin,0,0,3,3
pain,335,167,849,1351
pained,0,2,0,2
painful,257,2,94,353
painfull,4,0,6,10
painfully,33,1,10,44
paing,0,0,1,1
paining,0,1,0,1
painkiller,0,0,1,1
painkillers,5,2,2,9
painless,4,1,3,8
painnnnn,0,1,0,1
painnnnnn,0,1,0,1
paino,0,0,2,2
painoboy,1,0,0,1
pains,17,12,37,66
painstakingly,1,0,4,5
paint,69,99,263,431
paintball,2,2,19,23
paintballing,0,6,0,6
paintballs,0,1,0,1
paintbrush,0,1,3,4
painted,12,42,63,117
painter,0,0,2,2
painters,1,0,4,5
painting,54,69,149,272
paintings,9,4,7,20
paints,1,8,46,55
paintwork,0,0,1,1
painty,0,0,5,5
pair,76,58,266,400
paired,7,1,60,68
pairing,2,3,20,25
pairings,5,0,0,5
pairs,15,13,44,72
pais,0,20,4,24
paisa,0,5,0,5
paise,0,4,0,4
paises,0,16,1,17
paisley,0,0,1,1
paisseur,0,1,0,1
paitning,0,0,4,4
paix,0,0,1,1
paizley,1,0,0,1
pajak,0,0,3,3
pajama,4,9,27,40
pajamas,4,6,34,44
pajaro,0,1,0,1
pajas,0,3,0,3
pajdak,0,0,2,2
pajeet,0,6,0,6
pajero,0,1,0,1
pajeros,0,3,0,3
pajnnnnnnnnts,0,1,0,1
pak,0,2,3,5
pakai,0,1,0,1
pakas,0,1,0,1
pake,0,4,0,4
paket,0,0,4,4
paki,5,7,6,18
pakin,0,1,0,1
pakinggan,0,1,0,1
pakis,4,0,1,5
pakist,1,0,0,1
pakistan,8,18,48,74
pakistani,16,12,13,41
pakje,0,1,0,1
pakjes,0,1,0,1
pakken,0,1,0,1
pakman,0,1,0,1
pakup,0,0,1,1
pakwiojaiojwioujiowjapjwjaoi,0,2,0,2
pal,16,20,32,68
pala,0,1,2,3
palab,1,2,0,3
palabiy,0,1,0,1
palabiyik,0,1,0,1
palabiyiki,0,2,0,2
palabra,0,3,1,4
palabras,1,21,6,28
palabrasxd,0,1,0,1
palace,71,54,104,229
palaces,1,0,0,1
palacios,0,3,0,3
paladins,0,1,0,1
palagea,0,1,0,1
palagi,0,0,1,1
palahniuk,0,0,1,1
palakas,0,1,0,1
palante,0,7,0,7
palaremzi,0,2,0,2
palatable,0,0,1,1
palate,4,0,8,12
palates,0,0,3,3
palatte,3,0,6,9
palaver,0,0,5,5
palavr,1,0,0,1
palavras,0,2,0,2
palawan,0,0,2,2
palce,0,3,0,3
pale,92,0,153,245
palemon,1,0,0,1
paleness,0,3,0,3
paleo,0,0,7,7
paleontology,0,0,8,8
paler,0,5,10,15
pales,0,0,4,4
palese,0,0,1,1
palestina,0,2,0,2
palestine,6,3,2,11
palestinian,12,1,2,15
palestinians,3,0,1,4
palestinine,0,0,3,3
paletos,0,6,0,6
palets,0,0,2,2
palette,88,168,785,1041
paletteee,0,0,1,1
paletteeeee,0,0,2,2
palettes,11,31,197,239
paletti,0,0,1,1
pali,1,5,2,8
palilli,0,0,1,1
paling,0,1,0,1
palinho,0,1,0,1
palkorr,0,1,0,1
palla,1,6,0,7
pallaso,0,1,0,1
palledium,0,0,4,4
pallet,14,36,105,155
pallete,6,9,39,54
palletes,1,4,14,19
pallets,0,8,39,47
pallette,4,1,35,40
pallettes,0,0,1,1
pallettte,0,3,0,3
palletway,0,4,0,4
palletways,9,21,16,46
palli,0,0,1,1
pally,0,0,1,1
palm,17,21,23,61
palmar,2,2,0,4
palmed,0,1,0,1
palmela,1,0,0,1
palmer,0,3,10,13
palmers,0,0,7,7
palmface,0,1,0,1
palms,4,3,14,21
palo,1,15,1,17
paloma,1,5,3,9
palos,0,5,0,5
palpable,0,0,5,5
palpatine,2,12,8,22
palpatines,0,1,0,1
palphertine,0,1,0,1
pals,14,11,15,40
palsy,1,0,16,17
paltalk,0,2,0,2
paltrow,0,10,13,23
paltrows,0,4,0,4
paltry,0,0,3,3
paludamen,0,1,0,1
paly,6,0,0,6
palying,0,1,0,1
pam,7,21,5,33
pamaj,0,2,0,2
pambansang,0,1,0,1
pambazos,0,1,0,1
pambisito,0,1,0,1
pamela,6,1,6,13
pami,0,10,3,13
pamper,9,10,5,24
pampered,4,0,0,4
pampering,0,2,1,3
pampers,4,1,0,5
pamphlet,0,0,1,1
pamplemoose,0,1,0,1
pamplemousse,0,3,0,3
pamyu,0,1,0,1
pan,49,100,129,278
pana,0,1,0,1
panaa,0,1,0,1
panacloc,0,0,1,1
panadero,0,6,0,6
panalo,0,1,0,1
panam,0,2,42,44
panama,5,8,0,13
panamanian,5,0,0,5
paname,0,0,13,13
panas,0,5,0,5
panasonic,0,0,2,2
panavision,3,0,0,3
panayiotou,0,5,0,5
panca,0,5,0,5
pancake,3,28,28,59
pancakes,5,23,13,41
pancarte,0,1,0,1
pancras,0,0,4,4
pancreas,10,2,6,18
pancreatic,1,0,1,2
pancreatitis,4,0,0,4
panda,12,104,68,184
pandaaaaaa,0,3,0,3
pandalf,0,1,0,1
pandaplanner,0,0,1,1
pandas,1,4,6,11
pandemic,0,0,2,2
pandemics,1,0,0,1
pander,4,0,8,12
pandered,1,0,0,1
panderer,0,5,0,5
pandering,21,2,16,39
panders,0,0,6,6
pandex,0,3,0,3
pandillero,0,0,1,1
pandora,6,1,9,16
pane,1,0,3,4
panel,15,14,69,98
paneled,0,0,1,1
panelllll,0,9,0,9
panels,13,4,29,46
panera,0,0,4,4
panettiere,2,0,0,2
pang,0,0,3,3
pangaislife,0,0,1,1
pangina,0,3,0,3
pangit,0,0,1,1
pangolin,0,0,2,2
pani,0,5,0,5
panic,61,48,136,245
panick,0,1,1,2
panicked,7,1,9,17
panicker,0,0,2,2
panicking,1,4,15,20
panickingggg,0,1,0,1
panicky,0,0,2,2
panics,0,1,2,3
panini,3,5,1,9
panisnotonfire,0,2,0,2
panisonfire,0,2,0,2
panjang,0,2,0,2
panjin,0,0,3,3
panna,0,3,1,4
pannas,0,2,0,2
panned,0,4,17,21
panniculitis,1,0,0,1
pannier,0,1,0,1
panning,1,1,0,2
panninis,0,1,0,1
panny,1,0,0,1
pano,0,1,0,1
panonoorin,0,2,0,2
panorama,0,1,4,5
panos,0,2,0,2
panowie,3,8,0,11
panoxyl,0,0,2,2
panpa,0,1,0,1
panpan,0,1,0,1
panpipe,0,0,1,1
pans,15,8,16,39
pansamantalang,0,0,1,1
pansexual,10,9,8,27
pansiano,0,1,0,1
pansies,3,0,1,4
pansino,1,37,14,52
pansinoe,0,1,0,1
pansinos,0,0,5,5
pansiono,0,1,0,1
pansy,8,9,1,18
pansys,2,0,0,2
pant,5,11,14,30
pantalla,0,2,0,2
pantallas,0,2,0,2
pantalones,0,2,0,2
pantareaunpleasantness,0,1,0,1
pantas,0,3,0,3
pantechnolegy,0,0,1,1
pantene,0,0,2,2
pantera,0,10,1,11
pantes,0,7,0,7
pantesan,0,1,0,1
pantheists,0,0,1,1
panther,10,7,20,37
panthers,0,1,4,5
pantie,0,3,4,7
panties,11,25,41,77
pantiliner,2,0,0,2
panting,7,2,10,19
panto,0,0,10,10
pantomime,0,4,1,5
pantomimes,1,0,0,1
pantoprazole,0,0,2,2
pants,176,248,438,862
pantsss,0,1,2,3
pantsuit,7,0,5,12
panty,4,3,7,14
pantyhose,0,0,5,5
pantyliner,0,2,0,2
pantyliners,0,2,0,2
pantywaist,4,0,0,4
panuorin,1,0,0,1
panus,0,11,0,11
panzer,0,1,0,1
panzies,0,0,4,4
panzy,0,5,0,5
pao,0,1,3,4
paolini,0,0,4,4
paolo,0,7,4,11
pap,7,36,7,50
papa,10,26,47,83
papaa,0,0,2,2
papabagidagidapapa,0,1,0,1
papaer,1,0,1,2
papailoma,0,0,1,1
papalit,0,1,0,1
papanatas,0,2,0,2
papap,0,1,0,1
papapapap,0,2,1,3
papapapapa,0,2,0,2
papapapapapapagagpapgpagpapgpapgapapgpagapgpagpgapgpggpapgapgppagpapgapgpapgapgpagpapgpapgpagpagpapgapgpapgapgpapgpapgpapgpapgpagpapgpgpagpagpgpapapapgpapgagpapgppapgpagpagpapg,0,1,0,1
papapassion,0,1,0,1
papar,0,1,0,1
paparazzi,8,4,9,21
papardelle,0,1,0,1
papas,0,6,0,6
papasinos,0,0,1,1
papasito,0,1,0,1
papasote,0,1,0,1
papasssss,0,1,0,1
papaya,4,12,7,23
pape,0,1,1,2
papel,0,2,0,2
paper,245,159,543,947
paperback,0,5,14,19
paperbacks,0,0,6,6
paperbark,0,1,0,1
papercuts,0,1,0,1
papere,0,5,0,5
papering,0,0,4,4
paperman,0,3,7,10
papermoon,0,1,0,1
papers,25,8,37,70
paperweight,0,0,1,1
paperwork,2,2,20,24
papery,0,2,0,2
papet,0,0,3,3
papi,1,19,6,26
papiamento,0,0,2,2
papichulo,0,0,1,1
papiii,0,1,0,1
papkpk,0,1,0,1
paplo,0,3,0,3
papo,2,0,0,2
papp,0,1,0,1
pappaw,1,0,0,1
papps,1,0,0,1
pappy,0,4,0,4
paprika,0,1,3,4
paprrrrrrrrrupitpitpitpitptiptiptitpitpiprtipiriroporpiptpapapaprrrrrrrrrru,0,1,0,1
paps,7,1,3,11
papu,0,2,0,2
papua,0,3,5,8
papucho,0,1,0,1
papuh,0,2,0,2
papura,0,1,0,1
papus,0,1,0,1
papyrus,1,1,0,2
papz,1,0,0,1
paquete,0,3,0,3
paquin,1,0,0,1
paquito,0,4,0,4
par,26,37,55,118
para,70,651,67,788
parab,0,20,13,33
paraben,0,0,2,2
parabens,1,3,2,6
parable,1,0,0,1
parabola,4,0,0,4
paracetamol,0,4,0,4
parachute,2,5,6,13
parachuting,2,0,0,2
paracord,0,0,1,1
paracosmos,0,0,3,3
parada,0,4,1,5
paradas,0,0,1,1
parade,48,0,19,67
parademon,0,0,2,2
parademons,1,0,1,2
parader,0,0,1,1
parades,6,0,3,9
paradidle,0,0,1,1
paradigm,0,0,13,13
parading,3,3,2,8
paradinha,0,1,0,1
paradis,0,1,0,1
paradisal,0,0,1,1
paradise,24,40,81,145
paradones,0,4,0,4
parador,0,2,2,4
paradox,2,3,22,27
paradoxes,1,0,0,1
paradoxical,2,0,1,3
paradoxically,0,0,1,1
parady,0,0,1,1
parafin,0,0,1,1
parag,0,0,2,2
paragon,1,3,5,9
paragone,0,5,0,5
paragraph,4,1,18,23
paragraphs,0,1,1,2
paraguay,0,45,8,53
paraguayos,0,5,0,5
parah,0,1,0,1
parakeet,0,0,1,1
paralase,0,1,0,1
paralasys,0,1,0,1
paralax,2,0,0,2
paralell,0,0,1,1
paraletts,0,0,5,5
paralised,0,0,1,1
parallax,4,0,2,6
parallel,29,12,44,85
parallels,10,0,6,16
paralyisi,0,1,0,1
paralysed,1,1,11,13
paralyses,0,1,1,2
paralysis,64,22,65,151
paralyzation,0,1,0,1
paralyze,0,0,1,1
paralyzed,14,2,16,32
paralyzing,6,0,1,7
param,0,4,0,4
paramedic,3,0,0,3
paramedics,0,4,0,4
paramejeet,0,1,0,1
parameter,3,0,0,3
parameters,0,0,3,3
paramilitary,2,0,1,3
paramjeed,0,1,0,1
paramjeet,2,11,4,17
paramore,3,17,70,90
paramoreforever,0,0,5,5
paramores,0,0,1,1
paramos,0,0,1,1
paramotor,0,0,3,3
paramount,0,3,12,15
paramours,0,0,1,1
parando,5,0,0,5
parandolo,0,1,0,1
parang,0,4,0,4
parannahs,0,0,1,1
paranoia,4,3,30,37
paranoid,28,31,52,111
paranoidly,0,0,1,1
paranormal,19,2,10,31
paranormalities,0,0,1,1
paranornal,0,0,1,1
parantha,0,0,2,2
paraody,0,0,1,1
paraoh,0,1,0,1
paraphernalia,1,0,0,1
paraphrase,0,0,5,5
paraphrased,0,0,1,1
paraphrasing,0,0,1,1
paraplegic,0,0,3,3
parar,0,17,0,17
pararle,0,5,0,5
pararon,0,5,0,5
pararse,0,1,0,1
parasalove,0,0,1,1
parasasweets,0,0,2,2
parasavlog,0,0,2,2
parasect,0,4,2,6
parasite,1,5,5,11
parasites,10,4,11,25
parasitic,4,2,2,8
parasitical,4,0,0,4
parasitology,0,0,1,1
parating,0,1,0,1
paratona,0,1,0,1
paraya,0,1,0,1
parbn,0,1,0,1
parc,0,12,4,16
parca,0,2,0,2
parce,0,8,3,11
parcel,2,20,2,24
parceria,0,1,0,1
parceros,0,2,0,2
parchase,0,0,2,2
parched,0,1,0,1
parches,0,4,0,4
parchment,8,1,0,9
parcontre,0,0,4,4
pardon,13,7,4,24
pardoned,0,0,3,3
pardons,0,0,2,2
pardox,0,0,1,1
pare,0,1,1,2
parece,19,108,11,138
parecem,0,1,0,1
parecen,0,9,0,9
parecendo,0,0,1,1
parecer,1,3,0,4
parecerse,1,0,0,1
pareces,0,2,0,2
pareci,0,8,0,8
parecia,0,3,0,3
parecida,0,5,0,5
parecido,3,16,2,21
parecidos,0,1,0,1
pareciendo,0,1,1,2
pareciera,0,1,3,4
parecio,0,15,0,15
pared,0,1,0,1
paree,0,0,2,2
pareggiato,0,1,1,2
pareggio,0,24,1,25
parehas,0,0,1,1
pareil,0,5,2,7
pareja,0,2,0,2
parejo,0,3,0,3
parekoy,0,0,2,2
parent,75,24,195,294
parentage,0,0,2,2
parental,0,10,15,25
parentheses,1,0,0,1
parenthesis,0,0,1,1
parenthetical,0,0,7,7
parenthood,12,0,6,18
parenting,33,18,93,144
parentingwin,0,0,1,1
parentlock,0,0,8,8
parents,404,276,858,1538
parentsdon,1,0,0,1
parenttrapstyle,0,1,0,1
pareo,0,1,0,1
parer,0,3,0,3
pares,0,0,1,1
pareto,0,0,1,1
parezca,0,5,4,9
parfait,0,10,2,12
parfaite,0,5,0,5
parfaitement,0,1,0,1
parfavar,0,1,0,1
parfect,0,6,0,6
parfum,7,0,1,8
parfume,0,0,6,6
parfumeur,0,0,2,2
parfums,0,0,3,3
pari,0,1,7,8
paridigm,0,0,2,2
parido,0,2,5,7
parie,0,5,0,5
pariente,0,1,0,1
pariety,1,0,0,1
parifin,0,1,0,1
parigots,0,4,0,4
parilize,1,0,0,1
parin,0,2,1,3
paring,6,0,6,12
pario,0,5,0,5
parip,0,2,0,2
paris,63,137,425,625
parish,13,0,0,13
parishioners,0,0,1,1
parishoot,0,0,1,1
parisian,0,0,15,15
parisiens,0,4,0,4
parisss,0,2,0,2
parities,1,0,0,1
parity,1,0,3,4
paritys,0,1,0,1
pariu,0,1,0,1
park,171,275,578,1024
parka,0,1,0,1
parked,28,9,15,52
parker,31,82,81,194
parkhourse,0,1,0,1
parking,41,31,57,129
parkings,0,0,2,2
parkinho,0,8,0,8
parkinson,0,0,6,6
parkinsons,1,3,1,5
parkjimin,0,1,0,1
parkk,0,1,0,1
parkkk,0,0,1,1
parklife,0,1,0,1
parkour,2,11,17,30
parkoured,0,0,1,1
parkourists,0,1,0,1
parkourse,0,1,0,1
parks,23,32,73,128
parl,0,0,1,1
parla,0,1,0,1
parlais,0,2,0,2
parlance,11,0,0,11
parlant,4,0,0,4
parlare,0,3,0,3
parlate,1,0,0,1
parlay,0,1,0,1
parle,0,1,4,5
parler,0,12,1,13
parles,0,2,0,2
parliament,11,12,41,64
parliamentary,0,0,9,9
parliment,0,5,0,5
parlo,0,1,0,1
parlor,0,0,2,2
parlour,0,0,3,3
parm,1,4,0,5
parmalee,0,2,0,2
parmapsmcag,0,1,0,1
parmesan,4,10,2,16
parmigiana,1,0,0,1
parmsean,0,1,0,1
parnthered,1,0,0,1
paro,0,6,10,16
parodia,0,3,0,3
parodian,0,0,3,3
parodied,2,0,3,5
parodies,6,2,14,22
parodist,3,0,0,3
parods,0,3,0,3
parody,57,112,107,276
parodying,2,1,3,6
parole,1,2,1,4
paroled,1,0,0,1
paroles,0,1,0,1
parq,0,2,0,2
parra,0,3,0,3
parranoided,0,1,0,1
parrapa,2,0,0,2
parries,0,0,2,2
parrilla,0,4,0,4
parrinoid,3,0,0,3
parrot,2,9,10,21
parroting,1,0,6,7
parrots,3,0,0,3
parry,4,2,3,9
parrying,0,0,5,5
parryth,1,0,0,1
parse,1,0,3,4
parsecs,1,0,0,1
parseltongue,0,1,0,1
parsi,2,0,0,2
parsimonious,1,0,0,1
parsley,0,1,3,4
parson,0,1,8,9
parsons,10,13,9,32
part,945,1142,3203,5290
partag,3,0,0,3
partaient,7,0,0,7
partake,1,2,13,16
partakers,0,0,5,5
partakes,1,0,0,1
partdid,0,0,2,2
parte,8,57,16,81
partecipa,0,5,0,5
parted,0,2,7,9
partent,0,2,0,2
parter,2,0,9,11
parterns,0,0,4,4
partes,2,7,9,18
parth,0,0,3,3
parti,0,7,0,7
partia,0,0,1,1
partial,8,0,11,19
partially,34,1,33,68
particals,0,0,1,1
participa,0,1,1,2
participaci,0,0,1,1
participant,0,0,2,2
participants,2,1,10,13
participate,7,15,56,78
participated,8,0,8,16
participates,1,0,3,4
participating,1,1,23,25
participation,4,7,15,26
participer,0,1,0,1
participle,1,0,2,3
participou,0,0,1,1
partick,0,1,1,2
particle,9,8,51,68
particles,15,15,41,71
particular,39,0,268,307
particulares,0,1,0,1
particularly,19,0,220,239
particulary,1,0,6,7
particulate,0,0,1,1
partidazo,0,9,1,10
partidendose,0,3,0,3
partido,7,173,7,187
partidos,0,26,9,35
partie,0,1,0,1
partied,0,0,8,8
partiendola,0,0,1,1
parties,42,39,136,217
partime,0,6,0,6
parting,0,0,8,8
partir,3,2,0,5
partire,0,0,2,2
partis,0,0,2,2
partisan,5,0,7,12
partisans,3,0,0,3
partisanship,0,1,0,1
partit,1,0,0,1
partita,5,57,1,63
partite,0,2,0,2
partition,0,0,6,6
partitioning,0,0,3,3
partly,13,6,32,51
partner,75,24,188,287
partnered,0,1,12,13
partnering,0,1,1,2
partners,11,5,40,56
partnership,1,16,14,31
partnerships,0,0,4,4
parton,0,6,0,6
partono,0,3,0,3
partout,2,0,0,2
partridge,0,2,0,2
parts,132,71,454,657
parttayyy,1,0,0,1
partum,2,2,12,16
partway,0,0,1,1
party,318,333,663,1314
partygirl,0,3,0,3
partying,2,2,14,18
partylist,1,0,0,1
partypooper,1,0,0,1
partys,0,0,11,11
partythatlostitsway,1,0,0,1
partyyyy,0,1,0,1
paru,0,0,1,1
parvel,1,0,0,1
parvo,0,0,1,1
pas,20,188,53,261
pasa,0,69,15,84
pasaba,0,4,0,4
pasable,1,3,0,4
pasada,1,0,0,1
pasadena,0,0,6,6
pasado,0,6,6,12
pasagdi,0,2,0,2
pasajera,0,1,0,1
pasajero,2,0,0,2
pasajes,0,1,0,1
pasamos,0,5,0,5
pasan,1,6,0,7
pasando,0,5,0,5
pasar,0,16,8,24
pasara,0,1,0,1
pasarla,0,3,1,4
pasaron,0,6,0,6
pasaste,0,1,1,2
pasate,0,2,0,2
pascal,8,0,0,8
pase,1,23,1,25
pasen,0,15,0,15
pasense,0,1,0,1
pases,0,1,0,1
pasha,0,0,4,4
pashmak,0,1,0,1
pashun,0,5,0,5
pasi,0,5,1,6
pasific,0,2,0,2
pasito,0,6,0,6
pasitos,0,1,0,1
pasiva,0,2,0,2
pasja,0,1,0,1
paskaa,0,1,0,1
paskudnie,0,2,0,2
pasla,0,0,1,1
pasma,0,1,0,1
paso,8,40,33,81
pasos,0,5,0,5
pasque,0,4,0,4
pasrtry,0,0,1,1
pass,246,194,579,1019
passa,0,3,0,3
passable,3,0,2,5
passacaglia,0,1,0,1
passafire,0,1,0,1
passage,4,4,5,13
passages,0,0,3,3
passaggio,0,1,0,1
passagiere,0,1,0,1
passando,0,7,0,7
passanger,1,0,0,1
passangers,0,2,4,6
passar,0,1,0,1
passcode,1,1,0,2
passcodes,0,0,1,1
passe,3,10,5,18
passed,132,60,376,568
passen,0,1,0,1
passender,0,0,1,1
passengars,0,1,0,1
passenger,22,6,39,67
passengers,21,24,61,106
passer,0,4,12,16
passeront,0,0,1,1
passers,1,0,0,1
passes,49,43,123,215
passez,0,5,0,5
passhhh,0,0,1,1
passiert,0,1,0,1
passifier,0,0,1,1
passiflora,0,0,4,4
passing,102,93,228,423
passion,29,58,320,407
passionant,0,2,0,2
passionate,39,0,172,211
passionately,0,0,4,4
passioned,0,0,1,1
passionfruit,0,1,0,1
passions,0,0,10,10
passive,15,7,19,41
passively,1,0,2,3
passivi,0,5,0,5
passivity,0,1,0,1
passning,0,0,1,1
passoire,0,4,0,4
passou,0,5,0,5
passport,16,10,21,47
passports,9,0,11,20
passt,0,1,7,8
passthrough,0,0,4,4
passvie,0,1,0,1
password,8,10,30,48
passwords,16,5,10,31
past,720,20,890,1630
pasta,35,46,86,167
pastafarian,4,0,0,4
pastah,0,0,2,2
pastaisonfire,0,1,0,1
paste,17,30,72,119
pasted,1,13,5,19
pastel,5,8,21,34
pastelitos,0,0,2,2
paster,0,3,0,3
pasteries,0,0,1,1
pastery,0,0,6,6
pastes,0,0,1,1
pasteuris,2,0,0,2
pasteurization,0,3,0,3
pasti,0,1,1,2
pasties,1,0,2,3
pastime,0,3,3,6
pasting,1,0,7,8
pasto,0,12,0,12
pastor,15,3,41,59
pastore,0,0,1,1
pastors,0,4,24,28
pastrami,0,1,1,2
pastries,0,0,14,14
pastry,6,32,47,85
pastrybrush,1,0,0,1
pasttimes,0,0,1,1
pastttttttttt,0,1,0,1
pasture,0,1,2,3
pastures,1,0,3,4
pasty,3,0,14,17
pat,43,79,119,241
pata,0,4,2,6
patada,0,9,0,9
patadas,0,8,0,8
patagonia,0,2,0,2
patanjali,0,1,0,1
patas,0,8,0,8
patasium,1,0,0,1
patat,0,1,0,1
patatal,5,0,0,5
patatas,0,1,0,1
patater,0,0,4,4
pataters,0,1,0,1
patato,0,1,0,1
patatos,0,1,0,1
patatosurgen,0,1,0,1
patats,0,1,0,1
patch,30,26,123,179
patched,3,3,13,19
patcher,0,0,2,2
patches,15,3,39,57
patching,3,0,1,4
patchy,3,10,15,28
patd,0,0,1,1
pate,0,2,0,2
pateando,0,1,0,1
patear,0,7,0,7
patein,3,0,0,3
patek,0,5,0,5
patel,0,0,2,2
patella,0,7,0,7
patellas,0,0,1,1
patent,4,8,24,36
patented,1,0,3,4
patently,0,0,5,5
patents,0,0,8,8
patern,0,0,3,3
paternal,1,0,1,2
paternity,3,0,0,3
paterson,0,1,1,2
patetico,0,1,0,1
path,60,29,195,284
pathetic,519,0,47,566
pathetically,9,0,2,11
pathfinder,0,1,0,1
pathie,1,0,0,1
pathogen,1,0,1,2
pathological,0,0,1,1
pathologically,1,0,0,1
pathology,0,0,5,5
paths,14,10,64,88
pathway,1,0,11,12
pathways,0,1,3,4
pati,0,0,2,2
patick,0,0,3,3
paticularly,0,0,1,1
patience,10,23,174,207
patient,45,24,80,149
patiently,8,19,22,49
patients,34,3,26,63
patientsafety,0,0,3,3
paties,0,1,0,1
patife,0,2,0,2
patil,0,1,0,1
patillas,0,1,0,1
patino,0,0,1,1
patio,0,4,0,4
pationate,0,0,1,1
patissarie,0,0,1,1
patisserie,0,0,1,1
patissier,0,0,10,10
patition,0,0,1,1
patlar,0,1,0,1
patlatmak,0,3,0,3
patois,0,0,1,1
patolino,0,1,0,1
patootie,0,5,0,5
patr,0,10,0,10
patra,8,0,0,8
patreon,14,27,25,66
patreons,0,2,0,2
patri,0,2,0,2
patria,0,4,0,4
patriarchal,4,1,2,7
patriarchy,11,5,5,21
patrica,0,7,1,8
patricaa,0,0,1,1
patrice,0,6,5,11
patricia,16,82,220,318
patriciaaaa,0,0,1,1
patriciaaaaa,0,2,1,3
patriciaaaaaa,0,0,6,6
patriciaaaaaaaaaaa,0,0,3,3
patriciabright,0,0,1,1
patriciait,0,0,1,1
patricial,0,0,1,1
patrician,0,6,2,8
patricianary,0,0,1,1
patrick,39,104,159,302
patrickk,0,0,1,1
patrickkkkkkk,0,1,0,1
patricks,0,1,1,2
patrickstar,0,2,0,2
patrickstarrr,0,3,8,11
patries,0,0,1,1
patrimonio,0,0,2,2
patrion,3,5,0,8
patriot,7,2,15,24
patriotas,0,3,0,3
patriotic,5,3,65,73
patriotism,15,6,33,54
patriotismo,0,1,0,1
patriots,16,7,35,58
patriottic,0,0,2,2
patrisha,0,0,1,1
patroa,0,1,0,1
patroclus,1,0,0,1
patrol,14,10,95,119
patrols,0,0,2,2
patron,0,5,7,12
patronas,0,1,0,1
patronem,0,2,0,2
patroni,0,0,3,3
patronising,0,0,16,16
patronisingly,1,0,0,1
patronite,0,3,0,3
patronize,6,0,1,7
patronized,1,0,0,1
patronizing,1,0,2,3
patronous,0,0,20,20
patrons,4,5,4,13
patronus,1,4,6,11
patrotic,0,0,1,1
patrounus,0,3,0,3
patryka,0,1,0,1
patrze,0,4,0,4
patrzec,0,2,0,2
patrzy,0,10,0,10
patrzyli,0,2,0,2
pats,0,0,9,9
patsey,1,0,0,1
patsy,8,1,21,30
patta,0,7,2,9
pattaaaaaaaaaaaaaaaa,0,1,0,1
pattas,0,1,0,1
patted,0,0,2,2
pattented,0,1,0,1
pattern,21,8,105,134
patterned,0,0,7,7
patterns,9,9,64,82
pattie,0,1,0,1
patties,1,1,10,12
patting,15,0,4,19
pattinson,0,1,0,1
pattock,0,0,2,2
patton,0,2,3,5
pattttt,0,3,0,3
patttttttttttt,0,1,0,1
patty,3,15,17,35
patuties,0,2,0,2
paty,0,5,6,11
pau,2,6,4,12
paua,0,2,1,3
paul,138,448,395,981
paula,1,12,21,34
paulas,0,0,2,2
pauler,2,23,17,42
paulers,10,7,37,54
paulhoo,0,0,7,7
pauli,0,9,0,9
paulie,35,86,114,235
paulies,0,1,0,1
paulina,3,3,0,6
pauline,4,21,2,27
paulinho,5,127,22,154
paulinhoooo,0,1,0,1
paulino,0,1,0,1
paulits,0,1,0,1
paulno,0,1,0,1
paulo,0,4,2,6
pauls,2,6,6,14
paulsen,0,0,2,2
paulson,0,3,3,6
pauly,3,4,1,8
paunai,0,0,1,1
pauper,0,0,1,1
paupers,6,0,0,6
paus,0,0,4,4
pausa,1,0,0,1
pausable,0,2,0,2
pause,47,145,126,318
paused,9,23,43,75
pauses,8,5,20,33
pausing,5,5,12,22
paut,0,0,1,1
pauta,0,1,0,1
pautips,0,1,0,1
pauvre,0,4,0,4
pauze,0,0,1,1
pav,0,2,0,2
pave,2,0,2,4
paved,3,0,3,6
pavel,0,0,1,1
pavement,6,2,3,11
pavements,0,0,1,1
paves,0,0,3,3
pavilion,0,7,6,13
pavin,12,0,2,14
paving,0,0,2,2
pavos,0,1,0,1
pavy,0,1,0,1
paw,17,31,142,190
pawaaaaa,0,1,0,1
pawerrrr,0,1,0,1
pawgs,0,0,1,1
pawing,0,0,3,3
pawl,0,1,0,1
pawn,4,3,10,17
pawns,2,0,9,11
pawpaw,1,1,0,2
pawprints,0,0,8,8
paws,6,6,29,41
pawtrait,0,0,2,2
pawtrol,0,6,0,6
pax,2,3,10,15
paxman,0,4,0,4
paxokgmyg,1,0,0,1
paxons,0,1,0,1
pay,501,416,1138,2055
payable,0,0,1,1
payamannnnnn,0,2,0,2
payaso,0,30,0,30
payasoo,0,1,0,1
payasos,0,17,0,17
payback,7,10,10,27
paycheck,15,2,19,36
paychecks,3,0,3,6
payd,0,3,0,3
payday,21,8,10,39
paydays,0,0,1,1
payed,31,35,40,106
payee,0,4,0,4
payer,11,6,14,31
payers,8,4,14,26
payet,0,4,0,4
payin,3,0,2,5
paying,137,90,299,526
payload,0,0,16,16
payment,13,13,51,77
payments,4,3,24,31
payne,8,22,15,45
paynes,0,0,4,4
payno,0,2,1,3
payoff,1,0,20,21
payoffs,0,0,1,1
payola,0,1,1,2
payoneer,0,0,9,9
payong,0,2,0,2
payote,0,3,0,3
payout,13,0,3,16
paypal,2,17,45,64
payroll,5,0,8,13
pays,32,41,102,175
paysage,0,5,0,5
paytas,0,0,1,1
paytm,0,0,3,3
payton,3,3,4,10
paytreeuts,0,0,4,4
payup,0,1,0,1
paywall,6,0,2,8
paywalls,1,0,0,1
payza,0,0,9,9
paz,0,17,0,17
pazando,0,1,0,1
pazar,0,3,0,3
pb,3,20,21,44
pbankrollfresh,0,1,0,1
pbanua,1,0,0,1
pbig,0,1,0,1
pbs,5,1,7,13
pc,93,150,273,516
pcars,14,5,17,36
pcccc,3,0,0,3
pce,0,0,1,1
pcgamer,0,2,0,2
pch,0,0,1,1
pchyhedsubstense,0,1,0,1
pcikle,1,0,0,1
pcmr,0,1,1,2
pco,3,0,0,3
pcos,70,18,227,315
pcp,0,1,1,2
pcs,0,0,1,1
pct,0,0,1,1
pcxo,0,6,0,6
pd,4,3,13,20
pda,1,2,0,3
pdbfl,1,0,0,1
pdbs,0,0,1,1
pdd,0,6,0,6
pdf,10,1,11,22
pdfs,0,1,0,1
pdll,0,2,0,2
pdp,15,3,16,34
pds,1,1,0,2
pdsgang,0,1,0,1
pe,6,46,37,89
pea,1,4,16,21
peaaaach,0,1,0,1
peace,199,498,745,1442
peaceeee,0,0,1,1
peaceeeeeeee,0,1,0,1
peacefromarabworld,0,1,0,1
peaceful,30,0,175,205
peacefull,0,0,1,1
peacefully,15,1,42,58
peacefulness,0,0,2,2
peacekeeper,0,1,1,2
peacekeepers,0,0,2,2
peaces,0,0,2,2
peacfully,0,1,0,1
peach,17,48,78,143
peaches,4,25,16,45
peachu,0,1,0,1
peachy,0,6,12,18
peack,0,1,0,1
peacock,0,6,4,10
peacocking,0,0,1,1
peacocks,0,0,5,5
peado,0,0,1,1
peadophiles,0,2,5,7
peainus,0,1,0,1
peak,22,70,71,163
peakaboo,0,0,1,1
peakabooo,0,0,1,1
peakdesign,0,1,0,1
peake,0,1,0,1
peaked,1,1,22,24
peaking,1,1,5,7
peakmill,0,0,1,1
peaks,6,28,37,71
peaky,0,0,7,7
peal,0,0,1,1
peale,0,0,3,3
peals,5,0,0,5
peanut,11,68,40,119
peanutbutter,1,4,2,7
peanuts,19,3,29,51
peaple,0,3,1,4
peapole,1,0,0,1
pear,4,15,12,31
pearce,7,1,0,8
pearl,6,12,35,53
pearlman,1,0,0,1
pearls,1,2,5,8
pearly,0,0,2,2
pears,6,1,18,25
peart,1,0,0,1
peas,10,21,34,65
peasant,3,0,1,4
peasants,12,4,13,29
pease,0,5,1,6
peasent,7,0,0,7
peasents,0,0,1,1
peasy,5,0,6,11
peat,0,4,0,4
peaty,0,1,0,1
peau,8,16,4,28
peazo,0,1,0,1
pebble,2,1,11,14
pebbles,3,0,8,11
pec,0,3,0,3
pecado,0,18,0,18
pecan,0,0,22,22
pecans,0,1,0,1
pecar,0,0,1,1
peccato,0,10,0,10
pecent,0,0,1,1
pech,0,1,0,1
pecheando,0,2,0,2
pechi,0,1,0,1
pecho,0,6,1,7
pechos,0,2,0,2
peck,1,10,10,21
pecker,0,9,0,9
peckerheads,0,0,2,2
peckers,0,2,1,3
peckham,1,0,2,3
pecking,0,0,3,3
peckish,0,0,3,3
pecks,0,3,2,5
pecoze,0,0,1,1
pecs,0,0,4,4
pectoral,0,3,0,3
pectus,4,0,0,4
peculiar,0,4,15,19
peculiarly,0,0,5,5
ped,8,7,2,17
peda,0,1,0,1
pedal,2,6,3,11
pedaling,0,1,0,1
pedals,9,6,2,17
pedantic,0,1,5,6
pedasnya,0,1,0,1
pedazo,0,8,0,8
peddle,2,0,3,5
peddled,0,0,1,1
peddles,0,0,1,1
peddling,3,1,2,6
pededor,0,4,0,4
pederast,0,1,0,1
pederasty,0,1,0,1
pedes,0,1,0,1
pedestal,1,3,9,13
pedestals,0,0,1,1
pedestrian,9,0,4,13
pedestrians,1,0,0,1
pedi,0,2,1,3
pediatrician,0,0,4,4
pediatricians,1,0,0,1
pedicure,0,7,0,7
pedicures,0,0,8,8
pedid,0,0,5,5
pedida,0,2,0,2
pedido,0,5,0,5
pedig,0,1,0,1
pedigree,3,7,0,10
pediika,0,2,0,2
peding,3,0,0,3
pediphile,2,0,0,2
pedir,0,7,1,8
pedirle,0,4,0,4
pedo,35,16,28,79
pedobear,0,5,4,9
pedofile,0,0,1,1
pedofiles,1,0,3,4
pedohile,0,0,1,1
pedophelia,1,0,0,1
pedophiile,1,0,0,1
pedophil,1,0,0,1
pedophile,38,63,39,140
pedophiles,24,11,24,59
pedophilia,11,9,8,28
pedophilic,0,1,5,6
pedophillia,0,1,1,2
pedorra,0,1,0,1
pedos,2,5,8,15
pedrada,0,1,0,1
pedrerol,0,3,0,3
pedro,21,34,40,95
pedrocap,0,0,1,1
pee,57,38,85,180
peeces,0,0,1,1
peed,13,6,27,46
peeeeed,0,1,0,1
peeeeeeee,0,1,0,1
peeeeeeeeeeeeeeeeeee,0,1,0,1
peeeej,0,0,5,5
peeeertty,0,0,1,1
peeepppsss,0,2,0,2
peeeps,1,0,0,1
peeerrrr,0,2,0,2
peefect,0,1,0,1
peeing,5,14,18,37
peej,1,19,12,32
peek,2,10,11,23
peekaboo,0,8,1,9
peeked,2,0,2,4
peeker,2,0,0,2
peeking,6,1,5,12
peel,29,12,42,83
peele,0,2,2,4
peeled,0,4,15,19
peeler,0,1,2,3
peeles,1,0,0,1
peelie,0,0,1,1
peeliepolishmountain,0,1,0,1
peelies,1,3,2,6
peelin,0,0,2,2
peeling,13,3,17,33
peels,3,1,22,26
peely,1,2,1,4
peelys,0,1,0,1
peep,10,16,26,52
peepaw,0,0,4,4
peeped,0,3,1,4
peepee,2,6,4,12
peeper,0,5,1,6
peepo,0,1,0,1
peeps,11,22,63,96
peepshow,0,0,2,2
peepul,0,6,0,6
peer,12,2,21,35
peerfect,0,1,0,1
peers,7,2,36,45
pees,1,23,1,25
peesce,0,1,0,1
peese,0,1,0,1
peet,4,0,8,12
peeta,0,0,1,1
peetah,2,0,0,2
peetas,0,1,0,1
peeters,0,1,0,1
peeve,6,3,9,18
peeved,3,0,0,3
peeves,0,1,2,3
peewee,1,1,0,2
peexar,2,0,0,2
pefert,0,0,1,1
peform,0,0,1,1
peg,0,1,8,9
pega,1,12,0,13
pegada,0,2,0,2
pegajosa,0,3,0,3
pegando,0,6,0,6
pegao,0,1,1,2
pegara,0,1,0,1
pegasus,0,1,4,5
pegboard,0,0,1,1
pegg,0,0,2,2
pegged,0,0,2,2
peggio,0,7,0,7
peggy,1,10,9,20
pegi,0,4,0,4
pego,1,17,0,18
pegs,0,2,4,6
pegu,20,0,0,20
pegue,0,1,0,1
peguntar,0,0,2,2
peh,0,1,0,1
pei,0,0,1,1
peice,9,4,29,42
peices,2,1,5,8
peicula,1,0,0,1
peido,0,0,1,1
peinarse,0,1,0,1
peineta,0,2,0,2
peins,0,3,0,3
peinture,0,2,0,2
peirce,0,1,0,1
peircing,0,0,2,2
peirst,0,0,1,1
peizo,0,1,0,1
peizoelectric,0,1,0,1
peker,0,0,1,1
pekerman,0,3,0,3
pekhs,0,1,0,1
peking,2,0,0,2
pekk,0,1,0,1
pekka,0,0,3,3
pekoe,0,0,1,1
pel,1,24,8,33
pela,0,14,8,22
pelada,0,0,1,1
pelado,0,2,0,2
pelamordedeus,0,3,0,3
pelan,0,2,0,2
pelao,0,1,0,1
pelas,0,1,0,1
pelase,0,0,2,2
pele,0,2,4,6
pelean,0,1,1,2
peleando,0,6,0,6
peleas,6,1,0,7
peleise,0,0,1,1
peles,0,3,0,3
pelham,0,0,1,1
peli,0,3,2,5
pelic,0,2,0,2
pelican,0,1,3,4
pelicans,6,0,1,7
pelicula,0,14,1,15
peliculas,0,4,0,4
peligro,0,4,0,4
peligrosa,0,1,0,1
peligroso,0,4,0,4
pelioneros,1,0,0,1
peliroja,0,1,0,1
pelirroja,0,3,0,3
pelirrojo,0,1,0,1
pelito,0,1,0,1
pellegrini,0,9,1,10
pellet,0,0,2,2
pellets,0,0,1,1
pelligrini,0,0,3,3
pellizzi,0,0,2,2
pello,0,1,0,1
pelmazo,0,4,0,4
pelo,0,39,8,47
pelonas,0,1,0,1
peloponnese,0,0,3,3
peloponnesian,0,0,3,3
pelos,0,9,0,9
pelosi,1,0,0,1
pelota,0,32,0,32
pelotazo,0,4,0,4
pelotera,0,1,0,1
pelotitas,0,2,0,2
pelotudo,0,5,0,5
pelotudos,0,4,0,4
pelouse,0,4,0,4
pelted,6,0,1,7
pelts,0,0,1,1
pelu,0,1,0,1
peluca,0,9,0,9
pelucas,0,2,0,2
peluqu,0,2,0,2
pelvic,0,2,17,19
pelvis,13,0,6,19
pembeli,0,0,1,1
pembelijam,0,0,2,2
pembelijamberjenama,0,0,1,1
pembelijamkualalumpur,0,0,1,1
pembelijamrolex,0,0,1,1
pembelijamselangor,0,0,1,1
pember,0,1,0,1
pemberton,0,1,0,1
pemblockto,0,2,0,2
pemdas,1,0,0,1
pen,36,92,123,251
pena,0,52,5,57
penace,0,0,1,1
penal,4,12,0,16
penaldo,7,5,1,13
penalites,0,1,0,1
penality,1,0,0,1
penalized,0,1,3,4
penalt,0,3,0,3
penalti,0,13,1,14
penaltie,2,0,0,2
penalties,17,7,5,29
penalty,48,34,67,149
penaltys,0,0,4,4
penampilan,0,1,0,1
penang,0,0,1,1
penanlti,0,1,0,1
penasaran,0,0,1,1
penatli,0,1,0,1
penatonix,0,0,1,1
pence,18,34,95,147
pencher,0,1,0,1
penching,0,2,0,2
pencil,12,43,75,130
pencils,2,4,18,24
pendant,0,3,4,7
pendej,1,0,0,1
pendeja,0,1,0,1
pendejada,0,2,0,2
pendejas,0,0,1,1
pendejo,1,12,0,13
pendejos,0,12,0,12
pendek,0,1,0,1
pender,1,0,0,1
pendiente,0,10,0,10
pending,1,4,3,8
pendleton,0,4,0,4
pendolino,1,0,8,9
pendred,0,4,0,4
pendulum,0,0,8,8
pene,0,7,0,7
penecilin,0,0,8,8
penelope,3,11,17,31
penetrate,5,3,18,26
penetrated,0,2,0,2
penetrates,0,2,3,5
penetration,5,1,1,7
peng,26,24,2,52
pengangkatan,0,1,0,1
pengest,8,0,0,8
pengestttt,0,2,0,2
pengiun,0,1,0,1
penglings,0,3,0,3
pengriffey,0,1,0,1
pengting,0,0,11,11
penguim,0,0,1,1
penguin,2,16,20,38
penguins,0,21,9,30
penguinss,0,1,0,1
penguinsss,0,1,0,1
pengwings,0,8,0,8
penicillin,2,23,0,25
penicils,0,1,0,1
peniel,0,0,6,6
penihast,0,1,0,1
penikmat,0,0,1,1
penile,0,0,1,1
peninston,0,2,0,2
peninsula,2,5,1,8
penio,0,2,0,2
penis,80,95,68,243
penises,11,3,6,20
penisl,0,1,0,1
penistan,0,2,0,2
peniston,0,8,32,40
penitentiary,1,1,0,2
penjara,0,1,0,1
penn,1,5,10,16
penned,0,0,4,4
penney,0,2,2,4
penneys,4,0,0,4
penneywise,0,1,1,2
pennie,0,0,1,1
pennies,4,7,9,20
pennine,0,0,2,2
penniwise,0,1,0,1
pennsylvania,10,7,23,40
pennwise,1,0,0,1
penny,20,22,98,140
pennybags,0,10,5,15
pennycharles,0,1,0,1
pennys,0,0,1,1
pennywire,0,1,0,1
pennywise,130,235,352,717
pennywises,0,0,2,2
pennyworth,0,2,0,2
peno,7,2,0,9
penosa,0,2,0,2
penoso,0,1,0,1
penquins,0,1,0,1
penrith,0,1,0,1
penrose,0,0,1,1
pens,3,17,17,37
pensaba,0,1,0,1
pensacola,0,2,3,5
pensad,0,3,0,3
pensado,0,4,0,4
pensador,0,3,0,3
pensais,0,0,1,1
pensamentos,0,1,0,1
pensando,1,14,0,15
pensar,2,15,6,23
pensaram,0,1,0,1
pensaron,0,1,0,1
pensaste,0,7,0,7
pensate,0,1,0,1
pensava,0,2,0,2
pense,1,24,11,36
pensei,0,4,0,4
pensent,0,4,0,4
penser,0,4,0,4
penses,0,1,0,1
pensez,0,3,0,3
pension,2,0,5,7
pensioner,3,1,0,4
pensions,1,0,2,3
pensive,0,5,0,5
penso,0,0,5,5
penspin,0,1,1,2
penspinning,0,3,0,3
pent,2,0,0,2
penta,1,0,0,1
pentacle,0,1,0,1
pentacost,0,5,0,5
pentacostal,0,0,1,1
pentagens,4,0,0,4
pentagins,5,8,0,13
pentagon,17,14,41,72
pentagonal,4,0,0,4
pentagons,11,9,12,32
pentagram,1,1,4,6
pentagrams,1,2,0,3
pentaholic,3,0,0,3
pentaholics,0,3,5,8
pentapping,0,1,0,1
pentathol,0,1,0,1
pentatonix,9,40,46,95
pentatonixxxx,0,1,0,1
pentatonixxxxxxx,0,0,1,1
pentatonx,0,1,0,1
pentax,1,0,0,1
pentecost,1,0,0,1
penthouse,8,9,45,62
pentigins,0,0,1,1
pentland,0,12,13,25
pentlands,0,3,0,3
pentlant,0,0,1,1
pentotonix,0,0,1,1
penubra,0,1,0,1
penuelas,0,1,0,1
penultimate,0,4,0,4
penut,0,1,0,1
penyesalan,0,1,0,1
penywise,2,2,3,7
penzo,0,1,0,1
peobs,0,1,0,1
peodfiles,1,0,0,1
peoeple,1,0,0,1
peole,0,0,5,5
peolpe,1,0,10,11
peonage,0,3,0,3
peonies,0,0,9,9
peons,0,0,1,1
peony,1,0,6,7
peoole,6,0,1,7
peop,0,0,6,6
peope,0,0,1,1
peopel,1,0,0,1
peophiles,1,0,0,1
peopke,1,0,0,1
peopl,0,1,2,3
people,8119,2936,15953,27008
peopled,0,0,1,1
peoplee,0,1,1,2
peoples,63,40,154,257
peoplpe,0,0,6,6
peopple,0,0,2,2
peops,0,1,0,1
peor,9,15,2,26
pep,12,49,78,139
pepa,0,1,2,3
pepe,15,23,6,44
peper,1,1,0,2
pepeyteo,0,1,0,1
pepini,0,6,0,6
pepis,0,1,0,1
pepo,0,1,1,2
pepole,4,6,2,12
pepout,6,0,0,6
peppa,0,1,4,5
pepparoni,0,0,2,2
pepper,93,154,150,397
pepperball,0,0,1,1
peppercorns,0,0,2,2
peppered,2,0,7,9
pepperfart,0,2,0,2
pepperidge,0,0,3,3
peppermint,6,7,7,20
peppermints,0,0,2,2
pepperoni,0,4,2,6
pepperonis,0,1,2,3
peppers,13,29,33,75
pepperx,3,1,0,4
peppery,5,0,0,5
peppy,0,2,6,8
pepred,0,0,1,1
peps,6,0,0,6
pepsi,48,57,55,160
pepsico,0,3,4,7
pepsiman,0,0,1,1
pepto,0,1,1,2
peque,1,16,6,23
pequena,0,2,1,3
pequeno,0,4,0,4
per,124,247,467,838
pera,0,1,0,1
perahia,0,0,6,6
perants,3,0,2,5
perasaan,0,1,0,1
perc,0,0,2,2
perce,0,0,7,7
perceive,9,3,27,39
perceived,4,0,29,33
perceives,0,1,4,5
perceiving,0,0,4,4
percent,38,32,103,173
percentage,9,9,42,60
percentages,1,0,1,2
percentile,0,0,1,1
percently,1,0,0,1
perceptible,0,0,6,6
perceptibly,0,0,3,3
perception,7,7,40,54
perceptions,7,0,13,20
perceptive,0,0,3,3
perch,5,9,2,16
percha,0,1,0,1
perche,1,3,0,4
percibir,0,1,0,1
percieve,0,0,1,1
percieved,1,0,4,5
percific,0,0,1,1
percise,0,5,0,5
percocet,0,2,2,4
percocets,3,1,0,4
percs,0,0,1,1
percussion,1,2,6,9
percussionist,0,1,0,1
percussions,0,0,1,1
percy,4,13,7,24
perd,1,16,0,17
perda,1,4,0,5
perdas,0,1,0,1
perde,0,14,0,14
perdedor,0,3,0,3
perdedora,0,1,0,1
perdemos,0,5,0,5
perder,0,27,0,27
perdera,0,5,0,5
perderas,1,1,0,2
perdere,1,0,0,1
perderse,0,2,0,2
perdi,5,10,0,15
perdida,2,3,0,5
perdidas,0,3,0,3
perdido,1,12,2,15
perdiendo,0,5,0,5
perdieron,0,2,0,2
perdimos,0,1,0,1
perdio,0,5,0,5
perdiste,0,1,0,1
perdition,2,0,0,2
perdon,2,1,4,7
perdona,0,0,2,2
perdonaria,0,1,0,1
perdone,0,1,0,1
perdre,0,0,2,2
perdu,0,5,2,7
pere,5,0,0,5
peregrine,0,0,1,1
peregrines,0,1,2,3
pereira,0,0,16,16
perenial,0,0,3,3
perennial,10,0,14,24
perennials,3,0,1,4
perents,0,0,1,1
perez,22,14,39,75
pereza,2,1,0,3
perezhilton,0,0,1,1
perf,1,10,14,25
perfct,0,1,0,1
perfec,0,1,1,2
perfecccctttt,0,0,3,3
perfecci,0,2,0,2
perfeccion,0,1,0,1
perfeckt,0,0,3,3
perfecr,1,0,0,1
perfect,102,8,4028,4138
perfecta,1,13,1,15
perfectaa,0,1,0,1
perfectamente,0,2,0,2
perfectdissertation,0,9,0,9
perfected,0,1,17,18
perfecthomemedia,0,3,0,3
perfectillusion,0,0,1,1
perfectin,0,1,0,1
perfecting,0,0,14,14
perfection,27,145,171,343
perfectionist,0,0,3,3
perfectionnn,0,0,1,1
perfectionnnnn,0,1,0,1
perfectisimo,0,1,0,1
perfectlaughs,0,4,0,4
perfectley,0,0,3,3
perfectly,44,1,596,641
perfectness,0,1,0,1
perfecto,2,25,9,36
perfecton,0,0,1,1
perfectooooo,0,3,0,3
perfectos,0,5,0,5
perfects,0,2,0,2
perfectsong,0,2,0,2
perfectt,0,1,0,1
perfecttt,0,6,1,7
perfectttt,0,1,3,4
perfectttttt,0,0,1,1
perfectttttttt,1,0,0,1
perfectwice,0,1,0,1
perfectwriting,0,2,0,2
perfecy,0,0,1,1
perfeft,4,0,0,4
perfei,0,3,0,3
perfeita,0,5,3,8
perfeito,0,20,0,20
perfeitooo,0,5,0,5
perfeitos,0,1,0,1
perfekcyjnie,0,2,0,2
perfekt,0,1,8,9
perfektion,0,0,1,1
perfektni,0,0,1,1
perfepct,0,1,0,1
perfermance,0,0,2,2
perfet,0,1,0,1
perfezione,0,2,0,2
perffect,0,0,1,1
perffffff,0,9,0,9
perfffffff,0,0,1,1
perficet,0,3,0,3
perfict,0,5,0,5
perfil,0,1,0,1
perfila,0,5,0,5
perfomance,0,1,11,12
perfomer,0,0,1,1
perfoming,0,0,1,1
perforated,0,0,2,2
perform,29,77,248,354
performa,0,0,1,1
performace,0,6,0,6
performance,196,131,711,1038
performances,24,12,148,184
performant,0,0,1,1
performed,10,8,78,96
performer,8,3,62,73
performers,3,6,25,34
performin,0,0,1,1
performing,6,22,87,115
performnce,0,0,5,5
performs,4,8,21,33
perfum,0,2,0,2
perfume,12,24,102,138
perfumes,5,6,18,29
perfumess,0,1,0,1
perfums,0,0,3,3
perfx,0,1,0,1
pergola,0,5,0,5
perguntando,0,0,5,5
pergunto,0,1,0,1
perhaps,97,22,368,487
perhvart,0,1,0,1
peri,22,16,16,54
perico,0,0,4,4
pericos,0,8,0,8
peridod,0,0,1,1
perigines,0,1,0,1
peril,4,5,10,19
perilous,4,0,0,4
perimeter,0,0,2,2
perimeters,0,0,1,1
perineal,1,0,6,7
perineum,0,0,5,5
period,332,114,531,977
periodic,0,0,1,1
periodical,3,0,1,4
periodically,0,2,1,3
periodista,0,1,0,1
periodistas,0,0,1,1
periods,125,12,229,366
perioeci,0,0,3,3
perioikoi,1,0,0,1
periokoi,0,0,3,3
peripeteia,0,0,4,4
peripheral,0,1,1,2
peripherals,0,2,3,5
periphery,0,0,1,1
periscope,0,8,7,15
periscopes,0,0,1,1
perish,23,0,18,41
perished,1,0,5,6
perisic,0,20,12,32
peristalsis,0,1,0,1
periw,0,0,2,2
perjuangan,0,0,2,2
perjudic,0,1,0,1
perjurers,13,0,0,13
perjury,7,0,2,9
perk,5,0,8,13
perked,1,0,0,1
perkele,0,0,2,2
perkenal,0,0,1,1
perkins,7,2,11,20
perkk,0,0,1,1
perks,5,7,24,36
perky,2,0,5,7
perkz,3,0,0,3
perla,0,7,1,8
perlalisis,1,0,0,1
perlas,0,0,1,1
perldon,0,3,0,3
perler,1,0,0,1
perm,4,1,7,12
perma,0,6,1,7
permaculture,1,16,14,31
permafrost,0,0,4,4
permanees,0,2,0,2
permanent,14,26,59,99
permanently,25,13,43,81
permeable,1,0,1,2
permeate,0,0,1,1
permeates,0,0,5,5
permesso,0,1,0,1
permettere,0,5,0,5
permettra,6,0,0,6
perminant,0,0,3,3
permis,0,2,0,2
permissible,0,0,1,1
permission,8,37,67,112
permissions,0,0,14,14
permissive,1,0,0,1
permissiveness,0,0,6,6
permit,6,1,30,37
permita,0,1,0,1
permite,0,1,0,1
permits,0,0,8,8
permitted,6,0,15,21
permitting,0,0,7,7
permutation,0,1,0,1
permutations,1,0,0,1
pernah,0,3,0,3
pernas,0,6,0,6
pernicious,8,0,2,10
pero,32,473,65,570
perogeas,0,2,0,2
peroghis,0,0,1,1
perogi,0,1,1,2
perogie,0,1,1,2
perogies,0,3,6,9
perogis,0,0,2,2
peroid,1,0,0,1
perolike,0,0,2,2
perominx,0,2,0,2
peron,0,0,1,1
peroni,0,0,5,5
peronsality,0,0,8,8
perooo,0,1,0,1
perouser,0,3,0,3
peroxide,7,0,7,14
perp,0,5,2,7
perpect,0,3,0,3
perpendicular,3,1,11,15
perpendicularly,1,0,6,7
perpetrate,6,0,3,9
perpetrated,14,0,5,19
perpetrator,0,4,5,9
perpetrators,2,0,6,8
perpetual,8,10,13,31
perpetually,4,0,8,12
perpetuate,7,1,11,19
perpetuated,8,0,6,14
perpetuates,1,0,0,1
perpetuating,3,0,10,13
perpetuation,2,2,2,6
perpetuator,0,0,7,7
perpetuity,0,0,7,7
perplexed,1,0,7,8
perplexing,1,0,1,2
perps,0,0,3,3
perr,0,7,0,7
perra,1,6,5,12
perras,0,7,2,9
perreo,0,2,1,3
perri,0,2,1,3
perrica,0,1,0,1
perricone,0,0,2,2
perrie,20,18,10,48
perrier,0,1,0,1
perries,0,1,0,1
perrins,0,0,6,6
perrito,0,9,0,9
perritos,0,1,0,1
perriwinkle,0,4,0,4
perro,3,47,4,54
perrofiel,0,2,0,2
perrofieloficial,0,2,0,2
perrona,0,1,0,1
perroni,0,0,2,2
perrooo,0,1,0,1
perros,0,8,0,8
perrrfect,0,1,0,1
perry,28,70,100,198
perrys,1,1,0,2
persa,0,0,1,1
persacute,1,0,0,1
persagel,0,0,2,2
persahabatan,0,0,2,2
persas,0,2,0,2
persay,0,0,1,1
perscription,0,0,1,1
perse,0,2,0,2
persecuci,0,3,0,3
persecute,0,0,1,1
persecuted,3,0,6,9
persecutes,4,0,0,4
persecution,1,0,3,4
persela,0,18,0,18
persephone,0,0,1,1
perseverance,0,1,12,13
persevere,5,0,2,7
persevered,0,0,2,2
pershendes,0,1,0,1
persia,6,9,6,21
persian,22,12,27,61
persians,1,1,0,2
persie,0,0,6,6
persimmons,0,1,0,1
persin,0,0,5,5
persinaly,0,0,1,1
persist,4,0,4,8
persisted,2,0,1,3
persistence,0,3,4,7
persistent,7,3,8,18
persistently,0,0,2,2
persists,1,0,2,3
perso,1,5,0,6
persol,0,0,2,2
person,1371,566,3611,5548
persona,20,26,43,89
personability,0,0,1,1
personable,0,0,11,11
personage,0,0,4,4
personages,0,0,2,2
personaility,0,0,1,1
personaje,0,4,1,5
personajes,0,4,3,7
personal,157,85,785,1027
personales,0,4,0,4
personalise,5,0,0,5
personalised,0,6,10,16
personalities,14,10,99,123
personalitites,1,0,0,1
personality,112,52,761,925
personalizados,0,4,0,4
personalization,0,3,0,3
personalize,1,0,0,1
personalized,0,37,13,50
personalizing,0,0,2,2
personally,177,51,783,1011
personalmente,0,1,0,1
personaltiy,0,0,2,2
personalty,0,0,4,4
personaly,0,0,6,6
personas,4,34,6,44
personatly,0,0,1,1
persone,0,1,0,1
personell,0,0,1,1
personification,0,0,1,1
personified,1,5,11,17
personifies,1,0,0,1
personla,0,0,1,1
personlity,0,0,1,1
personnality,0,0,4,4
personnally,0,0,1,1
personne,0,5,1,6
personnel,1,1,17,19
personnellement,0,1,0,1
personnes,0,3,0,3
personnification,0,0,1,1
personnnn,0,0,1,1
persons,46,15,59,120
persoon,0,0,1,1
persoonlijk,0,1,0,1
perspect,0,0,2,2
perspectiva,0,2,0,2
perspective,65,22,268,355
perspectives,5,0,45,50
perspektywiczn,0,0,3,3
perspirant,0,0,9,9
perspirants,0,0,1,1
perspiration,0,0,4,4
perspire,0,0,3,3
perspiring,0,0,1,1
persson,0,0,1,1
persuade,3,2,5,10
persuadeable,4,0,0,4
persuaded,0,5,11,16
persuading,1,0,0,1
persuasion,0,4,6,10
persuasive,6,0,8,14
persued,0,0,3,3
persuing,0,0,1,1
pertain,0,0,2,2
pertained,0,0,1,1
pertaining,0,1,11,12
pertama,0,1,0,1
pertanda,0,1,0,1
pertending,0,0,1,1
pertenece,0,2,0,2
pertenecen,0,1,0,1
pertenecer,0,3,0,3
perteo,0,1,0,1
perth,3,4,25,32
pertinent,0,0,2,2
pertinently,0,0,3,3
perto,0,2,0,2
perturb,0,1,0,1
perturbated,1,0,0,1
perturbation,1,0,0,1
perturbed,4,0,1,5
perturbing,0,0,1,1
perty,0,2,0,2
peru,0,29,29,58
peruano,0,15,0,15
peruanos,0,25,0,25
perucas,0,8,0,8
peruchos,0,1,0,1
perunamuussi,0,2,0,2
perusak,0,1,0,1
peruse,0,1,0,1
perusing,0,0,3,3
peruu,0,4,0,4
peruuuu,0,8,0,8
peruvian,1,5,8,14
perv,12,15,7,34
pervade,0,1,0,1
pervaded,0,0,1,1
pervading,0,0,3,3
pervasive,9,0,0,9
pervasivess,0,0,1,1
perverse,13,6,8,27
perversely,1,0,0,1
perverseness,0,3,2,5
perversion,16,7,14,37
perversions,3,0,5,8
perversity,1,0,0,1
pervert,20,39,50,109
perverted,32,13,15,60
perverting,5,0,1,6
perverts,18,4,17,39
perverty,1,0,2,3
pervey,0,2,0,2
pervis,0,2,3,5
pervo,1,0,0,1
pervrrt,0,0,1,1
pervs,9,6,3,18
pervstein,0,0,3,3
pervy,0,0,2,2
perwinkle,0,4,0,4
perzys,0,1,0,1
pes,10,16,37,63
pesa,0,1,0,1
pesadao,0,1,0,1
pesado,0,2,2,4
pesados,0,0,4,4
pesants,1,0,0,1
pesar,0,14,0,14
pesavum,0,0,1,1
pesca,0,24,2,26
pescaitero,0,0,2,2
pescaiteroo,0,1,0,1
pescaito,0,37,14,51
pescao,0,3,0,3
pescar,0,9,0,9
pescatarian,0,1,0,1
pescatore,0,1,0,1
pesci,3,0,5,8
pesen,0,0,1,1
pesent,0,0,1,1
pesiiiii,0,3,0,3
pesima,10,0,0,10
pesimo,0,1,0,1
pesizzlin,0,1,0,1
pesky,0,13,3,16
peso,0,1,8,9
pesonal,0,2,0,2
pesos,0,0,3,3
pespi,0,1,0,1
pespiwithdiversity,0,0,1,1
pessi,0,5,0,5
pessima,0,2,0,2
pessimism,3,0,1,4
pessimist,1,0,6,7
pessimistic,1,0,8,9
pessimistically,0,3,0,3
pessimo,0,1,0,1
pessoa,0,9,0,9
pessoal,0,1,0,1
pessoas,0,2,11,13
pessoinha,0,1,0,1
pest,8,0,7,15
pesta,0,4,0,4
peste,0,1,0,1
pestered,0,0,1,1
pesticide,0,0,1,1
pesticides,14,0,15,29
pestilence,0,0,4,4
pesting,0,0,4,4
pesto,5,3,9,17
peston,7,0,0,7
pests,3,1,7,11
pet,82,75,218,375
peta,1,8,6,15
petado,0,0,1,1
petal,0,0,7,7
petals,1,2,5,8
petando,0,0,1,1
pete,40,48,69,157
peter,59,101,174,334
petered,0,0,5,5
peterrr,0,3,0,3
peterrrrrrr,0,5,0,5
peters,0,10,7,17
petersburg,0,0,2,2
peterson,7,45,16,68
petersons,0,1,0,1
petes,1,0,0,1
petflair,0,1,0,1
petisine,0,0,1,1
petit,0,6,11,17
petite,11,10,32,53
petites,0,0,1,1
petition,23,61,105,189
petitions,0,7,8,15
petl,0,0,28,28
petmalu,0,1,1,2
petr,0,1,2,3
petra,0,2,0,2
petreezy,0,3,0,3
petricca,0,1,0,1
petrifed,0,0,1,1
petrificado,0,8,0,8
petrified,3,1,1,5
petrify,0,0,3,3
petro,1,0,0,1
petrol,0,16,19,35
petroleum,1,0,3,4
petrounias,0,3,0,3
petruchio,0,0,1,1
petry,0,1,0,1
pets,36,18,109,163
petsch,1,4,2,7
petted,3,0,4,7
petter,0,4,0,4
pettigrew,0,0,1,1
pettiness,0,1,8,9
petting,3,13,12,28
pettis,0,0,3,3
pettty,0,0,1,1
petty,87,230,482,799
pettys,0,5,0,5
pettysexxy,0,0,2,2
petulant,0,3,3,6
petunia,1,6,2,9
petunias,0,0,2,2
petyr,0,3,1,4
petz,1,0,0,1
peu,14,11,2,27
peugh,0,0,1,1
peugot,0,2,0,2
peur,0,4,0,4
peurto,4,0,0,4
peut,5,27,2,34
peuvent,0,0,2,2
peux,0,15,8,23
peva,0,1,0,1
pew,3,29,16,48
pewd,4,3,0,7
pewdepie,0,2,1,3
pewdi,0,2,0,2
pewdie,4,2,1,7
pewdielieee,0,1,0,1
pewdiepai,0,1,0,1
pewdiepie,159,119,130,408
pewdiepiee,0,0,1,1
pewdiepies,2,0,0,2
pewdieslav,0,1,0,1
pewdiewhatever,0,2,0,2
pewdiful,0,1,0,1
pewdipie,3,0,3,6
pewds,31,24,22,77
pewdsssss,0,1,0,1
pewdung,0,0,1,1
pewdz,0,1,0,1
pewediepie,0,0,1,1
peweds,0,1,0,1
pewee,0,0,2,2
pewidiepie,1,0,0,1
pewie,6,0,0,6
pewnie,0,11,0,11
pewno,0,4,1,5
pewnym,0,2,0,2
pews,4,0,4,8
pewsds,0,1,0,1
pewshitpie,1,0,0,1
pewter,0,0,5,5
pewtube,0,0,4,4
pex,2,0,1,3
peynir,0,1,0,1
peytien,0,1,0,1
peyton,0,8,0,8
pez,1,3,2,6
pezler,0,0,1,1
pezza,0,0,1,1
pezzled,0,2,0,2
pezzo,0,8,0,8
pf,7,3,15,25
pfc,0,2,2,4
pfeiffer,1,5,8,14
pff,3,3,5,11
pfff,1,9,1,11
pffff,2,2,0,4
pfffff,0,6,5,11
pffffff,0,1,0,1
pfffffff,0,1,0,1
pfffffffffffffttttttttttttttttttttt,0,0,3,3
pfffffft,1,0,3,4
pfffft,8,2,0,10
pfffftttttt,0,1,0,1
pffft,8,6,0,14
pffftt,0,5,0,5
pffiefer,1,0,0,1
pfft,7,14,12,33
pfhahahaha,0,0,1,1
pfhahahahaha,0,0,1,1
pfieffer,0,2,0,2
pfifer,3,0,0,3
pflax,0,0,7,7
pfp,0,2,0,2
pftttt,0,0,1,1
pfudor,0,1,0,1
pfysicist,0,0,1,1
pg,14,15,42,71
pga,0,1,0,1
pgh,0,1,0,1
pgmdress,0,0,1,1
pgs,0,0,3,3
ph,2,47,52,101
phablet,1,0,0,1
phablets,0,0,4,4
phaethon,1,0,0,1
phaggot,0,4,0,4
phahaha,1,0,0,1
phalic,2,0,0,2
phan,0,2,2,4
phandom,1,3,8,12
phanfic,0,0,1,1
phannie,0,1,0,1
phanning,1,0,0,1
phant,0,1,0,1
phantasm,0,0,1,1
phantasmagorical,0,0,2,2
phantom,6,22,28,56
phantoms,0,0,2,2
phantpm,0,1,0,1
pharah,0,0,1,1
pharall,0,0,1,1
pharaoh,2,9,16,27
pharaonic,0,0,3,3
pharaos,0,0,3,3
pharell,1,0,0,1
pharma,6,2,9,17
pharmaceutical,3,2,7,12
pharmaceuticals,0,1,7,8
pharmacies,0,0,4,4
pharmacist,1,1,3,5
pharmacology,0,8,0,8
pharmacy,16,9,17,42
pharmaist,2,0,0,2
pharms,0,0,2,2
pharoah,4,0,17,21
pharoh,0,0,2,2
pharos,0,0,3,3
pharrel,0,1,0,1
pharrell,2,2,4,8
pharrelle,0,1,0,1
pharse,2,0,0,2
phase,22,34,84,140
phased,1,1,1,3
phaser,5,0,0,5
phasers,0,0,3,3
phases,1,4,30,35
phasing,1,0,7,8
phaslor,0,0,1,1
phasma,18,21,12,51
phasmaaaaaaa,0,1,0,1
phat,1,3,7,11
phatter,0,1,0,1
phaze,0,0,2,2
phd,8,1,19,28
pheasants,0,0,3,3
phelan,0,1,0,1
phelba,0,0,1,1
phele,0,2,0,2
phelps,0,1,0,1
phenom,0,1,12,13
phenomena,5,0,13,18
phenomenal,5,7,161,173
phenomenally,5,0,7,12
phenomenon,6,1,30,37
phenominal,3,0,5,8
pheonix,1,4,10,15
pheromone,0,0,1,1
pheromones,0,7,1,8
phett,1,0,0,1
pheuph,0,0,2,2
phew,4,14,5,23
phewwwww,0,1,0,1
phhhhshh,1,0,0,1
phhilippines,0,0,1,1
phht,0,0,1,1
phi,1,1,21,23
phie,1,0,0,1
phiiiiiiiill,0,2,0,2
phil,77,186,265,528
philabeg,0,0,5,5
philadelphia,0,8,8,16
philanderer,2,0,0,2
philanthropists,0,0,2,2
philanthropy,0,0,2,2
philbin,0,0,1,1
phildonalds,0,2,0,2
philedelphia,0,0,2,2
philes,0,0,1,1
philharmonic,0,0,4,4
philharmonics,0,0,1,1
philidelphia,1,0,0,1
philip,1,26,48,75
philipa,0,3,0,3
philipine,0,1,1,2
philipines,0,1,1,2
philipino,0,0,1,1
philipinos,0,0,6,6
philipp,0,0,4,4
philippa,0,11,0,11
philippe,0,1,0,1
philippians,0,3,5,8
philippine,5,0,2,7
philippines,12,66,158,236
philips,0,8,1,9
philits,0,1,0,1
phill,1,13,0,14
phillepines,0,2,0,2
phillip,2,3,15,20
phillipa,0,5,2,7
phillipe,0,0,6,6
phillipeens,0,0,1,1
philliphines,2,0,0,2
phillipiens,0,1,0,1
phillipines,2,1,2,5
phillipp,0,5,0,5
phillipphines,0,1,0,1
phillips,0,5,25,30
phillisnotonfire,0,1,0,1
phillllll,0,2,0,2
phillllllll,0,1,0,1
philly,7,494,23,524
phillyd,0,0,5,5
philonico,0,1,4,5
philosaphy,0,0,1,1
philosepher,0,0,1,1
philosipher,0,1,0,1
philosofy,0,0,4,4
philosopher,14,21,43,78
philosophers,1,7,15,23
philosophic,1,0,0,1
philosophical,5,3,46,54
philosophically,0,0,4,4
philosophies,1,1,4,6
philosophy,17,15,103,135
philosophycal,1,0,0,1
philosphers,0,1,0,1
philosphical,0,0,1,1
philosykos,0,1,0,1
phils,0,1,9,10
phim,0,1,0,1
phineas,0,5,2,7
phir,0,0,1,1
phire,0,0,2,2
phish,2,0,5,7
phishing,0,2,2,4
phisical,0,1,1,2
phisically,0,0,2,2
phix,0,5,0,5
phlyyyyy,0,6,0,6
pho,3,5,13,21
phobe,0,3,1,4
phobes,0,0,4,4
phobia,16,13,14,43
phobias,0,2,2,4
phobic,6,1,2,9
phoebe,1,1,1,3
phoeinx,0,2,0,2
phoenicia,0,0,3,3
phoenicians,0,4,0,4
phoenix,13,30,43,86
phoenixes,0,0,1,1
pholcidae,1,0,0,1
pholophesers,0,1,0,1
phomea,0,0,1,1
phone,629,761,1757,3147
phonebook,0,1,2,3
phonebooth,0,0,1,1
phonebwas,0,0,4,4
phonecall,0,0,2,2
phoned,2,1,3,6
phoneeeeeeee,2,0,0,2
phoneees,0,1,0,1
phoneleaker,0,0,1,1
phonery,0,2,0,2
phones,189,99,371,659
phonesian,0,1,0,1
phonetic,0,1,0,1
phoneutria,1,0,3,4
phoney,16,3,7,26
phonic,0,1,0,1
phonics,0,1,0,1
phonier,0,0,1,1
phonies,1,0,0,1
phoning,0,0,10,10
phonk,0,1,0,1
phonogrammers,0,1,0,1
phonomens,0,1,0,1
phonons,0,0,1,1
phonr,1,0,1,2
phonx,0,2,0,2
phony,21,13,14,48
phora,0,1,0,1
phoramen,0,1,0,1
phosphate,0,2,0,2
phosphorous,0,0,3,3
phosporous,0,0,2,2
phosporus,1,0,0,1
photo,111,87,252,450
photobomb,1,0,1,2
photobombed,1,0,0,1
photobooth,0,2,0,2
photocopy,0,0,1,1
photoelectric,0,0,1,1
photoframe,0,7,0,7
photogenic,0,0,1,1
photograph,5,0,13,18
photographed,1,2,4,7
photographer,8,13,43,64
photographers,2,0,6,8
photographic,0,0,2,2
photographing,0,5,0,5
photographs,0,0,6,6
photography,8,11,50,69
photomatic,0,3,0,3
photon,20,13,70,103
photons,40,23,156,219
photorealistic,0,0,6,6
photos,56,68,284,408
photosensitivity,1,0,0,1
photosensors,0,0,1,1
photoshoot,4,0,3,7
photoshop,19,18,19,56
photoshoped,0,0,1,1
photoshopped,9,10,13,32
photoshopper,0,1,0,1
photoshopping,0,0,2,2
photoshot,0,2,0,2
photosynthesis,0,0,1,1
photovoltaic,0,0,1,1
phoune,0,1,0,1
phoung,0,1,0,1
php,0,0,4,4
phrase,18,11,73,102
phrases,9,0,16,25
phrasing,1,5,1,7
phrasings,0,0,3,3
phse,0,0,1,1
phsical,0,0,5,5
phsss,0,8,0,8
phsycic,0,1,0,1
phsyco,0,1,0,1
phuc,1,0,0,1
phuccin,1,0,0,1
phuck,0,3,0,3
phucka,1,0,0,1
phucked,0,0,4,4
phucken,0,0,1,1
phucking,5,2,0,7
phunk,0,1,0,1
phuuuuucking,0,0,1,1
phwew,0,0,1,1
phwoaaar,0,0,4,4
phx,0,3,1,4
phychic,0,1,0,1
phychology,0,0,4,4
phycians,0,0,5,5
phycology,6,0,0,6
phycopath,0,1,0,1
phyisist,0,0,1,1
phyliss,1,0,0,1
phyllis,1,0,0,1
phylum,0,1,4,5
physco,1,0,0,1
physic,1,3,5,9
physical,96,54,264,414
physicality,8,1,0,9
physically,71,18,144,233
physician,1,0,3,4
physicians,1,5,4,10
physicist,0,1,26,27
physicists,0,2,4,6
physico,0,1,0,1
physicque,0,0,4,4
physics,30,32,131,193
physiks,2,0,0,2
physio,1,3,10,14
physiognomy,2,0,0,2
physiologic,0,0,1,1
physiological,5,0,7,12
physiology,1,0,3,4
physiotherapist,0,0,2,2
physique,1,1,24,26
physiquement,0,1,0,1
physiques,0,0,2,2
phyto,0,0,1,1
phytochemistry,0,8,0,8
pi,16,87,29,132
pia,3,33,24,60
piacciono,0,3,0,3
piace,0,1,0,1
piacere,0,1,0,1
piacerebbe,0,1,0,1
piach,0,5,0,5
piaf,0,0,5,5
piana,1,0,2,3
piangere,0,1,0,1
piangoooo,0,1,0,1
pianist,0,15,22,37
pianno,0,1,0,1
piano,52,116,141,309
pianoboy,1,0,0,1
pianos,0,0,5,5
piant,1,0,0,1
pianus,0,2,0,2
pibe,0,13,3,16
pic,28,87,122,237
pica,0,8,2,10
picachu,0,2,0,2
pican,0,0,10,10
picante,0,1,0,1
picar,0,2,0,2
picard,11,17,28,56
picasso,5,25,18,48
picatso,0,0,1,1
piccadilly,0,0,1,1
piccard,0,0,2,2
piccinini,0,5,0,5
piccioni,0,1,0,1
piccolo,1,0,0,1
picctured,0,0,2,2
pice,2,1,0,3
pices,1,1,0,2
picirk,0,1,0,1
pick,184,199,763,1146
pickaxe,0,3,0,3
pickaxes,0,6,0,6
picke,0,1,0,1
picked,70,53,270,393
pickel,0,3,0,3
pickels,0,0,1,1
pickens,1,0,0,1
picker,0,0,2,2
pickering,0,12,0,12
pickers,0,0,4,4
pickes,0,0,1,1
picketing,0,0,2,2
pickey,4,0,0,4
pickford,2,0,0,2
pickie,0,1,0,1
pickilington,0,2,0,2
pickin,1,3,3,7
pickiness,0,0,1,1
picking,87,46,156,289
pickkleee,1,0,0,1
pickle,36,110,74,220
pickled,5,10,19,34
pickleeee,0,1,0,1
picklenation,0,0,1,1
picklerickkkkkkk,0,1,0,1
picklerickwitdashits,0,2,0,2
pickles,2,5,6,13
picklocking,0,1,0,1
picko,0,0,1,1
pickpocket,0,1,0,1
picks,18,23,64,105
pickup,3,0,12,15
pickups,1,0,0,1
picky,15,14,94,123
piclonate,0,1,0,1
picnic,0,18,62,80
picnics,3,0,1,4
pico,5,17,21,43
picon,0,5,0,5
picos,0,2,0,2
picotas,0,5,0,5
picoteros,0,0,2,2
picpay,0,0,2,2
pics,52,58,171,281
pictogram,0,0,3,3
pictucter,0,0,2,2
picture,198,214,505,917
pictured,3,4,18,25
pictures,118,96,372,586
picturesque,0,3,4,7
picturing,0,11,9,20
pid,0,1,1,2
pida,0,10,0,10
pidan,0,6,0,6
pidanla,0,1,0,1
pidar,0,5,0,5
piddleass,0,1,0,1
piddling,0,0,1,1
piddy,0,3,1,4
pide,0,2,0,2
piden,0,4,0,4
pidge,0,1,0,1
pidgeot,0,0,2,2
pidi,0,4,0,4
pidiendo,0,7,0,7
pidieron,0,4,0,4
pido,0,11,2,13
pidos,0,1,0,1
pie,58,152,142,352
piec,1,0,0,1
piece,529,204,848,1581
pieceful,0,2,0,2
pieces,153,124,631,908
piecey,0,0,4,4
piecing,0,7,0,7
piecooooo,0,0,1,1
pied,3,11,12,26
piedade,0,1,0,1
piedes,6,0,0,6
piediewie,0,1,0,1
piedmont,0,0,4,4
piedras,0,1,2,3
piedrerol,0,1,0,1
pieds,1,0,0,1
pieee,0,1,0,1
pieeeeeeeeeeel,0,1,0,1
piegasm,0,0,1,1
piehead,0,1,0,1
piehole,0,1,0,1
piel,0,12,1,13
pieniazki,0,3,0,3
piensa,0,8,0,8
piensan,0,3,0,3
piensas,0,11,0,11
pienses,0,1,0,1
pienso,0,9,2,11
pier,0,0,7,7
pierce,10,13,23,46
pierced,14,6,104,124
piercer,0,6,7,13
pierces,2,0,4,6
piercing,28,56,199,283
piercings,6,3,42,51
pierde,0,5,0,5
pierdo,2,0,0,2
pierna,0,2,0,2
piernas,0,4,0,4
piero,0,0,1,1
pierogi,0,12,4,16
pierogie,2,1,0,3
pierogies,0,2,2,4
pierogis,1,2,2,5
pierre,8,21,13,42
piers,5,5,5,15
pierson,0,4,0,4
pierto,1,0,0,1
pierwsza,0,2,0,2
pierwsze,0,2,0,2
pierwszego,0,9,0,9
pierwszy,0,7,7,14
pies,2,18,23,43
piese,1,0,0,1
pietenpol,0,0,1,1
pieters,1,0,0,1
pieterse,0,1,0,1
pietrek,0,3,0,3
piety,1,0,0,1
pieu,0,0,1,1
pieways,0,0,5,5
piezota,0,4,0,4
pif,0,6,0,6
piff,7,0,0,7
pig,149,120,95,364
pigdung,0,0,2,2
pigean,5,0,0,5
pigeon,7,27,25,59
pigeonhole,1,0,0,1
pigeons,1,2,2,5
pigg,1,0,0,1
pigggg,7,0,0,7
piggles,0,0,3,3
piggly,0,1,0,1
piggy,8,3,20,31
piggybacking,2,0,2,4
piggyeats,0,7,7,14
piggypiggycomfort,0,0,1,1
piggys,0,0,1,1
piglet,0,2,9,11
piglets,0,2,1,3
pigment,5,3,32,40
pigmentation,8,1,15,24
pigmented,6,15,36,57
pigments,0,1,8,9
pigs,46,63,57,166
pigtails,0,1,7,8
pigue,0,5,0,5
piiiickle,0,0,2,2
piiised,0,0,1,1
piiivotttttt,0,1,0,1
piiled,0,1,0,1
pija,0,9,0,9
pijamas,0,1,0,1
pijas,0,2,0,2
pijosky,0,5,0,5
pik,0,1,0,1
pika,0,4,1,5
pikaboo,0,0,1,1
pikachu,2,9,0,11
pikadipoddipikadopadoddpikadipopo,0,1,0,1
pikard,0,0,1,1
pike,1,0,6,7
pikel,0,4,0,4
pikey,10,0,0,10
pikeys,3,2,6,11
pikle,0,1,0,1
pikmin,0,1,0,1
pil,0,3,6,9
pilas,2,1,0,3
pilate,1,0,0,1
pilates,0,0,2,2
pilatus,0,3,0,3
pile,78,27,66,171
piled,0,0,14,14
piledrive,0,0,1,1
piledriver,0,0,1,1
pileofslugs,0,2,0,2
piles,15,4,7,26
pilgram,0,3,0,3
pilgrim,4,8,6,18
pilgrimage,0,0,1,1
pilice,0,0,1,1
piling,2,0,2,4
pilipinas,0,1,0,1
pilipino,4,7,0,11
pilipinos,0,2,0,2
pilkington,0,3,2,5
pill,282,52,481,815
pillage,2,0,6,8
pillaging,0,7,0,7
pillar,11,4,0,15
pillars,6,1,12,19
pillbug,0,0,6,6
pilled,5,7,5,17
piller,0,4,0,4
pillers,0,2,0,2
pilling,0,1,0,1
pillion,0,1,0,1
pillman,1,0,0,1
pillocks,5,0,0,5
pillow,29,36,53,118
pillowcase,4,0,0,4
pillowcases,0,2,5,7
pillows,3,5,60,68
pillowtalk,0,0,10,10
pills,159,38,167,364
pillsbury,2,0,0,2
pillspillspills,7,0,0,7
pilmark,1,1,0,2
pilonidal,0,3,0,3
piloot,1,0,0,1
pilory,0,0,2,2
pilot,70,87,214,371
pilote,7,0,1,8
piloten,0,2,0,2
piloting,3,1,8,12
pilotless,1,0,0,1
piloto,0,3,1,4
pilots,37,36,101,174
pilotwiings,0,5,0,5
pilotwings,15,8,42,65
pils,3,0,0,3
pilseung,1,0,3,4
pilss,0,7,0,7
pimblokto,0,14,0,14
pimentel,0,1,0,1
pimentos,0,5,0,5
pimienta,0,1,0,1
pimientos,0,0,5,5
pimp,4,23,13,40
pimpblokto,0,2,0,2
pimpc,0,1,0,1
pimped,0,0,1,1
pimphouse,0,1,0,1
pimpin,0,1,0,1
pimping,2,0,0,2
pimple,5,7,20,32
pimples,5,1,24,30
pimps,0,3,1,4
pimpsuit,1,0,0,1
pimyeon,0,0,3,3
pin,51,74,143,268
pina,0,8,1,9
pinacolata,0,1,0,1
pinacoolada,0,1,0,1
pinafore,4,0,3,7
pinalty,0,1,0,1
pinan,0,0,1,1
pinapanood,0,1,0,1
pinapple,2,1,1,4
pinas,0,0,1,1
pinata,0,1,0,1
pinay,0,0,1,1
pinball,1,1,2,4
pincers,0,1,0,1
pinch,18,22,32,72
pinchable,0,1,0,1
pinche,0,23,0,23
pinched,3,4,3,10
pincher,0,0,1,1
pinchers,0,3,2,5
pinches,0,24,0,24
pinchi,0,1,0,1
pinching,1,1,6,8
pinciotti,0,0,4,4
pincus,0,0,6,6
pincy,0,0,6,6
pinda,0,1,0,1
pine,6,4,10,20
pineapple,10,44,30,84
pineapplephone,0,1,0,1
pineapples,3,1,0,4
pineapppppple,0,1,0,1
pinecones,0,3,0,3
pined,0,0,1,1
pinellas,1,0,0,1
pines,2,10,5,17
pinewood,0,7,0,7
pinfold,0,0,5,5
ping,4,7,13,24
pinga,0,5,5,10
pingers,0,1,0,1
pinging,0,0,8,8
pingiuns,0,0,6,6
pingo,0,1,0,1
pinhead,5,3,0,8
pining,1,0,0,1
pinion,0,3,0,3
pinipiling,0,1,0,1
pink,1189,29,1318,2536
pinkbike,0,0,2,2
pinkenton,5,0,0,5
pinkerton,15,7,25,47
pinkett,0,1,2,3
pinkfloyd,0,1,0,1
pinki,0,0,1,1
pinkie,5,1,9,15
pinkish,0,0,5,5
pinkity,0,2,0,2
pinkkk,0,0,1,1
pinkmans,0,0,1,1
pinko,0,0,5,5
pinks,8,10,11,29
pinky,14,9,24,47
pinnacle,4,8,16,28
pinned,0,10,18,28
pinning,0,1,4,5
pinnk,0,1,0,1
pinnochio,1,0,1,2
pinnock,0,1,0,1
pinns,0,6,0,6
pinny,0,2,0,2
pinocchio,0,12,23,35
pinof,1,0,0,1
pinokio,0,1,0,1
pinometer,0,0,1,1
pinoy,0,6,8,14
pinoys,0,0,5,5
pinpoint,4,8,10,22
pinpointed,2,0,0,2
pinpricks,1,0,0,1
pins,3,7,27,37
pinsir,0,0,2,2
pinsoglio,0,1,0,1
pinstripe,1,0,0,1
pinstriped,0,0,1,1
pint,8,1,18,27
pinta,0,19,0,19
pintacity,0,1,0,1
pintball,1,0,0,1
pinterest,7,11,20,38
pinteresting,0,0,3,3
pinto,0,0,1,1
pintoresco,0,0,2,2
pintrest,1,0,2,3
pints,0,2,10,12
pintura,0,1,0,1
pinukbet,1,0,0,1
pinups,0,1,0,1
pinus,0,1,0,1
pinwheel,0,2,2,4
pio,3,1,7,11
piolit,0,2,0,2
pioneer,1,1,5,7
pioneered,0,0,1,1
pioneering,0,1,0,1
pioneers,4,4,7,15
piont,0,1,0,1
pionting,2,0,0,2
pioples,0,1,0,1
pior,0,3,0,3
piosenk,0,2,0,2
pioty,0,4,0,4
pious,0,0,2,2
pip,0,0,1,1
pipe,23,37,49,109
piped,3,0,1,4
pipeline,2,0,0,2
pipelines,0,0,1,1
piper,5,22,29,56
pipes,2,25,38,65
pipette,1,0,0,1
pipi,0,2,0,2
pipin,0,0,1,1
piping,7,5,1,13
pipis,0,3,0,3
pipl,0,0,1,1
pipo,5,0,0,5
pipped,0,0,1,1
pippen,0,3,0,3
pipper,0,5,0,5
pippies,0,2,0,2
pippin,0,3,0,3
pipping,1,1,0,2
pippippippippippippippippip,0,1,0,1
pippppp,0,0,4,4
pips,0,1,0,1
pipsqueak,1,0,1,2
piq,0,2,0,2
piqu,0,46,8,54
pique,15,107,35,157
piqued,0,0,4,4
piques,0,0,1,1
piquet,0,0,1,1
pir,5,1,0,6
piracy,2,5,5,12
pirahnas,0,0,2,2
piramides,0,1,0,1
piramids,0,0,1,1
piranha,0,3,1,4
piranhas,1,2,1,4
pirar,0,2,0,2
piratas,0,1,0,1
pirate,12,14,39,65
pirated,1,7,12,20
pirates,11,18,9,38
pirating,1,0,1,2
pircining,0,0,2,2
pire,0,6,0,6
pirece,1,0,0,1
pires,0,0,3,3
pirimci,0,1,0,1
pirincess,0,1,0,1
piriode,0,0,5,5
pirite,0,0,2,2
pirlo,0,6,2,8
pirmella,0,0,2,2
piroca,0,1,0,1
pirogees,0,1,0,1
pirogi,1,2,7,10
pirouette,5,1,1,7
pirouettes,0,4,0,4
pirpura,2,0,0,2
pirra,0,7,0,7
pirro,0,4,0,4
piruas,0,1,0,1
piryo,0,1,0,1
pis,0,3,1,4
pisa,6,10,8,24
pisan,0,3,0,3
pisces,3,2,6,11
piscesgang,0,0,1,1
pisco,0,5,0,5
pise,1,1,0,2
pisem,0,1,0,1
pish,0,7,1,8
pisikopatm,0,1,0,1
pislamic,1,0,0,1
piso,0,3,0,3
pisode,0,3,0,3
pisols,0,1,0,1
pisou,0,1,0,1
pisouuuuu,0,1,0,1
pisping,6,0,0,6
piss,110,51,121,282
pissards,3,0,0,3
pissbaby,1,0,0,1
pissbery,0,2,0,2
pissble,0,0,2,2
pissed,126,65,190,381
pissedfghjgfdsgjkfdsa,0,3,0,3
pisser,0,0,6,6
pisses,24,15,35,74
pissheads,0,0,1,1
pissident,2,0,0,2
pissin,0,0,5,5
pissing,44,14,29,87
pissonpotatoes,0,0,1,1
pissy,6,0,14,20
pist,4,2,0,6
pista,0,3,1,4
pistachio,2,0,14,16
pistachios,2,0,0,2
pistol,7,11,20,38
pistola,0,1,0,1
pistoleros,0,4,0,4
pistols,8,10,14,32
piston,0,0,7,7
pistorious,0,1,0,1
pisw,0,1,0,1
pisz,0,1,0,1
pisze,0,3,0,3
pit,44,35,77,156
pita,0,9,1,10
pitaban,0,3,0,3
pitado,0,1,5,6
pitais,0,3,0,3
pitan,0,7,2,9
pitando,0,1,0,1
pitar,0,21,0,21
pitara,0,2,0,2
pitaria,0,3,0,3
pitarlo,0,3,0,3
pitasteis,0,4,0,4
pitbull,2,18,10,30
pitbulls,4,4,2,10
pitch,115,36,180,331
pitched,9,0,30,39
pitcher,7,4,3,14
pitchers,1,0,0,1
pitches,3,1,7,11
pitchfork,3,0,4,7
pitchforks,3,2,0,5
pitchin,3,0,0,3
pitching,1,1,2,4
pitchplus,0,4,0,4
pitchure,0,0,2,2
pitchy,1,0,4,5
pites,0,4,0,4
pitfall,0,0,4,4
pitfalls,1,0,2,3
pith,0,0,1,1
piti,0,0,3,3
pitidos,0,3,0,3
pitiful,13,0,17,30
pitiless,0,0,2,2
pitmen,1,0,0,1
pito,0,1,0,1
pitos,0,18,3,21
pitot,0,0,1,1
pitoyable,0,4,0,4
pits,11,12,25,48
pitsel,0,0,1,1
pitt,7,16,2,25
pitted,1,0,0,1
pittman,0,0,1,1
pitts,0,0,3,3
pittsburg,0,3,0,3
pittsburgh,0,24,20,44
pittsburgher,0,1,0,1
pittsburghpa,3,0,0,3
pitty,2,1,4,7
pitufo,0,1,0,1
pituitary,0,0,1,1
pity,65,0,80,145
piu,0,10,0,10
piura,0,1,0,1
pivat,0,1,0,1
pivet,0,1,0,1
pivit,0,0,1,1
pivitol,8,0,0,8
pivot,1,10,9,20
pivotal,0,0,2,2
pivots,0,0,1,1
piwnicy,0,3,0,3
piwzzies,0,1,0,1
pix,0,0,4,4
pixar,26,67,86,179
pixarcoco,0,0,1,1
pixars,0,0,6,6
pixburgh,0,2,0,2
pixel,62,99,270,431
pixelate,0,1,0,1
pixelated,4,3,1,8
pixelation,0,0,2,2
pixelbook,6,7,18,31
pixell,1,0,0,1
pixellated,0,0,1,1
pixels,4,3,14,21
pixer,0,0,1,1
pixi,0,3,3,6
pixicut,0,0,8,8
pixie,7,1,7,15
pixies,5,9,4,18
pixiewoo,0,0,3,3
pixilation,0,1,0,1
pixiwoo,0,0,10,10
pixiwoochats,0,0,3,3
pixle,0,2,0,2
pizdec,0,4,0,4
pizel,0,0,4,4
pizz,0,1,2,3
pizza,127,671,355,1153
pizzaaaaaa,0,0,4,4
pizzadilla,0,0,1,1
pizzagate,8,4,3,15
pizzagateisreal,0,3,0,3
pizzahut,0,1,0,1
pizzaria,0,0,1,1
pizzarole,0,1,0,1
pizzas,2,10,7,19
pizzaz,0,0,2,2
pizzazz,0,0,3,3
pizze,0,2,0,2
pizzeria,0,0,1,1
pizzi,0,4,0,4
pizzicato,0,5,0,5
pizzy,0,0,1,1
pizzza,0,0,1,1
pizzzaaaaaa,0,4,0,4
pizzzzaaa,0,2,0,2
pj,49,95,97,241
pjaca,0,1,0,1
pjfsigjdkgnmafdjgjkaghjgrkdtgsmgktskrlnhtskjhkjkltjsjhuthnsrkl,0,1,0,1
pjikllkl,0,1,0,1
pjs,4,10,24,38
pjsinsuela,0,0,1,1
pk,1,3,3,7
pkd,5,0,2,7
pkg,0,0,5,5
pki,0,1,0,1
pkk,0,1,0,1
pks,0,1,0,1
pl,0,10,59,69
pla,0,3,1,4
plaaaaaaaace,0,1,0,1
plaatsje,0,0,1,1
plabra,0,1,0,1
placards,1,0,0,1
place,649,487,2473,3609
placebo,0,5,10,15
placed,20,10,93,123
placeeeeee,0,1,0,1
placement,15,9,48,72
placements,0,0,3,3
placenta,1,12,7,20
placentas,0,2,0,2
placentero,0,5,0,5
placer,0,5,0,5
places,125,97,578,800
placing,6,0,26,32
placz,0,2,0,2
plaer,1,0,0,1
plaes,0,1,0,1
plaese,1,6,1,8
plaga,0,1,0,1
plaged,4,0,0,4
plagiado,0,1,0,1
plagiarise,0,1,7,8
plagiarism,1,7,6,14
plagiarist,0,1,7,8
plagiarists,1,0,0,1
plagiarize,0,9,0,9
plagiarized,1,1,0,2
plagiarizing,0,0,1,1
plagiat,2,1,0,3
plagiate,2,14,0,16
plagiating,0,1,0,1
plagiator,0,1,0,1
plagiatoree,0,1,0,1
plagio,0,1,0,1
plagionist,0,1,0,1
plague,20,23,23,66
plagued,7,0,10,17
plagueis,0,8,3,11
plagues,3,0,10,13
plaguing,0,5,4,9
plaid,6,16,37,59
plaidoirie,0,2,0,2
plain,147,0,123,270
plainer,0,0,2,2
plainly,3,0,5,8
plaintive,0,0,1,1
plaisir,0,3,1,4
plaits,0,1,2,3
plalette,0,1,0,1
plan,166,107,507,780
plana,0,1,0,1
planach,0,2,0,2
planar,0,0,10,10
planaria,0,0,2,2
plancha,0,4,0,4
planche,0,2,0,2
planchette,1,0,0,1
planck,0,4,6,10
plane,142,199,292,633
planeado,0,1,0,1
planean,0,2,0,2
planed,0,1,4,5
planee,0,0,3,3
planekhana,0,1,0,1
planes,34,63,112,209
planescape,0,4,0,4
planescene,0,0,1,1
planespotter,0,0,2,2
planest,3,0,0,3
planeswalker,0,0,1,1
planeswalkers,0,0,1,1
planet,170,165,755,1090
planeta,0,10,3,13
planetarium,1,1,19,21
planetary,0,0,14,14
planetbusiness,0,0,7,7
planeth,0,2,0,2
planets,27,7,66,100
planetside,0,0,2,2
planform,4,0,0,4
planing,5,1,14,20
plank,0,4,7,11
planked,0,1,0,1
planks,3,0,0,3
plankton,0,1,0,1
planned,37,25,140,202
planner,0,0,27,27
planners,1,0,0,1
planning,42,53,192,287
plano,0,2,3,5
planour,0,0,2,2
plans,31,39,111,181
plant,90,85,190,365
planta,0,1,0,1
plantain,0,1,0,1
plantar,2,0,0,2
plantation,5,1,11,17
plantations,9,0,13,22
plantbased,0,0,1,1
planteamiento,0,6,0,6
planted,7,4,8,19
planter,0,0,4,4
plantercoaster,0,1,0,1
planteth,0,0,2,2
plantiful,0,0,2,2
plantilla,0,4,0,4
plantillas,0,0,5,5
plantin,0,1,0,1
planting,0,1,9,10
plants,49,41,144,234
planuf,0,0,10,10
planufs,0,0,5,5
plaqs,1,0,0,1
plaque,0,6,0,6
plaques,2,0,0,2
plase,0,2,1,3
plases,0,1,0,1
plash,0,1,0,1
plasic,2,0,0,2
plasil,0,0,6,6
plasma,0,2,34,36
plasss,0,0,1,1
plast,3,0,0,3
plaster,12,0,4,16
plastered,14,1,1,16
plasters,1,2,3,6
plastic,188,144,378,710
plasticized,1,0,0,1
plastics,2,0,2,4
plasticy,9,9,1,19
plastidiamonds,0,0,1,1
plastique,0,4,0,4
plastixx,0,0,1,1
plat,0,4,0,4
plata,0,1,0,1
plataforma,0,3,0,3
plataformas,0,3,0,3
platanus,0,1,0,1
plate,27,88,89,204
plateaued,0,0,1,1
plated,1,0,26,27
plater,0,1,0,1
plates,0,14,32,46
platform,61,36,183,280
platformer,0,0,2,2
platforming,0,0,4,4
platforms,0,3,41,44
platinu,0,0,1,1
platinum,0,19,38,57
platitudes,1,0,0,1
platnamz,0,1,0,1
platniums,0,1,0,1
plato,2,13,2,17
platon,2,0,0,2
platonic,2,0,0,2
platonico,0,4,0,4
platoon,0,0,1,1
platpus,0,1,0,1
platt,6,2,0,8
platte,0,0,8,8
platter,0,1,14,15
platts,4,0,0,4
platypus,0,3,0,3
platypuses,0,3,0,3
platz,0,2,0,2
platzman,0,1,0,1
plauers,0,0,1,1
plauge,0,3,0,3
plauged,0,0,3,3
plausibility,0,1,8,9
plausible,3,0,28,31
plavsky,0,1,0,1
play,1132,1084,2602,4818
playa,0,17,8,25
playable,9,15,11,35
playback,14,15,14,43
playboard,0,3,0,3
playboi,0,3,2,5
playbook,0,0,3,3
playboy,30,21,86,137
playburlingtonagain,0,0,5,5
playbutton,0,1,0,1
playdead,3,0,0,3
playdoe,2,0,0,2
playdoh,1,4,0,5
playdough,1,3,0,4
played,395,360,911,1666
playeedddd,1,0,0,1
player,278,168,821,1267
playerbase,1,0,0,1
playere,0,0,2,2
playern,0,0,2,2
players,513,148,1091,1752
playersunknown,0,0,2,2
playerunknown,2,0,2,4
playerz,2,0,0,2
playes,8,1,8,17
playfight,0,0,2,2
playforflorida,0,3,0,3
playful,2,6,26,34
playfull,0,0,3,3
playfully,0,3,9,12
playgirl,0,0,3,3
playground,6,2,7,15
playgrounf,0,0,5,5
playin,14,17,28,59
playing,628,633,1307,2568
playingit,0,0,6,6
playlist,10,82,117,209
playlists,6,13,21,40
playlisy,0,0,2,2
playmaker,1,0,8,9
playmat,0,0,7,7
playmate,6,0,14,20
playmates,0,0,2,2
playoff,8,1,10,19
playoffs,8,1,34,43
playout,0,0,4,4
playroom,1,0,8,9
playrrr,0,3,0,3
plays,133,151,295,579
playses,0,0,2,2
playskin,0,0,1,1
playslist,0,0,1,1
playstaions,1,0,0,1
playstation,4,10,28,42
playstore,0,0,9,9
playstyle,0,0,1,1
playsuit,0,0,6,6
plaything,0,0,3,3
playthrough,6,0,4,10
playtime,2,0,22,24
playwright,0,0,4,4
playz,0,0,1,1
plaz,0,4,0,4
plaza,8,1,4,13
plazacamacho,0,5,0,5
plea,4,3,2,9
pleaaaaaaaaaaaase,1,1,0,2
pleaaaaaaaaaasssssssseeeeeeee,0,1,0,1
pleaaaaaaaase,0,1,0,1
pleaaaaaaaassssseeeeee,0,0,1,1
pleaaaaaaase,0,2,0,2
pleaaaaaaaseeeee,0,2,0,2
pleaaaaaase,0,1,0,1
pleaaaaase,0,2,11,13
pleaaaaaseee,0,0,1,1
pleaaaaaseeee,0,0,4,4
pleaaaase,0,3,5,8
pleaaaassee,0,2,0,2
pleaaaasssee,1,0,0,1
pleaaaassseee,0,1,0,1
pleaaaasssseeee,0,1,0,1
pleaaase,0,5,4,9
pleaaassee,0,3,0,3
pleaaasseee,7,1,0,8
pleaaassssseeeeeeeeeee,0,2,0,2
pleaase,0,4,5,9
pleaasee,0,0,2,2
pleaaseee,0,1,0,1
pleaaseeeee,0,0,1,1
pleaassee,0,0,2,2
pleaasseee,0,1,0,1
plead,0,0,4,4
pleaded,2,0,0,2
pleading,11,0,13,24
pleae,0,0,8,8
pleaed,0,0,4,4
pleakley,0,0,2,2
pleas,3,45,23,71
pleasa,0,0,1,1
pleasant,9,0,81,90
pleasantly,6,0,40,46
pleasantness,0,0,2,2
pleasanton,1,0,1,2
pleasantries,3,0,0,3
please,2153,7296,8720,18169
pleasebejokerpleasebejokerpleasebejoker,0,1,0,1
pleased,7,1,130,138
pleasedo,0,1,0,1
pleasedontsuckpleasedontsuckpleasedontsuckpleasedontsuckpleasedontsuckpleasedontsuckpleasedontsuckpleasedontsuckpleasedontsuckpleasedontsuckpleasedontsuckpleasedontsuck,0,1,0,1
pleasee,0,29,19,48
pleaseee,14,64,39,117
pleaseeee,3,33,30,66
pleaseeeee,4,38,21,63
pleaseeeeee,0,23,23,46
pleaseeeeeee,0,10,4,14
pleaseeeeeeee,2,23,1,26
pleaseeeeeeeee,0,1,1,2
pleaseeeeeeeeee,0,1,0,1
pleaseeeeeeeeeee,0,2,1,3
pleaseeeeeeeeeeee,1,0,1,2
pleaseeeeeeeeeeeee,0,0,2,2
pleaseeeeeeeeeeeeee,0,1,0,1
pleaseeeeeeeeeeeeeeee,0,1,0,1
pleaseeeeeeeeeeeeeeeeee,0,1,0,1
pleaseeeeeeeeeeeeeeeeeee,0,1,0,1
pleaseeeeeeeeeeeeeeeeeeee,0,1,0,1
pleaseeeeeeeeeeeeeeeeeeeee,0,0,1,1
pleaseeeeeeeeeeeeeeeeeeeeeeeeeee,0,1,0,1
pleaseeeeeeeeeeeeeeeeeeeeeeeeeeeeeeeeeeeeeeeeeee,0,0,1,1
pleaseeeeeeeeeeeeeeeeeeeeeeeeeeeeeeeeeeeeeeeeeeeeee,0,1,0,1
pleaseeeeeeeeeeeeeeeeeeeeeeeeeeeeeeeeeeeeeeeeeeeeeeeeeeeeeeeeeeeee,0,4,0,4
pleaseeeeeeeeeeeeeeeeeeeeeeeeeeeeeeeeeeeeeeeeeeeeeeeeeeeeeeeeeeeeeee,0,0,2,2
pleaseeeeeeeeeeeeeeees,0,0,9,9
pleasent,0,0,2,2
pleaser,0,1,0,1
pleaseruinmetyverymuchhhhhhhhhhhhhhhh,0,1,0,1
pleases,2,5,7,14
pleasesss,0,2,0,2
pleaseu,0,1,0,1
pleasing,11,34,99,144
pleasr,0,3,0,3
pleass,0,3,0,3
pleasse,0,2,0,2
pleasseee,0,0,1,1
pleasseeee,0,3,2,5
pleasseeeee,0,2,1,3
pleasssee,0,1,0,1
pleassseee,0,1,0,1
pleassseeee,0,2,2,4
pleasssse,0,4,0,4
pleasssssse,0,1,0,1
pleassssssse,1,0,0,1
pleasssssssse,0,2,5,7
pleassssssssssssseeeeeeeeeeeeee,0,2,0,2
pleasssssssssssssssssseeeeeeeeee,0,1,0,1
pleasurable,0,0,11,11
pleasure,49,39,183,271
pleasures,4,3,5,12
pleasuring,3,9,0,12
pleasw,0,4,0,4
pleat,7,0,0,7
pleated,0,4,8,12
pleather,0,0,2,2
pleaz,1,0,0,1
pleazzzzzzzzzz,0,4,0,4
pleb,11,1,6,18
plebby,3,0,0,3
plebeians,0,0,2,2
plebes,0,0,3,3
plebian,0,3,0,3
plebiscite,0,0,8,8
plebs,5,4,1,10
plebsu,0,7,0,7
pled,0,1,0,1
pledge,18,2,18,38
pledged,1,0,4,5
pledges,0,0,4,4
pledging,1,0,0,1
pledis,7,10,4,21
pleeaaaase,0,1,0,1
pleeaaase,0,3,0,3
pleeaase,0,6,1,7
pleeaassee,0,0,1,1
pleeaasseeee,1,0,0,1
pleeaasssee,0,0,3,3
pleease,1,6,30,37
pleeaseeeee,0,0,1,1
pleebs,0,0,1,1
pleeeaaaaasseeeee,0,1,0,1
pleeeaaaase,2,3,4,9
pleeeaaaassse,0,1,0,1
pleeeaaase,0,0,3,3
pleeeaaasee,0,0,6,6
pleeeaaasssee,0,1,0,1
pleeeaaassseee,0,1,0,1
pleeeaaasssseeee,0,1,0,1
pleeeaase,0,4,1,5
pleeeaasseee,0,2,0,2
pleeeaassse,0,1,0,1
pleeease,1,12,17,30
pleeeaseeee,0,1,0,1
pleeeasseeee,0,1,0,1
pleeeasssseee,0,1,0,1
pleeeeaaaaaaasssseeee,0,1,0,1
pleeeeaaaaassseee,0,1,0,1
pleeeeaaaaasssse,0,2,0,2
pleeeeaaaase,0,1,2,3
pleeeeaaaasseee,0,1,0,1
pleeeeaaasseeee,0,0,2,2
pleeeeaaassseee,0,0,5,5
pleeeease,8,8,13,29
pleeeeaseeee,0,1,0,1
pleeeeeaaaaaaase,0,0,2,2
pleeeeeaaaaaase,0,0,1,1
pleeeeeaaassseee,0,1,0,1
pleeeeease,1,10,9,20
pleeeeeeaaaaaaase,0,2,0,2
pleeeeeeaaaaaassssssseeeee,0,0,3,3
pleeeeeeaaaaaassssssseeeeeee,0,1,0,1
pleeeeeeaaaaassssseeeee,0,1,0,1
pleeeeeeaaaaasssssssss,0,2,0,2
pleeeeeeaaaase,0,2,2,4
pleeeeeeaaasse,0,0,1,1
pleeeeeeaase,0,1,0,1
pleeeeeease,4,5,12,21
pleeeeeeeaaaaaaassssseee,0,0,1,1
pleeeeeeease,1,2,1,4
pleeeeeeeeaaaaaaasssssssseeeeeeeee,0,2,0,2
pleeeeeeeease,0,1,4,5
pleeeeeeeeeaaaaaaaaaaaaaaaasssssssssssee,0,1,0,1
pleeeeeeeeeeaaaaaaaaaaasssssssssssssssse,0,1,0,1
pleeeeeeeeeeaaaaaaaaase,0,0,1,1
pleeeeeeeeeease,0,2,6,8
pleeeeeeeeeeease,1,0,0,1
pleeeeeeeeeeeeaaaasssssssssse,0,0,1,1
pleeeeeeeeeeeeeaaaaaaaaaaaaaaaaasssssssssssseeeeeeeeeeeee,0,1,0,1
pleeeeeeeeeeeeeaaaaaaaasssseeeee,0,8,0,8
pleeeeeeeeeeeeeeeaaaaaaaaaase,0,1,0,1
pleeeeeeeeeeeeeeease,1,0,0,1
pleeeeeeeeeeeeeeeeaaaaasssssseeee,0,1,0,1
pleeeeeeeeeeeeeeeeease,0,0,1,1
pleeeeeeeeeeeeeeeeeease,0,0,1,1
pleeeeeeeeeeeeeeeeeeeeeaaaaaase,0,1,0,1
pleeeeeeeeeeeeeeeeeeeeeeeaaaaaaaaaaaaaasssseeeeeeeeeeeeeeee,0,0,1,1
pleeeeeeees,0,1,0,1
pleeeessseee,0,1,0,1
pleeeeze,0,1,0,1
pleeez,0,1,0,1
plees,0,1,0,1
pleese,0,3,0,3
pleeseee,0,1,0,1
pleez,0,5,0,5
pleiades,2,0,0,2
plein,0,5,3,8
pleins,0,2,2,4
plen,0,0,1,1
plena,0,4,0,4
plenitude,0,3,0,3
pleno,0,1,0,1
plent,0,1,0,1
plentiful,0,0,1,1
plenty,101,43,242,386
ples,0,1,0,1
plesae,2,0,0,2
plesala,0,1,0,1
plesase,0,1,0,1
plesde,0,1,0,1
plese,0,1,3,4
plesh,0,1,0,1
plesiosaur,0,2,0,2
pless,0,1,0,1
plesseee,0,2,0,2
plethora,0,0,10,10
pleurer,0,0,5,5
plex,4,0,1,5
plexiglass,0,1,0,1
plexiomety,1,0,0,1
pley,0,1,0,1
plez,0,6,2,8
plezier,0,1,0,1
plezz,0,2,0,2
plezzz,0,0,6,6
plezzzzzzz,0,0,1,1
plezzzzzzzzz,0,3,0,3
plg,0,2,0,2
pliable,0,1,11,12
pliease,0,0,2,2
pliers,0,5,2,7
plies,1,2,2,5
pliff,0,1,0,1
plight,6,0,8,14
plights,0,0,1,1
pliizzzzz,0,0,6,6
plinket,0,6,4,10
plinkett,0,1,0,1
plinketts,0,0,2,2
plinking,0,0,1,1
plis,0,22,8,30
pliss,0,1,0,1
plisss,0,4,0,4
plissss,0,4,0,4
plisssss,0,3,0,3
plit,1,0,0,1
pliz,0,5,7,12
plizzz,0,2,0,2
pll,1,2,16,19
plleassseee,0,1,0,1
plleeaassee,0,0,2,2
pllleaaaasssssseee,0,1,0,1
pllleased,0,3,0,3
pllleeaaassee,0,0,1,1
pllleeaasssee,0,1,0,1
pllleeeeaaassseeeee,0,1,0,1
plllleeeeaaassseeee,0,1,1,2
plllleeeeeaaaasse,0,2,0,2
plllleeeeeeaaaassseee,0,0,1,1
pllllleeeaaassseee,0,0,1,1
plllllleeewaaseeeee,0,0,1,1
plllllllleeeeeeeaaaaaasssssseeeeee,0,0,1,1
plllllzzzzz,0,1,0,1
pllllzzzx,0,4,0,4
pllllzzzzzz,0,1,0,1
plllssssssss,0,1,0,1
plllzzz,0,0,2,2
pllss,0,0,8,8
pllsss,2,0,0,2
pllz,0,0,1,1
pllzz,4,0,0,4
pllzzz,0,0,1,1
pln,0,0,1,1
plo,0,0,1,1
plod,6,0,1,7
plodders,3,0,0,3
plonks,0,2,0,2
plop,0,0,5,5
plopped,2,0,2,4
plosives,0,1,0,1
plot,177,146,364,687
ploted,1,0,0,1
plotek,0,2,0,2
plothole,0,0,2,2
plotholes,0,0,4,4
plotline,1,0,0,1
plotlines,0,0,1,1
plots,11,2,24,37
plotting,5,1,2,8
plottwist,0,0,1,1
plotwist,0,1,0,1
ploughing,0,0,1,1
plover,0,0,2,2
plow,3,4,7,14
plowed,0,2,12,14
plows,2,1,0,3
plox,2,1,0,3
ploy,3,1,10,14
plp,3,0,0,3
plque,0,3,0,3
plrase,0,1,0,1
pls,191,938,709,1838
plses,0,1,0,1
plss,1,29,17,47
plsss,1,25,21,47
plsssaa,0,1,0,1
plssss,7,24,12,43
plsssss,2,7,3,12
plssssss,0,2,1,3
plsssssss,0,7,3,10
plssssssss,1,2,0,3
plssssssssss,0,1,0,1
plssssssssssss,0,2,0,2
plsssssssssssss,0,1,0,1
plsssssssssssssss,0,1,0,1
plssssssssssssssssssss,0,1,0,1
plsz,0,0,1,1
plszzzssszzzzzzz,0,4,0,4
plt,0,5,0,5
pltzt,0,0,1,1
plu,0,5,2,7
pluck,5,0,10,15
plucked,4,0,8,12
plucking,1,1,9,11
plug,30,52,76,158
pluged,0,4,0,4
plugged,2,14,18,34
plugging,9,0,16,25
plugiate,1,0,0,1
plugin,5,2,2,9
plugless,1,0,0,1
plugs,5,13,14,32
plum,0,3,35,38
plumb,0,0,1,1
plumber,5,14,12,31
plumbers,1,3,4,8
plumbing,5,0,3,8
plumbob,0,0,1,1
plumbus,0,2,1,3
plumer,1,0,0,1
plumero,0,2,0,2
plumes,0,2,1,3
plumette,0,0,1,1
plummet,0,0,6,6
plummeted,1,0,1,2
plump,5,2,7,14
plumped,0,0,4,4
plumper,3,6,4,13
plumping,0,0,1,1
plumps,0,0,7,7
plumpy,1,0,0,1
plums,2,0,1,3
plumy,0,0,1,1
plunderer,0,0,1,1
plunge,2,0,24,26
plunged,0,1,5,6
plunger,3,8,4,15
plunging,7,1,1,9
plunkets,5,0,0,5
plur,0,0,1,1
plural,1,7,13,21
pluralism,2,0,0,2
plurals,0,0,2,2
pluribus,0,1,0,1
plus,333,341,1063,1737
pluses,0,0,5,5
plush,3,8,5,16
plushie,0,4,5,9
plushies,0,2,9,11
plushy,0,0,5,5
plusieurs,0,3,0,3
plusss,0,2,0,2
plut,0,2,0,2
plutarch,0,0,2,2
plutfrom,1,0,0,1
pluto,3,8,3,14
plutocratic,1,0,0,1
plutonium,4,7,6,17
pluz,0,3,0,3
plvnet,0,2,0,2
plx,0,6,5,11
ply,4,10,11,25
plying,0,0,3,3
plymouth,3,0,4,7
plyr,0,1,5,6
plyve,0,2,0,2
plywood,0,0,1,1
plz,171,1031,662,1864
plzlike,1,0,0,1
plzplzplz,0,1,0,1
plzpzlpzlplz,0,0,1,1
plzz,2,34,39,75
plzzz,2,44,31,77
plzzzz,1,37,18,56
plzzzzx,0,1,0,1
plzzzzz,6,26,2,34
plzzzzzz,0,12,8,20
plzzzzzzz,0,3,6,9
plzzzzzzzz,0,1,1,2
plzzzzzzzzz,0,6,0,6
plzzzzzzzzzz,0,1,2,3
plzzzzzzzzzzz,0,0,1,1
plzzzzzzzzzzzz,0,1,0,1
plzzzzzzzzzzzzz,0,1,3,4
plzzzzzzzzzzzzzzz,0,0,1,1
plzzzzzzzzzzzzzzzzzzzzzz,0,1,0,1
plzzzzzzzzzzzzzzzzzzzzzzz,0,0,1,1
plzzzzzzzzzzzzzzzzzzzzzzzzzzzzzzzzzz,0,2,0,2
plzzzzzzzzzzzzzzzzzzzzzzzzzzzzzzzzzzzzzzzzzzzzzzzzzzzz,0,1,0,1
plzzzzzzzzzzzzzzzzzzzzzzzzzzzzzzzzzzzzzzzzzzzzzzzzzzzzzzzzzzzzzzzzzzzzzzzzzz,0,1,0,1
pm,51,80,154,285
pma,0,12,4,16
pmac,0,0,3,3
pmdd,9,3,9,21
pmj,0,0,1,1
pms,73,1,95,169
pmsing,3,0,2,5
pmsl,9,10,20,39
pmv,0,0,18,18
pn,0,1,1,2
pnb,0,0,1,1
pnce,4,0,0,4
pnd,0,1,0,1
pne,0,7,1,8
pneu,0,2,0,2
pneumatic,0,0,6,6
pneumonia,0,0,5,5
pneumonic,0,0,1,1
png,0,12,5,17
pni,0,3,0,3
pnione,0,1,0,1
pnl,0,5,3,8
pnp,0,1,0,1
pnw,0,0,5,5
po,9,107,57,173
poached,0,0,1,1
poacher,0,1,3,4
poachers,0,2,0,2
poaching,0,5,1,6
poahh,1,0,0,1
pobga,0,8,0,8
poblaci,0,1,0,1
poblo,0,0,1,1
pobox,0,1,3,4
pobre,2,40,0,42
pobrecitos,0,5,0,5
pobres,0,8,5,13
pobreza,0,0,2,2
pobst,0,1,0,1
poc,14,7,11,32
poca,0,10,4,14
pocahontas,0,3,8,11
pocaketo,0,1,0,1
pocalypse,1,2,1,4
pocas,0,3,6,9
poces,0,3,0,3
pochettino,0,0,3,3
pochissimi,0,5,0,5
pochodzi,0,3,0,3
pochy,0,0,1,1
poci,0,2,0,2
pociera,0,2,0,2
pock,2,0,0,2
pocked,1,0,0,1
pocket,43,60,185,288
pocketed,4,4,2,10
pocketmoney,1,0,0,1
pockets,19,16,63,98
pocketsssss,0,2,0,2
pockey,0,7,2,9
pockeys,0,4,3,7
pockies,0,3,0,3
pocky,17,40,56,113
pockys,4,14,4,22
poclaypse,0,0,3,3
poco,4,77,11,92
pocong,0,1,0,1
pocorn,0,0,5,5
pocos,0,9,0,9
pocoyo,0,0,3,3
pocs,0,1,0,1
pocus,9,33,17,59
pocz,0,2,0,2
pod,4,42,19,65
podacast,0,1,0,1
podamos,0,5,0,5
podase,0,6,0,6
podbijacie,0,0,1,1
podcast,44,486,642,1172
podcasting,0,1,5,6
podcasts,9,14,106,129
podda,0,0,2,2
poddrias,0,2,0,2
pode,0,5,1,6
podem,0,2,0,2
podemos,0,11,4,15
poder,0,23,3,26
poderes,0,1,0,1
poderia,0,5,0,5
poderiam,0,4,0,4
poderlo,0,1,0,1
podermos,0,2,0,2
poderooooosooooooooo,0,1,0,1
poderosa,0,2,1,3
poderoso,0,9,0,9
podes,0,1,0,1
podesta,9,4,5,18
podestas,0,3,0,3
podestathepedophile,0,0,1,1
podia,0,6,0,6
podias,0,1,0,1
podido,0,3,4,7
podium,5,4,15,24
podj,0,2,0,2
podk,0,4,0,4
podoba,0,2,0,2
podr,0,9,1,10
podran,0,5,0,5
podria,0,2,0,2
podrian,0,4,5,9
podrias,1,5,0,6
pods,0,4,7,11
podsible,1,0,0,1
podstaw,0,6,0,6
podstawie,0,3,0,3
podszed,0,2,0,2
poe,14,28,20,62
poecilotheria,0,1,0,1
poeee,0,3,0,3
poeeeease,4,0,0,4
poem,7,6,26,39
poems,5,0,14,19
poeple,7,0,0,7
poet,28,45,83,156
poeta,0,5,0,5
poete,0,0,2,2
poetic,5,0,38,43
poetically,0,1,1,2
poetry,9,15,65,89
poets,4,3,9,16
pog,0,8,0,8
pogba,31,40,21,92
pogchamp,0,1,1,2
pogee,0,0,1,1
pogo,3,5,0,8
pogorszy,0,2,0,2
pogs,1,0,2,3
pogub,0,1,0,1
poh,0,0,4,4
poha,3,5,3,11
pohaa,0,2,0,2
pohaaaaa,0,1,0,1
poi,6,10,3,19
poids,0,0,2,2
poignant,5,1,21,27
poignantly,0,0,2,2
poilts,0,2,0,2
poin,0,1,0,1
poinciana,0,0,1,1
poinion,2,0,0,2
point,1017,797,2295,4109
pointalism,0,0,1,1
pointblank,0,2,0,2
pointe,0,1,6,7
pointed,49,9,102,160
pointer,3,20,26,49
pointers,24,4,10,38
pointersaurus,0,1,0,1
pointin,7,0,0,7
pointing,36,22,76,134
pointless,126,1,123,250
pointlessbirthday,1,0,0,1
pointlessblog,0,8,6,14
pointlessblogs,0,0,2,2
pointlessblogvlogs,0,0,5,5
pointlessly,7,0,0,7
pointlessness,0,0,2,2
pointman,0,3,0,3
points,159,83,540,782
pointtt,0,1,0,1
pointy,6,8,35,49
poir,0,1,0,1
poire,0,0,1,1
poirot,5,7,10,22
poise,0,1,10,11
poised,0,3,22,25
poisened,0,0,1,1
poisening,0,1,0,1
poisined,0,1,0,1
poisining,0,4,0,4
poision,0,0,1,1
poison,45,52,43,140
poisoned,6,3,5,14
poisoner,0,0,4,4
poisones,0,0,2,2
poisoning,24,7,20,51
poisonings,0,0,1,1
poisonous,12,16,13,41
poisons,2,0,5,7
poisonwood,3,0,0,3
poissibility,1,0,0,1
poiuuuu,0,1,0,1
pojawi,0,8,0,8
pojeb,0,2,0,2
pojechali,0,1,0,1
pojedyncze,0,2,0,2
pojmie,0,2,0,2
pojutrze,3,0,0,3
pok,9,22,30,61
poka,0,0,20,20
pokaza,0,1,0,1
pokazuje,0,2,0,2
pokazywa,0,4,0,4
poke,11,9,71,91
pokeball,0,0,1,1
poked,2,4,6,12
pokedex,1,0,0,1
pokeman,0,0,3,3
pokemo,1,0,0,1
pokemom,0,2,0,2
pokemon,26,69,73,168
pokemons,0,3,0,3
poker,6,7,26,39
pokes,1,3,4,8
pokewalk,0,4,0,4
pokie,0,0,2,2
pokies,1,0,3,4
poking,4,7,10,21
pokken,0,0,1,1
pokm,0,1,0,1
pokok,0,3,0,3
pokxgx,0,0,4,4
poky,0,3,0,3
pokys,0,0,4,4
pol,3,9,13,25
polacy,0,1,0,1
poladium,0,0,7,7
polak,0,1,0,1
poland,12,68,99,179
polanski,6,7,10,23
polar,138,0,76,214
polarisation,0,0,14,14
polarised,1,0,2,3
polariser,0,0,1,1
polarising,0,0,3,3
polarities,0,0,1,1
polarity,11,1,13,25
polarization,9,2,69,80
polarize,1,1,8,10
polarized,5,2,43,50
polarizer,9,7,17,33
polarizers,2,1,2,5
polarizes,0,0,5,5
polarizing,15,2,25,42
polaroid,0,1,15,16
polaroids,7,1,0,8
polars,0,0,3,3
pole,15,24,20,59
polecam,0,2,0,2
poleci,0,3,0,3
poled,0,13,0,13
polend,0,1,0,1
polepszenie,0,2,0,2
poles,8,3,13,24
polestar,0,0,1,1
poletical,0,0,1,1
poli,0,2,0,2
polic,0,2,0,2
police,304,116,446,866
policeman,6,7,0,13
policemen,2,1,1,4
polich,0,1,0,1
policia,0,6,0,6
policies,44,12,27,83
policija,0,0,1,1
policing,3,0,11,14
policital,0,1,0,1
polictics,0,0,4,4
policy,31,20,66,117
policyholders,2,0,0,2
policymakers,0,0,4,4
policzka,0,0,1,1
poliice,0,1,0,1
polina,0,1,0,1
polination,1,0,0,1
polio,2,0,0,2
polis,0,0,2,2
polish,59,149,234,442
polished,4,4,35,43
polishes,0,2,20,22
polishing,1,1,4,6
polishmountain,0,1,0,1
polishs,0,0,1,1
politacally,3,0,0,3
polital,1,0,0,1
politatic,1,0,0,1
politcal,2,0,1,3
politcaly,1,0,0,1
polite,9,1,56,66
politely,9,2,7,18
politeness,0,0,2,2
politest,0,0,4,4
politi,0,0,4,4
politic,1,0,1,2
political,205,83,465,753
politically,52,22,60,134
politicamente,0,3,0,3
politicans,0,0,1,1
politice,0,2,0,2
politicial,0,0,1,1
politicially,0,0,4,4
politician,8,20,29,57
politicians,38,14,106,158
politicisation,0,0,1,1
politicize,2,0,7,9
politicized,0,1,9,10
politicizing,3,0,1,4
politicking,0,0,2,2
politics,139,72,266,477
politifact,0,0,1,1
polizei,1,1,0,2
poljaki,0,2,0,2
polk,0,2,0,2
polka,1,2,46,49
polkadot,0,0,3,3
poll,1,6,17,24
polla,0,4,0,4
pollack,0,1,0,1
pollas,0,7,0,7
polled,3,0,0,3
pollen,0,2,3,5
pollies,0,3,0,3
pollinate,1,3,0,4
pollination,1,3,2,6
pollinators,0,1,0,1
polling,2,0,0,2
pollitos,0,1,0,1
pollo,1,3,0,4
pollock,3,12,6,21
pollos,1,0,0,1
polls,14,3,3,20
pollutants,1,0,3,4
pollute,1,4,2,7
polluted,2,1,25,28
polluters,0,0,1,1
pollutes,2,0,0,2
polluting,2,0,4,6
pollution,11,2,19,32
polly,2,9,0,11
polo,3,20,8,31
polonium,0,0,1,1
polopopooopo,0,4,0,4
polori,0,0,1,1
polorized,0,0,2,2
polorozpadle,0,0,1,1
polos,0,5,0,5
polosh,0,1,0,1
polowa,0,2,0,2
polpetteeeeeeee,0,2,0,2
polsce,0,0,1,1
polska,0,14,1,15
polski,0,3,0,3
polskich,0,0,1,1
polskie,0,4,0,4
polskiego,0,3,0,3
polskiej,0,2,0,2
polskim,0,4,0,4
poltergeist,0,0,2,2
polticial,0,0,1,1
poltician,0,1,0,1
polunin,0,6,0,6
polution,0,0,12,12
polvo,0,2,0,2
poly,2,0,6,8
polyamorous,4,0,0,4
polyamourus,0,0,4,4
polybius,0,3,0,3
polybiusa,0,3,0,3
polyculture,0,2,0,2
polycystic,5,3,6,14
polyester,0,1,9,10
polyethylene,0,5,0,5
polygamist,0,5,0,5
polygamous,4,0,0,4
polygon,0,5,0,5
polygondwanaland,0,4,3,7
polygons,2,2,8,12
polygonwanaland,0,1,0,1
polygram,0,0,2,2
polyhedron,0,0,9,9
polyjuice,0,2,0,2
polymer,0,1,9,10
polymers,0,0,1,1
polymodal,2,0,0,2
polymorphic,0,0,2,2
polynesia,0,0,2,2
polynesian,0,0,1,1
polynesians,0,1,0,1
polynomial,0,0,1,1
polyp,0,1,0,1
polyphemus,0,1,8,9
polyphonic,0,0,1,1
polyplay,0,6,2,8
polystation,1,0,0,1
polystyrene,0,0,10,10
pom,1,2,67,70
pomade,0,0,6,6
pombear,0,0,3,3
pomegranate,0,1,9,10
pomegranates,0,2,6,8
pomegranted,0,0,2,2
pomelo,0,0,1,1
pomeranian,0,3,17,20
pomme,0,0,2,2
pommel,0,0,6,6
pommels,0,0,6,6
pomo,0,2,2,4
pompadour,0,1,0,1
pompea,0,1,0,1
pompeii,4,9,0,13
pompeo,0,6,0,6
pompey,0,1,0,1
pomposity,0,0,1,1
pompous,15,1,3,19
poms,0,0,5,5
pomysl,0,3,0,3
pon,0,16,2,18
ponad,0,2,2,4
ponce,0,3,2,5
poncey,4,4,0,8
poncho,4,3,0,7
pond,4,27,23,54
ponde,0,0,1,1
ponder,2,0,19,21
pondered,0,0,2,2
pondering,0,0,1,1
ponders,0,0,2,2
ponding,0,0,1,1
pondr,2,0,0,2
pondre,0,5,0,5
pondria,0,1,0,1
ponds,3,1,0,4
pone,0,14,0,14
poneglyph,0,0,4,4
ponen,1,20,2,23
poner,1,12,2,15
ponerle,0,1,1,2
ponerlo,0,1,0,1
ponerse,0,2,0,2
ponerselo,0,2,0,2
ponerte,0,3,0,3
pones,0,4,1,5
ponete,0,1,0,1
poney,1,0,0,1
pong,6,13,23,42
ponga,0,1,0,1
pongan,0,3,0,3
pongas,0,6,0,6
pongo,0,1,0,1
pongpapa,0,1,0,1
ponha,0,4,0,4
poni,0,1,0,1
poniendo,0,1,0,1
ponies,3,4,6,13
ponitail,0,4,0,4
ponk,0,1,0,1
ponle,0,1,0,1
ponny,0,0,1,1
ponponpon,0,1,0,1
ponr,0,2,0,2
pons,8,27,10,45
ponssss,0,1,0,1
pont,0,4,0,4
ponticus,0,0,1,1
pontiff,1,0,0,1
pontius,1,0,0,1
ponton,0,4,0,4
pony,103,35,135,273
ponykind,0,0,3,3
ponyo,0,4,0,4
ponys,0,2,4,6
ponytail,7,3,33,43
ponytails,0,0,4,4
ponzi,0,4,2,6
poo,14,70,81,165
pooaaaaarkk,0,1,0,1
poobear,0,0,1,1
poocat,0,0,2,2
pooch,2,0,0,2
pooches,0,0,2,2
poodle,2,3,11,16
poodlehead,0,1,0,1
poodles,0,0,6,6
poodra,0,1,0,1
poods,0,1,0,1
pooed,0,4,2,6
poof,3,5,6,14
poofed,0,2,0,2
poofs,5,0,0,5
pooftas,0,0,1,1
poofter,0,0,1,1
poofterbasher,0,0,1,1
poofy,6,2,1,9
pooged,1,0,0,1
pooh,6,16,20,42
pooing,8,2,5,15
pooja,0,1,0,1
pook,0,4,1,5
pookys,0,0,3,3
pool,64,102,159,325
pooled,0,0,1,1
poolice,3,0,0,3
pooling,0,1,0,1
poolpoop,0,1,0,1
pools,4,13,11,28
poom,2,0,0,2
poonahne,0,0,4,4
pooooo,0,0,1,1
poooooo,0,2,0,2
poooooooooooooooooooo,0,1,0,1
poooooooooooop,0,1,0,1
pooooooring,0,1,0,1
pooooop,0,1,0,1
poooota,0,2,0,2
pooop,0,1,0,1
pooor,0,1,0,1
pooorggg,0,8,0,8
poop,70,148,130,348
poopaca,0,0,1,1
poopcruiser,0,0,1,1
poopcruisers,0,0,1,1
pooped,16,18,19,53
pooper,18,5,8,31
poopflinging,0,3,0,3
poopi,0,1,0,1
poopie,0,5,1,6
poopiebutthole,0,1,0,1
poopies,0,0,3,3
poopin,0,0,1,1
pooping,26,69,46,141
poopins,0,1,0,1
poopoo,0,2,0,2
pooppcaca,0,2,0,2
poops,7,2,10,19
pooptransplant,0,0,1,1
poopular,3,0,0,3
poopunited,1,0,0,1
poopy,4,9,3,16
poopybutthole,0,2,3,5
poopyhead,0,0,2,2
poopz,0,1,0,1
pooqog,0,0,3,3
poor,1364,28,588,1980
poora,0,3,0,3
poorer,13,3,4,20
poorest,7,0,4,11
poorly,71,0,60,131
poorness,0,0,1,1
poorpeople,0,0,2,2
poors,0,1,0,1
poorth,1,0,0,1
poos,0,4,0,4
pooseys,1,0,0,1
poosockets,0,1,0,1
poot,0,3,0,3
pootie,0,1,1,2
poozers,0,0,2,2
pop,222,286,767,1275
popadam,0,2,0,2
popaosd,0,0,2,2
popavich,0,0,3,3
popbadigadinpapadaboompidagidadadabrrr,0,0,1,1
popcaan,0,8,1,9
popcorn,27,38,81,146
popcornnnn,2,0,0,2
popcornnnnnnnnnnnnnnnnnnnnnnnnn,0,1,0,1
popcron,0,1,0,1
pope,9,1,9,19
poped,2,1,0,3
popes,0,0,2,2
popeye,0,1,13,14
popeyes,10,11,4,25
popeyse,0,0,1,1
popgindahahahahha,0,0,1,1
popi,0,3,0,3
poping,0,0,1,1
popinjay,0,2,0,2
popinn,0,2,0,2
pople,0,0,1,1
popluxe,0,0,1,1
popo,0,7,2,9
popocat,0,0,28,28
popocatepetl,0,0,1,1
popoginda,0,0,1,1
popola,0,0,7,7
popoly,0,5,0,5
popoopoopinppkkppkoppoppoppoo,0,1,0,1
popopoa,0,0,1,1
popopop,0,1,0,1
popopopoppooorotiyo,0,6,0,6
popopoppp,0,1,0,1
popover,0,4,0,4
popp,0,1,0,1
poppa,0,4,1,5
popped,21,22,94,137
popper,12,1,3,16
poppers,7,5,6,18
poppet,0,0,7,7
poppiedia,0,0,1,1
poppin,25,41,28,94
popping,24,17,81,122
poppins,1,6,19,26
popppppin,0,0,1,1
popps,1,0,0,1
poppy,41,126,836,1003
poppycock,1,0,0,1
poppyi,0,1,0,1
poppyisoriginal,0,0,2,2
poppyland,0,0,4,4
poprawi,0,2,0,2
poprock,0,0,2,2
poprosz,0,3,0,3
poprzeczk,0,0,1,1
poprzegladal,0,2,0,2
pops,36,50,139,225
popscreen,0,1,0,1
popsickes,0,0,7,7
popsicle,0,15,13,28
popsicles,7,8,8,23
popsocket,1,6,4,11
popsockets,0,7,2,9
popsocketsisfun,0,0,1,1
popstar,0,1,2,3
popstars,0,0,6,6
popsugar,0,5,1,6
poptart,0,2,5,7
poptarts,0,2,0,2
poptropica,0,0,1,1
populace,19,0,20,39
popular,51,2,613,666
popularise,0,0,8,8
popularised,0,0,1,1
popularity,9,8,70,87
popularized,2,0,2,4
popularly,0,0,1,1
popularmmos,0,3,0,3
populate,0,0,14,14
populated,2,1,23,26
population,116,40,253,409
populations,4,0,22,26
populer,3,0,0,3
populist,3,3,4,10
populistas,0,6,0,6
populoso,0,0,2,2
populous,0,5,3,8
popup,1,2,0,3
popy,0,1,3,4
popzinha,0,1,0,1
poque,0,1,0,1
poquito,0,5,0,5
por,51,985,100,1136
pora,0,1,0,1
poraccitudine,0,1,0,1
poran,0,0,1,1
poranoia,0,2,0,2
porbecito,0,0,2,2
porc,0,4,0,4
porcelain,1,2,18,21
porch,11,5,12,28
porches,0,0,1,1
porco,2,13,0,15
porcs,0,0,1,1
porcupine,0,12,3,15
pore,0,5,5,10
porefessional,0,7,5,12
poreless,0,0,12,12
poreng,0,0,1,1
pores,16,19,47,82
poreus,0,0,3,3
porfa,0,6,0,6
porfafor,1,0,0,1
porfas,0,2,0,2
porfavor,0,15,0,15
porfin,0,2,0,2
porg,36,84,91,211
porghub,0,2,3,5
porgie,0,0,1,1
porgies,0,0,1,1
porglife,0,5,0,5
porgs,15,18,24,57
porgtube,0,2,0,2
poricy,7,0,0,7
poring,1,0,0,1
porject,0,3,0,3
pork,71,101,167,339
porke,0,1,0,1
porked,0,2,0,2
porkies,0,0,6,6
porking,3,4,6,13
porkins,0,2,1,3
porks,1,0,0,1
porky,0,0,5,5
porkys,0,0,1,1
porl,0,0,4,4
porn,78,211,178,467
pornhub,11,30,7,48
pornifying,2,0,0,2
pornlover,0,2,0,2
porno,14,54,11,79
pornographer,0,1,0,1
pornographic,5,3,1,9
pornography,3,14,13,30
pornos,0,0,1,1
porns,1,0,0,1
pornsites,0,2,0,2
pornstach,0,0,2,2
pornstache,0,4,0,4
pornstar,8,7,8,23
pornstars,0,3,0,3
pornstash,0,2,0,2
porogies,0,0,1,1
pororo,0,1,0,1
porous,1,0,0,1
porpentine,0,0,3,3
porperly,0,2,0,2
porply,0,0,1,1
porpoised,0,0,1,1
porpouse,1,0,0,1
porq,0,18,0,18
porqu,0,23,0,23
porque,7,200,20,227
porquer,0,16,0,16
porqueria,0,2,0,2
porquisoria,0,1,0,1
porr,0,1,0,1
porra,2,27,1,30
porraaaaa,0,1,0,1
porrazos,0,2,0,2
porridge,6,11,20,37
porrige,0,2,0,2
porsch,0,1,0,1
porsche,10,14,20,44
porshe,0,0,1,1
port,21,46,85,152
porta,11,18,3,32
portability,0,7,5,12
portable,18,26,29,73
portables,1,0,0,1
portada,2,1,0,3
portait,0,0,4,4
portal,9,33,24,66
portaled,1,0,0,1
portaloo,0,1,0,1
portals,1,1,0,2
portata,0,1,0,1
porte,0,4,0,4
ported,4,0,5,9
portends,2,0,0,2
portentous,0,0,1,1
porter,0,8,20,28
portero,0,11,0,11
portes,0,2,0,2
portey,0,1,0,1
portfolio,0,1,2,3
portfowarding,0,0,1,1
portgual,0,0,1,1
portguese,0,0,2,2
portholes,0,0,3,3
portia,0,2,10,12
portiere,0,45,1,46
portieri,0,5,0,5
portilla,0,2,0,2
portillo,0,0,1,1
porting,0,0,6,6
portion,18,16,105,139
portioned,0,0,4,4
portions,6,0,35,41
portirico,0,0,1,1
portkey,0,1,1,2
portland,8,6,22,36
portlandia,0,1,0,1
portman,5,27,35,67
portmanteau,4,0,1,5
porto,0,2,1,3
portoda,0,1,0,1
portoyu,0,0,1,1
portrait,23,31,39,93
portraite,0,0,1,1
portraits,0,0,7,7
portray,22,2,50,74
portrayal,5,0,23,28
portrayals,0,0,1,1
portrayed,31,6,41,78
portraying,7,5,11,23
portrays,3,0,5,8
ports,4,17,14,35
portsmouth,2,0,8,10
portu,0,4,0,4
portugal,12,41,59,112
portugallovesyoutoo,0,1,0,1
portugees,0,2,0,2
portugies,0,0,14,14
portugu,0,50,1,51
portugues,0,1,1,2
portuguese,13,24,76,113
portugueses,0,1,0,1
portugueskanxxldos,0,1,0,1
portuguessssssssssssssssssssssssss,0,1,0,1
porus,0,0,1,1
poruszasz,0,2,0,2
pory,0,2,0,2
porz,0,2,0,2
porzingis,0,3,0,3
pos,22,20,8,50
posa,0,2,0,2
posay,0,0,15,15
posdata,0,1,0,1
posdkble,1,0,0,1
pose,10,9,42,61
posed,0,0,2,2
poseida,0,1,0,1
poseiden,0,3,0,3
poseidon,5,25,17,47
posen,0,0,1,1
poser,11,7,4,22
posernstheposerbansdsysfvcsksysvonslysfleetwoodmacsysdosthlsfvcsksysvposershltesforssvresys,0,1,0,1
posers,0,2,1,3
poses,1,3,24,28
posesi,0,4,0,4
posession,3,0,0,3
posestda,6,0,0,6
poseur,1,0,0,1
posey,0,2,1,3
posh,11,15,26,52
posher,0,0,2,2
poshmark,0,2,1,3
poshshop,0,1,0,1
posiadaczk,0,2,0,2
posibel,0,6,0,6
posibilidad,0,4,0,4
posible,2,1,14,17
posiblity,2,0,0,2
posibly,0,0,1,1
posici,0,0,5,5
posicion,0,4,0,4
posiden,0,1,1,2
posideon,1,0,0,1
posidon,1,1,1,3
posieden,0,1,0,1
posieren,0,1,0,1
posiive,0,0,3,3
posing,2,12,2,16
posinus,0,1,0,1
posistion,2,0,0,2
positie,0,1,0,1
positif,0,4,1,5
position,105,44,288,437
positioned,1,1,12,14
positioning,2,2,10,14
positions,16,7,64,87
positiva,0,1,0,1
positive,91,0,788,879
positiveeeee,0,1,0,1
positiveley,0,0,1,1
positively,9,0,45,54
positives,5,1,17,23
positivevibes,0,0,1,1
positivily,0,0,1,1
positivism,0,1,0,1
positivity,18,15,165,198
posituve,0,0,2,2
posivitity,0,0,1,1
posivity,0,0,2,2
posizione,0,6,0,6
poslouch,0,3,0,3
posner,0,1,6,7
poso,0,1,0,1
poson,0,0,1,1
pospone,0,0,1,1
poss,3,0,2,5
posse,5,0,4,9
possed,0,1,0,1
possers,1,0,0,1
posses,2,0,7,9
possesed,0,1,0,1
possesion,0,0,6,6
possess,6,0,18,24
possessed,3,10,13,26
possesses,1,1,4,6
possessing,1,1,2,4
possession,33,12,89,134
possessions,0,0,17,17
possessive,0,0,1,1
possesso,1,5,0,6
possessor,1,0,4,5
possibble,0,0,1,1
possibile,2,3,4,9
possibilities,7,9,32,48
possibility,32,21,69,122
possibiliy,3,0,0,3
possible,280,253,968,1501
possiblilty,0,1,0,1
possiblities,0,0,6,6
possibly,101,47,369,517
possidle,2,0,0,2
possition,0,2,0,2
possitive,0,0,2,2
posso,0,8,0,8
possoble,0,1,0,1
possono,0,6,0,6
posssstttt,0,1,0,1
post,263,230,839,1332
posta,0,1,0,1
postachio,0,0,1,1
postaci,0,4,0,4
postage,0,0,5,5
postal,3,6,9,18
postarac,0,3,0,3
postcad,0,0,4,4
postcards,0,4,0,4
postclassic,0,0,1,1
postcooking,0,1,0,1
posted,70,124,300,494
postedit,0,4,0,4
poster,20,50,99,169
posterior,0,0,6,6
posterity,0,0,2,2
posters,10,12,36,58
postes,1,0,1,2
postgrad,0,0,4,4
postgraduate,1,0,0,1
postgrunge,0,5,0,5
posthc,0,0,1,1
posthumous,0,0,7,7
postimg,0,4,0,4
postin,0,0,5,5
posting,83,55,329,467
postion,0,0,1,1
postive,0,1,1,2
postizas,0,4,0,4
postlabor,0,0,1,1
postleitzahl,0,4,0,4
postman,0,5,4,9
postmates,0,1,0,1
postmating,0,0,1,1
postmodern,0,2,0,2
postmodernism,1,0,0,1
postmodernist,0,0,1,1
postmodernists,0,0,1,1
postnatal,0,0,11,11
posto,0,1,0,1
postou,0,1,0,1
postpartum,0,3,26,29
postpone,1,0,2,3
postprocessing,0,0,1,1
posts,45,25,91,161
postulate,0,0,3,3
postulates,0,0,1,1
posture,13,2,17,32
posturing,0,0,2,2
posturings,0,0,3,3
posz,0,4,0,4
pot,77,58,150,285
pota,0,1,0,1
potaaaato,0,1,0,1
potable,1,0,0,1
potage,1,0,0,1
potahto,0,0,1,1
potal,3,0,0,3
potao,0,0,5,5
potassium,4,1,4,9
potate,2,0,0,2
potato,50,116,106,272
potatoe,1,5,9,15
potatoes,27,67,98,192
potatoesurgen,0,1,0,1
potatoesurgeon,0,1,0,1
potatomeasurer,0,2,0,2
potatos,1,6,10,17
potatosquad,0,1,0,1
potatosurgen,0,3,0,3
potatosurgeon,0,10,0,10
potatosurginwooh,0,1,0,1
potatosurgoen,2,0,0,2
potatowithmashedpotatoesinside,0,1,0,1
potbelly,0,0,1,1
pote,0,0,2,2
poteck,0,1,0,1
potek,0,2,0,2
potem,0,2,0,2
potencia,0,10,0,10
potencial,0,6,0,6
potent,0,0,15,15
potente,0,5,0,5
potential,78,37,253,368
potentialfor,0,0,7,7
potentialities,0,0,4,4
potentiality,0,0,2,2
potentializing,0,0,1,1
potentially,42,6,84,132
potentials,3,0,2,5
potentiel,0,2,0,2
potenzialmente,1,0,0,1
poter,0,1,0,1
potermorequiz,0,0,1,1
potete,0,1,0,1
poteva,1,6,0,7
potgieter,0,3,2,5
pothead,0,0,1,1
potheads,0,1,0,1
pothole,0,1,0,1
potholes,0,0,2,2
potiensialy,0,1,0,1
potientially,0,0,1,1
potigirls,0,0,1,1
potin,2,0,0,2
potion,1,3,9,13
potions,0,2,2,4
potiron,0,1,0,1
potluck,1,0,0,1
potoo,0,0,1,1
pototo,0,0,1,1
potpourri,0,1,0,1
potrafi,0,2,0,2
potrayed,0,0,1,1
potreros,0,4,0,4
potrzeb,0,2,0,2
potrzebny,0,5,0,5
pots,12,19,70,101
potted,3,7,1,11
potter,32,167,149,348
potterhead,0,1,1,2
potterheads,0,2,0,2
potterhouse,0,1,0,1
pottermore,10,39,26,75
potterrrr,0,1,0,1
potters,0,3,0,3
pottery,0,0,1,1
potti,0,0,1,1
potts,0,1,2,3
pottsylvania,0,0,2,2
potty,3,13,41,57
pottypaper,0,4,0,4
pottyyyyyy,0,4,0,4
potus,32,11,31,74
potworka,0,2,0,2
potworny,0,2,0,2
poty,0,1,0,1
pou,0,13,6,19
poucas,0,1,0,1
pouce,0,0,1,1
pouch,0,2,13,15
pouches,0,0,5,5
pouco,0,7,2,9
pouf,0,2,0,2
poul,0,0,1,1
poular,0,0,4,4
poulation,0,0,2,2
poulet,6,0,0,6
poulinho,0,0,1,1
poultry,2,0,3,5
poultrygeist,1,0,0,1
pounce,1,0,6,7
pound,22,33,52,107
pounded,4,0,1,5
pounder,4,1,2,7
pounding,2,11,34,47
poundland,4,8,0,12
poundlanddonaldtrump,0,7,0,7
pounds,74,77,100,251
pour,36,130,108,274
poured,6,0,17,23
pourin,0,5,0,5
pouring,7,7,26,40
pourit,0,3,0,3
pourquoi,0,13,10,23
pourrai,0,2,0,2
pourrais,0,4,5,9
pourrait,0,1,1,2
pourras,0,2,0,2
pourri,0,5,0,5
pourriez,0,0,2,2
pourrissez,0,4,0,4
pours,8,0,3,11
pourtant,0,4,0,4
pourtrigal,0,1,0,1
pouss,0,3,0,3
pout,14,8,4,26
pouted,0,0,2,2
pouter,0,5,0,5
poutine,6,13,8,27
poutines,0,1,0,1
pouting,1,1,2,4
pouts,0,0,3,3
pouty,0,4,0,4
pouvais,0,9,0,9
pouvez,0,6,4,10
pouvoir,0,4,7,11
pouxa,0,4,0,4
pov,2,5,20,27
poverinooo,0,1,0,1
poverity,0,0,1,1
povero,0,5,0,5
poverty,21,9,36,66
povo,0,1,0,1
povver,0,0,4,4
pow,5,38,21,64
powa,0,6,0,6
powaa,0,3,0,3
powaaaa,0,4,0,4
powazne,0,2,0,2
powder,79,88,332,499
powdered,12,20,2,34
powdering,0,0,1,1
powderpuff,0,1,1,2
powders,0,3,15,18
powdery,8,0,2,10
poweders,0,0,1,1
poweeeeeeeeeeeer,0,0,3,3
poweeeeeeeeer,0,1,0,1
poweeeeeerrr,0,0,5,5
poweeeeeerrrr,0,0,1,1
poweer,0,2,0,2
powell,1,2,1,4
power,384,412,1087,1883
powerade,0,2,5,7
powerbank,0,2,2,4
powerbombed,0,0,1,1
powerbombs,2,0,0,2
powered,21,49,68,138
powerer,0,1,0,1
poweres,0,0,1,1
powerfall,0,1,0,1
powerfist,0,7,0,7
powerful,94,1,733,828
powerfull,0,3,15,18
powerfully,0,0,2,2
powerhouse,0,14,26,40
powerhouses,0,0,2,2
powering,2,5,18,25
powerless,5,0,5,10
powerlessness,0,0,2,2
powermetics,2,0,0,2
powerplant,0,1,0,1
powerplay,1,0,5,6
powerpuf,0,0,2,2
powerpuff,0,13,3,16
powerpuffed,0,0,1,1
powerr,0,1,2,3
powerranger,0,0,2,2
powerrr,0,1,1,2
powerrrr,0,1,0,1
powerrrrrrr,0,1,0,1
powerrrrrrrrr,0,1,0,1
powerrrrrrrrrrr,0,1,0,1
powerrrrrrrrrrrrrrrr,0,1,0,1
powers,33,90,173,296
powerslam,0,2,0,2
powerslams,0,0,2,2
powersteering,0,1,0,1
powerup,0,1,0,1
powes,0,2,0,2
powiedzia,0,4,0,4
powiedzie,0,6,0,6
powiem,0,4,0,4
powinien,0,4,0,4
powinnam,0,2,0,2
powinni,0,3,0,3
powodu,0,6,0,6
powodzenia,0,2,0,2
powoli,0,2,0,2
powr,0,4,0,4
powrful,0,0,2,2
powrotem,0,2,0,2
powstania,0,3,0,3
powstawa,0,3,0,3
pox,2,2,0,4
poxa,0,2,0,2
poxy,1,0,1,2
poyando,0,1,0,1
poynter,0,0,1,1
pozbede,0,0,2,2
pozbierac,0,3,0,3
pozby,0,2,0,2
pozdrawiam,0,7,4,11
pozisyonu,0,1,0,1
pozisyonuna,0,1,0,1
pozosta,0,2,0,2
pozostawi,0,2,0,2
pozwala,0,2,0,2
pozwalaj,0,3,0,3
pozwoli,0,2,0,2
pozyczyla,0,0,1,1
pozzed,0,0,1,1
pozzo,0,0,6,6
pp,2,14,5,21
ppap,0,2,2,4
ppd,6,2,3,11
ppeeeeee,0,1,0,1
ppeople,1,0,0,1
pper,0,4,0,4
ppg,0,3,4,7
ppi,0,0,2,2
ppittulppittulhaejyeo,0,1,0,1
ppk,0,0,5,5
ppl,259,113,457,829
pple,5,6,1,12
pplleeaassee,0,0,2,2
ppllss,0,1,0,1
ppllzzz,0,1,0,1
ppllzzzz,0,1,0,1
ppls,5,1,2,8
pplz,2,0,0,2
ppoop,1,0,0,1
ppoopiopimngjpppp,0,1,0,1
pppllleeeaaassseee,1,0,2,3
pppplllleeeeaaaaasssssseeeeee,0,1,0,1
pppppain,0,2,0,2
ppppplllllleeeeeeaaaaassssseeeee,0,2,0,2
ppppppllllleeeaaassseee,0,1,0,1
pppppppplease,0,0,1,1
ppppppppllllllllzzzzzzzz,0,1,0,1
ppppppppppphhhhhhhhttttttttttt,2,0,0,2
ppppppppppppppppppppppooooooooooooorrrrrrrrrrrggggggggggggssssssssssssssss,0,1,0,1
ppq,0,0,1,1
ppqg,0,2,0,2
pps,0,0,5,5
ppsh,2,0,0,2
ppsssst,0,1,0,1
ppuninde,0,1,0,1
pput,1,0,0,1
ppv,10,18,32,60
ppy,0,2,0,2
pq,0,14,5,19
pqp,0,17,0,17
pqpp,0,2,0,2
pqvmjo,0,0,8,8
pr,67,160,139,366
pra,0,59,11,70
praaaaaaaaaawww,0,4,0,4
praaaayiing,1,0,0,1
praankkk,0,0,1,1
praat,0,0,3,3
praca,0,1,0,1
prace,0,4,0,4
prachtig,0,6,0,6
practiaclly,0,0,3,3
practical,5,23,81,109
practicality,1,0,3,4
practically,41,25,107,173
practicamente,0,4,0,4
practicar,0,2,0,2
practice,101,45,258,404
practiced,0,1,26,27
practices,34,2,48,84
practicing,10,10,39,59
practicle,1,0,0,1
practise,4,3,4,11
practised,0,0,2,2
practising,0,1,6,7
practitioner,0,0,3,3
practitioners,0,0,1,1
pracy,0,2,0,2
prada,0,6,10,16
prado,0,0,4,4
praetarium,0,1,0,1
pragmatic,0,1,4,5
pragmatically,0,0,1,1
pragnent,0,1,0,1
prague,0,0,3,3
prah,0,0,1,1
praha,0,0,5,5
praid,0,0,1,1
prairie,0,0,1,1
praise,47,70,91,208
praised,10,0,32,42
praisers,0,0,1,1
praises,2,5,6,13
praiseworthy,0,0,1,1
praising,14,6,33,53
praline,0,0,3,3
pralines,0,0,3,3
pram,0,0,1,1
pramanti,0,1,0,1
prams,2,0,0,2
prance,0,0,1,1
prancing,0,0,2,2
prang,0,3,0,3
prank,47,138,194,379
pranked,0,8,7,15
pranker,0,0,3,3
pranking,2,8,6,16
prankkkkkk,0,1,0,1
prankme,0,0,10,10
pranks,20,30,81,131
prankster,6,26,7,39
pranksters,0,0,1,1
pranoid,0,1,0,1
praos,6,0,0,6
praquempedala,0,1,0,1
prarie,0,0,2,2
prases,0,0,1,1
prat,0,0,5,5
pratchett,0,0,6,6
praten,0,2,0,2
pratfalls,0,0,1,1
pratices,0,0,3,3
pratique,0,0,1,1
pratory,0,3,0,3
pratricia,0,0,1,1
prats,0,2,0,2
pratt,13,10,38,61
pratts,2,0,0,2
pravu,0,2,0,2
prawa,0,2,0,2
prawatnych,0,3,0,3
prawda,0,2,0,2
prawdiwym,0,3,0,3
prawdziw,0,2,0,2
prawdziwe,0,5,0,5
prawdziwy,0,2,0,2
prawn,0,6,5,11
prawns,0,2,1,3
pray,215,140,315,670
praye,3,0,0,3
prayed,11,4,19,34
prayer,28,28,87,143
prayerful,0,0,2,2
prayerfully,0,0,1,1
prayers,87,66,201,354
prayersforvegas,0,0,1,1
prayforchester,0,1,0,1
prayfordebruyne,0,1,0,1
prayforenzo,0,2,0,2
prayforlasvegas,2,3,0,5
prayform,0,1,0,1
prayformexico,1,0,2,3
prayformossad,0,2,0,2
prayfornouri,0,0,1,1
prayforpadddock,0,1,0,1
prayforpr,0,1,1,2
prayforpuertorico,0,2,0,2
prayforpuetorico,0,0,1,1
prayfortheworld,0,2,0,2
prayforvegas,9,10,5,24
prayin,3,1,0,4
praying,31,72,220,323
prays,20,6,7,33
prayukti,0,0,2,2
prayy,0,1,0,1
praza,0,4,0,4
pre,150,124,466,740
preach,19,30,55,104
preached,8,0,7,15
preacher,22,1,14,37
preachers,12,0,11,23
preaches,5,0,7,12
preachin,0,0,4,4
preaching,12,13,31,56
preachy,4,0,14,18
preamble,0,6,0,6
preamp,0,1,0,1
preamps,0,0,2,2
prearranged,0,0,1,1
prease,0,0,1,1
preassure,0,0,15,15
preasure,2,0,0,2
preasures,0,4,0,4
preatty,0,2,0,2
preaty,1,0,0,1
prebuilt,0,0,2,2
precarious,3,0,1,4
precauciones,0,1,0,1
precaution,0,0,1,1
precautions,2,2,3,7
prece,0,3,0,3
precede,0,0,2,2
preceded,0,0,1,1
precedence,0,0,9,9
precedent,4,0,12,16
precedido,0,2,0,2
preceding,1,0,1,2
precedure,0,0,2,2
preceeding,1,0,0,1
precent,0,0,4,4
precentw,0,3,0,3
precession,0,0,1,1
preceval,4,0,0,4
prechorus,0,1,0,1
preciate,0,1,0,1
precident,0,1,0,1
precilely,0,0,1,1
precinct,0,2,0,2
precincts,0,0,1,1
precio,0,11,5,16
preciosa,0,14,2,16
preciosaaaaa,0,1,0,1
precioso,0,5,0,5
precious,17,1,420,438
precioussssssss,0,0,1,1
precipitating,4,0,0,4
precipitation,1,0,6,7
precipitous,0,0,7,7
precis,0,2,0,2
precisa,0,5,0,5
precisamente,0,0,2,2
precisando,0,2,0,2
precisar,0,1,0,1
precise,12,0,62,74
precisely,2,0,39,41
precision,12,5,30,47
preciso,0,2,0,2
preclude,0,0,1,1
precludes,0,0,1,1
preconceived,0,0,4,4
preconception,0,0,1,1
precum,0,2,0,2
precursor,0,1,4,5
predates,1,0,1,2
predation,0,2,2,4
predator,27,26,73,126
predators,20,7,46,73
predatory,13,0,10,23
predecessor,0,6,6,12
predecessors,2,0,3,5
predecide,0,0,1,1
predecir,0,5,0,5
predetermined,0,0,5,5
predetto,0,1,0,1
predicable,0,1,0,1
predicament,3,0,3,6
predicate,0,0,1,1
predicated,0,0,1,1
predict,22,14,46,82
predictability,4,0,1,5
predictable,53,0,54,107
predictably,6,0,0,6
predicted,4,19,41,64
predictibale,0,1,0,1
predicting,0,11,9,20
prediction,13,13,19,45
predictions,8,5,27,40
predictipn,0,2,0,2
predictive,1,2,15,18
predictor,0,0,8,8
predilection,0,0,1,1
prediminatly,0,0,1,1
predisposed,1,3,9,13
predisposition,0,0,2,2
preditors,6,0,0,6
prednisone,0,0,3,3
predominan,0,1,0,1
predominant,0,0,4,4
predominantly,0,0,4,4
predominately,2,0,2,4
pree,0,2,0,2
preeeaaach,0,2,0,2
preeeee,0,2,0,2
preeeeeeetty,0,4,0,4
preeeeettty,0,0,1,1
preeetty,0,0,4,4
preempt,0,0,1,1
preemptive,0,1,6,7
preemptively,2,0,5,7
preemzhi,0,1,0,1
preescolar,0,3,0,3
preety,0,0,13,13
preexising,0,0,1,1
preexisted,0,0,3,3
preexisting,1,4,0,5
pref,0,1,2,3
prefab,0,0,1,1
preface,0,0,1,1
prefect,1,6,8,15
prefects,0,1,0,1
prefer,136,145,463,744
preferable,1,7,6,14
preferably,6,7,42,55
prefere,1,0,0,1
prefered,10,7,2,19
preference,4,10,67,81
preferences,5,1,17,23
preferencia,0,1,0,1
preferential,0,0,1,1
preferibly,1,0,0,1
preferida,0,4,0,4
preferidas,0,3,0,3
preferimos,0,0,1,1
prefernce,0,0,1,1
preferrably,0,0,1,1
preferred,27,9,49,85
prefers,4,14,27,45
prefesional,0,0,1,1
preffer,0,0,2,2
prefiere,0,4,2,6
prefieres,0,0,1,1
prefiero,2,9,1,12
prefiri,0,4,0,4
prefiro,0,2,0,2
preform,6,0,13,19
preformance,1,1,5,7
preformed,0,0,5,5
preformer,0,0,1,1
preformers,0,0,1,1
preforming,0,2,4,6
preforms,0,6,0,6
preganant,0,1,0,1
pregant,0,0,4,4
pregbant,0,0,3,3
pregency,0,0,1,1
preggers,1,3,4,8
preggie,2,0,4,6
preggo,1,4,9,14
preggy,0,0,1,1
pregnacare,0,0,15,15
pregnancies,5,1,28,34
pregnancy,59,63,635,757
pregnang,0,0,2,2
pregnant,99,0,920,1019
pregnany,0,0,5,5
pregnat,0,1,0,1
pregnent,0,0,3,3
pregnsnt,0,0,4,4
prego,0,1,3,4
pregunta,0,6,1,7
preguntado,0,4,0,4
preguntan,0,4,0,4
preguntaran,0,2,0,2
preguntarles,0,1,0,1
preguntas,0,1,2,3
pregunto,3,6,0,9
preheat,0,0,2,2
prehistoric,1,2,10,13
prehistorik,0,0,4,4
prehistory,0,1,0,1
preiceis,0,0,1,1
preimer,0,0,1,1
preis,1,0,0,1
prejudged,0,0,1,1
prejudice,10,2,46,58
prejudiced,2,0,2,4
prejudices,3,0,8,11
prek,0,0,8,8
prekrasnuju,0,2,0,2
prelaunch,0,7,0,7
prelims,0,0,6,6
preload,0,0,1,1
preloved,0,0,3,3
prelude,0,2,0,2
prem,5,14,29,48
prema,0,2,0,2
premade,0,1,1,2
premadona,0,0,5,5
premature,5,1,10,16
prematurely,2,0,0,2
premed,0,0,1,1
premeditate,1,0,0,1
premeditated,0,0,6,6
premeditation,1,0,0,1
premeds,0,1,0,1
premenstrual,7,0,0,7
premi,0,1,1,2
premier,27,35,122,184
premiera,0,0,4,4
premiere,5,7,22,34
premiered,0,5,12,17
premieres,1,1,1,3
premiering,0,2,5,7
premiers,0,1,1,2
premiership,0,22,21,43
premio,0,4,0,4
premios,0,1,0,1
premire,0,0,1,1
premise,23,3,47,73
premises,2,0,20,22
premitive,0,0,3,3
premium,21,17,58,96
premiums,4,0,18,22
premoting,0,1,0,1
premuim,0,7,0,7
prenatal,0,0,26,26
prend,4,2,8,14
prendas,0,8,0,8
prende,0,5,0,5
prender,0,1,0,1
prendere,0,5,0,5
prendi,0,1,0,1
prendio,0,1,0,1
prendre,4,12,0,16
prends,0,4,2,6
prenks,0,1,0,1
prensa,0,7,0,7
prenses,0,3,0,3
prentice,0,2,0,2
prentiss,1,0,0,1
prenub,0,5,0,5
prenumerera,0,1,0,1
prenup,0,1,0,1
preoccupazione,5,0,0,5
preoccupied,0,2,4,6
preocopes,0,4,0,4
preocupa,0,0,4,4
preocupados,0,6,0,6
preocupe,0,1,0,1
preocupence,0,1,0,1
preon,0,0,1,1
preorder,14,18,31,63
preorderd,0,0,1,1
preordered,8,27,47,82
preordering,7,0,6,13
preorders,0,1,7,8
prep,10,15,46,71
prepaid,1,0,0,1
preparation,12,11,26,49
preparations,0,0,2,2
preparatory,0,0,8,8
prepare,35,39,110,184
prepared,61,47,147,255
preparedness,0,0,5,5
prepares,5,1,2,8
preparing,18,12,50,80
preparo,0,4,0,4
preparred,0,0,5,5
preped,0,0,1,1
prepepared,0,0,3,3
preperation,0,0,1,1
preplanned,0,0,11,11
preplexing,1,0,0,1
preponderance,0,0,4,4
prepositioned,3,0,0,3
preposterous,2,0,0,2
prepotente,0,1,0,1
prepped,0,10,6,16
prepper,0,2,0,2
preppers,0,0,1,1
prepping,0,9,33,42
preppy,1,6,2,9
preprechaun,0,1,0,1
preprogrammed,1,0,0,1
preprogramming,0,0,2,2
preps,0,0,1,1
preptime,0,1,0,1
prepubescent,1,1,1,3
prequal,1,0,0,1
prequel,5,26,33,64
prequels,2,4,17,23
prerecorded,0,0,2,2
prerender,0,0,1,1
prerogative,4,0,12,16
preroll,0,0,1,1
pres,2,4,4,10
presaged,0,0,1,1
presale,0,1,2,3
presales,0,0,1,1
presceiption,1,0,0,1
preschool,6,27,16,49
preschooler,0,0,3,3
prescott,1,1,0,2
prescribe,2,3,13,18
prescribed,7,6,59,72
prescribing,0,0,4,4
prescribtion,0,0,3,3
prescription,27,14,35,76
prescriptions,4,6,2,12
presdent,0,1,0,1
preseason,1,0,6,7
presedent,0,0,2,2
presedents,0,1,0,1
preselect,0,3,0,3
presence,36,16,110,162
present,113,81,317,511
presenta,0,5,0,5
presentaci,0,1,2,3
presentaciones,0,0,2,2
presentate,0,0,1,1
presentation,14,19,132,165
presentations,2,0,12,14
presentator,0,0,1,1
presente,0,35,9,44
presentear,0,2,0,2
presented,28,11,88,127
presentense,1,0,0,1
presenter,11,10,26,47
presenters,9,0,9,18
presentiment,0,1,0,1
presentimiento,0,1,0,1
presenting,20,5,42,67
presentism,1,0,0,1
presently,0,0,11,11
presento,0,0,4,4
presents,23,19,49,91
preservation,8,0,14,22
preservative,0,0,3,3
preservatives,0,0,6,6
preserve,16,5,27,48
preserved,8,0,12,20
preservethewhiterace,0,1,0,1
preserving,0,0,1,1
preset,6,0,2,8
presets,0,0,1,1
presh,0,2,0,2
preshot,0,0,4,4
preshredded,0,0,1,1
presi,10,7,1,18
presia,0,0,4,4
presidency,12,6,39,57
presidend,0,1,0,1
president,378,352,739,1469
presidente,0,6,3,9
presidentes,6,7,0,13
presidential,22,14,16,52
presidents,27,8,35,70
presiosa,0,0,1,1
presiso,2,0,0,2
presja,0,2,0,2
presley,0,6,1,7
preso,0,2,0,2
presonality,0,0,3,3
presonas,0,1,0,1
presoooo,0,1,0,1
presque,0,2,0,2
press,100,120,203,423
presse,0,6,0,6
pressed,26,22,93,141
presser,1,6,1,8
pressers,0,0,1,1
presses,0,5,8,13
pressing,22,10,47,79
pressings,0,0,1,1
pression,0,0,3,3
pressor,0,0,3,3
pressure,121,50,319,490
pressured,2,5,31,38
pressures,5,0,14,19
pressurin,3,0,0,3
pressuring,4,1,6,11
pressurised,1,0,0,1
pressurising,3,0,0,3
pressurize,5,0,0,5
pressurized,3,5,4,12
pressurizing,0,1,0,1
prestado,0,0,1,1
prestaron,0,1,0,1
prestazione,0,5,0,5
preste,0,3,0,3
prester,0,0,1,1
prestige,3,9,12,24
prestigio,0,2,0,2
prestlay,1,0,0,1
presto,1,0,4,5
preston,6,5,16,27
presumably,3,4,24,31
presume,8,1,14,23
presumed,0,0,3,3
presumes,1,0,0,1
presuming,0,0,2,2
presumir,3,0,0,3
presumptuous,0,3,0,3
presure,0,0,1,1
pret,0,0,5,5
pretand,0,0,6,6
preteen,7,4,2,13
preteens,0,0,1,1
pretend,60,49,168,277
pretended,7,5,5,17
pretender,1,0,1,2
pretendere,0,1,0,1
pretenders,0,0,1,1
pretending,48,18,77,143
pretends,8,1,27,36
pretened,0,0,1,1
pretense,0,0,3,3
pretensiones,0,0,1,1
pretent,1,0,0,1
pretented,3,0,0,3
pretentious,115,1,72,188
pretentiously,2,0,0,2
preternatural,0,0,3,3
pretext,0,0,12,12
pretextos,0,3,0,3
prett,1,8,0,9
prettair,0,0,1,1
prettay,0,3,0,3
prette,0,0,1,1
pretteh,0,0,2,2
prettier,7,37,42,86
prettiest,9,32,40,81
prettt,0,1,4,5
pretttttttty,0,0,2,2
pretttttyyyy,0,0,1,1
prettttyyy,1,0,0,1
prettttyyyy,0,1,0,1
prettttyyyyyy,0,1,0,1
prettty,0,1,0,1
pretttyyy,0,1,1,2
pretttyyyy,0,1,0,1
pretttyyyyyyy,0,1,0,1
prettu,1,0,0,1
pretty,607,19,6439,7065
prettycringey,0,0,1,1
prettygirlsdatspit,0,0,1,1
prettygood,0,2,0,2
prettyiest,0,0,2,2
prettylittlediyminiqueens,0,0,1,1
prettylittlelaurfans,0,0,3,3
prettylittlelaurs,0,4,2,6
prettylittleprincesses,1,2,4,7
prettylittlething,0,1,0,1
prettymuch,5,16,32,53
prettymuchvevo,0,2,0,2
prettyy,0,2,1,3
prettyyy,0,2,6,8
prettyyyy,2,5,1,8
prettyyyyy,0,3,1,4
prettyyyyyy,0,1,1,2
pretweens,0,0,1,1
prety,0,4,3,7
pretyt,0,0,1,1
pretyy,0,1,0,1
pretyyyy,0,0,3,3
pretzel,5,6,6,17
pretzels,0,1,11,12
preuve,0,1,0,1
prevaded,0,0,2,2
prevail,1,5,15,21
prevailing,0,3,0,3
prevails,0,0,1,1
prevalence,1,0,3,4
prevalent,1,0,27,28
prevelant,5,0,4,9
prevent,56,22,94,172
preventable,12,0,2,14
preventative,1,0,5,6
prevented,17,1,16,34
preventing,6,1,15,22
prevention,0,0,22,22
preventive,0,0,2,2
prevents,10,3,22,35
prever,0,0,1,1
previeous,0,0,2,2
preview,15,16,40,71
previewed,0,0,5,5
previews,2,1,4,7
previlege,4,0,0,4
previous,108,0,252,360
previously,52,0,48,100
previuos,0,0,1,1
prevote,0,1,0,1
prey,20,7,26,53
preyforvegas,0,1,0,1
preying,0,1,1,2
preys,4,0,5,9
prez,6,8,6,20
prezi,0,0,2,2
prezident,0,1,0,1
prezisfornonspecneedslol,0,0,1,1
preztal,0,1,0,1
prezzie,0,0,2,2
prgnant,0,0,1,1
pri,0,1,0,1
pria,0,4,0,4
priapian,0,2,0,2
priapism,1,1,0,2
priavcy,1,0,0,1
pric,0,0,1,1
price,173,96,629,898
priced,31,9,51,91
priceless,0,1,228,229
priceline,0,7,0,7
pricerange,0,0,1,1
prices,43,47,198,288
priceses,0,0,1,1
pricess,0,0,1,1
pricetags,0,0,6,6
pricey,9,7,31,47
pricier,0,0,13,13
pricing,20,1,27,48
prick,54,59,54,167
pricked,0,0,1,1
pricking,0,0,1,1
prickly,0,0,14,14
pricks,24,18,7,49
pricy,3,0,19,22
pride,100,33,146,279
prideful,8,0,0,8
prides,1,0,0,1
priebus,0,0,5,5
priest,6,9,20,35
priestess,0,0,3,3
priests,4,0,6,10
priginal,3,0,0,3
priiiiiiide,0,1,0,1
prijzen,0,1,0,1
prikark,0,0,3,3
prilosec,1,0,0,1
prim,7,9,2,18
prima,5,18,0,23
primace,2,0,0,2
primadonna,0,0,1,1
primal,9,5,11,25
primals,0,0,3,3
primange,0,0,6,6
primanti,1,4,1,6
primarchs,0,0,1,1
primaria,0,3,3,6
primaries,3,0,1,4
primarily,8,1,31,40
primark,62,55,219,336
primarks,0,0,2,2
primarni,0,1,0,1
primary,22,1,180,203
primate,0,0,2,2
primates,0,0,2,2
primative,0,1,0,1
primatives,0,0,1,1
prime,51,93,178,322
primeape,0,0,2,2
primed,0,0,2,2
primeira,0,1,0,1
primeiro,0,2,0,2
primeknit,0,4,0,4
primeminister,0,1,0,1
primer,47,109,175,331
primera,1,47,17,65
primeracita,0,1,0,1
primeras,0,1,0,1
primero,0,16,0,16
primeros,0,0,4,4
primers,0,5,23,28
primetime,0,0,1,1
primeval,0,0,1,1
primiiiii,0,1,0,1
priming,4,0,17,21
priminister,1,3,1,5
primite,1,0,0,1
primitif,0,0,1,1
primitiv,0,1,0,1
primitive,17,35,43,95
primitively,0,0,2,2
primitivetechnology,1,0,0,1
primitivism,0,1,0,1
primo,0,21,2,23
primordial,0,6,1,7
primos,0,5,0,5
primrose,0,0,3,3
primsry,1,0,0,1
prin,0,3,0,3
prince,63,76,202,341
princeoflightanddarkness,0,0,3,3
princes,3,1,7,11
princesa,0,4,1,5
princess,46,116,234,396
princesse,0,2,0,2
princesses,2,3,8,13
princesslike,0,0,2,2
princeton,0,0,3,3
principal,3,12,22,37
principalmente,0,0,1,1
principiantes,0,5,0,5
principio,0,13,1,14
principle,5,16,17,38
principles,8,10,28,46
pringle,1,0,3,4
pringles,7,9,3,19
prinicipio,0,1,0,1
prinnia,0,1,0,1
prinnies,0,1,0,1
prinsses,0,1,0,1
print,51,83,167,301
printable,0,0,1,1
printed,14,8,21,43
printer,1,12,13,26
printers,1,0,0,1
printing,3,2,7,12
prints,1,21,56,78
printworks,0,0,1,1
printy,0,1,0,1
prinz,0,1,1,2
prinzessin,0,0,1,1
prinzregenten,0,2,0,2
prio,0,1,0,1
prion,19,7,12,38
prions,14,3,11,28
prior,17,10,70,97
priorities,14,2,28,44
prioritise,0,0,4,4
prioritised,0,0,1,1
prioritize,0,0,4,4
prioritizing,0,0,7,7
priority,10,3,53,66
priors,0,0,3,3
priquito,0,1,0,1
prirty,0,0,5,5
pris,0,8,2,10
priscilla,1,3,1,5
prises,0,2,0,2
prism,0,2,20,22
prismacolors,0,0,2,2
prismatic,0,0,2,2
prismo,0,9,0,9
prisms,0,1,2,3
prison,68,53,112,233
prisoner,7,1,10,18
prisoners,12,5,24,41
prisons,3,0,3,6
prisonsentences,0,0,2,2
pristien,0,1,0,1
pristin,1,2,0,3
pristine,0,3,4,7
prit,0,4,0,4
priti,1,0,0,1
prittier,1,0,0,1
prity,0,0,1,1
prius,6,1,6,13
privacy,15,7,36,58
private,85,79,205,369
privately,7,1,8,16
privates,0,2,0,2
privatization,1,2,0,3
prive,0,1,1,2
privelaged,0,0,1,1
priveledge,0,1,1,2
priveleged,0,0,2,2
privil,2,0,0,2
priviledge,0,0,3,3
privilege,51,29,96,176
privileged,22,1,46,69
privileges,0,0,6,6
privilegio,0,2,0,2
priviliged,0,0,7,7
priviliges,1,0,0,1
privledged,1,0,0,1
privy,1,1,0,2
prix,0,8,0,8
priyanka,0,0,4,4
prize,11,19,33,63
prized,3,0,7,10
prizes,5,0,11,16
prizoner,0,0,1,1
pro,137,187,430,754
proactive,2,5,19,26
proactively,2,0,2,4
prob,31,19,63,113
probabaly,0,5,2,7
probabilidade,0,1,0,1
probabilistic,1,0,3,4
probabilistically,0,0,2,2
probabilities,2,0,2,4
probability,14,3,22,39
probabky,1,0,0,1
probable,3,2,10,15
probablem,0,0,1,1
probablemente,0,7,0,7
probables,0,0,4,4
probably,919,636,2626,4181
probally,0,2,1,3
probaly,0,2,10,12
probation,0,2,3,5
probbaly,0,1,0,1
probbly,0,1,0,1
probe,2,0,16,18
probed,0,2,3,5
probeer,0,1,1,2
probeert,0,1,0,1
proberen,0,1,0,1
proberlly,5,0,0,5
proberly,0,0,6,6
probing,1,0,1,2
probiotic,0,0,1,1
probiotics,0,6,8,14
probl,0,4,3,7
problably,0,0,4,4
problem,781,384,1585,2750
problema,0,17,0,17
problematic,9,1,7,17
problematyczny,0,2,0,2
problemchildkay,0,1,0,1
probleme,0,2,0,2
problemem,0,10,0,10
problems,325,146,732,1203
problemu,0,2,0,2
problemy,0,2,2,4
probles,0,0,1,1
problesm,0,0,1,1
probley,0,0,1,1
problmems,0,0,2,2
problwms,1,0,0,1
probly,1,4,4,9
probobly,2,0,0,2
probocaste,0,1,0,1
proboitics,0,0,3,3
proboly,0,2,0,2
probre,0,2,0,2
probs,7,11,51,69
probz,5,0,0,5
probzmably,3,0,0,3
procacative,3,0,0,3
procastinating,0,0,1,1
procces,1,0,0,1
proccess,1,0,0,1
proceded,1,0,0,1
procedually,0,0,1,1
procedural,0,0,1,1
procedurally,3,0,5,8
procedure,9,6,49,64
procedures,5,1,13,19
proceed,15,3,24,42
proceeded,22,2,11,35
proceeding,0,0,1,1
proceedings,4,0,0,4
proceeds,25,14,40,79
proceedure,0,0,2,2
proces,0,0,2,2
procesado,0,1,0,1
procesador,0,2,0,2
process,77,43,409,529
processar,0,1,0,1
processed,2,0,37,39
processes,4,0,20,24
processing,10,7,38,55
processional,0,0,1,1
processor,11,4,30,45
processors,3,0,2,5
proches,0,1,0,1
proclaim,11,0,15,26
proclaimed,10,0,12,22
proclaimers,0,3,0,3
proclaiming,3,0,0,3
proclaims,0,0,2,2
proclained,0,0,1,1
proclivity,1,0,0,1
procollar,0,0,2,2
procrasitnation,0,0,4,4
procrastinate,6,5,16,27
procrastinated,0,0,3,3
procrastinates,1,0,0,1
procrastinating,4,12,36,52
procrastination,5,20,5,30
procrastinator,0,0,7,7
procreate,6,5,9,20
procreating,1,0,0,1
procreation,2,2,9,13
procter,0,0,3,3
proctor,0,1,0,1
procuct,3,0,0,3
procure,1,0,1,2
procuring,0,0,1,1
prod,0,12,16,28
prodacccs,0,1,0,1
prodigal,0,2,10,12
prodigious,0,0,1,1
prodigy,2,7,22,31
prodocument,0,0,3,3
produ,0,2,0,2
producci,0,5,0,5
produce,55,39,194,288
produced,32,49,185,266
producer,38,25,127,190
producers,25,9,72,106
produces,20,10,36,66
producido,2,0,0,2
producing,15,3,85,103
producio,0,1,0,1
producir,0,1,0,1
producs,0,0,1,1
product,191,160,669,1020
producteur,0,5,0,5
production,98,45,286,429
productions,5,27,64,96
productive,31,11,65,107
productivity,4,5,19,28
productor,1,1,1,3
productores,0,1,0,1
productos,0,1,0,1
products,302,189,1590,2081
productsss,0,2,0,2
productuon,0,0,1,1
productwise,0,0,1,1
produit,1,9,4,14
produits,7,10,3,20
produkcyjne,0,3,0,3
produktion,0,2,0,2
produtores,0,0,5,5
produzido,0,1,0,1
produzione,0,2,0,2
proe,0,1,0,1
proeminent,12,0,0,12
prof,0,11,4,15
profane,13,0,0,13
profanely,0,0,4,4
profanities,4,0,1,5
profanity,5,3,24,32
profe,0,1,0,1
profecional,0,1,0,1
profesh,0,0,1,1
profesion,0,8,0,8
profesional,0,5,1,6
profesionalismo,0,3,0,3
profesor,0,3,1,4
profesora,0,1,0,1
profesores,0,1,2,3
professer,0,0,1,1
profession,6,2,33,41
professional,80,0,502,582
professionalgymnastnilewilson,0,2,0,2
professionalism,6,4,5,15
professionality,0,0,4,4
professionally,3,0,26,29
professionals,19,7,52,78
professionisti,0,2,0,2
professions,0,0,5,5
professor,18,30,60,108
professors,1,0,6,7
profezia,0,1,0,1
proff,13,0,0,13
proffesional,1,0,7,8
proffesionals,0,0,2,2
proffessor,0,0,1,1
proffessors,0,0,1,1
proficient,0,0,5,5
profil,0,1,0,1
profile,22,58,62,142
profiler,1,0,0,1
profiles,3,10,4,17
profiling,2,1,0,3
profissionalmente,0,1,0,1
profit,36,36,83,155
profitability,1,0,0,1
profitable,2,1,18,21
profited,0,0,4,4
profiteers,0,4,0,4
profiting,2,0,9,11
profits,13,0,57,70
proflatearth,1,0,0,1
proflie,0,1,0,1
profligate,1,0,0,1
profondo,0,0,4,4
proform,0,0,7,7
proformances,6,0,0,6
proforming,1,0,0,1
profound,3,0,54,57
profoundly,3,0,13,16
profoundness,0,0,1,1
proframe,2,0,0,2
profs,0,0,4,4
profunda,0,7,0,7
profundidade,0,1,0,1
profundo,0,1,1,2
profusely,7,1,2,10
profvoetballer,0,1,0,1
prog,8,3,0,11
progaganda,0,4,0,4
progam,0,0,1,1
progdroids,4,0,0,4
progeny,0,1,4,5
progerss,0,0,1,1
progesterone,14,4,0,18
proggy,0,2,3,5
progies,0,2,1,3
proglow,0,1,3,4
prognosis,2,0,0,2
prognosticated,0,0,1,1
program,48,37,188,273
programa,0,7,1,8
programas,0,5,0,5
programed,0,1,2,3
programing,2,0,0,2
programm,4,1,0,5
programma,0,5,0,5
programmable,0,2,0,2
programme,13,16,24,53
programmed,15,6,34,55
programmer,3,8,9,20
programmers,0,4,13,17
programmes,2,1,1,4
programming,23,4,29,56
programs,21,4,73,98
programu,0,2,0,2
progresemos,0,1,0,1
progreso,0,3,0,3
progress,55,12,188,255
progressed,2,0,17,19
progresses,4,1,7,12
progressing,5,1,13,19
progression,17,5,53,75
progressional,0,0,1,1
progressions,0,0,6,6
progressive,33,12,41,86
progressively,12,1,22,35
progressiveness,2,0,0,2
progressives,7,4,5,16
progs,1,0,0,1
proh,0,4,0,4
prohiba,0,1,0,1
prohibit,1,0,0,1
prohibited,2,1,7,10
prohibiting,6,0,1,7
prohibition,0,3,0,3
prohibits,0,2,6,8
project,76,130,456,662
projectalpha,0,1,0,1
projected,0,0,9,9
projecter,0,2,0,2
projectile,0,11,6,17
projectiles,1,1,4,6
projecting,2,1,28,31
projection,5,7,13,25
projections,2,1,9,12
projector,1,1,13,15
projectors,4,1,8,13
projects,26,19,159,204
projekt,1,4,6,11
projekty,0,5,0,5
projesten,6,0,0,6
projet,0,0,2,2
prokofiev,0,0,2,2
prolapse,4,1,0,5
prolate,2,0,5,7
prolbey,1,0,0,1
proletarians,2,0,0,2
proletariat,0,0,5,5
prolife,1,0,3,4
proliferate,0,0,1,1
prolific,0,1,9,10
prolly,9,10,19,38
prologue,1,1,2,4
prolong,1,0,1,2
prolonga,0,1,0,1
prolonged,6,0,9,15
prolonging,1,0,6,7
prolongs,0,1,0,1
prom,5,34,28,67
promete,0,1,0,1
promethazine,0,2,0,2
prometheus,8,1,10,19
prometiste,0,2,0,2
prominate,0,1,0,1
prominence,0,0,5,5
prominent,6,0,31,37
prominently,0,0,1,1
promis,0,5,1,6
promiscuity,1,0,0,1
promiscuous,0,0,1,1
promise,45,49,191,285
promised,23,32,100,155
promises,13,34,63,110
promising,23,0,91,114
prommise,0,0,1,1
promo,31,18,100,149
promontory,0,0,4,4
promonya,0,1,0,1
promoplugz,0,2,0,2
promos,1,0,6,7
promote,69,44,170,283
promoted,15,14,39,68
promoter,2,4,4,10
promoters,0,0,1,1
promotes,22,5,16,43
promoting,70,9,122,201
promotion,16,36,75,127
promotional,8,0,24,32
promotions,1,5,9,15
promotors,5,0,0,5
promp,1,0,0,1
prompt,3,0,5,8
prompted,3,0,3,6
prompter,20,0,0,20
promptly,2,7,4,13
promulgan,0,2,0,2
pron,0,2,0,2
prone,23,2,44,69
prong,1,0,3,4
pronly,0,2,0,2
prononced,0,0,5,5
pronosticos,0,1,0,1
pronouce,4,0,2,6
pronouced,1,2,0,3
pronoun,0,0,3,3
pronounce,54,96,100,250
pronounced,34,147,169,350
pronouncements,0,0,1,1
pronounces,13,8,16,37
pronounciation,0,7,0,7
pronouncing,15,12,29,56
pronouns,1,0,9,10
pronta,0,5,0,5
pronti,0,5,0,5
pronto,3,40,6,49
pronton,0,0,1,1
pronuncation,0,0,2,2
pronunced,0,4,1,5
pronunciaci,0,2,0,2
pronunciar,0,1,0,1
pronunciation,14,24,37,75
pronuntion,0,0,2,2
proo,0,1,0,1
proof,119,99,262,480
proofed,0,3,0,3
proofing,0,0,3,3
proofreading,0,0,20,20
proofs,2,4,2,8
prooges,0,0,2,2
prooo,0,1,0,1
prooobably,0,4,0,4
prooooo,0,0,2,2
proove,5,0,1,6
prooved,1,0,1,2
prooves,2,0,1,3
prop,13,15,60,88
propa,0,3,0,3
propably,1,0,4,5
propaganda,223,4,166,393
propagandist,9,5,5,19
propagandists,1,0,8,9
propagandizing,0,0,1,1
propagate,1,2,6,9
propagated,1,0,1,2
propagates,0,0,1,1
propagating,6,4,1,11
propane,0,3,6,9
propanga,0,0,1,1
propel,1,0,1,2
propellant,0,0,8,8
propelled,0,0,13,13
propeller,0,0,3,3
propellerheads,0,0,3,3
propellers,0,6,3,9
propellor,0,2,0,2
propellors,0,0,2,2
proper,107,93,315,515
properganda,0,1,0,1
properly,103,84,231,418
properties,6,3,20,29
property,37,20,84,141
propery,0,0,2,2
prophecie,0,0,1,1
prophecies,1,0,1,2
prophecy,1,3,17,21
prophesied,0,0,3,3
prophesies,0,0,1,1
prophesy,1,0,4,5
prophet,18,7,32,57
prophetess,0,0,1,1
prophetic,0,0,7,7
prophets,14,0,15,29
propia,0,27,0,27
propigating,0,0,3,3
propio,0,3,1,4
propios,0,8,0,8
prople,0,0,3,3
proplem,0,1,0,1
propoganda,0,0,2,2
propoghanda,0,0,1,1
proponent,0,0,11,11
proponowa,0,3,0,3
proponowanych,0,1,0,1
proportion,23,10,14,47
proportional,3,0,3,6
proportionally,0,0,3,3
proportionate,0,0,5,5
proportionately,1,0,2,3
proportioned,0,0,1,1
proportions,8,0,10,18
propos,4,0,4,8
proposal,0,7,15,22
proposals,0,1,0,1
propose,12,16,21,49
proposed,19,13,21,53
proposer,0,0,4,4
proposes,0,4,6,10
proposing,6,5,2,13
proposition,4,6,7,17
propositioning,0,0,2,2
propotion,0,0,1,1
propounding,0,0,1,1
propped,1,0,3,4
propperly,0,0,1,1
propping,1,0,5,6
propre,0,6,0,6
propres,0,4,0,4
proprietary,0,0,5,5
propriety,0,0,4,4
proprio,5,6,0,11
proprly,0,0,1,1
props,37,61,187,285
propsy,0,3,0,3
propuesta,0,2,0,2
propulsion,0,7,4,11
propulsive,0,0,2,2
proputty,0,0,8,8
propuzzletip,0,0,1,1
prorevenge,0,0,4,4
pros,13,7,37,57
prosbly,1,0,0,1
prose,0,1,0,1
prosecco,5,0,1,6
prosecutable,0,0,1,1
prosecute,1,3,1,5
prosecuted,6,0,0,6
prosecuting,2,0,0,2
prosecution,0,0,2,2
prosecutor,3,0,1,4
proshot,0,0,3,3
prositite,0,1,0,1
proskills,0,3,0,3
prospect,2,0,18,20
prospective,2,1,8,11
prospector,0,0,6,6
prospects,1,0,7,8
prosper,1,3,5,9
prosperin,0,0,2,2
prospering,2,0,1,3
prosperity,13,6,3,22
prosperous,1,0,9,10
prossecuters,1,0,0,1
prossimi,0,1,0,1
prossimo,0,1,0,1
prostaglandin,0,0,1,1
prostaglandins,0,2,0,2
prostate,3,1,0,4
prostesting,0,0,4,4
prostests,0,0,1,1
prostethic,0,0,4,4
prosthetic,14,2,15,31
prosthetics,0,5,10,15
prostitute,11,31,33,75
prostitutes,7,16,10,33
prostituting,1,0,0,1
prostitution,0,4,19,23
prosto,0,4,0,4
prostrate,1,0,0,1
prostu,0,4,1,5
prosumers,0,0,3,3
prosyndicate,3,2,1,6
prot,1,0,1,2
protagonist,2,14,62,78
protagonists,10,2,3,15
protagonizado,0,0,1,1
protec,0,6,7,13
protecc,1,11,13,25
protecci,0,7,0,7
proteceting,0,0,1,1
protect,100,96,250,446
protectant,0,0,2,2
protected,18,17,43,78
protecteminem,0,0,1,1
protectin,0,0,8,8
protecting,34,2,109,145
protection,45,15,89,149
protectionists,0,0,1,1
protections,7,0,8,15
protective,14,4,25,43
protectiveness,0,0,5,5
protector,6,8,18,32
protectors,1,0,3,4
protects,15,10,19,44
protega,0,1,0,1
protege,0,0,1,1
protein,23,13,46,82
proteinafter,0,0,6,6
proteins,10,0,6,16
proterra,0,3,0,3
protest,149,13,261,423
protesta,0,3,0,3
protestant,1,0,0,1
protestants,0,0,5,5
protestas,0,3,0,3
protestations,0,0,5,5
protested,7,0,22,29
protester,4,0,1,5
protesters,24,11,13,48
protesting,65,29,131,225
protestor,0,0,3,3
protestors,21,1,2,24
protests,49,8,46,103
protien,0,0,1,1
protiens,2,1,0,3
protip,0,6,2,8
protocol,2,5,29,36
protocols,1,0,14,15
protomorphs,0,1,0,1
proton,18,26,20,64
protons,7,19,25,51
protos,0,3,0,3
prototipos,0,0,2,2
prototype,1,9,34,44
prototypes,0,0,3,3
prototyping,0,0,1,1
protracter,0,0,1,1
protractor,3,15,6,24
protronus,0,1,0,1
protruding,1,0,1,2
protrusion,0,0,1,1
protune,4,0,2,6
proublum,0,1,0,1
proucts,1,0,0,1
proud,76,2,2666,2744
proudaf,0,1,0,1
prouddd,0,2,0,2
proudddd,0,1,0,1
prouder,1,1,6,8
proudest,0,12,5,17
proudfoot,0,8,0,8
proudly,7,6,22,35
proudtobecarat,0,1,0,1
proudtobeone,0,3,0,3
prouf,1,0,0,1
prounced,0,1,0,1
pround,1,0,1,2
prounounced,0,1,0,1
prounounces,0,0,1,1
prounounciation,0,0,1,1
proununciation,0,0,1,1
proust,0,0,2,2
prova,0,2,0,2
provably,1,7,0,8
provalonep,0,0,1,1
provare,0,5,0,5
provavelmente,0,6,0,6
prove,116,32,308,456
proved,59,12,89,160
proven,58,14,94,166
provence,2,0,0,2
provened,3,0,0,3
provengono,0,2,0,2
provera,6,0,0,6
proverb,3,0,0,3
proverbial,2,0,10,12
proverbially,0,0,4,4
proverbs,44,6,8,58
proves,22,3,157,182
provide,27,22,170,219
provided,18,6,80,104
providence,0,2,12,14
provider,0,7,11,18
providers,1,0,10,11
provides,8,0,57,65
providing,13,10,54,77
provin,0,0,1,1
province,2,0,2,4
provincehere,0,0,1,1
provincia,0,6,0,6
provincial,0,7,4,11
proving,22,4,45,71
provision,1,0,0,1
provisions,5,0,7,12
provoca,0,1,0,1
provocaci,2,0,0,2
provocan,0,3,0,3
provocando,0,9,2,11
provocateur,0,0,8,8
provocation,2,0,1,3
provocations,0,0,1,1
provocative,1,0,7,8
provocatively,0,0,2,2
provoke,4,0,7,11
provoked,0,4,12,16
provokes,0,0,6,6
provoking,10,3,27,40
provoquent,2,0,0,2
prowadz,0,3,0,3
prower,0,2,1,3
prowes,0,0,2,2
prowess,0,0,16,16
prowl,0,0,1,1
prowse,3,0,0,3
proxies,1,0,0,1
proxima,1,1,0,2
proximity,2,0,14,16
proximo,0,0,1,1
proximty,0,0,1,1
proxy,1,3,5,9
proyect,0,2,1,3
proyecte,0,2,0,2
proyected,5,0,0,5
proyecto,0,7,2,9
proyectos,0,0,1,1
prozac,0,0,1,1
prozd,0,8,0,8
prque,0,1,0,1
prr,0,2,0,2
prreeeettyyy,0,1,0,1
prrety,0,1,0,1
prrleshaa,0,1,0,1
prro,0,2,0,2
prros,0,2,0,2
prrreo,0,1,0,1
prrrh,0,4,0,4
prrroarity,0,0,3,3
prrrrrrrrrrrr,0,1,0,1
prrrrrrrrrrupitupitupitpuitpuitupiuituutututupipuitpiuptiupituitupi,0,1,0,1
prselevanta,0,4,5,9
prss,0,4,0,4
prt,4,0,0,4
prude,6,2,4,12
prudence,1,0,2,3
prudent,0,0,1,1
prudentius,0,0,1,1
pruduh,0,1,0,1
prunes,0,6,6,12
prunetown,0,0,6,6
pruning,0,0,2,2
pruvlge,0,1,0,1
pry,4,0,1,5
prying,0,5,8,13
pryokinetics,0,1,0,1
pryor,5,4,3,12
pryoxo,0,0,2,2
pryszczami,0,2,0,2
pryszczata,0,2,0,2
pryszcze,0,4,0,4
pryszczy,0,2,0,2
prywatnych,0,3,0,3
prze,0,12,0,12
przechodzi,0,3,0,3
przechuj,0,1,0,1
przecietny,0,3,0,3
przed,0,13,0,13
przedstawia,0,2,0,2
przedstawiany,0,2,0,2
przejecha,0,2,0,2
przejmowali,0,2,0,2
przekazalas,0,2,0,2
przekl,0,2,0,2
przelecia,0,2,0,2
przerwy,0,2,0,2
przesadzam,0,2,0,2
przesta,0,2,0,2
przet,0,2,0,2
przetrwa,0,3,0,3
przewr,0,2,0,2
przez,0,36,0,36
przy,0,4,0,4
przyczyna,0,2,0,2
przyczynili,0,3,0,3
przyda,0,3,0,3
przyjaci,0,2,0,2
przyjdzie,0,1,0,1
przyjemno,0,0,1,1
przykrego,0,2,0,2
przynajmniej,0,2,0,2
przypadkiem,0,2,0,2
przypomina,3,0,0,3
przysta,0,1,0,1
przyw,0,2,0,2
przyzwyczai,0,2,0,2
ps,105,153,442,700
psa,3,3,7,13
psalm,0,0,47,47
psalms,0,4,18,22
psas,0,0,5,5
psc,0,1,0,1
psched,0,0,2,2
pscychology,0,0,1,1
psd,0,1,1,2
psdt,0,1,0,1
pseduo,0,0,4,4
pseudo,9,7,25,41
pseudointellectual,0,2,0,2
pseudonazi,3,0,0,3
pseudonym,1,0,3,4
pseudoscience,0,5,1,6
psg,16,74,46,136
psgfantv,0,0,4,4
psh,0,5,12,17
pshh,0,1,4,5
pshhh,0,1,0,1
pshhhh,0,0,3,3
pshy,0,0,1,1
psi,1,0,5,6
psic,0,3,0,3
psichidelic,0,2,0,2
psilocybin,0,1,0,1
psionic,0,0,4,4
psl,2,3,7,12
pslams,0,0,3,3
pslpslss,0,0,1,1
psn,0,5,3,8
psone,0,0,1,1
psoriasis,0,0,10,10
psp,0,0,3,3
pssh,1,1,1,3
psshht,0,0,1,1
pssht,0,0,1,1
psss,0,0,1,1
pssshhh,0,1,0,1
pssssssssss,0,5,0,5
psssssssssss,0,1,0,1
psssst,0,1,1,2
pssst,0,0,9,9
psst,1,2,15,18
pst,0,1,8,9
pstd,0,0,1,1
psu,0,1,0,1
psuedo,1,1,1,3
psv,0,0,1,1
psvita,0,0,4,4
psvitas,0,1,0,1
psvr,0,0,1,1
psx,0,0,1,1
psy,2,7,9,18
psybient,0,0,2,2
psych,8,6,18,32
psyche,1,4,4,9
psyched,9,7,20,36
psychedelic,5,7,22,34
psychedelics,1,4,1,6
psychiatric,5,1,13,19
psychiatrist,5,11,6,22
psychiatry,0,0,8,8
psychic,6,2,12,20
psychically,2,0,0,2
psychice,0,4,0,4
psychiczny,0,2,0,2
psychik,0,4,0,4
psychjustkidding,0,6,0,6
psycho,32,15,31,78
psychoactive,0,0,8,8
psychoanalyse,0,0,7,7
psychoanalysis,0,0,3,3
psychoanalyzing,3,0,0,3
psychobabblologically,0,0,1,1
psychodelia,0,0,2,2
psychodelic,2,0,0,2
psychologic,0,0,3,3
psychological,27,6,59,92
psychologically,1,6,1,8
psychologist,9,5,32,46
psychologists,2,0,5,7
psychology,13,6,35,54
psychomachia,0,0,1,1
psychonaut,0,0,1,1
psychopath,16,12,17,45
psychopathic,4,0,6,10
psychopaths,6,1,4,11
psychopathy,0,0,6,6
psychos,4,5,2,11
psychosis,1,0,8,9
psychosomatic,2,0,4,6
psychosoprano,0,0,3,3
psychotherapist,0,0,1,1
psychotic,13,0,10,23
psychotropic,0,0,1,1
psychoville,0,1,0,1
psychy,0,0,3,3
psycologically,2,0,0,2
psycologist,0,0,1,1
psycopaths,0,1,0,1
psykiatric,2,0,0,2
psylocybin,0,0,1,1
psyop,10,3,2,15
psyops,6,4,0,10
psysindicate,2,0,0,2
psytrance,0,1,0,1
pt,9,39,15,63
pta,5,9,8,22
ptan,0,0,2,2
ptb,0,0,1,1
ptdrrrrrrr,0,2,0,2
ptero,0,1,0,1
pterodactyl,1,1,3,5
pterodactyls,1,0,0,1
ptfe,0,0,4,4
pthere,0,2,0,2
pthers,0,0,3,3
pthhbpp,0,0,3,3
pticos,0,0,1,1
ptm,0,1,0,1
ptmr,0,0,1,1
ptn,0,6,3,9
pto,0,1,0,1
ptolemy,0,0,1,1
ptp,0,0,2,2
ptppppppp,0,1,0,1
ptqsbutkz,0,0,1,1
pts,7,9,29,45
ptsd,9,8,43,60
ptsrrr,0,2,0,2
pttarawa,0,0,1,1
ptttddddrrrrrr,0,1,0,1
ptuu,0,0,1,1
ptv,0,0,1,1
ptw,0,0,1,1
ptx,1,4,25,30
pu,11,41,9,61
pual,0,1,1,2
puale,0,0,1,1
puan,0,1,1,2
puant,0,4,0,4
puase,0,1,0,1
puasy,1,1,0,2
pub,28,19,68,115
pubbing,2,0,0,2
pubblicit,0,2,0,2
puber,0,0,6,6
puberme,0,0,4,4
puberty,42,40,27,109
pubes,0,7,6,13
pubescent,1,3,3,7
pubey,0,3,0,3
pubg,24,72,89,185
pubgggg,0,6,0,6
pubgswag,0,0,7,7
pubic,2,2,0,4
pubicare,0,0,1,1
pubis,0,1,0,1
publcity,2,0,0,2
publi,0,2,0,2
public,284,121,554,959
publically,1,0,9,10
publication,3,2,5,10
publications,3,0,5,8
publiceert,0,1,0,1
publicidad,0,4,0,4
publicised,3,0,0,3
publicist,0,1,3,4
publicists,0,0,4,4
publicitiy,0,0,1,1
publicity,41,22,86,149
publicized,0,0,4,4
publicizing,1,0,2,3
publicly,42,9,38,89
publico,0,3,0,3
publics,0,0,1,1
publicschooled,0,0,1,1
publicy,0,0,1,1
publish,6,4,24,34
published,12,23,71,106
publisher,13,1,3,17
publishers,16,0,4,20
publishing,5,4,28,37
publishings,0,0,2,2
publix,1,0,4,5
pubmed,0,0,1,1
pubs,18,0,17,35
pucha,0,1,0,1
puchnes,0,0,3,3
puchong,0,0,2,2
puck,2,8,10,20
pucker,0,5,8,13
puckerbutt,0,3,3,6
puckered,0,0,1,1
pucks,0,0,1,1
pud,0,0,1,1
pudd,0,12,0,12
puddi,10,0,0,10
pudding,53,13,56,122
puddinggggg,2,0,0,2
puddings,0,2,3,5
puddle,7,3,6,16
puddles,1,0,0,1
pude,0,4,5,9
puderem,0,5,0,5
pudg,0,1,0,1
pudge,0,0,1,1
pudgy,1,0,9,10
pudiavana,0,4,0,4
pudiera,0,2,3,5
pudieran,0,0,2,2
pudieron,0,9,1,10
pudim,1,1,0,2
pudinggg,1,0,0,1
pudinggggg,1,0,0,1
pudo,1,12,0,13
pudong,0,1,0,1
pudra,2,5,42,49
pudras,0,0,1,1
pudraxmudra,0,1,0,1
pudrete,0,1,0,1
puebla,0,0,26,26
pueblo,0,24,4,28
pueblos,1,1,1,3
pueda,0,9,0,9
puedan,0,4,0,4
puedas,0,1,0,1
puede,3,63,12,78
pueden,0,38,1,39
puedes,4,13,2,19
puedo,3,38,11,52
puella,0,1,0,1
puelto,0,1,0,1
puente,0,3,5,8
puerile,0,0,4,4
puerrrrrrrrto,0,1,0,1
puerta,0,6,0,6
puertan,0,0,1,1
puertas,0,1,0,1
puerto,174,280,406,860
puertorican,0,0,9,9
puertoricans,0,0,2,2
puertoricansbyheart,0,0,1,1
puertorice,0,1,0,1
puertorico,3,5,1,9
puertoricorelief,0,5,0,5
puertoricoselevanta,0,3,1,4
puertoriqie,0,1,0,1
puertorique,0,0,1,1
puertorrican,0,0,1,1
puertorriqen,0,0,5,5
puertorrique,0,4,5,9
puertorro,0,5,0,5
puertos,0,1,0,1
puertricostrong,0,0,1,1
pues,8,27,6,41
pueshtions,0,1,0,1
puessss,0,1,0,1
puestion,0,3,0,3
puesto,0,17,0,17
pufe,0,0,2,2
puff,5,19,30,54
puffa,0,0,5,5
puffed,0,5,0,5
puffer,0,2,7,9
pufferfish,0,3,0,3
pufff,0,2,0,2
puffin,0,1,1,2
puffiness,0,0,1,1
puffing,0,1,3,4
puffs,0,17,5,22
pufftin,0,1,0,1
puffy,9,7,42,58
pug,5,9,23,37
pugb,0,0,2,2
puggo,0,0,5,5
pugh,0,2,0,2
pugicorn,0,0,2,2
puglsy,0,5,0,5
pugs,0,2,9,11
pugsley,0,0,2,2
pugsssssssssssssssssssssss,0,1,0,1
puh,1,9,4,14
puhh,1,0,0,1
puhleaasseee,0,0,1,1
puhlease,2,1,0,3
puhleaseeeeeee,1,0,0,1
puhleeeez,0,1,0,1
puhtato,0,2,0,2
puhvuht,0,1,0,1
pui,0,1,0,1
puigdemont,0,7,0,7
puis,6,4,0,10
puissante,0,1,0,1
puisse,0,1,1,2
puja,0,0,1,1
puka,0,1,0,1
puke,24,20,29,73
puked,18,7,0,25
pukes,1,0,1,2
pukey,0,0,2,2
puking,5,11,3,19
pula,1,1,0,2
pulease,0,0,1,1
puleeeaaase,1,0,0,1
puliendo,0,3,0,3
pulis,10,3,1,14
pulitzer,7,1,5,13
pull,213,118,517,848
pulled,80,98,249,427
pulley,0,0,1,1
pullin,1,2,0,3
pulling,38,32,96,166
pullman,0,0,2,2
pullover,0,1,6,7
pulls,20,19,53,92
pullstring,0,0,1,1
pullupgang,0,0,2,2
pulmonary,1,0,0,1
pulp,10,35,73,118
pulpit,5,0,0,5
puls,0,3,0,3
pulsate,0,0,3,3
pulsating,0,0,9,9
pulsation,0,0,1,1
pulse,3,20,6,29
pulsed,0,4,11,15
pulses,6,2,7,15
pulsing,0,1,2,3
pulson,0,3,0,3
pulverised,0,0,6,6
pum,0,3,0,3
puma,4,21,17,42
pumas,1,1,0,2
pumassss,0,1,0,1
pumayat,0,1,0,1
pumba,0,2,4,6
pumbaa,0,0,1,1
pumkin,0,8,9,17
pumkins,0,0,1,1
pummm,0,1,0,1
pump,39,61,55,155
pumped,14,31,38,83
pumpeddd,0,1,0,1
pumpedddddd,0,3,0,3
pumpedgrfga,0,4,0,4
pumping,10,12,40,62
pumpkim,0,6,0,6
pumpkin,100,323,444,867
pumpkins,10,45,55,110
pumpkinville,0,0,1,1
pumps,1,9,30,40
pun,35,54,91,180
punani,1,2,0,3
punch,69,97,93,259
punchable,4,3,7,14
punched,21,28,45,94
puncher,2,6,0,8
punches,20,16,38,74
punchin,1,0,0,1
punching,29,30,14,73
punchings,0,0,3,3
punchline,12,3,42,57
punchlines,1,0,2,3
punchout,1,0,1,2
punchup,0,3,0,3
punchy,0,2,2,4
puncta,0,0,1,1
punctual,0,0,1,1
punctuated,0,0,6,6
punctuation,5,0,2,7
punctuations,0,0,1,1
punctum,0,0,1,1
puncture,3,0,2,5
punctured,7,0,1,8
punctures,0,0,3,3
punday,0,3,0,3
pundit,2,3,30,35
punditry,1,1,6,8
pundits,21,4,13,38
puneta,0,0,7,7
pungent,2,0,0,2
pungente,0,1,0,1
punish,18,11,29,58
punishable,0,1,6,7
punishane,0,0,1,1
punished,31,17,35,83
punisher,34,84,126,244
punishers,0,2,0,2
punishes,0,1,7,8
punishing,34,1,24,59
punishment,55,9,60,124
punjabi,0,5,2,7
punk,65,50,109,224
punkass,0,3,0,3
punked,1,0,3,4
punkin,0,0,5,5
punkings,0,1,0,1
punks,13,3,21,37
punkstream,1,0,0,1
punktowe,0,2,0,2
punky,0,0,2,2
punny,7,6,1,14
puns,6,55,61,122
punsh,0,0,1,1
punsher,1,0,0,1
punshier,0,1,0,1
punshline,0,0,2,2
punta,2,4,0,6
puntata,0,1,0,1
punten,1,0,0,1
punters,0,0,1,1
punti,1,5,0,6
punting,5,0,0,5
punto,4,22,7,33
puntos,0,24,0,24
puny,0,0,2,2
punya,0,0,2,2
puo,0,6,0,6
puoi,0,5,0,5
puorto,0,1,0,1
pup,6,2,27,35
pupet,0,1,0,1
pupil,2,0,0,2
pupils,0,8,6,14
pupkin,0,1,0,1
puplished,0,0,1,1
pupo,0,2,0,2
puppa,0,1,0,1
pupper,3,5,8,16
puppers,0,2,7,9
puppet,39,52,80,171
puppeteer,0,1,0,1
puppetmasters,2,0,0,2
puppetry,0,0,4,4
puppets,23,7,36,66
puppett,0,1,0,1
puppies,10,51,71,132
puppiesss,0,0,2,2
puppiessss,0,1,0,1
puppiessssss,0,3,0,3
puppito,0,2,0,2
puppo,0,1,0,1
puppos,0,0,3,3
pupppy,0,0,3,3
puppy,28,98,110,236
puppycat,0,0,4,4
puppyyyyyyyyyyy,0,1,0,1
pups,2,9,22,33
pur,6,11,2,19
pura,0,34,1,35
puras,0,1,0,1
purchasable,2,0,0,2
purchase,56,41,344,441
purchased,21,12,90,123
purchaser,0,0,4,4
purchasers,0,0,4,4
purchases,1,1,60,62
purchasing,17,17,44,78
purdey,0,0,5,5
purdue,6,0,0,6
purdy,0,2,1,3
pure,115,0,919,1034
pureber,0,1,0,1
pureclass,0,1,0,1
puree,0,1,8,9
pureed,0,0,1,1
pureee,0,0,1,1
pureeeee,0,1,0,1
pureflix,0,1,0,1
purely,9,1,121,131
pureolgy,0,2,0,2
pureple,0,0,4,4
purest,0,4,20,24
puretato,0,0,1,1
pureview,0,2,0,2
purfume,0,0,6,6
purgati,0,1,0,1
purgatory,3,0,4,7
purge,1,19,7,27
purged,0,9,3,12
purges,0,0,1,1
purging,4,0,4,8
purification,0,6,0,6
purified,0,1,0,1
purifier,0,0,1,1
purifies,0,2,0,2
purify,0,6,0,6
purifying,0,0,5,5
purina,0,0,2,2
purist,0,0,3,3
purists,1,0,1,2
purity,2,2,15,19
purley,0,0,4,4
purnell,1,0,0,1
puro,3,25,2,30
puros,0,5,0,5
purp,0,0,1,1
purple,71,142,384,597
purpledranking,1,0,0,1
purpleeeeeee,0,0,2,2
purpleheartsfromhayden,0,1,0,1
purplepower,0,1,0,1
purples,0,1,11,12
purpley,0,0,2,2
purpliest,0,0,2,2
purplish,0,1,0,1
purported,0,0,2,2
purpose,125,63,245,433
purposed,2,0,0,2
purposeful,0,1,3,4
purposefully,6,1,10,17
purposefulness,0,0,2,2
purposeless,0,0,1,1
purposely,19,3,35,57
purposes,12,16,48,76
purposing,0,1,0,1
purposly,0,0,1,1
purpous,0,0,1,1
purpse,4,0,0,4
purr,0,0,5,5
purred,0,0,3,3
purrfect,0,3,0,3
purring,5,5,7,17
purrp,0,3,0,3
purrrfect,0,0,2,2
purrrrrrfection,0,0,2,2
purrrrrrrrrrr,0,0,5,5
purrs,2,0,0,2
purse,9,12,45,66
purses,0,3,1,4
pursuaded,0,4,0,4
pursue,12,2,43,57
pursued,0,0,1,1
pursues,1,0,2,3
pursuing,4,0,19,23
pursuit,1,5,19,25
pursuits,0,0,10,10
pursure,0,1,0,1
purto,0,0,1,1
purtorican,0,0,1,1
purtroppo,0,4,0,4
purtuguese,0,0,1,1
purty,0,0,1,1
purve,0,3,0,3
purvert,0,1,0,1
purveyor,4,0,0,4
purveyors,0,0,2,2
purview,4,0,4,8
purvis,3,20,43,66
pus,4,4,2,10
puse,0,6,0,6
push,158,62,285,505
pushback,0,0,4,4
pushdrewgulak,0,2,0,2
pushed,63,29,131,223
pusheen,0,41,51,92
pushenzo,0,1,0,1
pusher,3,0,6,9
pushes,11,9,40,60
pushin,1,2,6,9
pushing,88,47,168,303
pushkin,0,0,1,1
pushup,0,2,4,6
pushups,0,2,12,14
pushy,0,3,4,7
pusic,0,0,1,1
pusieran,0,1,0,1
pusieron,0,6,0,6
pusing,0,3,0,3
puskas,0,11,0,11
puso,0,13,2,15
puspita,0,0,1,1
puss,2,8,6,16
pussay,0,0,4,4
pussayyyyysssss,0,1,0,1
pussey,3,0,0,3
pussies,46,30,29,105
pussssaayyyyy,0,1,0,1
pussssssssssssssyyyyyyyyyyyyyyyyyyy,0,1,0,1
pusssssyyyyy,0,1,0,1
pusssssyyyyyyy,0,1,0,1
pussssyyyyyyy,0,0,1,1
pusssy,0,3,0,3
pusssyyyyyy,0,5,0,5
pussy,207,209,205,621
pussyas,0,2,0,2
pussyass,0,0,5,5
pussyassed,0,1,0,1
pussybois,3,0,0,3
pussycat,0,1,3,4
pussyfart,0,2,0,2
pussygrabbing,1,0,0,1
pussyhats,2,0,0,2
pussyhole,0,0,4,4
pussyhurt,1,0,0,1
pussying,3,3,0,6
pussylips,1,0,0,1
pussyole,1,0,0,1
pussys,2,20,2,24
pussyshit,1,0,0,1
pussywhipped,0,1,0,1
pussyyyy,1,0,0,1
pussyyyyyyyy,0,1,0,1
pussyyyyyyyyyy,0,0,2,2
pustlara,0,1,0,1
pustostanem,0,6,0,6
pusy,0,2,0,2
pusys,0,0,1,1
put,1512,1619,4178,7309
puta,9,123,16,148
putaaaa,0,1,0,1
putada,0,9,0,9
putain,0,4,0,4
putakatyaijwhioajoia,0,2,0,2
putang,0,5,0,5
putangina,0,2,1,3
putanita,0,1,0,1
putaria,0,1,0,1
putarias,0,2,0,2
putas,0,5,2,7
pute,0,5,2,7
puter,0,0,1,1
puterico,4,0,0,4
putero,0,1,0,1
puth,14,18,23,55
puthinater,0,1,0,1
putierrez,0,4,0,4
putin,48,10,29,87
putinas,0,0,4,4
putinbots,0,0,1,1
puting,6,4,0,10
putinha,0,1,0,1
putio,0,5,0,5
putito,0,4,0,4
putmeonthemailinglist,0,0,4,4
putnam,0,0,1,1
puto,1,69,0,70
putoamo,0,3,0,3
putoo,0,5,0,5
putos,5,38,5,48
putrefying,0,0,2,2
putrid,4,0,0,4
putride,0,1,0,1
putrynn,0,1,0,1
puts,80,123,311,514
putsy,0,1,0,1
putt,1,1,3,5
puttana,0,1,0,1
puttanate,0,0,1,1
putted,1,0,3,4
puttin,3,6,6,15
putting,222,181,837,1240
puttng,0,1,0,1
putty,2,3,3,8
putz,3,1,0,4
puuk,0,2,0,2
puurrfect,0,5,0,5
puusssaayyy,1,0,0,1
puuuhhhhlllleeease,0,0,1,1
puuurfect,0,0,1,1
puuuu,0,2,0,2
puuuuusssysyyyyyyyy,0,1,0,1
puw,0,2,0,2
puyol,0,14,13,27
puzzle,19,8,48,75
puzzled,4,1,8,13
puzzles,0,5,45,50
pv,0,3,5,8
pvc,1,0,6,7
pvd,0,0,4,4
pve,1,0,0,1
pvp,24,16,64,104
pvped,0,0,1,1
pvris,0,0,1,1
pvto,0,7,0,7
pw,1,0,6,7
pwa,0,4,0,4
pwace,0,0,2,2
pwc,1,0,0,1
pwde,0,1,0,1
pwds,0,0,1,1
pwease,0,4,1,5
pweaseeeeeeeeeee,0,1,0,1
pwede,2,0,1,3
pweeeeese,0,0,3,3
pweeeety,0,1,0,1
pweees,0,1,0,1
pweessshh,0,2,0,2
pwer,0,2,0,2
pwethe,0,5,0,5
pwetoh,2,0,0,2
pwetty,0,0,1,1
pwllgwyngyll,0,1,0,1
pwm,0,1,5,6
pwnnywise,0,1,0,1
pwobl,0,1,0,1
pwople,4,0,0,4
pwr,0,0,5,5
pwrson,0,0,1,1
pwweeeaaassseee,0,1,0,1
pxl,0,0,1,1
py,0,11,1,12
pycelle,0,1,0,1
pye,0,0,4,4
pyeone,0,1,0,1
pyeonhae,0,3,0,3
pygmalion,0,0,6,6
pygros,0,0,1,1
pyjama,0,0,8,8
pyjamas,0,24,9,33
pylo,0,1,0,1
pyloral,0,1,0,1
pylori,6,20,20,46
pylorus,0,0,1,1
pylyshyn,0,0,1,1
pym,3,9,4,16
pyms,1,0,0,1
pyon,0,0,1,1
pyqe,0,1,0,1
pyra,1,1,7,9
pyramid,4,9,8,21
pyramids,2,4,4,10
pyraminx,0,2,1,3
pyre,0,1,0,1
pyrgos,0,0,1,1
pyrite,0,11,0,11
pyro,0,1,4,5
pyrometer,1,0,0,1
pyroporn,0,1,0,1
pyrotechnics,0,0,1,1
pyscho,2,0,0,2
pysing,0,0,2,2
pysop,0,0,4,4
pyta,0,1,0,1
pytali,0,0,1,1
pythagoras,0,0,4,4
python,8,23,26,57
pythons,0,0,1,1
pyunkang,0,0,1,1
pyyd,0,0,3,3
pz,1,2,0,3
pzl,0,1,0,1
qa,0,3,2,5
qackes,3,0,0,3
qadash,0,0,3,3
qaeda,0,5,5,10
qaf,0,0,2,2
qaida,10,0,0,10
qaky,0,1,0,1
qale,0,2,0,2
qalibiyetine,0,1,0,1
qame,0,1,0,1
qanda,0,1,0,1
qantas,1,0,1,2
qaq,0,1,2,3
qaraba,0,4,0,4
qarabag,7,12,4,23
qaranl,0,4,0,4
qatar,0,11,1,12
qatari,0,2,0,2
qaulity,0,0,4,4
qb,11,0,66,77
qbs,3,1,6,10
qc,2,3,14,19
qck,0,1,0,1
qd,0,1,0,1
qe,0,5,0,5
qeda,0,1,0,1
qeeeso,0,0,1,1
qeen,0,0,3,3
qeer,8,0,0,8
qenuinely,0,1,0,1
qestion,0,1,0,1
qeue,0,1,0,1
qeustion,2,0,0,2
qeustions,0,1,0,1
qfs,0,3,0,3
qgainst,1,0,0,1
qhafasdjklhfvoiasdhfkl,0,0,4,4
qhat,2,0,0,2
qhd,1,0,0,1
qhen,0,2,0,2
qhfuhdddhdhdjdjjd,0,1,0,1
qhitw,0,0,1,1
qho,1,0,0,1
qi,4,2,4,10
qias,0,1,0,1
qiasomar,0,1,0,1
qiestion,0,1,0,1
qigong,1,0,0,1
qing,0,0,4,4
qishan,0,1,0,1
qitarah,1,0,0,1
qiwi,0,4,0,4
qk,0,1,0,1
qla,0,1,0,1
qld,0,0,7,7
qlidiis,0,1,0,1
qlo,0,6,0,6
qlos,0,1,0,1
qlso,0,1,0,1
qm,1,0,1,2
qmazing,0,1,0,1
qn,0,0,1,1
qna,0,2,9,11
qnd,1,0,0,1
qns,0,0,5,5
qo,0,1,0,1
qobuz,0,0,1,1
qofkastaa,0,1,0,1
qoo,0,1,0,1
qork,0,0,4,4
qorld,0,0,1,1
qotd,0,1,0,1
qotsa,0,5,0,5
qould,1,0,0,1
qoum,0,0,3,3
qoute,6,0,0,6
qp,1,0,0,1
qpr,0,5,14,19
qpwm,0,0,2,2
qq,2,4,6,12
qqjgk,0,2,0,2
qqn,0,1,0,1
qqpqqq,0,2,0,2
qqq,1,3,9,13
qqqq,9,6,13,28
qqqqq,1,5,1,7
qqqqqq,0,1,3,4
qqqqqqqq,0,0,5,5
qqqqqqqqqqqqqqqqqqqqqqqqqqqqqqqqqqqqqqqqqqqqqqqqqqqqqqqqqqqqqqqqqqqqqqqqpqqqqqqqqqqqqqqqqqqqqqqqqqqqqqqqqqqqqqqqq,0,1,0,1
qqquuueeeen,0,1,0,1
qqsoewv,0,0,1,1
qrceac,0,1,0,1
qrs,0,0,1,1
qs,6,2,10,18
qss,0,1,0,1
qt,0,12,5,17
qte,0,0,1,1
qtes,1,2,0,3
qtmba,8,50,14,72
qtmbe,0,3,0,3
qtr,0,0,9,9
qtypzso,0,0,1,1
qu,15,267,33,315
qua,0,4,3,7
quaaaaaaaaaaaaaaaaaaaaad,0,0,5,5
quaaludes,0,0,2,2
quack,0,4,13,17
quackademic,0,0,1,1
quacking,0,2,0,2
quacks,0,4,9,13
quad,13,16,44,73
quadcopters,0,0,3,3
quadfam,0,0,1,1
quadfamily,0,7,9,16
quadraplic,1,0,0,1
quadratic,0,4,2,6
quadrilateral,2,0,0,2
quadrilogy,1,0,0,1
quadriplegic,4,0,5,9
quadro,0,5,1,6
quadrupal,0,5,0,5
quadruped,0,0,1,1
quadruple,1,2,1,4
quadrupled,0,0,5,5
quads,0,1,0,1
quaff,3,0,0,3
quagmire,0,5,5,10
quahog,0,1,0,1
quaikinggggg,1,0,0,1
quail,1,0,0,1
quails,0,3,0,3
quaint,1,1,3,5
quake,8,5,18,31
quaker,0,0,1,1
quakes,1,1,7,9
quakin,0,1,0,1
quaking,2,26,10,38
quakingggggg,0,3,0,3
quakingghhhh,0,1,0,1
qual,0,3,0,3
qualaties,1,0,0,1
qualche,0,5,1,6
qualcomm,2,0,0,2
qualcuno,0,4,0,4
quale,0,5,1,6
qualidade,1,0,0,1
qualification,1,5,4,10
qualifications,0,1,6,7
qualified,11,9,60,80
qualifier,2,0,0,2
qualifiers,8,0,0,8
qualifies,0,4,1,5
qualify,17,16,40,73
qualifying,0,0,8,8
qualitative,6,0,1,7
qualitatively,0,0,5,5
qualiteeeeeeeeeee,0,7,0,7
qualities,9,1,21,31
quality,287,250,1150,1687
qualityyy,0,7,0,7
qualityyyy,0,1,0,1
qualm,6,0,0,6
qualquer,0,1,0,1
qualsiasi,5,0,0,5
qualty,0,0,1,1
quamise,0,1,0,1
quammen,0,0,6,6
quan,0,0,4,4
quand,7,42,19,68
quandary,1,0,1,2
quando,4,29,1,34
quant,0,1,0,1
quanta,0,0,1,1
quantas,0,4,0,4
quante,0,7,0,7
quanthemulatto,0,0,3,3
quantifiable,0,0,5,5
quantified,0,0,5,5
quantify,0,0,9,9
quantifying,1,0,0,1
quantitative,0,0,1,1
quantities,6,1,3,10
quantity,4,10,16,30
quantized,0,0,3,3
quanto,0,15,1,16
quantum,19,38,71,128
quarantine,2,3,0,5
quarantined,0,0,1,1
quaresma,0,2,3,5
quaresmanin,0,2,0,2
quaresmas,0,0,1,1
quari,0,0,1,1
quarisma,0,0,1,1
quark,0,1,3,4
quarks,0,1,7,8
quarky,1,0,0,1
quarrel,1,0,0,1
quarreymen,0,5,0,5
quarry,0,6,3,9
quarrymen,0,5,0,5
quarter,26,31,48,105
quarterback,12,0,11,23
quarterfinal,0,6,0,6
quarterfinals,0,0,3,3
quarters,15,10,20,45
quartet,0,3,1,4
quarts,0,1,10,11
quartz,0,3,30,33
quasar,1,1,0,2
quasars,0,0,1,1
quase,0,5,0,5
quashed,0,2,0,2
quasi,2,0,10,12
quasie,0,0,4,4
quasimodo,0,7,0,7
quastion,0,0,2,2
quat,0,1,0,1
quate,0,0,3,3
quater,2,3,1,6
quaterfinals,0,0,3,3
quattro,0,0,3,3
quatum,0,0,1,1
quavo,9,52,30,91
quay,10,0,5,15
quayle,0,2,1,3
qubit,0,0,1,1
qudos,0,0,1,1
que,267,4238,567,5072
queasy,0,0,7,7
quebec,0,7,1,8
quebecor,2,0,0,2
quebrada,0,1,0,1
quebradillas,0,0,2,2
quebuenaonda,0,1,0,1
quecer,0,2,0,2
qued,2,4,1,7
queda,1,13,0,14
quedaba,0,2,0,2
quedado,0,4,1,5
quedan,0,4,1,5
quedar,6,14,3,23
quedara,2,0,0,2
quedaran,0,11,0,11
quedaras,0,1,0,1
quedaria,0,1,0,1
quedaron,0,12,1,13
quedarse,0,2,0,2
quedate,0,4,0,4
quede,1,6,1,8
quedo,1,23,1,25
quee,0,1,0,1
queeeeee,0,1,0,1
queeeeeeeeeen,0,0,3,3
queeeeeeeeen,0,6,0,6
queeeeeeeen,0,0,1,1
queeeeeeen,0,3,1,4
queeeeeeennnnn,0,1,0,1
queeeeeeennnnnnnn,0,0,1,1
queeeeeeens,0,2,0,2
queeeeeen,1,3,0,4
queeeeen,0,4,1,5
queeeeenn,0,3,0,3
queeeeennn,0,1,0,1
queeeeennnnn,0,1,0,1
queeeeens,0,0,8,8
queeeen,0,4,3,7
queeeennnsss,0,2,0,2
queeeens,0,1,0,1
queeen,0,5,0,5
queeenn,0,1,0,1
queeennn,0,1,2,3
queeennnnn,0,0,1,1
queeennnnnn,0,0,1,1
queeennnnnnnn,0,2,0,2
queeewn,0,0,2,2
queef,0,0,1,1
queefa,0,2,0,2
queefs,0,0,2,2
queen,179,771,537,1487
queenbee,0,0,1,1
queend,0,1,0,1
queenfergiehasreturned,0,0,1,1
queenie,1,1,0,2
queenliza,0,1,0,1
queennica,0,1,0,1
queennn,0,1,0,1
queennnn,0,1,3,4
queennnnn,0,0,1,1
queennnnnn,0,1,0,1
queennnnnnn,0,1,0,1
queennssss,0,1,0,1
queenofkpop,0,1,0,1
queenofrap,0,0,1,1
queens,35,102,67,204
queensboro,0,0,4,4
queensborough,0,0,1,1
queensland,0,9,2,11
queenss,0,1,0,1
queensss,0,0,2,2
queenstown,0,0,2,2
queep,0,0,1,1
queer,16,19,29,64
queerbaiting,0,0,1,1
queerness,0,0,1,1
queers,5,3,5,13
queerz,0,1,0,1
queet,0,0,1,1
queeva,0,2,0,2
queezy,0,0,1,1
quehacer,0,5,0,5
queijadas,0,0,1,1
queira,0,1,0,1
quej,0,1,0,1
queja,0,4,0,4
quejaba,0,1,0,1
quejamos,0,0,2,2
quejan,0,4,0,4
quejas,0,4,0,4
quejen,0,3,0,3
quel,0,17,7,24
quelauum,1,0,0,1
quell,0,0,6,6
quella,0,3,0,3
quelle,0,3,0,3
quellle,0,2,0,2
quello,0,10,0,10
quelqu,0,10,2,12
quelque,0,10,8,18
quelques,0,12,4,16
quelqun,0,0,5,5
quem,0,29,9,38
quench,0,1,0,1
quenched,13,0,5,18
quendi,0,0,1,1
quenn,0,2,1,3
quens,0,2,0,2
quentin,6,18,3,27
quepa,0,1,0,1
quer,1,37,0,38
queremos,0,20,0,20
querer,0,19,0,19
quererlos,0,2,0,2
quererse,0,3,0,3
queres,0,3,0,3
queria,2,14,2,18
querias,0,1,0,1
querida,0,4,2,6
querido,0,2,1,3
queridos,0,0,2,2
querky,0,0,1,1
quero,0,29,2,31
queroooo,0,1,0,1
querra,0,2,0,2
querty,0,1,0,1
queru,0,1,0,1
query,0,0,1,1
ques,4,1,1,6
quesadeela,0,1,0,1
quesadilla,3,8,2,13
quesadillas,0,0,3,3
quesdilla,3,0,0,3
quesillo,0,0,3,3
quesiton,0,3,0,3
queso,1,8,13,22
quess,0,2,2,4
quessssstion,0,0,1,1
quest,6,24,29,59
questa,0,17,0,17
queste,5,5,1,11
questi,0,6,0,6
question,525,506,1332,2363
questionable,12,1,14,27
questione,0,0,4,4
questioned,14,7,20,41
questioner,0,1,0,1
questioning,8,18,21,47
questionnaire,0,0,1,1
questionng,1,0,0,1
questions,194,265,620,1079
questline,1,0,0,1
questlines,1,0,0,1
questlove,0,1,0,1
questo,1,24,0,25
quests,0,5,5,10
questyle,0,0,1,1
questyn,1,0,0,1
quetion,0,0,1,1
queue,16,12,21,49
queues,0,1,0,1
queuing,0,0,4,4
quevengafoofightersaper,0,2,0,2
quez,0,2,0,2
qui,15,117,27,159
quiche,0,1,0,1
quiciera,0,1,0,1
quick,68,2,818,888
quickcharge,0,0,1,1
quickchek,0,1,0,1
quicker,35,5,192,232
quickest,1,2,9,12
quicki,0,1,0,1
quickie,0,3,4,7
quickkk,0,1,0,1
quickkkk,0,0,6,6
quickly,88,0,452,540
quickness,0,5,0,5
quickplay,0,0,3,3
quicksand,1,1,5,7
quickscoping,0,0,1,1
quicksilver,0,4,2,6
quid,3,14,34,51
quidd,2,5,10,17
quidditch,0,7,2,9
quie,1,0,0,1
quien,4,109,2,115
quienes,0,6,0,6
quiera,0,28,0,28
quieran,0,7,3,10
quieras,0,2,1,3
quiere,0,59,2,61
quieren,0,37,0,37
quieres,0,27,1,28
quiero,1,87,12,100
quieroooooo,0,0,1,1
quiet,87,74,143,304
quiete,2,0,0,2
quieter,0,3,4,7
quietinho,0,1,0,1
quietly,7,6,23,36
quiff,1,0,0,1
quik,2,0,2,4
quil,0,4,0,4
quills,3,0,0,3
quilo,0,1,0,1
quilt,13,0,21,34
quilted,0,0,5,5
quilting,0,0,1,1
quilton,1,3,1,5
quilts,4,0,0,4
quin,2,2,1,5
quina,0,5,1,6
quince,0,2,0,2
quinceanera,0,0,2,2
quincey,0,0,1,1
quincy,0,1,3,4
quinder,0,1,0,1
quindi,0,1,1,2
quinn,10,41,30,81
quinncidence,0,0,2,2
quinns,0,0,1,1
quinoa,0,0,2,2
quinones,0,5,0,5
quintanilla,0,11,8,19
quintero,0,1,0,1
quinteros,0,5,0,5
quintessential,1,1,2,4
quintin,0,0,1,1
quintinilla,0,2,0,2
quintisentally,0,0,1,1
quinto,0,2,0,2
quintuple,0,1,0,1
quip,0,0,7,7
quipe,4,23,15,42
quipes,0,4,3,7
quipiers,0,2,0,2
quippy,1,6,0,7
quips,3,5,11,19
quipy,0,1,0,1
quire,1,0,0,1
quirk,2,8,14,24
quirkiest,0,0,1,1
quirkoilgy,0,0,1,1
quirks,2,3,10,15
quirky,6,3,83,92
quise,0,1,0,1
quisiera,0,15,0,15
quisieras,0,4,0,4
quisieron,0,5,0,5
quisiste,0,0,1,1
quisling,0,1,0,1
quiso,1,4,3,8
quit,117,77,194,388
quita,1,3,0,4
quitan,0,5,2,7
quitaron,1,1,0,2
quite,326,100,1361,1787
quiteee,0,0,2,2
quiting,0,0,1,1
quitosity,4,0,0,4
quits,4,1,1,6
quitter,0,0,3,3
quitters,0,1,3,4
quitting,25,10,30,65
quiver,1,2,0,3
quivering,0,2,1,3
quivers,0,5,0,5
quiz,23,38,41,102
quiza,0,1,0,1
quizas,0,4,0,4
quizer,0,1,0,1
quizes,0,0,1,1
quizizz,2,0,0,2
quizz,0,0,4,4
quizzes,0,0,3,3
quizzy,0,0,1,1
quman,0,0,1,1
qunones,0,0,1,1
quo,2,0,11,13
quoi,7,36,4,47
quoque,1,0,0,1
quota,4,6,8,18
quotable,0,0,9,9
quotas,2,0,0,2
quotation,1,0,0,1
quote,45,48,193,286
quoted,9,0,24,33
quoteonquote,0,0,1,1
quotes,16,7,31,54
quotient,0,0,3,3
quoting,2,7,17,26
quq,0,4,0,4
qur,11,4,0,15
quran,3,9,56,68
qurg,0,1,0,1
qurstions,1,0,0,1
qusieron,0,2,0,2
quue,0,4,0,4
quuero,0,1,0,1
quuueeeeennnn,0,0,1,1
quuuuueeeeennnnnn,0,1,0,1
qvc,2,0,10,12
qvsh,0,1,0,1
qw,0,1,0,1
qwaliteeeeeeeee,0,6,0,6
qweeeen,0,2,0,2
qweeen,0,1,0,1
qween,0,5,0,5
qweeva,0,0,1,1
qwerks,0,5,0,5
qwerty,0,1,1,2
qwertyuiopasdfghjklzxcvbnm,0,1,0,1
qwertyuioplkjhgfdddddddddertyui,0,0,1,1
qwertyuioplkjhgfdsazxcvbnm,0,4,0,4
qwestshun,0,2,0,2
qwiot,0,2,0,2
qwop,1,0,0,1
qwweeeeennnnn,0,1,0,1
qxv,0,1,1,2
qye,0,0,1,1
qzbtdo,0,0,3,3
ra,8,57,21,86
raaa,0,0,1,1
raaaaa,0,5,0,5
raaaaaaaaaa,0,1,0,1
raaaaaaaaaaaaaaaaants,0,0,1,1
raaaaaaaaaw,0,7,0,7
raaaaaainhaaaaaaaaaaa,0,2,0,2
raaaaacheeellll,0,0,2,2
raaaaad,0,0,1,1
raaaacist,2,0,0,2
raaaawwww,1,0,0,1
raaah,0,0,3,3
raabtaa,2,0,0,2
raag,0,0,1,1
raaga,0,0,2,2
raagas,0,0,4,4
raar,0,1,0,1
raayyn,0,1,0,1
raba,0,2,0,2
rabaaa,0,1,0,1
rabbi,1,3,5,9
rabbid,0,2,0,2
rabbids,0,2,1,3
rabbit,41,29,35,105
rabbits,0,2,18,20
rabbity,0,0,2,2
rabia,0,6,0,6
rabid,2,0,1,3
rabies,4,1,1,6
rabiosa,0,1,0,1
rabiot,4,1,2,7
rabis,0,0,2,2
rac,0,1,0,1
racacelo,0,1,0,1
raccaglia,0,4,0,4
raccoon,10,8,6,24
raccoons,2,0,0,2
race,376,125,491,992
racecar,0,1,2,3
racecards,0,6,0,6
raced,0,4,3,7
racehorse,0,0,11,11
raceist,1,0,1,2
racemixers,0,2,0,2
racer,0,7,3,10
racers,0,0,3,3
races,43,15,46,104
racest,1,0,0,1
racetrack,0,0,1,1
rach,1,0,0,1
racha,0,3,0,3
rachael,9,7,8,24
rachal,0,0,2,2
racheal,0,3,1,4
rachel,44,96,176,316
rachele,0,1,0,1
rachell,0,2,0,2
rachelle,0,1,0,1
rachels,2,0,2,4
rachelsgotnowaistnohipsandnobooty,0,1,0,1
rachet,0,13,0,13
rachket,0,0,2,2
rachle,0,1,0,1
rachnid,0,0,1,1
racial,63,19,99,181
racializing,2,0,0,2
racially,3,0,8,11
raciest,1,0,2,3
racimo,0,0,2,2
racing,34,28,70,132
racisim,1,0,0,1
racisit,0,0,1,1
racism,203,49,266,518
racisms,0,0,1,1
racist,611,296,514,1421
raciste,0,2,0,2
racistem,0,0,1,1
racistism,0,1,0,1
racists,61,26,86,173
racj,0,5,0,5
racje,0,2,0,2
rack,36,48,95,179
racked,1,0,3,4
racket,3,1,5,9
rackham,0,0,1,1
racking,0,0,7,7
racks,2,0,32,34
racl,0,2,0,2
racoon,1,2,3,6
racquet,0,0,6,6
racquetball,1,0,0,1
racsim,2,0,0,2
rad,11,25,31,67
radamel,0,3,0,3
radar,4,6,34,44
radation,0,0,1,1
radcliffe,0,10,1,11
raddclife,3,0,0,3
radddddd,0,2,0,2
radeon,0,1,0,1
rader,0,1,0,1
radford,0,0,2,2
radha,0,1,0,1
radi,0,5,1,6
radiable,0,2,0,2
radial,0,2,2,4
radials,0,0,1,1
radiance,0,0,1,1
radians,1,0,0,1
radiant,1,11,56,68
radiata,0,1,0,1
radiate,1,1,9,11
radiated,0,1,11,12
radiates,0,0,7,7
radiating,0,7,8,15
radiation,29,16,67,112
radiator,4,0,8,12
radiators,0,0,2,2
radica,0,0,1,1
radical,17,35,12,64
radicalised,0,0,2,2
radicalization,1,0,0,1
radicalize,0,1,0,1
radicalized,1,0,0,1
radically,0,0,10,10
radicals,1,14,3,18
radieux,0,1,0,1
radin,0,0,1,1
radio,89,108,326,523
radioactice,0,1,0,1
radioactiv,0,1,0,1
radioactive,6,10,18,34
radiohead,35,58,141,234
radioheadish,0,0,1,1
radioheads,0,0,1,1
radiohesd,3,0,0,3
radiolab,0,0,6,6
radiologist,0,0,2,2
radios,0,5,3,8
radioshack,0,4,0,4
radiostations,0,0,1,1
radiowy,0,7,0,7
radish,0,0,1,1
radishes,0,0,1,1
raditude,5,5,0,10
radium,2,0,2,4
radius,7,6,11,24
radix,0,1,0,1
radley,0,2,0,2
rado,0,0,2,2
rads,0,1,0,1
radwimps,0,1,2,3
radyhed,0,0,3,3
radzi,0,2,0,2
rae,14,29,19,62
raechel,0,1,0,1
raeeeeeeeeeee,0,1,0,1
raeeeeeeeeeeeeeeeeeeeeee,0,1,0,1
raegettoooonn,0,1,0,1
raekha,0,1,0,1
raendum,0,0,2,2
raf,1,2,4,7
rafa,8,3,6,17
rafael,0,3,0,3
rafaelalejandroo,0,3,0,3
rafale,0,4,0,4
rafe,0,0,5,5
raff,0,0,3,3
raffaello,0,6,0,6
raffiki,0,1,0,1
raffle,0,1,0,1
rafflesia,0,0,2,2
rafiki,0,4,3,7
rafikis,1,0,1,2
raft,0,6,1,7
raftel,0,0,4,4
rafting,2,0,0,2
rag,10,4,11,25
ragan,0,5,0,5
ragazze,0,1,0,1
ragazzi,0,8,0,8
ragazzina,0,1,0,1
ragdoll,0,0,6,6
ragdolls,0,0,8,8
rage,31,27,90,148
raged,8,1,0,9
ragemongers,0,0,1,1
rager,1,0,0,1
rages,0,0,1,1
rageux,0,2,0,2
raggaeton,0,1,0,1
ragged,0,0,3,3
raggedy,4,3,0,7
raggie,0,0,3,3
raghead,0,6,0,6
ragheads,0,0,5,5
raging,8,8,29,45
ragione,0,1,0,1
ragioni,0,5,0,5
ragman,0,1,0,1
ragnar,0,0,1,1
ragnarok,7,2,12,21
ragnaros,6,0,0,6
ragnorock,0,0,1,1
ragnorok,0,0,1,1
ragrets,0,1,1,2
rags,2,0,0,2
ragtag,4,0,0,4
ragweed,0,0,2,2
rah,0,1,5,6
raha,0,1,1,2
rahats,0,0,1,1
rahatsiz,0,1,0,1
rahcel,0,1,0,1
rahhh,1,1,0,2
rahhhhhh,0,1,0,1
rahil,1,0,0,1
rahman,0,0,1,1
rahne,1,0,0,1
rahnee,5,2,2,9
rahnu,0,0,1,1
rahsford,0,0,6,6
rai,3,2,0,5
raibes,0,1,0,1
raices,0,6,0,6
raid,14,20,13,47
raidation,1,0,1,2
raided,1,1,1,3
raider,55,34,80,169
raiderclvn,0,3,0,3
raiders,0,5,3,8
raiding,2,4,0,6
raidor,1,0,0,1
raids,7,1,7,15
raie,1,0,0,1
raijin,0,0,1,1
rail,22,36,75,133
railey,0,1,0,1
railgun,9,30,17,56
railguns,5,13,18,36
railing,1,0,7,8
railings,2,0,4,6
railroad,3,7,10,20
railroaded,0,0,7,7
rails,11,2,13,26
railshooter,0,0,2,2
railway,0,12,7,19
railways,0,4,1,5
rain,88,56,193,337
raina,0,2,0,2
rainaissance,0,0,3,3
rainboo,0,4,0,4
rainboom,0,0,4,4
rainbow,85,117,167,369
rainbowdash,0,0,1,1
rainbown,0,1,0,1
rainbows,17,7,13,37
rainbpw,0,0,1,1
raincoat,0,0,1,1
raincoats,0,0,2,2
raindeer,0,0,1,1
raindrop,0,6,1,7
raindrops,0,0,1,1
raine,4,0,0,4
rained,9,0,3,12
rainforest,0,3,3,6
rainforests,0,2,0,2
rainha,0,17,1,18
rainhaaa,7,3,0,10
rainhaaaaaaaa,0,1,0,1
rainhaaaaas,0,1,0,1
rainhas,0,4,0,4
rainicorn,0,0,1,1
raining,32,12,10,54
rainmaaaaaaaaaaaaaaaaaaaaaaaaaaaaaaaaaaaaaaaaaaaaaaaaaker,0,1,0,1
rainmaker,0,0,1,1
rains,3,18,3,24
rainy,1,13,23,37
raios,0,5,0,5
raiper,0,0,1,1
rair,0,0,3,3
raisa,0,0,1,1
raise,77,83,235,395
raised,78,33,187,298
raiser,0,0,16,16
raises,16,7,32,55
raiseyourslightlysmallerthanaveragehands,1,0,0,1
raisin,0,6,11,17
raising,40,5,100,145
raisins,2,10,4,16
raison,0,4,0,4
raissa,0,0,1,1
raiting,0,1,0,1
raitings,2,0,2,4
raiva,0,1,0,1
raj,0,2,0,2
raja,0,1,13,14
rajero,0,4,0,4
raji,0,0,2,2
rajoy,0,2,0,2
rak,0,3,0,3
rake,4,4,20,28
raked,1,0,1,2
rakeem,0,0,3,3
rakhna,0,1,0,1
rakim,1,0,1,2
rakin,0,1,0,1
rakiple,0,1,0,1
rakiplerini,0,1,0,1
rakitic,1,5,15,21
rakka,0,1,0,1
rakmay,0,5,0,5
raknarok,0,0,1,1
rakosi,6,0,0,6
ral,2,15,0,17
rala,0,1,0,1
ralardan,0,2,0,2
rale,2,1,0,3
raleigh,2,1,3,6
ralement,0,1,0,1
rales,2,0,0,2
ralkin,1,0,0,1
rallado,0,7,0,7
rallies,9,3,6,18
ralliinglis,0,1,0,1
ralliosn,0,414,0,414
rallison,0,2,1,3
rallrode,0,1,0,1
rally,26,5,31,62
rallycross,4,0,0,4
rallying,0,0,2,2
rallys,0,0,3,3
ralph,0,27,7,34
ralphie,0,2,1,3
ralphs,0,1,0,1
ralphthemoviemaker,0,1,5,6
ram,20,13,82,115
rama,0,0,6,6
ramachandran,0,0,2,2
ramadan,1,0,4,5
ramadhan,1,0,0,1
raman,4,0,0,4
ramanteck,0,0,1,1
ramasiyla,0,1,0,1
ramble,4,1,18,23
rambled,0,0,5,5
rambles,1,1,10,12
rambley,0,0,4,4
ramblin,0,2,0,2
rambling,10,1,48,59
ramblings,5,0,0,5
rambly,0,0,1,1
rambo,4,12,4,20
rambunctious,0,0,2,2
rambut,0,2,0,2
rambutnya,0,1,1,2
ramdamkonabes,0,1,0,1
ramdom,0,2,0,2
rame,1,0,0,1
ramen,30,67,146,243
ramennn,0,1,0,1
ramenya,0,0,1,1
ramero,0,4,0,4
ramesy,0,0,5,5
ramez,0,0,2,2
rami,4,12,8,24
ramicoo,0,0,7,7
ramiel,0,1,0,1
ramifications,4,1,2,7
ramin,3,0,3,6
ramires,2,0,0,2
rammers,3,0,0,3
ramming,0,0,2,2
ramon,2,1,3,6
ramona,1,0,1,2
ramones,1,1,0,2
ramos,0,42,8,50
ramosssssss,0,1,0,1
ramp,0,5,5,10
rampage,3,23,4,30
rampaging,1,0,0,1
rampant,10,1,14,25
rampe,0,6,0,6
ramped,1,0,4,5
ramping,0,1,5,6
rampon,0,1,0,1
ramps,3,0,2,5
rams,0,7,1,8
ramsay,8,61,33,102
ramsden,0,0,4,4
ramsey,13,44,29,86
ramsgay,0,3,0,3
ramsi,0,0,3,3
ramsy,0,3,0,3
ramsys,2,0,0,2
ramudeng,0,1,0,1
ramwn,0,1,0,1
ramyun,0,1,3,4
ran,160,103,264,527
ranawat,0,0,2,2
ranaway,0,0,1,1
ranbow,0,2,0,2
ranch,9,5,26,40
rancha,0,0,1,1
rancher,1,4,2,7
ranchera,0,1,0,1
ranchers,2,4,7,13
rancho,0,0,1,1
rancid,7,0,7,14
rancidity,0,2,0,2
rancios,0,3,0,3
rancor,1,0,0,1
rand,0,0,5,5
randal,0,1,0,1
randall,2,0,0,2
randell,0,0,3,3
rando,0,1,1,2
randolph,0,2,0,2
random,420,25,425,870
randomers,0,0,1,1
randominic,0,1,0,1
randomised,0,0,4,4
randomize,1,0,0,1
randomizing,1,0,0,1
randomly,105,5,69,179
randomness,1,0,9,10
randomoniums,0,2,0,2
randoms,0,1,0,1
randumbs,0,1,0,1
randy,10,54,128,192
randyrainbow,0,0,1,1
randyrainbowrocks,0,0,1,1
rang,10,0,9,19
ranga,4,0,0,4
range,107,58,550,715
ranged,0,0,7,7
rangeela,0,1,0,1
rangement,0,3,0,3
rangements,0,0,1,1
ranger,12,18,16,46
rangers,26,33,28,87
ranges,2,1,21,24
ranging,5,0,10,15
rangked,1,0,0,1
rangwald,0,1,0,1
ranibow,0,1,0,1
raniel,0,0,2,2
ranja,0,3,0,3
ranjeet,0,1,0,1
rank,50,14,60,124
ranka,0,0,4,4
ranked,18,7,34,59
ranking,5,3,31,39
rankings,4,2,5,11
rankle,0,0,1,1
rankles,0,0,3,3
rankling,0,0,3,3
ranks,3,2,16,21
ranndomly,0,1,0,1
ranned,0,3,0,3
rano,0,4,0,4
ransacked,0,0,2,2
ranseys,0,1,0,1
ransom,8,8,9,25
rant,45,21,110,176
ranted,1,0,5,6
ranting,15,5,28,48
rants,9,4,23,36
rantus,0,5,0,5
ranty,0,0,1,1
ranveer,0,1,0,1
ranz,5,42,47,94
ranzzzz,0,3,0,3
raod,0,1,0,1
rap,219,214,369,802
rape,96,75,154,325
raped,87,38,83,208
rapefugees,0,0,8,8
rapeing,0,1,0,1
rapeist,2,0,0,2
raper,3,2,2,7
rapero,0,1,0,1
raperos,0,0,1,1
rapes,6,12,35,53
rapeseed,3,0,0,3
rapest,0,1,0,1
rapey,4,4,4,12
rapgod,0,1,0,1
rapha,0,2,0,2
raphael,0,1,3,4
rapid,5,8,34,47
rapidement,3,0,0,3
rapidfire,0,0,2,2
rapidly,11,1,16,28
rapido,0,2,0,2
rapids,1,8,12,21
rapier,0,1,0,1
raping,40,33,16,89
rapist,39,20,40,99
rapists,29,12,31,72
raplaurdiy,0,1,0,1
rapm,0,0,1,1
rapmon,5,8,11,24
rapmonnnnnnn,0,1,0,1
rapmonster,0,2,2,4
rapp,0,0,16,16
rappa,3,0,0,3
rappaport,3,0,0,3
rapped,14,6,16,36
rappen,1,0,0,1
rapper,90,74,253,417
rappers,68,32,151,251
rappin,3,8,6,17
rapping,60,55,85,200
rapport,0,0,2,2
rappur,0,1,0,1
raps,7,11,28,46
rapsit,1,0,0,1
rapsody,1,4,0,5
rapstarvidz,0,1,0,1
rapt,1,0,0,1
raptilian,1,0,0,1
raptor,2,3,10,15
raptors,5,2,0,7
rapture,3,10,56,69
raptures,0,3,0,3
rapunzals,0,3,0,3
rapunzel,12,27,36,75
rapunzels,0,3,1,4
rapunzle,1,0,1,2
rapuzel,0,0,1,1
raqqa,0,0,1,1
raquel,0,0,4,4
rar,1,8,0,9
rara,0,1,1,2
raras,0,1,0,1
rardicori,0,1,0,1
rare,39,0,291,330
rarebreed,0,0,1,1
rarely,75,0,245,320
rareness,1,0,0,1
rarer,0,0,10,10
rareretrograde,1,0,0,1
rarest,0,1,4,5
rari,1,0,1,2
rarisimosssss,0,1,0,1
rarito,1,0,0,1
rarity,0,1,14,15
rarlo,0,4,0,4
raro,1,20,6,27
raros,0,1,0,1
rarr,6,0,0,6
ras,0,0,7,7
rasa,1,1,1,3
rasacielo,0,1,0,1
rasain,0,0,1,1
rasanya,0,1,0,1
rasberry,0,6,0,6
rasca,0,1,0,1
rascacielo,0,3,2,5
rascacielooooooooooooooooooooo,0,1,0,1
rascacielos,2,11,3,16
rascacielosss,0,2,0,2
rascal,0,0,5,5
rascally,0,0,1,1
rascals,0,0,5,5
rascism,4,0,0,4
rascist,6,0,2,8
rascut,0,1,0,1
rase,1,1,0,2
rasenshuriken,0,5,0,5
rasenta,0,2,0,2
rash,9,0,10,19
rashad,0,8,0,8
rashers,0,1,0,1
rashes,0,0,6,6
rashford,33,18,47,98
rashhhhhh,0,1,0,1
rashid,0,2,0,2
rashida,20,24,72,116
rasict,4,1,3,8
rasied,0,0,2,2
rasishti,0,2,0,2
rasism,0,0,1,1
rasist,2,2,0,4
rasists,1,0,1,2
raskin,4,0,0,4
rasmus,0,0,1,1
rasmusen,0,0,6,6
rasos,0,0,2,2
rasou,0,1,0,1
rasp,0,4,1,5
raspberries,0,0,43,43
raspberry,4,1,10,15
raspbewwies,0,1,0,1
raspier,0,0,1,1
rasputant,0,0,1,1
rasputin,0,4,0,4
rasputina,0,0,1,1
raspy,0,2,7,9
rassaisis,0,2,0,2
rassasielo,0,0,1,1
rassia,0,6,0,6
rasss,0,1,0,1
rassy,0,1,0,1
rastrera,0,1,0,1
rat,75,62,182,319
rata,0,9,0,9
ratajowski,0,1,0,1
ratanga,1,0,0,1
ratas,0,11,0,11
ratatat,0,1,0,1
ratatouille,1,3,3,7
ratatuille,0,1,0,1
ratboy,0,0,2,2
ratched,0,1,0,1
ratcheness,1,0,0,1
ratchet,7,13,17,37
ratchets,0,0,1,1
ratdog,1,0,0,1
rate,125,88,296,509
rated,56,48,119,223
rates,14,4,83,101
rathen,0,0,5,5
rather,425,175,1036,1636
rathermel,0,0,3,3
ratified,0,0,1,1
ratiko,0,1,0,1
rating,34,43,132,209
ratings,65,31,145,241
ratio,22,16,50,88
ration,3,3,5,11
rational,12,3,45,60
rationale,0,4,5,9
rationalise,5,0,3,8
rationality,1,3,6,10
rationalizations,1,0,0,1
rationalize,0,10,7,17
rationalizing,0,0,5,5
rationally,7,0,2,9
rationals,0,0,1,1
rationed,1,0,0,1
rationing,0,0,1,1
rations,0,1,1,2
ratios,0,0,5,5
ratitude,0,0,5,5
ratm,8,5,29,42
ratng,0,0,5,5
ratnu,5,0,0,5
ratnum,0,2,0,2
rato,0,7,1,8
raton,0,1,0,1
ratos,0,3,0,3
ratoutouolle,0,0,4,4
rats,21,23,107,151
ratson,0,3,6,9
ratted,0,0,1,1
rattenf,0,0,1,1
rattie,3,0,24,27
ratties,6,6,43,55
rattiesss,0,0,4,4
rattle,0,5,17,22
rattled,2,0,10,12
rattles,0,0,10,10
rattlesnake,0,0,1,1
rattlesnakes,0,0,2,2
rattling,1,2,2,5
rattos,0,0,6,6
rattpack,0,1,0,1
ratty,1,1,28,30
ratunku,0,0,2,2
ratzinger,3,0,0,3
rauf,0,4,0,4
raul,0,0,2,2
raus,0,2,0,2
raux,12,0,0,12
ravag,0,3,0,3
ravaged,1,0,0,1
rave,2,7,21,30
raved,3,0,4,7
raven,6,22,22,50
ravenclaaaaaawwww,0,1,0,1
ravenclaw,4,62,31,97
ravenclaws,0,7,0,7
ravenclaww,0,1,0,1
ravenclawwwww,0,1,0,1
ravenous,0,0,3,3
ravens,24,3,15,42
raver,0,1,3,4
raves,0,0,6,6
ravi,0,0,1,1
ravie,0,5,0,5
raview,0,1,0,1
ravin,0,0,2,2
raving,2,0,21,23
ravioli,0,8,7,15
raviolit,0,0,1,1
ravir,0,2,0,2
ravndahl,0,0,1,1
raw,462,0,355,817
rawach,0,0,3,3
rawbeautykristi,0,0,8,8
rawed,0,0,1,1
rawest,0,1,3,4
rawks,0,3,0,3
rawmrcd,0,0,3,3
rawness,0,6,2,8
rawr,9,5,5,19
raws,1,6,0,7
rawtten,0,7,0,7
rawww,0,1,0,1
rawwwwww,0,1,1,2
rawwwwwwwwww,0,1,0,1
raxff,0,1,0,1
ray,48,101,201,350
raya,0,4,1,5
rayan,0,1,2,3
raybans,0,0,1,1
rayburn,0,1,0,1
raydemption,0,0,13,13
rayguns,1,0,0,1
rayj,0,0,5,5
rayman,1,2,1,4
raymand,0,2,0,2
raymond,1,6,9,16
raymoon,0,1,0,1
rayner,0,0,2,2
raynka,0,0,1,1
raynor,0,3,0,3
rayonnante,0,1,0,1
rayos,1,1,0,2
rayossss,0,1,0,1
rays,5,1,22,28
raytronics,0,0,3,3
raz,0,26,15,41
raza,0,20,13,33
razed,0,0,2,2
razem,0,3,0,3
razer,4,13,28,45
razon,0,2,0,2
razor,7,15,23,45
razorfist,0,1,2,3
razors,0,1,0,1
razr,0,2,0,2
razy,0,5,0,5
razzle,1,0,0,1
razzy,0,0,1,1
rb,9,5,21,35
rbf,0,1,0,1
rbg,0,2,0,2
rbitro,0,6,0,6
rbitros,0,3,0,3
rc,1,6,1,8
rcb,0,0,5,5
rcl,0,1,1,2
rclbeauty,3,11,2,16
rclbeuty,0,0,1,1
rcok,0,0,1,1
rct,5,1,15,21
rd,113,200,308,621
rda,0,0,13,13
rdala,0,1,0,1
rde,0,3,3,6
rdforjoker,0,1,0,1
rdi,0,4,0,4
rdida,1,3,0,4
rdj,0,1,1,2
rdontrending,0,2,0,2
rdr,5,1,0,6
rdrr,0,0,1,1
rds,3,4,7,14
rdv,0,1,0,1
re,3936,2822,13663,20421
rea,6,11,7,24
reaaaaaally,0,0,2,2
reaaaaal,0,1,0,1
reaaaaally,0,0,1,1
reaaaady,0,0,1,1
reaaaall,0,0,5,5
reaaaallly,0,1,0,1
reaaaally,0,7,6,13
reaaal,0,0,1,1
reaaallly,0,0,3,3
reaaally,3,0,4,7
reaaaly,1,0,0,1
reaachhhhh,0,1,0,1
reaall,0,0,3,3
reaally,0,1,0,1
reac,0,1,0,1
reacci,0,2,1,3
reaccion,0,3,0,3
reacciona,0,4,0,4
reaccionando,0,1,0,1
reaccionas,0,1,0,1
reaccionen,0,2,0,2
reacerch,0,0,1,1
reach,73,149,505,727
reachability,0,0,4,4
reached,52,30,114,196
reacher,0,5,2,7
reaches,9,17,52,78
reachgate,0,8,3,11
reachgateeeeee,0,1,0,1
reachin,0,0,1,1
reaching,53,21,73,147
reachs,0,1,0,1
react,143,492,249,884
reactant,0,7,0,7
reacted,4,19,49,72
reacties,0,0,1,1
reactin,0,0,6,6
reacting,22,50,73,145
reactinons,3,0,0,3
reaction,197,260,541,998
reactionary,2,0,2,4
reactions,64,28,193,285
reactiooooooonnnn,0,1,0,1
reactive,9,0,5,14
reactivity,0,3,3,6
reactor,2,6,8,16
reactors,0,2,3,5
reacts,10,27,28,65
read,599,557,2142,3298
readability,0,1,0,1
readable,0,1,3,4
readahead,1,0,0,1
readdddy,1,0,0,1
readed,0,1,0,1
reader,6,3,42,51
readers,1,0,24,25
readily,5,0,23,28
reading,295,185,1065,1545
readings,6,0,5,11
readjustment,0,0,1,1
readness,0,0,4,4
readout,0,0,1,1
reads,26,21,103,150
ready,205,9,1381,1595
readya,0,1,0,1
readying,1,0,1,2
readys,0,3,0,3
readyyy,0,1,0,1
readyyyy,0,2,0,2
readyyyyyyy,0,2,0,2
readyyyyyyyy,1,0,0,1
reaffirm,0,0,1,1
reaffirmed,0,0,8,8
reaffirming,0,0,3,3
reaffirms,0,1,0,1
reagan,8,6,15,29
reageert,0,1,0,1
reaggue,0,0,3,3
reagiert,2,0,0,2
reagowala,0,2,0,2
reah,0,4,0,4
reai,0,1,1,2
reainy,0,4,0,4
reakcji,0,2,0,2
reaktion,4,0,0,4
real,1545,128,7497,9170
realatable,0,0,4,4
realate,0,0,2,2
realateable,0,4,0,4
realated,1,0,0,1
realatible,0,1,0,1
realationshipgoals,0,1,0,1
realationships,0,1,0,1
realdaytime,0,0,8,8
realdonaldtrump,0,0,1,1
realdproductions,0,0,1,1
realease,0,2,2,4
realeased,2,0,0,2
realeast,0,2,0,2
realer,0,0,7,7
realesed,1,0,0,1
realest,15,20,33,68
realhiphop,0,1,0,1
reali,0,0,2,2
realice,1,0,0,1
realices,0,0,1,1
realidad,0,10,0,10
realidade,0,1,0,1
realign,1,0,1,2
realigned,1,0,0,1
realigning,1,0,2,3
realignment,1,2,0,3
realisation,4,5,8,17
realise,112,97,326,535
realised,57,65,186,308
realises,9,4,15,28
realising,5,12,35,52
realism,12,11,38,61
realisstttttt,0,2,0,2
realist,4,16,11,31
realistas,0,1,0,1
realistic,39,0,249,288
realistically,8,5,31,44
realisticly,1,0,0,1
realistisk,0,1,0,1
realists,0,4,0,4
realistycznie,0,2,0,2
realities,5,4,26,35
realitionship,0,1,0,1
reality,232,84,588,904
realizado,1,9,0,10
realizadores,0,1,0,1
realizando,0,1,0,1
realizar,0,4,1,5
realization,5,2,15,22
realizations,0,0,6,6
realize,301,168,616,1085
realized,169,167,376,712
realizes,9,14,58,81
realizing,28,4,77,109
realizowany,0,2,0,2
realky,0,3,1,4
reall,0,4,8,12
realle,0,1,0,1
reallest,0,1,0,1
reallife,0,5,0,5
reallifelore,0,2,0,2
reallity,0,0,1,1
reallize,0,5,0,5
realll,0,2,1,3
reallll,0,0,5,5
realllll,0,0,6,6
reallllll,0,1,0,1
realllllllllllyyyy,3,0,0,3
realllllllyyyyy,0,0,4,4
realllllly,0,1,4,5
reallllllyyyy,0,0,3,3
reallllly,1,0,0,1
reallllyyyyy,1,0,0,1
reallly,0,1,8,9
reallu,1,0,0,1
really,4654,261,22018,26933
reallyy,0,1,0,1
reallyyyy,0,0,1,1
reallyyyyy,0,0,1,1
reallyz,3,0,0,3
realm,7,12,36,55
realmadrid,0,0,6,6
realmente,0,36,8,44
realms,0,0,3,3
realmusic,0,3,0,3
realmusictillthedaywedie,2,0,0,2
realness,2,10,49,61
realniggastaystreet,1,0,0,1
reals,0,3,0,3
realsies,1,0,0,1
realsitic,0,0,1,1
realsize,0,0,1,1
realsociedad,6,0,0,6
realt,0,1,0,1
realtalk,0,1,0,1
realtime,0,0,4,4
realtionship,0,0,5,5
realtionships,0,0,1,1
realtors,0,0,1,1
realty,0,0,3,3
realveal,0,1,0,1
realxing,0,0,3,3
realy,9,13,53,75
realyl,0,0,1,1
realyyyy,0,0,2,2
realyyyyyyyyyyyyy,0,1,0,1
realzie,0,0,2,2
reamers,3,0,0,3
reanimated,3,2,0,5
reanimates,1,0,0,1
reanimating,0,0,1,1
reanimation,0,0,1,1
reap,7,0,8,15
reapberry,0,0,3,3
reaped,2,0,0,2
reaper,9,16,17,42
reapers,0,6,0,6
reapet,0,0,2,2
reaping,4,0,1,5
reaplying,0,1,0,1
reappear,1,0,11,12
reappearance,0,0,1,1
reappeared,0,1,1,2
reappearing,0,0,1,1
reappears,0,0,5,5
reapplication,0,0,1,1
reapply,0,0,7,7
reapplying,0,0,3,3
reaps,0,2,0,2
rear,13,29,24,66
reardon,0,0,5,5
reared,0,0,6,6
rearend,0,0,2,2
rearing,0,0,3,3
rearrange,0,0,1,1
rearranged,0,1,2,3
rearranging,6,0,4,10
rears,5,0,0,5
rearview,0,1,5,6
reas,0,4,0,4
reased,0,0,3,3
reasepy,0,2,0,2
reases,0,2,0,2
reasom,0,1,0,1
reason,813,466,1783,3062
reasonable,21,0,124,145
reasonably,4,1,33,38
reasonbale,0,0,1,1
reasone,0,0,1,1
reasoned,2,0,1,3
reasoning,13,2,40,55
reasonly,0,0,4,4
reasons,167,63,414,644
reasource,0,0,3,3
reasources,0,1,0,1
reassembled,0,0,1,1
reassess,1,0,0,1
reassignment,0,0,2,2
reassurance,1,0,1,2
reassurances,0,0,1,1
reassure,11,0,1,12
reassured,1,0,1,2
reassuring,16,2,32,50
reassuringly,0,0,2,2
reasure,1,0,0,1
reasy,0,3,0,3
reata,0,5,0,5
reate,0,0,1,1
reating,0,2,0,2
reattach,0,0,3,3
reattachment,0,1,0,1
reaveal,0,4,0,4
reavel,0,0,1,1
reavers,0,3,0,3
reb,1,2,0,3
reba,0,3,7,10
rebalance,0,0,3,3
rebalanced,0,0,3,3
rebankoooo,0,1,0,1
rebannana,0,2,0,2
rebar,2,0,0,2
rebate,0,0,2,2
rebates,0,0,6,6
rebautiz,0,0,2,2
rebdolls,0,1,0,1
rebecca,4,8,32,44
rebeccah,0,0,1,1
rebeccastella,0,0,4,4
rebekkah,1,0,0,1
rebel,15,5,25,45
rebelled,0,1,3,4
rebelling,0,0,4,4
rebellion,41,6,31,78
rebellions,10,1,0,11
rebellious,3,1,11,15
rebelliouz,0,1,0,1
rebels,51,4,4,59
rebienta,0,1,0,1
rebirth,0,1,13,14
rebirthed,0,1,1,2
rebirthing,0,0,2,2
reblogged,0,0,1,1
rebok,0,4,0,4
rebolar,0,1,0,1
reboost,0,0,3,3
reboot,38,10,69,117
rebooted,4,0,0,4
rebooting,2,2,0,4
reboots,4,2,5,11
reborn,3,20,24,47
reborns,0,1,0,1
rebound,0,0,9,9
rebounding,1,0,0,1
rebounds,0,2,0,2
rebrand,0,5,0,5
rebranded,3,0,10,13
rebranding,0,1,4,5
rebsamen,1,0,0,1
rebubble,0,0,1,1
rebuff,0,0,1,1
rebuild,16,5,34,55
rebuilding,1,0,3,4
rebuilt,3,0,4,7
rebuke,2,0,0,2
rebuketh,0,0,3,3
rebult,0,0,3,3
rebuttal,5,1,5,11
rebuttals,0,0,4,4
rebutting,0,0,3,3
rebuy,0,0,1,1
rec,0,32,42,74
recalibrating,0,0,2,2
recall,32,18,94,144
recalled,1,7,4,12
recalling,8,1,1,10
recalls,1,1,0,2
recamending,0,0,2,2
recanes,0,0,1,1
recant,0,0,1,1
recap,1,4,3,8
recaps,3,0,0,3
recapture,0,0,2,2
recarnation,0,0,1,1
recast,1,0,0,1
recation,0,0,1,1
recaudado,0,1,0,1
recca,0,4,0,4
reccomand,0,0,5,5
reccomend,8,0,13,21
reccomendations,0,1,2,3
reccomended,4,0,2,6
reccomending,1,0,0,1
reccommend,1,0,1,2
rece,0,1,0,1
receba,0,4,0,4
recede,0,1,1,2
receded,2,0,0,2
receding,1,7,2,10
receed,0,0,1,1
receipe,1,0,0,1
receipes,0,0,1,1
receipients,0,0,1,1
receipt,1,4,9,14
receipts,4,0,9,13
receita,0,1,0,1
receive,31,29,145,205
received,33,15,116,164
receiver,5,22,51,78
receivers,4,0,0,4
receives,2,5,7,14
receiving,10,7,63,80
recent,86,63,345,494
recentemente,0,3,0,3
recenter,1,0,0,1
recentley,0,0,7,7
recently,156,92,796,1044
recentlyy,0,0,5,5
recepie,0,6,4,10
recepies,0,0,7,7
receptacle,0,2,0,2
reception,7,7,6,20
receptionist,3,6,7,16
receptionnist,0,2,0,2
receptive,2,0,5,7
recess,1,3,4,8
recessed,0,0,1,1
recession,1,0,0,1
recessions,0,0,1,1
recessive,12,3,3,18
receta,0,0,1,1
recette,0,3,0,3
recgonition,0,0,1,1
recharge,0,0,13,13
rechargers,0,0,1,1
rechasarlo,0,1,0,1
rechecked,1,0,0,1
reci,0,11,0,11
reciben,6,0,0,6
recibir,0,4,0,4
recibira,0,7,0,7
reciclable,0,1,0,1
reciente,0,2,0,2
recientes,0,1,0,1
reciepe,0,0,4,4
recierdo,0,1,0,1
recieve,0,0,7,7
recieved,1,5,5,11
recieves,0,1,0,1
recieving,0,3,0,3
recipe,130,222,543,895
recipees,0,0,4,4
recipes,38,67,387,492
recipie,0,0,7,7
recipient,5,2,2,9
recipients,0,0,3,3
recipies,0,0,9,9
recipis,0,0,2,2
recipricate,1,0,0,1
reciprocal,0,0,10,10
reciprocate,0,5,1,6
reciprocated,6,0,2,8
recipy,0,0,5,5
recital,0,0,1,1
recitation,2,0,0,2
recite,6,1,6,13
recited,0,0,1,1
recites,1,0,1,2
reciting,2,1,9,12
recive,0,0,2,2
recived,0,0,1,1
reck,0,2,0,2
recked,1,1,0,2
reckles,0,0,1,1
reckless,17,1,26,44
recklessly,4,0,1,5
recknet,0,2,0,2
reckoed,0,0,6,6
reckon,10,20,58,88
reckoned,0,0,6,6
reckoning,0,0,7,7
reckonition,0,0,1,1
reclaim,2,4,1,7
reclaiming,0,0,2,2
reclamando,0,1,0,1
reclamation,5,0,0,5
reclame,0,1,0,1
recline,0,0,4,4
recliner,6,1,15,22
recliners,0,0,3,3
reclines,0,0,1,1
recluse,1,3,10,14
recluses,2,2,0,4
reclusing,3,0,0,3
reco,0,1,0,1
recoding,0,0,1,1
recodo,0,0,2,2
recodring,0,1,0,1
recoganized,0,1,0,1
recognation,0,0,1,1
recognisable,7,0,8,15
recognise,24,6,33,63
recognised,3,5,31,39
recognises,0,7,9,16
recognising,0,0,6,6
recognision,0,1,0,1
recognition,25,19,126,170
recognitions,0,0,2,2
recognizable,1,0,6,7
recognize,59,58,175,292
recognized,11,23,79,113
recognizes,2,0,13,15
recognizing,9,1,15,25
recognizition,1,0,0,1
recogntion,0,2,0,2
recoil,2,6,12,20
recoilless,0,0,1,1
recoils,0,0,5,5
recollect,3,0,0,3
recollection,0,0,5,5
recolonizing,0,0,2,2
recolor,0,2,0,2
recolors,0,3,7,10
recolour,1,0,0,1
recolours,0,0,4,4
recomend,0,1,16,17
recomendar,0,1,0,1
recomendarme,0,1,0,1
recomendation,0,0,6,6
recomendations,2,0,0,2
recomended,4,11,5,20
recomending,0,0,1,1
recomendo,0,5,0,5
recomiendan,0,1,0,1
recomiendo,0,9,0,9
recomiento,0,2,0,2
recommand,0,0,2,2
recommandations,0,0,2,2
recommedations,0,0,1,1
recommeded,0,1,0,1
recommen,0,0,2,2
recommend,104,107,780,991
recommendation,7,21,103,131
recommendations,36,39,169,244
recommended,80,87,194,361
recommendimg,1,0,0,1
recommending,12,4,31,47
recommends,9,0,22,31
recomment,0,0,1,1
recompense,3,0,3,6
recompra,0,4,0,4
recon,4,3,19,26
reconcha,0,1,0,1
reconcile,0,0,9,9
reconciled,0,0,4,4
reconciliation,1,0,0,1
reconciliations,0,0,1,1
reconciling,0,0,1,1
reconditioned,1,0,0,1
recondizably,0,0,1,1
reconfiguring,0,0,4,4
reconhecimento,0,2,0,2
reconition,0,0,2,2
reconize,0,0,1,1
reconna,0,0,2,2
reconnaissant,0,1,0,1
reconnait,1,0,4,5
reconnaitre,0,0,4,4
reconnect,1,3,7,11
reconnected,0,0,7,7
reconnecting,0,1,1,2
reconned,1,0,0,1
reconnu,0,0,1,1
reconoce,0,1,0,1
reconocer,0,5,0,5
reconocido,0,3,0,3
reconocimiento,0,5,0,5
reconozco,0,6,0,6
reconsider,1,0,10,11
reconsiderar,0,1,0,1
reconstituted,0,0,2,2
reconstruct,1,0,1,2
reconstruction,2,4,5,11
reconstructions,0,0,4,4
recontextualization,0,0,1,1
recontra,0,5,0,5
recontract,2,0,0,2
reconverted,1,0,0,1
record,116,183,421,720
recordado,0,6,0,6
recordar,0,6,0,6
recordara,0,5,0,5
recordarles,0,0,1,1
recordarme,0,1,0,1
recordbox,1,0,0,1
recorddddddddd,0,0,1,1
recorded,76,31,144,251
recorder,4,7,14,25
recorders,0,1,0,1
recordes,0,6,0,6
recording,32,66,229,327
recordings,12,4,30,46
recordo,0,1,0,1
records,60,51,127,238
recored,0,0,1,1
recount,1,0,0,1
recounting,0,0,1,1
recoup,0,1,1,2
recourb,0,2,0,2
recource,1,0,0,1
recourses,1,0,0,1
recover,24,4,78,106
recovered,7,3,33,43
recoveries,0,0,1,1
recovering,10,6,35,51
recovers,0,1,2,3
recovery,24,4,93,121
recpies,0,0,3,3
recre,0,0,5,5
recreate,21,73,109,203
recreated,6,7,14,27
recreates,1,0,1,2
recreating,2,10,24,36
recreation,3,3,15,21
recreational,1,1,6,8
recreationally,0,1,0,1
recreations,0,0,5,5
recruit,3,6,12,21
recruited,2,0,7,9
recruiter,0,1,0,1
recruiting,1,0,4,5
recruitment,0,3,13,16
recruits,3,1,3,7
recs,0,8,15,23
rectal,5,7,0,12
rectangle,4,6,4,14
rectangles,0,0,3,3
rectangular,2,1,11,14
recti,0,1,0,1
rectifier,1,0,0,1
rectify,0,0,8,8
rectiline,0,0,1,1
rectums,0,0,1,1
recue,0,2,0,2
recuerda,4,13,0,17
recuerdan,0,2,0,2
recuerde,0,4,0,4
recuerden,0,4,0,4
recuerdo,0,12,0,12
recuerdos,0,7,0,7
recuited,0,0,3,3
recules,0,0,1,1
recupera,0,1,0,1
recuperaci,0,5,0,5
recuperan,0,4,0,4
recuperando,0,1,0,1
recuperar,1,5,0,6
recuperate,1,5,0,6
recuperative,3,0,0,3
recupere,0,2,0,2
recupero,0,3,0,3
recurits,0,0,4,4
recurrent,0,0,1,1
recurring,1,5,6,12
recursion,0,0,1,1
recursive,0,1,1,2
recurso,0,2,0,2
recurve,0,0,1,1
recuts,0,1,0,1
recycle,5,7,12,24
recycled,6,13,19,38
recycling,9,1,8,18
red,413,726,1538,2677
redacted,0,1,1,2
redan,0,1,0,1
redart,0,0,1,1
redback,0,1,0,1
redban,1,0,0,1
redband,0,1,0,1
redblue,0,0,5,5
redbone,1,2,0,3
redbox,3,1,1,5
redbubble,0,0,1,1
redbul,0,1,0,1
redbull,3,16,17,36
redcard,0,2,0,2
redcoats,0,0,1,1
redd,0,0,1,1
redder,0,0,1,1
reddington,1,0,0,1
reddish,3,1,5,9
reddit,31,65,93,189
redditfag,0,1,0,1
redditor,0,0,22,22
redditors,0,6,0,6
reddits,0,0,1,1
redditsilver,0,5,0,5
redducation,0,5,0,5
reddy,0,0,5,5
redecorate,0,0,3,3
redecorating,0,0,1,1
redeem,7,3,20,30
redeemable,0,1,2,3
redeemcode,0,0,2,2
redeemed,3,1,9,13
redeemer,0,0,1,1
redeeming,5,0,9,14
redeems,8,0,0,8
redefine,0,0,23,23
redefined,0,4,1,5
redefines,0,2,4,6
redefining,0,0,5,5
redemption,5,15,37,57
reden,0,3,1,4
reder,3,0,0,3
redes,0,1,0,1
redesign,0,0,1,1
redesigned,0,4,0,4
redesigning,0,0,1,1
redesigns,0,0,4,4
redfest,1,0,0,1
redford,5,9,49,63
redhaired,0,0,9,9
redhead,2,12,3,17
redheads,0,5,6,11
rediciously,0,0,3,3
redicouls,0,2,0,2
rediculous,5,4,2,11
rediculously,0,0,2,2
redid,3,0,1,4
reding,0,0,4,4
redirect,3,1,5,9
redirected,0,0,5,5
redirecting,0,0,1,1
redirects,0,0,12,12
rediscover,0,0,6,6
rediscovered,0,0,2,2
rediscovering,0,0,2,2
redise,2,2,0,4
redish,0,0,1,1
redist,3,0,0,3
redit,0,3,0,3
rediy,0,1,0,1
redken,0,0,1,1
redknee,0,3,0,3
redlands,3,0,0,3
redlettermedia,1,0,19,20
redline,0,0,1,1
redlining,1,1,3,5
redlips,0,1,0,1
redman,0,2,0,2
redmayne,0,0,8,8
redmen,0,2,10,12
redmercedes,0,0,1,1
redmercy,0,1,0,1
redmi,0,4,2,6
redmond,0,5,2,7
redneck,34,7,18,59
rednecks,22,9,1,32
redness,6,13,49,68
rednex,0,1,0,1
redo,21,15,23,59
redoing,0,0,4,4
redondita,0,1,0,1
redondo,0,0,3,3
redone,0,0,5,5
redordead,0,0,1,1
redoute,0,4,0,4
redownload,0,4,0,4
redownloaded,0,0,5,5
redoy,0,1,0,1
redpanda,0,0,1,1
redpill,0,2,0,2
redpilled,1,0,1,2
redress,0,0,4,4
redressed,1,0,0,1
reds,1,16,50,67
redskins,4,0,2,6
redstone,0,1,0,1
redub,0,0,3,3
reducation,0,5,0,5
reduce,29,7,102,138
reduced,8,3,74,85
reducers,1,1,0,2
reduces,10,2,5,17
reducido,0,0,1,1
reducing,9,7,21,37
reducirles,0,1,0,1
reduction,12,5,34,51
reductions,6,0,9,15
reductive,1,0,0,1
redue,2,0,0,2
redundancy,1,0,0,1
redundant,11,0,17,28
redundante,0,2,0,2
redus,0,1,0,1
redux,0,0,1,1
redveluv,0,0,1,1
redvelvet,0,0,1,1
redy,0,0,1,1
redzone,3,3,0,6
ree,18,34,2,54
reeaally,0,0,2,2
reeally,0,1,3,4
reeb,0,0,4,4
reebok,0,0,12,12
reeboks,0,0,1,1
reece,0,1,13,14
reeces,0,0,1,1
reed,2,1,5,8
reedici,0,0,2,2
reeds,0,0,1,1
reeducated,0,1,0,1
reedus,0,6,1,7
reee,1,2,0,3
reeeaaaallly,0,0,7,7
reeeaaallly,0,0,5,5
reeeaaalllyy,0,0,5,5
reeeally,3,0,1,4
reeee,0,1,0,1
reeeeaaaaaalllly,0,1,0,1
reeeeaaaalllllyyyyy,2,0,0,2
reeeeallly,0,0,2,2
reeeeally,3,0,0,3
reeeealy,0,0,2,2
reeeee,0,2,0,2
reeeeeally,1,0,1,2
reeeeee,4,1,1,6
reeeeeeally,0,0,1,1
reeeeeeeaaalllllly,0,0,1,1
reeeeeeeally,0,0,2,2
reeeeeeee,1,2,0,3
reeeeeeeee,6,2,0,8
reeeeeeeeee,5,3,0,8
reeeeeeeeeeeee,0,5,0,5
reeeeeeeeeeeeee,0,4,0,4
reeeeeeeeeeeeeeee,4,3,0,7
reeeeeeeeeeeeeeeeaaaaaaaaaaaaaaaaaaaaaaaaaaaaaaaaaaaallllllllll,0,1,0,1
reeeeeeeeeeeeeeeeee,0,1,0,1
reeeeeeeeeeeeeeeeeeeee,0,1,0,1
reeeeeeeeeeeeeeeeeeeeeeeeeeeee,0,0,5,5
reeeeeeeeeeeeeeeeeeeeeeeeeeeeeeeeeee,0,2,0,2
reeeeeeeeeeeeeeeeeeeeeeeeeeeeeeeeeeeeeee,1,0,0,1
reeeeeeeeeeeeeeeeeeeeeeeeeeeeeeeeeeeeeeeeeeeeeeeeeeee,2,0,0,2
reeeeeeeeeeeeeeeeeeeeeeeeeeeeeeeeeeeeeeeeeeeeeeeeeeeeeeeeeeeeeeeeeeeeeeeeeeeeeeeeeeeeeeee,0,2,0,2
reeeeeeeeeeeeeeeeeeeet,0,1,0,1
reeeeeeeeeeeeekkkkkkkkkkkkkkkkkkkteeed,0,0,1,1
reeeekekkkkktttttttttttt,0,2,0,2
reeese,0,0,1,1
reef,1,1,7,9
reefer,0,2,3,5
reefs,1,0,0,1
reek,0,0,3,3
reeks,7,1,3,11
reel,7,8,25,40
reeled,0,0,3,3
reeling,1,0,0,1
reellaxx,0,1,0,1
reemits,0,0,1,1
reenact,0,2,5,7
reenacted,0,5,8,13
reenactment,0,2,8,10
reenactments,0,0,1,1
reencanta,0,2,0,2
reencarnaci,0,3,0,3
reenergize,0,0,3,3
reenforcement,6,0,0,6
reenter,2,0,0,2
reentry,0,0,7,7
reep,0,1,0,1
reeper,0,0,1,1
reepers,0,1,0,1
reeply,0,2,0,2
rees,0,0,8,8
reese,7,30,41,78
reeses,0,4,2,6
reet,0,0,1,1
reev,0,1,0,1
reeva,1,0,0,1
reevaluate,1,0,19,20
reevaluation,0,0,1,1
reeve,0,0,2,2
reeves,0,3,10,13
reexamine,2,0,1,3
ref,58,37,52,147
reface,0,0,1,1
refaire,0,2,0,2
refait,0,0,1,1
refalona,0,4,0,4
refecnce,0,0,1,1
refecting,0,0,1,1
refee,0,0,1,1
refeer,1,1,0,2
refence,0,1,0,1
refer,12,23,67,102
referance,0,1,0,1
refercode,0,0,1,1
referee,29,24,18,71
refereee,1,0,0,1
refereeing,5,0,2,7
referees,2,2,6,10
referencces,0,0,2,2
reference,70,237,338,645
referenced,5,3,19,27
referenceeee,0,1,0,1
references,14,32,87,133
referencezzz,0,0,1,1
referencia,0,1,0,1
referencing,11,4,21,36
referencs,0,0,1,1
referendum,10,5,11,26
referendums,5,0,0,5
refering,1,1,1,3
referr,0,0,4,4
referral,0,0,11,11
referrals,0,14,0,14
referre,0,1,0,1
referred,4,14,14,32
referrence,0,1,0,1
referring,36,23,58,117
refers,4,8,28,40
reff,0,1,7,8
refferal,0,2,0,2
refference,0,2,0,2
refferences,1,0,0,1
reffering,0,1,0,1
reffing,3,0,0,3
reffree,0,1,0,1
reffrence,1,0,0,1
refiere,0,1,0,1
refiero,0,0,1,1
refil,0,4,0,4
refill,3,0,9,12
refillable,8,4,5,17
refilled,1,0,0,1
refilling,0,0,4,4
refills,4,0,1,5
refine,0,1,8,9
refined,1,3,36,40
refinement,3,0,0,3
refineries,0,1,0,1
refinery,0,1,0,1
refining,4,0,0,4
refiri,0,2,0,2
reflash,2,2,0,4
reflechi,0,0,1,1
reflect,19,15,51,85
reflected,3,4,35,42
reflecting,6,3,38,47
reflection,11,22,92,125
reflections,3,1,12,16
reflective,0,1,13,14
reflector,0,0,2,2
reflectors,0,1,0,1
reflects,8,0,24,32
reflejan,0,3,0,3
reflex,0,0,13,13
reflexes,4,3,15,22
reflexione,0,0,3,3
reflexivas,1,0,0,1
reflexive,0,0,2,2
reflux,6,2,20,28
refn,0,0,6,6
refocus,0,0,2,2
refocusing,0,0,1,1
reforestation,0,0,3,3
reforget,0,1,0,1
reform,9,3,14,26
reformed,2,1,0,3
reforming,0,0,6,6
reformists,1,0,0,1
reforms,1,0,7,8
refracted,1,0,0,1
refracting,0,0,1,1
refraction,1,1,5,7
refractive,0,0,1,1
refractor,1,0,0,1
refracts,1,0,1,2
refraim,0,0,1,1
refrain,7,9,46,62
refrained,3,0,0,3
reframe,0,0,5,5
reframed,0,0,5,5
refree,2,0,3,5
refreen,0,1,0,1
refreezing,0,0,5,5
refrence,0,9,5,14
refrences,1,1,0,2
refresco,0,1,0,1
refresh,12,5,34,51
refreshed,2,2,24,28
refresher,0,0,1,1
refresherater,0,1,0,1
refreshers,0,0,2,2
refreshes,0,0,3,3
refreshing,6,0,374,380
refreshingly,0,0,4,4
refreshment,0,0,5,5
refreshments,0,0,1,1
refreshrate,0,1,0,1
refrigerador,0,4,0,4
refrigerant,3,0,0,3
refrigerate,0,0,9,9
refrigerated,2,0,2,4
refrigeration,0,0,7,7
refrigerator,1,13,16,30
refs,22,7,5,34
reft,1,0,0,1
refuel,0,0,3,3
refueled,0,0,3,3
refueling,2,0,7,9
refuerzos,0,7,0,7
refuge,0,0,8,8
refugee,3,3,13,19
refugees,3,35,40,78
refund,24,6,38,68
refunded,0,0,4,4
refunds,0,1,6,7
refurbished,0,0,1,1
refusal,6,0,7,13
refuse,51,34,109,194
refused,32,11,41,84
refuses,17,6,40,63
refusing,13,1,32,46
refutation,1,0,0,1
refutations,0,0,1,1
refute,1,1,1,3
refutes,5,0,0,5
reg,5,0,13,18
regaa,0,1,0,1
regading,0,0,1,1
regaeton,0,1,0,1
regaetonero,0,1,0,1
regain,4,0,9,13
regained,1,0,4,5
regaining,0,0,5,5
regains,6,0,0,6
regal,3,1,5,9
regala,0,11,0,11
regalada,0,3,0,3
regaladas,0,5,0,5
regalamelo,0,1,0,1
regalar,0,1,0,1
regalara,0,5,0,5
regalaran,0,1,0,1
regalarme,0,1,0,1
regalaron,0,16,0,16
regaleme,0,2,0,2
regalen,0,2,0,2
regalis,0,1,1,2
regalo,0,10,0,10
regan,0,4,4,8
regans,0,0,1,1
regard,5,5,38,48
regarde,8,4,6,18
regarded,3,1,8,12
regarder,4,2,1,7
regardes,0,2,0,2
regardez,0,2,0,2
regarding,42,16,160,218
regardless,58,21,271,350
regards,22,4,101,127
regarless,0,0,2,2
regatta,0,0,1,1
regel,0,1,0,1
regen,1,0,2,3
regenerate,5,5,11,21
regenerated,0,0,10,10
regenerates,0,0,3,3
regenerating,2,0,2,4
regeneration,0,0,5,5
regenerations,2,0,2,4
regenerative,0,0,4,4
regenerator,0,0,3,3
regenerators,1,0,0,1
regent,0,0,4,4
regento,0,1,0,1
regera,1,0,1,2
regerts,0,0,1,1
reggae,3,0,24,27
reggaet,56,10,0,66
reggaethon,0,1,0,1
reggaeton,7,41,14,62
reggaetonero,0,2,0,2
reggaetton,0,1,0,1
reggaton,0,1,1,2
regge,0,1,0,1
reggeaton,0,1,0,1
reggeton,0,3,1,4
reggetonera,0,0,1,1
reggetonero,0,0,1,1
reggetoneros,0,0,1,1
reggie,2,6,47,55
reggies,0,0,1,1
reggin,0,0,4,4
reggueton,0,1,0,1
regguetonera,0,1,0,1
regi,0,3,0,3
regiem,2,0,0,2
regiler,0,3,0,3
regime,11,8,26,45
regimen,0,0,5,5
regiment,1,0,2,3
regimes,5,0,1,6
regina,1,9,14,24
regins,0,7,0,7
region,19,20,23,62
regional,0,15,26,41
regionally,0,3,0,3
regiones,0,3,0,3
regions,2,7,27,36
regis,0,0,1,1
register,0,10,81,91
registered,6,8,21,35
registering,1,0,2,3
registers,0,3,1,4
registrate,0,1,0,1
registrati,0,1,0,1
registration,4,1,19,24
registry,2,4,2,8
reglamento,0,1,0,1
regluar,1,0,0,1
reglue,0,0,1,1
regmition,1,0,0,1
regnant,0,0,2,2
rego,0,2,0,2
regonised,0,0,5,5
regres,0,1,0,1
regresa,2,25,0,27
regresado,0,1,0,1
regresan,0,2,0,2
regresar,0,5,0,5
regresaron,0,6,0,6
regrese,0,1,0,1
regresen,0,4,0,4
regreso,0,8,1,9
regress,1,0,8,9
regresses,1,0,0,1
regression,0,0,1,1
regressive,3,3,2,8
regret,64,75,252,391
regretful,2,0,1,3
regreting,0,0,2,2
regrets,21,0,50,71
regrettable,1,0,1,2
regretted,9,2,29,40
regrettes,0,0,4,4
regretting,3,14,6,23
regroup,0,0,5,5
regrowing,0,0,4,4
regrowth,0,1,0,1
regs,0,0,6,6
regu,0,0,4,4
regueaton,1,0,0,1
regueeton,0,1,0,1
reguet,0,5,0,5
reguetom,0,2,0,2
regueton,1,14,0,15
reguetonero,0,1,0,1
reguetoneros,0,1,0,1
reguetoon,0,1,0,1
reguetton,0,4,0,4
regular,159,103,337,599
regularly,39,14,132,185
regularnie,0,4,0,4
regulars,0,0,6,6
regulary,0,0,1,1
regulate,15,3,29,47
regulated,22,1,58,81
regulates,0,0,2,2
regulating,2,1,23,26
regulation,32,7,27,66
regulations,12,1,43,56
regulators,1,0,0,1
regurgitated,0,0,1,1
regurgitates,0,0,1,1
regurgitating,1,2,4,7
regurgitation,1,0,0,1
rehab,22,8,43,73
rehabilitation,2,0,7,9
rehabs,2,0,0,2
rehash,10,0,17,27
rehashed,8,0,6,14
rehashing,0,0,13,13
rehearsal,0,0,8,8
rehearsals,0,1,5,6
rehearsed,11,9,17,37
rehearsing,2,0,4,6
rehersal,0,0,5,5
rehersed,1,0,0,1
rehersing,0,1,0,1
rehgar,0,2,0,2
rehired,0,0,1,1
rehka,3,0,0,3
rehobeth,2,0,0,2
rehome,0,0,3,3
rehomed,0,0,2,2
rei,0,6,1,7
reich,6,6,1,13
reichers,0,1,0,1
reichs,0,3,0,3
reid,0,1,0,1
reigional,0,0,1,1
reign,25,4,30,59
reigneth,3,0,0,3
reigning,0,2,4,6
reignite,2,0,2,4
reigns,1,13,14,28
reihe,0,6,0,6
reika,5,0,2,7
reiki,1,0,0,1
reiks,0,6,0,6
reilgun,1,0,0,1
reilly,2,2,17,21
reimagining,0,0,1,1
reimbursed,0,1,0,1
reimbursing,0,0,4,4
reina,6,50,16,72
reinacher,0,4,0,4
reinas,0,1,0,1
reincarnate,3,6,0,9
reincarnated,3,20,4,27
reincarnating,4,0,0,4
reincarnation,0,0,3,3
reincarnations,0,4,2,6
reince,0,0,5,5
reindeer,4,5,1,10
reine,0,0,1,1
reinfall,0,1,0,1
reinforce,4,0,16,20
reinforced,0,0,4,4
reinforcement,6,0,4,10
reinforcements,1,0,8,9
reinforces,1,0,14,15
reinhart,0,2,4,6
reinheart,0,2,0,2
reinl,0,1,0,1
reinlassen,0,6,0,6
reino,0,18,0,18
reins,1,5,7,13
reinstall,0,3,0,3
reinstated,3,0,14,17
reinstatement,0,2,0,2
reinste,1,0,0,1
reinstitute,0,0,2,2
reintroduced,0,0,1,1
reintroducing,0,0,1,1
reintroduction,0,0,7,7
reinvent,0,0,1,1
reinventing,0,2,3,5
reinvention,1,0,0,1
reinvents,0,2,4,6
reinvigorated,5,0,1,6
reir,0,8,0,8
reirmos,0,3,0,3
reis,3,7,0,10
reiss,4,7,0,11
reissues,0,0,1,1
reiterate,1,0,4,5
reiterations,0,0,1,1
reith,1,0,0,1
reitz,0,0,1,1
rej,0,3,0,3
reject,29,14,36,79
rejected,20,10,43,73
rejecting,5,3,8,16
rejection,11,6,16,33
rejections,0,0,6,6
rejects,11,0,3,14
rejoice,1,9,7,17
rejoicing,0,0,1,1
rejoin,0,2,8,10
rejuvenated,0,0,7,7
rejuvenating,0,0,3,3
rejuvenation,0,0,1,1
rek,5,0,0,5
reka,0,0,3,3
rekha,4,18,10,32
rekindling,0,1,0,1
rekkkt,0,1,0,1
reklam,0,1,0,1
rekon,3,0,1,4
rekorderlig,0,0,5,5
rekt,2,8,9,19
rekted,0,9,0,9
rektless,0,0,1,1
rekts,0,2,0,2
rel,0,8,1,9
relaaaxing,0,2,0,2
relacion,0,1,0,1
relacionado,0,2,0,2
relacja,0,2,0,2
relais,0,0,8,8
relaized,4,0,0,4
relajadito,0,1,0,1
relajado,0,0,1,1
relajante,0,2,0,2
relally,0,1,0,1
relaly,0,1,0,1
reland,0,2,0,2
relapse,3,1,7,11
relapsed,0,0,2,2
relapses,0,0,1,1
relapsing,0,0,1,1
relashionship,0,1,5,6
relatab,0,1,0,1
relatability,1,0,0,1
relatable,41,142,297,480
relate,146,118,768,1032
relateable,4,3,9,16
relateble,0,0,4,4
related,141,270,361,772
relateee,0,0,2,2
relates,9,2,28,39
relatible,0,2,0,2
relating,15,4,22,41
relation,13,13,36,62
relations,34,11,18,63
relationship,215,94,727,1036
relationshipgoal,0,3,0,3
relationshipgoals,0,7,3,10
relationships,34,3,177,214
relationsips,0,0,1,1
relative,9,8,67,84
relatively,23,2,83,108
relatives,41,13,81,135
relatividade,0,0,12,12
relativism,0,0,1,1
relativity,2,2,17,21
relato,0,5,0,5
relator,0,3,0,3
relatos,0,0,3,3
relaunch,1,0,1,2
relaunched,0,0,3,3
relaunching,0,5,0,5
relax,39,44,138,221
relaxant,0,0,2,2
relaxation,4,1,19,24
relaxe,1,2,0,3
relaxed,12,22,222,256
relaxes,0,0,12,12
relaxin,0,0,2,2
relaxing,36,113,214,363
relay,17,0,33,50
relayed,0,0,4,4
relaying,0,0,7,7
relays,2,0,4,6
relcal,0,4,0,4
rele,0,1,0,1
relearn,0,0,5,5
release,193,305,607,1105
released,125,152,489,766
releaseeee,2,0,0,2
releases,27,19,74,120
releasing,32,27,101,160
releasio,0,0,1,1
releast,0,2,0,2
releazing,5,0,0,5
relecture,0,0,1,1
relegated,12,4,15,31
relegates,3,0,0,3
relegation,4,9,4,17
relegion,0,0,24,24
releitura,0,1,0,1
relentless,3,2,9,14
relentlessly,3,1,0,4
relev,0,0,5,5
relevamt,0,0,1,1
relevance,1,6,16,23
relevancy,1,0,3,4
relevant,30,8,301,339
relevantes,0,3,0,3
relevantly,0,0,2,2
relevent,0,1,0,1
releves,0,0,1,1
relgated,1,0,0,1
reliability,7,0,23,30
reliable,11,7,71,89
reliably,0,0,4,4
reliance,0,1,0,1
reliant,2,0,5,7
relic,0,0,2,2
relicanth,0,1,0,1
relied,1,2,13,16
relief,49,5,142,196
relies,6,0,7,13
relieve,6,3,18,27
relieved,9,0,53,62
reliever,0,0,8,8
relieving,4,1,13,18
relif,0,0,3,3
relig,0,2,0,2
religated,0,0,6,6
relight,0,0,1,1
religi,0,1,0,1
religion,130,112,242,484
religions,24,2,19,45
religionwhistleblower,0,0,3,3
religious,60,13,113,186
religiously,2,7,22,31
religon,1,0,0,1
religous,0,0,1,1
relim,0,3,0,3
relise,0,4,0,4
relised,0,0,2,2
relish,3,1,1,5
relishes,1,1,0,2
relive,1,0,16,17
relived,0,0,12,12
reliving,0,0,2,2
relize,2,3,1,6
relized,2,1,1,4
rell,0,1,0,1
rella,0,0,2,2
relley,0,0,2,2
rellik,0,0,6,6
relly,0,6,6,12
relm,0,0,1,1
reload,3,4,7,14
reloaded,1,2,4,7
reloaders,0,0,1,1
reloading,1,0,4,5
reloads,1,0,0,1
reluctance,0,1,0,1
reluctant,4,5,8,17
reluctantly,0,1,0,1
rely,14,5,61,80
relying,11,0,26,37
rem,1,6,4,11
remade,2,1,22,25
remain,47,30,140,217
remainder,3,0,10,13
remained,19,0,43,62
remainers,0,1,1,2
remaining,33,21,54,108
remainings,0,0,2,2
remains,10,9,82,101
remake,68,80,122,270
remakes,9,1,12,22
remaking,3,4,7,14
remameet,0,0,5,5
remand,6,0,0,6
remap,0,0,2,2
remark,1,0,14,15
remarkable,4,0,50,54
remarkably,0,0,8,8
remarked,0,0,8,8
remarking,0,0,3,3
remarks,38,6,37,81
remarry,2,0,0,2
remaster,1,0,1,2
remastered,2,1,5,8
remastering,0,5,2,7
remasters,0,0,2,2
rematar,0,5,0,5
rematch,5,7,16,28
rematches,0,0,1,1
remate,0,0,1,1
rembember,0,2,0,2
rember,0,4,3,7
rembered,0,1,0,1
rembrandt,0,0,8,8
rembre,0,0,1,1
remearkable,0,0,1,1
remeber,7,25,11,43
remebered,0,1,1,2
remebers,0,1,0,1
remedial,0,0,2,2
remediate,0,0,1,1
remedies,4,0,9,13
remedy,2,9,23,34
remelt,0,0,2,2
remember,738,633,2274,3645
rememberable,0,0,1,1
rememberance,0,0,1,1
remembered,55,26,166,247
remembering,15,10,49,74
rememberjimmy,0,0,4,4
remembernevada,1,0,0,1
rememberr,2,0,0,2
remembers,13,65,58,136
remembet,1,0,0,1
remembrance,2,13,10,25
remembrances,0,0,3,3
rememeber,1,0,1,2
rememebr,0,0,1,1
rement,0,1,1,2
remerson,0,1,0,1
remi,3,5,3,11
remiiixx,0,1,0,1
reminaned,1,0,0,1
remind,75,226,351,652
reminde,0,0,4,4
reminded,66,141,299,506
reminder,27,19,86,132
remindered,0,1,0,1
reminders,0,0,11,11
remindes,1,2,5,8
reminding,17,4,54,75
reminds,224,789,846,1859
remington,0,1,0,1
remini,0,0,2,2
reminicent,8,0,0,8
reminisce,0,0,11,11
reminisced,0,0,1,1
reminiscence,0,0,2,2
reminiscent,7,13,17,37
reminiscin,0,0,3,3
reminiscing,2,4,5,11
remis,0,1,0,1
remission,0,9,3,12
remix,70,264,253,587
remixalicious,0,3,0,3
remixed,0,3,7,10
remixes,1,2,19,22
remixing,0,3,3,6
remixx,0,0,1,1
remlife,0,0,1,1
remmeber,0,1,1,2
remmember,2,0,1,3
remnant,0,0,3,3
remnants,1,1,4,6
remoaner,6,0,0,6
remoaners,0,2,6,8
remodel,0,8,0,8
remodeled,0,1,0,1
remodeling,0,0,2,2
remon,1,0,0,1
remoov,0,1,0,1
remorse,0,7,8,15
remorseful,1,0,3,4
remorseless,0,0,1,1
remote,51,0,54,105
remotely,28,0,62,90
remotes,0,0,2,2
remotly,0,0,1,1
remoto,0,0,4,4
remoulded,0,1,0,1
removable,6,4,13,23
removal,16,11,34,61
remove,78,89,213,380
removeable,1,0,0,1
removed,80,43,133,256
remover,3,13,18,34
removers,1,0,1,2
removes,8,8,25,41
removing,23,16,52,91
remporte,0,4,0,4
remus,4,0,0,4
remy,3,1,2,6
ren,43,44,95,182
rena,4,0,0,4
renac,0,1,0,1
renacuajos,0,2,0,2
renaissance,18,12,24,54
renal,0,0,6,6
renaldo,2,0,0,2
rename,4,11,14,29
renamed,23,9,4,36
renames,0,1,0,1
renaming,0,0,1,1
renato,0,6,0,6
renau,0,0,4,4
renault,0,0,1,1
rence,4,5,0,9
renching,0,0,1,1
rend,0,1,1,2
rendang,0,0,5,5
rende,0,5,0,5
render,8,5,16,29
rendered,10,5,13,28
renderer,0,2,0,2
rendering,2,2,12,16
renders,1,0,5,6
renderspeed,0,1,0,1
rendezvous,0,1,1,2
rendimiento,0,3,0,3
rendition,1,2,71,74
renditions,1,0,2,3
rendori,0,0,1,1
rendue,3,0,0,3
rene,0,1,1,2
renee,0,2,8,10
reneezy,3,0,0,3
renegade,0,2,1,3
renegotiation,5,0,0,5
renelim,0,1,0,1
renender,0,1,0,1
renesansse,0,0,2,2
renew,0,0,5,5
renewable,1,8,5,14
renewed,0,0,20,20
renewing,1,0,12,13
rengers,0,1,0,1
renin,0,1,0,1
renklileri,0,1,0,1
renly,0,2,0,2
renommer,0,3,0,3
renounce,0,1,0,1
renouncer,0,0,4,4
renovando,0,2,0,2
renovaron,0,5,0,5
renovate,0,2,0,2
renovating,1,0,1,2
renovation,0,0,2,2
renovations,0,0,1,1
renoved,0,0,1,1
renown,0,0,1,1
rens,0,1,1,2
rent,31,38,49,118
rentafriend,1,0,0,1
rental,8,5,19,32
rentals,2,0,2,4
rentboy,3,0,0,3
rented,4,1,9,14
renting,1,11,7,19
rentr,0,2,0,2
rents,1,1,0,2
renueven,0,0,5,5
renz,0,1,0,1
renzo,0,0,4,4
reoccurring,3,4,5,12
reognies,0,0,2,2
reolafpc,0,0,5,5
reopened,0,3,4,7
reopening,0,1,0,1
reopens,0,1,0,1
reorder,0,5,0,5
reorganize,0,0,5,5
reorient,1,0,0,1
reorientate,0,0,1,1
reorientates,0,1,0,1
reorientation,0,1,0,1
reoriented,0,0,3,3
reorienting,0,0,2,2
reorients,0,0,4,4
rep,13,12,21,46
repackage,5,0,2,7
repackaged,2,0,0,2
repackaging,0,0,2,2
repaid,4,0,0,4
repaint,1,2,0,3
repaints,1,0,0,1
repair,9,12,32,53
repaired,4,2,8,14
repairers,0,0,6,6
repairing,8,1,12,21
repairs,1,0,9,10
repairwear,0,0,5,5
repalce,0,0,4,4
repanzul,0,1,0,1
reparations,0,1,1,2
repart,0,0,2,2
repartidas,0,1,0,1
repartir,0,1,0,1
repatriated,0,0,6,6
repay,5,2,18,25
repeal,3,5,26,34
repealed,0,0,1,1
repealing,1,1,5,7
repeat,56,180,237,473
repeatable,0,0,3,3
repeated,15,19,41,75
repeatedly,17,11,44,72
repeater,0,0,1,1
repeating,32,17,32,81
repeatitive,0,0,3,3
repeativiley,2,0,0,2
repeatrepeatrepeat,0,1,0,1
repeats,5,2,25,32
repeatttt,0,4,0,4
repechaje,0,8,0,8
repect,1,0,0,1
repected,0,0,4,4
repel,1,0,1,2
repell,0,0,2,2
repellant,0,0,1,1
repellent,1,0,1,2
repent,84,46,83,213
repentance,0,0,31,31
repente,0,4,0,4
repented,3,5,1,9
repenting,0,0,2,2
repently,0,0,1,1
repercussion,0,1,0,1
repercussions,3,5,9,17
repere,0,2,0,2
repersenting,2,0,0,2
repertoire,1,0,2,3
repesct,0,0,1,1
repete,0,1,0,1
repeticiones,0,0,5,5
repetition,0,2,1,3
repetitions,0,0,1,1
repetitiva,0,4,0,4
repetitive,56,0,36,92
repetitively,0,0,3,3
repetitiveness,5,0,6,11
repetitivo,0,1,1,2
repetively,0,0,4,4
rephrase,1,0,0,1
rephrased,0,1,0,1
repierce,0,0,6,6
repierced,0,0,1,1
repine,0,0,1,1
repiping,0,0,1,1
repite,0,4,0,4
repitio,0,1,0,1
repitition,1,0,0,1
replace,50,96,199,345
replaceable,0,5,0,5
replaced,47,39,83,169
replacememt,0,0,4,4
replacement,19,14,72,105
replacements,1,7,11,19
replaces,0,8,3,11
replacing,15,22,30,67
replanting,0,0,1,1
replay,36,160,106,302
replayability,0,0,5,5
replayed,1,11,22,34
replaying,13,25,18,56
replayinggg,0,0,1,1
replays,3,9,13,25
replenish,5,0,8,13
replenished,0,0,5,5
replenishes,1,0,0,1
replenishing,3,0,0,3
replete,0,0,4,4
replica,4,2,22,28
replican,0,0,1,1
replicant,2,7,38,47
replicants,16,3,35,54
replicas,10,1,21,32
replicate,14,6,29,49
replicated,0,2,2,4
replicates,0,0,1,1
replicating,0,0,2,2
replication,1,0,2,3
replicator,0,0,4,4
replie,0,0,1,1
replied,19,4,35,58
replies,4,10,26,40
repliphobic,0,1,0,1
reploading,0,1,0,1
replumping,0,0,6,6
reply,45,139,257,441
replyed,2,0,0,2
replying,8,6,9,23
repo,9,13,42,64
repoblicans,1,0,0,1
repolarized,1,0,1,2
repoman,6,0,0,6
repond,0,0,1,1
reponds,0,1,0,1
repopulated,0,0,1,1
repopulation,0,0,1,1
report,62,74,118,254
reporta,0,1,0,1
reportage,1,0,0,1
reportaje,0,2,0,2
reportajes,0,4,0,4
reportas,0,1,0,1
reporte,0,7,0,7
reported,50,29,63,142
reportedly,8,0,9,17
reportense,0,8,0,8
reporter,29,27,41,97
reporters,62,9,53,124
reporting,52,19,65,136
reports,13,36,32,81
repose,0,0,2,2
repossessed,0,1,1,2
repossessing,0,2,0,2
repost,1,2,31,34
reposted,0,2,1,3
reposting,0,1,3,4
reposts,0,0,5,5
repot,0,0,7,7
repper,0,2,0,2
reppin,6,15,19,40
repping,4,7,6,17
repplllllyyyy,0,0,2,2
repply,0,1,0,1
repr,0,0,2,2
reprehensible,0,0,2,2
represent,28,42,120,190
representa,0,5,2,7
representando,0,3,2,5
representante,0,3,0,3
representar,0,0,2,2
representation,12,14,82,108
representational,3,0,0,3
representations,0,1,0,1
representativ,0,0,1,1
representative,6,1,19,26
representatives,1,0,20,21
represented,15,17,43,75
representin,0,3,1,4
representing,10,7,47,64
representou,0,1,0,1
represents,32,11,78,121
representt,0,1,0,1
representtt,0,3,0,3
repress,0,0,6,6
repressed,1,2,1,4
repressive,0,0,7,7
reprice,0,1,0,1
reprimand,0,0,6,6
reprimanded,3,0,0,3
reprimanding,0,0,2,2
reprimidos,0,4,0,4
repriocity,0,0,1,1
reprioritize,0,0,5,5
reprisals,0,0,1,1
reprise,0,5,4,9
repritore,0,0,6,6
reprobate,1,0,0,1
reprodu,0,0,3,3
reproduce,22,18,28,68
reproduced,3,0,1,4
reproduci,0,1,0,1
reproducible,0,0,1,1
reproduciendo,0,3,0,3
reproducing,6,0,5,11
reproduciones,0,2,0,2
reproducir,0,4,0,4
reproducirla,0,1,0,1
reproducirlo,0,1,0,1
reproduction,0,2,18,20
reproductions,1,1,0,2
reproductive,4,0,8,12
reproductivity,0,0,2,2
reproduzcan,0,1,0,1
reprograming,0,0,1,1
reprogrammable,0,0,1,1
reprogrammed,0,0,1,1
reprove,13,0,0,13
reps,5,0,10,15
repsect,1,0,0,1
reptil,0,1,0,1
reptile,0,4,4,8
reptiles,2,4,13,19
reptilian,4,8,11,23
reptiliana,0,1,0,1
reptilians,1,0,0,1
repu,1,0,0,1
republi,0,1,0,1
republic,37,15,34,86
republica,0,4,0,4
republicadominicana,0,1,0,1
republican,33,9,43,85
republicans,33,20,61,114
republicants,0,1,0,1
republicons,0,0,5,5
republics,0,0,2,2
republicucks,2,0,0,2
republicunts,0,0,1,1
republik,0,1,1,2
repubs,1,0,1,2
repugnant,13,1,0,14
repulsed,1,0,1,2
repulses,0,0,1,1
repulsion,0,0,1,1
repulsive,9,1,9,19
repunsal,0,0,1,1
repunzal,0,0,1,1
repunzel,1,5,3,9
repunzels,0,0,1,1
repunzle,0,1,0,1
repurchased,0,0,7,7
repurpose,0,0,2,2
repurposed,0,1,0,1
reputa,0,5,0,5
reputable,0,0,1,1
reputation,26,2,64,92
repute,0,0,1,1
req,1,0,8,9
reqired,2,0,0,2
reqium,0,0,1,1
reqply,0,0,1,1
reques,0,0,1,1
request,37,52,119,208
requested,2,6,33,41
requesting,10,1,7,18
requests,0,2,37,39
requetoneros,0,1,0,1
requiem,3,16,12,31
requiemforadream,0,1,0,1
requiesce,0,1,0,1
requim,2,0,0,2
require,17,8,110,135
required,28,34,150,212
requirement,6,5,13,24
requirements,15,1,13,29
requires,13,10,75,98
requiring,5,0,10,15
requisite,0,0,2,2
requite,0,0,2,2
requium,0,0,2,2
rer,0,1,0,1
rere,0,1,0,1
reread,0,1,6,7
rereading,1,4,5,10
rerecord,1,0,0,1
rerelease,1,0,0,1
rerember,0,1,0,1
rerere,0,3,0,3
reresentative,0,0,1,1
rerfect,0,2,0,2
reroll,3,0,0,3
reroute,0,1,0,1
rerouted,1,0,0,1
rerrible,0,0,4,4
rertarded,0,1,0,1
rerun,1,0,0,1
reruns,0,0,3,3
res,0,10,12,22
resalta,0,2,0,2
resaltando,0,2,0,2
resaon,1,1,0,2
resbalo,0,0,5,5
rescatable,0,1,0,1
rescatado,0,0,1,1
rescatando,0,3,0,3
rescatar,0,3,0,3
rescate,0,0,4,4
rescates,0,1,0,1
reschedule,0,0,1,1
rescinded,5,0,0,5
rescipe,0,1,0,1
rescue,45,13,51,109
rescued,1,1,20,22
rescuer,0,0,6,6
rescuers,0,0,14,14
rescues,0,0,5,5
rescuing,5,3,9,17
research,155,38,349,542
researched,9,4,38,51
researcher,0,1,17,18
researchers,17,5,7,29
researches,0,0,3,3
researching,4,0,49,53
researchs,0,0,6,6
resell,0,0,8,8
reseller,5,0,0,5
reselling,0,0,1,1
resemblance,12,16,20,48
resemble,10,6,21,37
resembled,0,0,1,1
resemblence,0,0,1,1
resembles,4,13,14,31
resembling,1,3,4,8
resenha,0,6,0,6
resent,4,0,12,16
resented,0,0,1,1
resentful,0,0,1,1
resenting,1,0,0,1
resentment,3,0,9,12
resents,0,4,0,4
reservation,3,0,10,13
reservations,1,1,5,7
reserve,7,4,28,39
reserved,0,24,31,55
reserves,2,0,6,8
reserving,0,0,1,1
reservist,3,0,0,3
reservoir,0,2,15,17
reset,5,8,34,47
reseted,0,0,3,3
resets,1,0,3,4
resetting,0,0,1,1
resh,0,1,0,1
reshape,0,0,3,3
reshook,0,1,0,1
reshoots,0,0,1,1
reshuffling,0,0,2,2
resi,1,0,0,1
reside,3,1,17,21
residence,21,8,9,38
residences,0,0,2,2
residency,4,0,3,7
resident,23,3,24,50
residente,1,2,0,3
residenteeeee,0,0,1,1
residential,0,1,6,7
residents,4,6,17,27
resides,0,0,1,1
residing,6,0,2,8
residual,0,3,7,10
residue,1,0,5,6
resign,2,9,11,22
resignation,0,3,1,4
resigned,3,0,8,11
resigning,1,0,0,1
resilience,7,0,11,18
resilient,3,0,5,8
resin,2,10,17,29
resins,0,0,1,1
resist,26,18,65,109
resistance,26,25,118,169
resistant,14,13,34,61
resisted,0,0,4,4
resistencia,0,1,0,1
resistent,0,0,1,1
resister,0,1,0,1
resisting,5,0,4,9
resistir,0,4,0,4
resistor,4,0,1,5
resistors,1,0,0,1
resists,3,0,0,3
resivoir,0,1,0,1
resizing,0,2,0,2
reskinned,0,0,1,1
reslly,1,0,1,2
resmen,0,0,1,1
resold,0,0,3,3
resolute,0,0,5,5
resolutely,2,0,0,2
resolution,8,13,60,81
resolutions,5,0,3,8
resolv,0,0,3,3
resolve,7,11,18,36
resolved,2,1,12,15
resolving,0,0,8,8
reson,0,4,5,9
resonable,0,0,2,2
resonanance,0,0,1,1
resonance,0,0,10,10
resonances,1,0,0,1
resonant,0,1,3,4
resonate,1,5,24,30
resonated,1,0,10,11
resonates,4,1,18,23
resonating,0,0,4,4
resond,0,1,0,1
resonse,0,0,1,1
resorces,1,0,0,1
resort,12,12,46,70
resorted,0,1,1,2
resorting,11,0,6,17
resorts,1,0,8,9
resouces,0,0,3,3
resource,8,11,52,71
resourceful,1,0,1,2
resourcefully,0,0,1,1
resourcefulness,0,0,1,1
resources,25,18,104,147
resoved,0,0,1,1
respawn,1,6,4,11
respct,0,1,0,1
respec,0,0,2,2
respeck,0,1,0,1
respect,514,406,1460,2380
respectable,5,0,25,30
respectacle,0,0,1,1
respected,15,3,48,66
respecter,0,5,0,5
respectful,23,0,64,87
respectfull,0,1,6,7
respectfully,0,0,22,22
respecthivemindpronouns,0,1,0,1
respectin,0,0,4,4
respecting,6,7,24,37
respective,8,1,21,30
respectively,1,4,19,24
respectivos,0,1,0,1
respecto,0,2,0,2
respectos,0,2,0,2
respects,9,12,52,73
respeita,0,1,0,1
respeitar,0,4,0,4
respeito,0,1,1,2
respek,0,4,6,10
respekk,0,0,2,2
respekt,6,7,0,13
respet,0,1,0,1
respeta,0,5,0,5
respeten,0,4,0,4
respeto,1,19,3,23
respetos,0,16,0,16
respetuosa,0,3,0,3
respez,0,0,3,3
respice,5,0,3,8
respira,0,1,5,6
respiran,0,1,0,1
respirar,0,6,0,6
respiras,0,3,0,3
respiration,2,0,0,2
respirator,1,0,0,1
respirators,0,0,3,3
respiratory,1,0,6,7
respire,0,1,0,1
respirer,0,2,0,2
respiro,0,2,0,2
respite,1,0,1,2
respites,5,0,4,9
resplendent,0,0,1,1
responce,3,0,0,3
respond,41,32,106,179
respondame,0,1,0,1
respondan,0,1,0,1
responde,0,4,0,4
responded,12,3,43,58
respondeme,0,2,0,2
respondent,0,0,4,4
responders,0,0,11,11
respondhey,0,0,1,1
respondida,0,2,0,2
respondin,0,4,0,4
responding,13,7,41,61
responds,8,10,7,25
respones,1,0,0,1
respons,0,0,1,1
responsa,0,5,0,5
responsabilidad,0,7,0,7
responsable,0,0,3,3
responsables,0,4,0,4
response,99,52,229,380
responses,18,4,40,62
responsess,5,0,0,5
responsiable,0,0,4,4
responsibilities,8,0,7,15
responsibility,57,16,119,192
responsibilty,7,0,1,8
responsibities,0,0,1,1
responsible,76,0,208,284
responsiblity,0,0,1,1
responsibly,0,0,12,12
responsive,2,0,0,2
responsiveness,1,0,0,1
resposibility,1,0,0,1
resposible,1,0,0,1
resptic,1,0,0,1
respuesta,0,4,4,8
respuestas,1,0,0,1
ressant,0,4,0,4
resse,0,10,0,10
ressemble,0,3,0,3
ressemblerais,0,2,0,2
resson,0,3,0,3
ressortait,0,0,1,1
ressortir,1,0,0,1
ressurection,1,1,1,3
ressuscit,6,0,0,6
ressuscita,0,1,0,1
rest,522,576,1424,2522
resta,0,3,0,3
restalyne,1,0,0,1
restanti,0,1,0,1
restaraunt,0,0,4,4
restaraunts,0,1,0,1
restart,0,7,18,25
restarted,0,5,6,11
restarting,0,3,8,11
restarts,0,0,1,1
restate,0,1,0,1
restated,2,0,0,2
restating,1,0,0,1
restaurant,59,85,173,317
restaurants,8,30,103,141
reste,0,15,0,15
rested,5,0,17,22
rester,0,6,0,6
resteras,0,2,0,2
resteraunts,0,0,1,1
restful,1,0,0,1
restfull,0,0,2,2
resthaven,0,1,0,1
resting,11,7,45,63
restless,6,4,6,16
restlessness,0,0,6,6
resto,0,20,0,20
restock,14,13,22,49
restocked,2,1,0,3
restocking,9,8,7,24
restocks,0,0,1,1
restoom,0,1,0,1
restorant,0,1,1,2
restoration,0,0,3,3
restore,4,4,32,40
restored,5,25,28,58
restores,0,0,1,1
restoring,4,0,3,7
restrain,2,1,4,7
restrained,1,0,6,7
restraining,6,1,0,7
restrains,0,0,1,1
restraint,20,4,42,66
restraints,0,1,3,4
restraoned,0,3,0,3
restrict,10,2,12,24
restricted,11,4,24,39
restricting,0,1,16,17
restriction,1,5,5,11
restrictioned,0,2,0,2
restrictions,9,2,25,36
restrictive,0,0,10,10
restrictors,1,0,0,1
restroom,13,4,34,51
restrooms,5,5,1,11
restructuring,7,0,0,7
rests,5,0,10,15
restuarant,3,0,4,7
resturant,0,1,0,1
resturaunts,0,0,1,1
resub,0,1,0,1
resubbed,0,0,3,3
resubscribe,0,0,1,1
resubscribed,0,0,2,2
resuelves,0,1,0,1
result,93,41,307,441
resulta,0,2,1,3
resultado,1,24,0,25
resultados,0,10,0,10
resultant,0,0,1,1
resultat,0,2,0,2
resultdeepqy,0,2,0,2
resulted,5,0,25,30
resulting,6,8,36,50
results,114,29,290,433
resultss,0,0,1,1
resulw,0,0,1,1
resum,0,3,0,3
resume,0,4,36,40
resumed,0,0,1,1
resumen,0,15,0,15
resumes,0,1,1,2
resumidas,0,4,0,4
resurection,0,3,0,3
resurfaced,0,0,2,2
resurfaces,0,1,0,1
resurfacing,0,0,2,2
resurgence,0,1,3,4
resurrect,0,1,6,7
resurrected,1,1,4,6
resurrecting,2,1,3,6
resurrection,2,8,5,15
resvlt,0,0,1,1
resvoirs,1,0,0,1
reszpt,0,0,2,2
reszt,0,3,0,3
ret,0,0,1,1
retail,2,7,30,39
retailer,3,0,2,5
retailers,0,0,2,2
retailing,0,0,1,1
retain,7,0,34,41
retained,7,0,1,8
retainer,3,2,7,12
retainers,1,0,11,12
retaining,7,0,5,12
retains,0,0,9,9
retake,0,2,6,8
retakes,1,0,5,6
retal,6,0,0,6
retaliate,2,1,3,6
retaliated,0,1,0,1
retaliates,2,0,1,3
retaliation,1,8,1,10
retaliatory,0,0,2,2
retaling,0,1,0,1
retard,146,0,4,150
retardados,0,0,1,1
retardates,1,0,0,1
retardation,5,2,3,10
retarded,421,6,47,474
retardedly,0,0,2,2
retardet,7,4,7,18
retardism,0,3,2,5
retardness,0,1,0,1
retards,163,0,6,169
retared,0,4,0,4
retarted,0,11,7,18
retawded,3,0,0,3
retch,0,7,0,7
retcon,0,0,4,4
rete,0,2,0,2
retell,5,0,2,7
retelling,10,0,6,16
retellings,1,0,0,1
retension,0,0,2,2
retention,5,2,7,14
retfa,0,0,2,2
rethink,1,5,18,24
rethinking,0,0,3,3
rethinks,6,0,0,6
reticulated,0,1,0,1
retiene,1,0,0,1
retin,0,1,1,2
retina,1,5,5,11
retinal,1,0,1,2
retinoid,0,0,1,1
retinoids,0,0,1,1
retinol,0,10,7,17
retinopathy,4,0,0,4
retirar,0,1,0,1
retirarse,0,1,0,1
retire,28,30,75,133
retired,4,25,48,77
retiree,0,0,2,2
retirees,0,0,1,1
retirement,7,9,20,36
retiren,0,1,0,1
retires,1,7,11,19
retiring,3,1,13,17
retiro,1,0,0,1
retitle,8,1,0,9
retitled,1,6,0,7
retoast,1,0,0,1
retocadas,0,0,1,1
retold,3,0,1,4
retomar,0,0,1,1
retooled,0,0,1,1
retornen,0,0,5,5
retort,0,0,1,1
retorts,0,0,1,1
retouch,2,0,0,2
retour,1,0,0,1
retours,0,5,0,5
retr,0,6,0,6
retrace,1,0,0,1
retract,0,2,3,5
retracted,0,0,4,4
retracts,0,8,1,9
retrain,0,0,1,1
retrained,1,0,0,1
retransmissions,0,0,4,4
retrasada,0,3,0,3
retrasado,5,3,0,8
retrasao,0,3,0,3
retratado,0,0,1,1
retread,1,0,5,6
retreat,2,0,24,26
retreats,1,0,1,2
retred,0,2,0,2
retribution,5,1,2,8
retries,0,1,0,1
retrieve,3,0,14,17
retrieved,6,0,0,6
retriever,2,2,7,11
retrievers,0,0,1,1
retrieves,1,5,0,6
retrieving,0,0,1,1
retriver,0,0,1,1
retrivers,0,0,1,1
retro,8,7,69,84
retroactive,0,1,2,3
retroactively,0,0,5,5
retroarch,0,0,3,3
retrobrite,0,4,0,4
retrocessione,5,0,0,5
retrocompatibible,0,1,0,1
retrocompatibilidad,0,2,2,4
retrocompatiblidar,0,2,0,2
retrofile,0,1,0,1
retrograde,0,1,0,1
retrogress,1,0,0,1
retroness,0,0,1,1
retros,0,2,3,5
retrospect,1,0,7,8
retrospective,2,0,0,2
retrouvais,0,1,0,1
retrouve,0,1,0,1
retroverted,0,0,3,3
retry,1,3,0,4
retrys,2,0,0,2
rett,0,1,3,4
retty,0,1,0,1
returd,0,0,4,4
return,132,137,412,681
returnable,0,0,1,1
returned,31,30,71,132
returnef,0,1,0,1
returning,27,8,60,95
returns,22,44,73,139
returs,0,1,0,1
retweet,0,4,3,7
retweeting,0,1,0,1
retweets,0,0,5,5
reuben,0,0,4,4
reubenite,0,0,3,3
reuinion,1,0,0,1
reuniodo,0,0,5,5
reunion,17,31,71,119
reunions,0,0,7,7
reunite,1,4,29,34
reunited,1,12,18,31
reunites,0,0,3,3
reuniting,0,0,5,5
reunition,0,0,2,2
reupholstering,0,1,1,2
reupload,3,1,9,13
reuploaded,0,2,1,3
reuploader,0,1,0,1
reuploading,0,0,1,1
reups,0,0,1,1
reusable,7,1,10,18
reuse,1,0,1,2
reused,1,1,3,5
reusing,0,0,17,17
rev,1,2,42,45
reval,0,2,0,2
revaluations,0,0,1,1
revamp,3,0,4,7
revamped,0,6,7,13
revamping,3,0,1,4
revan,0,1,0,1
revanche,0,1,0,1
reveal,23,139,106,268
revealed,53,23,71,147
revealhaters,0,1,0,1
revealing,17,5,24,46
reveals,9,4,27,40
reveille,0,0,3,3
reveiw,0,4,0,4
reveiws,0,0,1,1
revel,2,0,6,8
reveland,0,1,0,1
revelation,51,4,50,105
revelations,2,1,22,25
revelaton,0,0,1,1
revelatory,0,0,1,1
reveled,0,2,0,2
revelei,0,4,0,4
revelent,1,0,0,1
reveling,5,0,0,5
revell,0,0,2,2
revels,0,0,1,1
reveluv,0,0,1,1
revena,0,1,0,1
revenant,5,0,4,9
revenge,35,16,70,121
revenges,0,1,0,1
revent,0,5,0,5
reventar,0,1,0,1
revenue,19,15,50,84
revenues,6,1,8,15
reveras,1,0,0,1
reverb,0,3,15,18
reverberate,0,0,1,1
reverbs,0,0,3,3
revere,0,0,4,4
revered,5,0,0,5
reverence,0,1,6,7
reversal,8,0,1,9
reverse,27,25,70,122
reversed,24,3,16,43
reversers,0,0,1,1
reverses,3,3,1,7
reversible,0,3,4,7
reversing,0,1,7,8
revert,1,4,13,18
reverted,0,0,9,9
reverting,0,1,3,4
reverts,1,0,0,1
revi,0,3,0,3
revial,0,1,0,1
reviel,0,1,0,1
revien,0,2,0,2
reviendra,0,2,0,2
reviens,0,2,0,2
revient,0,4,0,4
reviente,0,2,0,2
review,279,698,1881,2858
reviewbrah,3,16,21,40
reviewd,0,1,0,1
reviewed,4,14,39,57
reviewer,17,1,37,55
reviewers,21,0,33,54
reviewing,29,25,85,139
reviewings,0,0,3,3
reviews,75,59,644,778
reviewtorial,0,0,6,6
reviewwwwwwwww,0,3,0,3
reviewwwwwwwwwwww,0,3,0,3
revile,6,0,0,6
reviled,2,3,0,5
revilers,0,3,0,3
reviles,0,0,1,1
revine,0,2,3,5
revise,1,3,4,8
revised,0,1,11,12
revisen,0,4,0,4
revises,0,0,3,3
revising,1,0,18,19
revision,5,1,9,15
revisionist,1,4,0,5
revisions,0,0,1,1
revisit,1,5,12,18
revisited,0,0,3,3
revisiting,1,0,3,4
revisualize,0,0,1,1
revit,1,0,0,1
revitabrow,0,1,0,1
revitalize,0,0,1,1
revitalized,0,5,0,5
revitalizes,0,2,0,2
revitalizing,0,0,1,1
revival,1,8,25,34
revive,10,4,36,50
revived,4,11,6,21
revives,2,3,0,5
reviving,1,0,2,3
revivioooooooooooo,0,1,0,1
reviwe,0,0,7,7
revlon,2,7,10,19
revoir,2,0,0,2
revokd,0,1,0,1
revoke,1,1,0,2
revoked,11,0,4,15
revolori,0,1,0,1
revolt,1,0,4,5
revolta,0,0,2,2
revolting,5,3,3,11
revolts,0,0,3,3
revoluci,0,3,0,3
revolution,43,31,84,158
revolutionaries,0,0,5,5
revolutionary,12,7,44,63
revolutionized,4,0,7,11
revolutions,0,3,2,5
revolve,3,0,16,19
revolved,0,0,8,8
revolver,0,1,7,8
revolvers,1,0,2,3
revolves,8,4,12,24
revolving,1,2,1,4
revren,0,0,2,2
revs,0,0,1,1
revue,0,1,1,2
revv,0,0,1,1
revved,0,0,1,1
revving,0,0,27,27
revvl,0,0,3,3
reward,20,12,60,92
rewarded,9,1,38,48
rewarding,1,0,23,24
rewards,14,5,21,40
rewatch,10,20,51,81
rewatchability,0,0,1,1
rewatchable,0,1,2,3
rewatched,6,4,42,52
rewatching,8,15,20,43
rewatcing,0,0,5,5
rewelacyjny,0,3,0,3
rewiew,0,3,1,4
rewilding,0,2,0,2
rewind,6,6,39,51
rewinded,0,1,6,7
rewinding,0,1,11,12
rewinds,0,0,1,1
rewinf,0,1,0,1
rewired,0,1,0,1
rework,0,0,6,6
reworking,0,0,5,5
rewrite,1,0,2,3
rewrites,0,0,3,3
rewriting,5,1,3,9
rewritten,0,1,4,5
rex,10,14,13,37
rexa,0,1,0,1
rexah,0,1,0,1
rexha,1,1,5,7
rexpectfully,5,0,0,5
rey,118,122,117,357
reyas,0,1,0,1
reyen,0,0,1,1
reyes,0,3,4,7
reyez,0,1,0,1
reyiz,0,4,0,4
reykjav,0,1,5,6
reykjavik,0,2,12,14
reylo,1,10,6,17
reyn,0,1,0,1
reyna,0,4,13,17
reynaldo,0,0,1,1
reynelle,1,0,0,1
reynold,1,0,0,1
reynolds,14,16,29,59
reynosa,2,0,0,2
reys,1,1,0,2
rez,4,64,5,73
rezalet,0,2,0,2
rezil,0,2,0,2
reznor,8,21,24,53
rezo,0,1,0,1
rezross,4,0,0,4
rezultat,0,2,0,2
rf,1,0,0,1
rfc,0,0,4,4
rfect,4,0,0,4
rfel,7,0,0,7
rfid,0,0,1,1
rga,0,0,1,1
rgate,0,3,0,3
rgb,2,9,16,27
rge,0,0,1,1
rgen,0,7,9,16
rges,2,0,0,2
rght,0,2,1,3
rgogsh,0,1,1,2
rh,0,3,2,5
rha,0,1,0,1
rhabdomyosarcoma,0,0,1,1
rhaegar,0,6,5,11
rhaenys,0,4,0,4
rhap,0,0,1,1
rhapsody,0,4,12,16
rhat,0,0,1,1
rhcp,0,5,0,5
rhe,2,5,6,13
rhea,0,0,1,1
rheagar,0,1,0,1
rhen,0,0,1,1
rhet,0,1,0,1
rhetoric,17,0,28,45
rhetorical,6,0,0,6
rhetorically,0,0,6,6
rhetorics,0,0,2,2
rhett,34,91,85,210
rhette,0,0,1,1
rhetts,0,4,1,5
rhettster,0,0,1,1
rheumatoid,5,4,1,10
rhey,0,0,2,2
rhi,0,12,4,16
rhiana,0,0,1,1
rhianna,2,8,13,23
rhiannon,0,0,5,5
rhight,0,0,1,1
rhine,4,0,4,8
rhinestone,0,1,9,10
rhinestones,1,0,9,10
rhink,0,1,0,1
rhino,2,6,4,12
rhinoceros,0,1,0,1
rhinocrunch,0,3,2,5
rhinoplasty,0,0,2,2
rhinos,1,0,3,4
rhis,4,1,5,10
rhisd,0,3,0,3
rho,0,2,0,2
rhoa,0,0,2,2
rhoda,1,0,0,1
rhode,0,1,1,2
rhodes,8,1,0,9
rhoids,1,0,0,1
rhona,0,0,1,1
rhonan,0,0,1,1
rhonda,2,0,1,3
rhows,0,0,1,1
rhoynar,4,0,2,6
rhpc,0,1,1,2
rhubarb,0,4,0,4
rhuewhurewhjirfqjeifjqeoiv,0,1,0,1
rhum,0,0,1,1
rhumba,0,0,1,1
rhydon,0,0,2,2
rhyfhhhffhfhfh,0,0,2,2
rhyme,6,20,24,50
rhymed,4,2,7,13
rhymer,0,0,5,5
rhymes,6,15,40,61
rhymin,0,1,0,1
rhyming,1,1,16,18
rhymy,0,0,1,1
rhyone,4,0,0,4
rhys,1,1,0,2
rhythem,0,4,0,4
rhythm,20,38,69,127
rhythmic,0,4,10,14
rhythms,3,0,7,10
ri,0,23,19,42
ria,0,10,0,10
riad,0,0,2,2
riads,0,0,1,1
riahnna,0,1,0,1
rian,0,1,2,3
rianagrace,0,0,1,1
rias,0,1,0,1
rib,1,8,6,15
ribbed,0,0,7,7
ribbery,0,4,0,4
ribbit,0,1,0,1
ribblehead,0,0,2,2
ribbon,5,10,8,23
ribbons,0,0,9,9
ribeana,0,0,3,3
ribena,8,11,11,30
ribery,0,2,0,2
ribeye,0,0,1,1
ribs,19,0,27,46
ric,2,2,28,32
rica,2,38,27,67
ricaa,0,1,0,1
ricambi,0,1,0,1
rican,33,6,42,81
ricanos,0,1,0,1
ricans,38,14,26,78
ricard,0,1,0,1
ricardo,1,4,2,7
ricc,0,3,0,3
riccardo,0,0,6,6
ricccccckkkkk,0,1,0,1
ricccooo,4,0,0,4
ricci,0,3,3,6
rice,36,102,115,253
ricebum,0,3,0,3
ricecum,0,1,0,1
ricegum,15,98,17,130
ricegumisabitch,0,9,1,10
ricegumisoverparty,0,1,0,1
ricegums,0,0,2,2
ricer,0,6,6,12
rich,206,2,965,1173
richard,22,58,84,164
richards,0,3,9,12
richardson,3,0,0,3
richboi,0,2,0,2
richdiel,0,1,0,1
riche,0,1,2,3
richelieu,0,1,0,1
richer,12,2,16,30
riches,2,1,31,34
richest,17,34,31,82
richi,0,1,0,1
richie,15,31,66,112
richies,1,2,0,3
richlux,0,0,1,1
richly,0,0,1,1
richman,0,0,1,1
richmond,3,4,11,18
richness,0,0,8,8
richt,0,1,0,1
richtape,0,2,0,2
richten,1,0,0,1
richter,0,2,1,3
richtig,1,8,1,10
richtiger,0,1,0,1
rick,481,481,748,1710
rickamole,0,1,0,1
rickandmorty,0,0,4,4
rickard,0,0,1,1
rickcounters,0,0,1,1
ricked,0,0,3,3
rickeh,6,0,0,6
rickenbacker,0,3,1,4
ricker,0,1,0,1
rickest,0,4,6,10
rickety,0,0,2,2
rickhe,0,0,6,6
rickie,0,5,0,5
rickiest,0,0,1,1
rickisagod,0,0,1,1
rickithal,0,0,1,1
rickity,0,0,1,1
rickkk,0,5,0,5
rickkkkkk,0,7,0,7
ricklantis,1,2,0,3
ricklaxation,4,0,1,5
rickle,0,6,0,6
rickles,1,0,0,1
rickless,0,1,0,1
rickman,0,0,1,1
ricks,26,19,21,66
rickshaw,0,3,1,4
rickshaws,0,0,1,1
rickson,0,0,1,1
rickspiracy,2,0,0,2
ricky,12,32,54,98
rickys,1,0,0,1
rico,118,277,390,785
ricobands,0,1,0,1
ricochet,0,0,2,2
ricola,0,0,1,1
ricoooo,0,0,1,1
ricooooo,0,1,0,1
ricoooos,0,1,0,1
ricordatevi,0,1,0,1
ricordo,0,3,0,3
ricorrere,0,3,0,3
ricos,0,1,10,11
rics,0,12,0,12
rid,192,160,321,673
rida,0,1,0,1
riddance,7,0,69,76
ridddel,0,1,0,1
ridddle,0,12,1,13
riddem,0,0,1,1
ridden,8,3,13,24
riddim,0,3,1,4
ridding,2,3,0,5
riddle,5,24,23,52
riddled,3,9,5,17
riddler,1,1,6,8
riddles,1,2,10,13
ride,132,183,326,641
rideing,1,0,1,2
rider,15,29,47,91
riders,10,8,21,39
rides,22,17,72,111
ridewiththemob,0,1,0,1
ridge,1,11,11,23
ridged,0,0,10,10
ridgefield,0,0,4,4
ridges,0,0,8,8
ridgevidon,0,0,6,6
ridgewell,0,0,3,3
ridgewells,0,0,8,8
ridiclous,0,0,1,1
ridicule,7,1,23,31
ridiculed,17,0,0,17
ridicules,1,3,2,6
ridiculess,4,0,0,4
ridiculez,0,4,0,4
ridiculing,1,0,1,2
ridiculles,0,0,1,1
ridiculo,0,5,0,5
ridiculos,0,6,0,6
ridiculous,332,0,280,612
ridiculously,35,1,85,121
ridiculousness,5,1,4,10
ridin,5,1,1,7
riding,50,51,137,238
ridkjdkd,0,1,0,1
ridley,30,42,60,132
ridleys,0,0,2,2
ridly,0,0,1,1
ridmo,0,1,0,1
rids,3,3,0,6
rie,2,24,13,39
rien,3,21,10,34
rience,1,0,0,1
riendose,0,3,0,3
rienks,11,0,0,11
rienne,0,2,0,2
riera,0,0,2,2
ries,0,0,1,1
riesci,0,5,0,5
riescono,0,1,0,1
riesen,6,1,0,7
riesenvogel,0,1,0,1
riesgo,0,0,5,5
riesig,0,5,0,5
rieur,4,0,0,4
rif,0,0,1,1
rifad,0,2,0,2
rifan,0,1,0,1
rife,3,2,2,7
riferiva,0,5,0,5
riff,12,25,29,66
riffing,1,0,2,3
riffling,1,0,0,1
riffraff,0,2,5,7
riffs,0,3,10,13
riffter,0,0,2,2
rifht,0,0,1,1
rifier,0,0,1,1
rifle,28,15,96,139
rifled,1,0,0,1
rifles,16,7,78,101
riflessi,0,5,0,5
rift,1,4,6,11
riftrivals,3,0,0,3
rifts,0,5,7,12
rig,0,8,14,22
rigamortise,0,0,3,3
rigbt,0,1,0,1
rigby,0,2,3,5
riger,3,0,0,3
rigevidon,15,0,24,39
rigged,10,36,19,65
riggedness,4,0,0,4
rigger,0,0,3,3
rigggggggght,0,0,3,3
rigging,1,0,1,2
riggle,0,1,0,1
righ,1,3,7,11
righg,0,0,1,1
righhhttt,0,1,0,1
right,1688,0,9099,10787
rightening,0,0,1,1
righteous,59,9,35,103
righteously,4,0,1,5
righteousness,22,6,20,48
righter,5,0,0,5
righters,1,0,1,2
rightful,0,4,7,11
rightfully,4,2,27,33
righthanded,1,0,0,1
righties,1,0,0,1
righting,0,1,1,2
rightio,0,0,1,1
rightist,6,0,0,6
rightly,1,0,32,33
rightnow,0,2,3,5
rights,123,38,288,449
rightthere,1,0,0,1
rightwing,0,0,2,2
righty,1,0,1,2
rigid,15,1,4,20
rigidly,0,0,1,1
rigjt,0,1,0,1
rigondeax,0,0,1,1
rigor,0,0,8,8
rigore,0,5,1,6
rigori,2,0,0,2
rigorous,3,0,1,4
rigoruosly,0,0,2,2
rigot,0,0,1,1
rigs,0,0,1,1
rigth,1,0,0,1
rigurous,0,0,3,3
rih,0,3,8,11
rihana,0,4,3,7
rihanna,53,194,228,475
rihannaaa,0,1,0,1
rihannaaaa,0,2,0,2
rihannaaaaaa,1,0,0,1
rihannas,5,13,2,20
rihannna,0,1,0,1
rihannnnaaaaa,0,2,0,2
rihgt,0,0,1,1
rihhana,0,0,2,2
rihhqna,0,1,0,1
rihianna,0,0,1,1
rihrih,0,0,3,3
riht,0,0,1,1
riick,0,4,0,4
riickk,0,1,0,1
riico,0,1,0,1
riiiggghhhhtttt,3,0,0,3
riiiicccckkk,0,1,0,1
riiiick,0,2,0,2
riiiight,0,0,1,1
riiiiicccckkkk,0,1,0,1
riiiiicckkk,0,1,0,1
riiiiick,0,1,4,5
riiiiiight,1,2,0,3
riiiiiiick,0,1,0,1
riiiiiiight,0,0,4,4
riiiiiiiick,0,1,0,1
riiiiiiiiick,0,4,0,4
riiiiiiiiigghgghhhhttttt,2,0,0,2
riiiiiiiiight,0,1,0,1
riiiiiiiiiiccccckkkkk,0,1,0,1
riiiiiiiiiiiiiiiiiiiiaiiiijjsehhsjehshgsg,0,1,0,1
riiiiiiiiiiiiiiiiiiiiiiiiiiicckkkk,0,1,0,1
riiiik,2,0,0,2
riiinnncoooonnn,0,1,0,1
riise,0,0,6,6
rijk,0,0,1,1
rijkste,0,1,0,1
rik,0,9,13,22
rikbustin,0,1,0,1
riker,6,13,21,40
rikingg,0,1,0,1
rikinggg,0,1,0,1
rikishi,0,1,0,1
riko,0,2,0,2
riktigt,0,1,0,1
ril,0,2,0,2
rildey,1,0,0,1
rile,3,3,2,8
riled,1,1,7,9
riley,16,24,30,70
rilis,0,1,0,1
rillakuma,0,3,0,3
rilly,0,0,3,3
rim,21,44,51,116
rima,0,1,0,1
rimac,1,1,0,2
rime,0,7,3,10
rimes,1,3,1,5
rimjob,0,0,1,1
rimjobs,0,1,0,1
rimmed,0,0,2,2
rimmel,0,7,15,22
rimorchio,0,1,0,1
rims,11,1,39,51
rimshot,0,0,7,7
rin,0,0,3,3
rinaldo,0,0,1,1
rince,0,1,0,1
rind,0,0,2,2
rindan,0,1,0,1
rinde,0,4,0,4
rinder,0,0,1,1
rinds,0,4,0,4
rines,0,2,0,2
ring,99,138,348,585
ringa,0,1,0,1
ringe,0,1,4,5
ringed,0,2,0,2
ringer,0,0,7,7
ringers,3,0,0,3
ringing,9,14,11,34
ringleader,0,1,4,5
ringless,0,3,0,3
ringmaster,0,0,1,1
ringo,0,3,1,4
ringpiece,0,0,2,2
rings,27,61,152,240
ringside,0,4,5,9
ringsthe,0,0,1,1
rington,0,0,2,2
ringtone,19,24,29,72
ringtones,0,2,4,6
ringwald,1,1,0,2
ringworm,0,1,1,2
ringyou,1,0,0,1
rink,0,0,2,2
rinkle,0,1,0,1
rinnegan,0,1,0,1
rino,0,0,1,1
rinoa,0,6,0,6
rinos,0,0,1,1
rins,2,0,0,2
rinse,13,0,15,28
rinsed,0,0,5,5
rinsing,0,0,6,6
rint,0,1,0,1
rio,14,103,146,263
riode,0,0,1,1
riohacha,0,1,0,1
riolo,0,2,0,2
riommanista,0,1,0,1
riordan,3,0,2,5
rios,3,4,1,8
riot,20,20,30,70
rioted,4,0,0,4
rioters,3,0,0,3
rioting,12,1,13,26
riotous,0,0,3,3
riots,11,3,12,26
rip,269,1323,882,2474
ripa,0,0,1,1
ripbf,0,1,0,1
ripchester,0,13,7,20
ripchesterb,0,0,3,3
ripchesterbennington,0,1,0,1
ripconnie,1,0,0,1
ripcord,0,0,14,14
ripe,9,5,24,38
ripely,0,1,0,1
ripeminem,0,0,1,1
ripevan,0,1,0,1
riplegend,0,1,1,2
riplets,0,0,2,2
ripley,4,14,12,30
riply,0,2,1,3
ripmagicanna,0,0,2,2
ripmazi,0,0,2,2
ripmendy,1,0,0,1
ripmynct,0,0,1,1
ripndip,0,1,1,2
ripoff,20,27,16,63
ripoffs,3,0,1,4
ripon,0,0,1,1
ripose,0,2,0,2
ripp,1,0,0,1
ripped,44,65,93,202
ripper,0,0,1,1
rippers,0,1,0,1
rippin,2,0,0,2
ripping,37,15,75,127
rippinnggg,3,0,0,3
ripple,0,0,12,12
rippled,0,1,0,1
ripreplaybutton,0,0,1,1
ripresa,0,1,0,1
rips,7,9,11,27
ripsockclub,0,1,0,1
ripsocks,0,4,0,4
ripstick,0,4,1,5
ripstik,0,2,2,4
ripthenfl,0,2,0,2
riptide,0,3,0,3
riptom,0,4,0,4
riptp,0,2,0,2
riquelme,0,3,0,3
riqueza,0,8,1,9
rir,6,0,0,6
rire,0,0,6,6
rireennn,0,2,0,2
riren,0,2,0,2
riri,13,39,68,120
ririi,0,0,1,1
ririlovesus,1,0,0,1
riris,0,1,1,2
risa,0,25,0,25
risc,1,0,0,1
riscope,0,0,2,2
risd,0,3,5,8
rise,86,79,209,374
rised,0,0,1,1
riseing,0,0,1,1
risen,3,0,11,14
riser,0,0,4,4
risers,0,0,3,3
rises,9,5,35,49
riseup,0,1,0,1
rishabh,0,0,1,1
rising,17,36,94,147
risk,99,25,204,328
risked,4,2,17,23
risking,4,4,11,19
risks,3,6,29,38
risky,5,7,12,24
risotto,0,1,4,5
rispetto,0,1,2,3
rispondere,0,5,0,5
risposta,0,1,0,1
risqu,1,0,0,1
risque,1,0,4,5
rissia,0,2,0,2
rissian,0,7,0,7
rissoto,0,0,2,2
rist,0,0,1,1
risultato,0,5,1,6
rit,0,8,0,8
rita,21,49,78,148
ritaaaa,0,0,1,1
ritaaaaa,0,1,0,1
ritalin,0,3,1,4
ritamoreno,0,0,1,1
ritaora,0,1,0,1
ritat,0,1,0,1
ritchie,4,5,8,17
rite,3,17,20,40
rites,12,1,0,13
rithing,0,0,1,1
ritmi,0,1,0,1
ritmo,1,28,2,31
ritmos,0,2,0,2
rito,1,3,2,6
ritter,1,3,0,4
ritu,0,0,1,1
ritual,7,38,7,52
rituales,0,1,0,1
rituals,1,3,15,19
ritus,0,5,0,5
ritwal,0,0,1,1
ritz,0,1,1,2
riusciamo,0,1,0,1
rival,11,17,16,44
rivaldo,0,0,1,1
rivales,0,3,0,3
rivaling,0,0,1,1
rivalries,1,0,0,1
rivalry,6,0,11,17
rivals,12,15,5,32
rivarly,0,3,0,3
rive,0,5,0,5
rivedere,0,1,0,1
riveeerrr,1,0,0,1
riven,0,1,0,1
river,66,41,115,222
rivera,0,5,1,6
riveras,0,1,0,1
riverboat,0,2,0,2
riverd,0,2,0,2
riverdale,38,115,156,309
riverdaleee,0,1,0,1
riverdaleeee,0,1,0,1
riverdales,0,0,2,2
riverfire,0,1,0,1
riverland,0,2,0,2
rivers,9,31,48,88
riverside,0,1,2,3
riveted,3,0,0,3
riveter,0,1,0,1
riveting,0,0,16,16
rivial,1,0,0,1
riviera,0,0,1,1
rixty,0,0,2,2
riyadh,12,18,39,69
riyanna,0,0,8,8
riyfiugninb,0,2,0,2
riz,3,0,2,5
riza,0,0,1,1
rizal,0,1,0,1
rizla,0,7,0,7
rizzardo,1,0,0,1
rizzi,0,6,0,6
rj,2,6,4,12
rja,0,1,0,1
rjd,0,0,1,1
rjrenndf,0,1,0,1
rjtejbtjrhfh,0,1,0,1
rk,7,69,42,118
rka,0,1,0,1
rkce,0,1,0,1
rkelly,5,1,4,10
rkey,0,1,0,1
rki,0,65,13,78
rkid,0,0,2,2
rkis,0,2,0,2
rkish,0,2,0,2
rkiye,0,30,1,31
rkiyede,0,1,0,1
rkiyeden,0,2,0,2
rkiyenin,0,0,1,1
rkler,0,43,0,43
rklere,0,2,0,2
rklerheryerde,0,3,0,3
rkmusic,0,1,0,1
rko,1,11,20,32
rks,0,2,0,2
rksen,0,3,0,3
rksi,0,1,0,1
rl,0,4,9,13
rlatt,0,1,0,1
rlay,0,2,0,2
rlcbeauty,0,1,0,1
rle,0,1,0,1
rler,0,4,1,5
rlich,0,1,0,1
rliga,0,1,0,1
rll,2,2,0,4
rlly,13,20,51,84
rlm,6,11,20,37
rlmqkbrqya,0,2,0,2
rlms,0,0,4,4
rlo,0,1,0,1
rlol,0,0,1,1
rly,23,18,52,93
rlzzz,0,2,0,2
rm,1,14,15,30
rma,1,2,7,10
rmb,0,0,4,4
rmbr,0,0,2,2
rmdablocc,0,1,0,1
rme,0,2,0,2
rmebet,0,0,1,1
rmek,0,8,0,8
rmember,0,3,0,3
rmeyeli,0,7,1,8
rmez,0,1,0,1
rmino,0,4,0,4
rminos,0,5,0,5
rms,0,4,7,11
rmtcbc,0,0,7,7
rmula,2,9,2,13
rmx,1,3,0,4
rn,85,129,191,405
rna,0,0,1,1
rnb,0,9,14,23
rnc,0,0,4,4
rnd,0,6,4,10
rnerueenmegugnevvgebejenejeiushebbeennskioeowhek,0,2,0,2
rnes,0,1,0,1
rng,10,21,20,51
rngesus,2,0,0,2
rngstone,1,0,0,1
rngstones,0,1,0,1
rnr,5,0,0,5
rns,0,0,6,6
rny,1,0,0,1
ro,32,177,141,350
roaccutane,1,0,12,13
roach,8,7,8,23
roaches,3,17,7,27
road,172,139,307,618
roadblock,1,0,4,5
roadblocks,0,0,3,3
roadhead,0,0,1,1
roadhog,0,0,3,3
roadie,1,3,0,4
roadies,0,2,0,2
roadkill,1,0,0,1
roadman,1,8,8,17
roadmap,0,5,13,18
roadmen,0,2,0,2
roads,21,0,33,54
roadside,1,6,5,12
roadsides,0,0,1,1
roadsign,5,1,0,6
roadster,0,1,0,1
roadtested,0,0,5,5
roadto,0,5,6,11
roadtrip,1,0,3,4
roadtrippin,0,0,1,1
roadway,1,0,0,1
roadways,0,2,0,2
roadworks,5,0,0,5
roadworthy,0,2,0,2
roaested,0,0,1,1
roald,0,0,2,2
roam,1,0,23,24
roamers,0,0,1,1
roaming,4,1,2,7
roams,1,0,0,1
roanoke,0,0,3,3
roar,1,2,14,17
roaring,0,12,1,13
roarke,0,1,0,1
roars,0,0,3,3
roast,40,48,93,181
roasted,18,53,41,112
roasteddddddd,0,5,0,5
roaster,0,1,5,6
roasting,11,11,35,57
roastlogical,0,1,0,1
roasts,0,2,11,13
roasty,0,2,0,2
roataing,0,0,7,7
roawter,0,0,2,2
rob,41,124,145,310
roba,0,4,0,4
robada,0,6,0,6
robado,0,8,0,8
robaldo,0,4,0,4
roban,0,6,0,6
robando,0,7,0,7
robandole,0,5,0,5
robar,0,3,0,3
robaste,0,1,0,1
robata,0,0,1,1
robb,3,1,0,4
robbbbb,0,6,0,6
robbed,29,25,15,69
robben,1,5,4,10
robbens,0,2,0,2
robber,1,6,6,13
robberbarrons,0,0,1,1
robberies,1,0,1,2
robberrr,0,1,0,1
robbers,3,3,6,12
robbery,14,8,16,38
robbie,48,129,178,355
robbies,0,11,0,11
robbiesellout,0,4,0,4
robbin,0,2,5,7
robbing,7,6,23,36
robbins,1,2,9,12
robbos,0,0,5,5
robby,1,10,1,12
robchapman,0,3,0,3
robe,11,10,18,39
robed,0,0,1,1
rober,0,2,0,2
robert,23,69,110,202
roberta,0,1,0,1
roberto,11,7,16,34
roberts,4,16,40,60
robertson,7,0,19,26
robertsspaceindustries,0,0,1,1
robes,0,1,3,4
robeson,0,2,0,2
robi,0,3,4,7
robie,0,0,1,1
robin,16,84,102,202
robinho,0,3,0,3
robinhood,0,0,1,1
robinons,0,0,1,1
robins,0,1,4,5
robinson,0,1,15,16
robinsons,5,1,0,6
robinul,1,0,0,1
robione,0,0,3,3
robisz,0,2,0,2
roblox,19,66,19,104
robo,2,17,4,23
roboconcerts,0,0,1,1
robocop,0,0,13,13
robocraft,0,1,0,1
roboferfie,0,4,0,4
robot,65,74,102,241
robota,0,6,0,6
robotech,0,2,0,2
roboter,2,0,0,2
robotic,22,0,17,39
roboticos,0,1,0,1
robotics,1,0,4,5
robotnic,0,0,4,4
robots,21,32,83,136
robs,4,4,9,17
robson,2,0,10,12
robust,2,0,3,5
robustness,0,0,1,1
robux,0,3,2,5
robyn,0,4,3,7
roc,0,3,2,5
roca,0,0,1,1
rocafella,0,2,0,2
roccat,0,1,2,3
rocco,0,1,0,1
roch,0,1,0,1
rocha,0,5,6,11
roche,0,0,15,15
rochelle,0,5,0,5
rocher,0,2,1,3
rochester,1,0,0,1
rock,355,715,1226,2296
rockabilly,0,1,0,1
rockanroll,0,2,0,2
rockcandy,0,0,1,1
rocke,0,1,0,1
rocked,14,11,48,73
rockefeller,3,9,9,21
rockeiro,0,4,0,4
rocken,0,0,4,4
rocker,0,19,15,34
rockera,0,1,0,1
rockerita,0,1,0,1
rockerjump,0,1,0,1
rockers,0,0,11,11
rocket,72,97,157,326
rocketed,0,0,1,1
rocketing,0,1,6,7
rocketjump,1,2,5,8
rocketman,0,1,0,1
rocketpower,0,3,0,3
rocketrump,0,1,0,1
rockets,8,13,37,58
rockfight,0,0,1,1
rockhold,28,22,41,91
rockier,0,0,1,1
rockin,4,32,23,59
rocking,15,71,134,220
rockinggg,0,6,0,6
rockinrio,0,1,0,1
rockk,0,1,0,1
rockkkk,0,1,0,1
rockmusic,0,1,0,1
rockn,0,0,1,1
rocknroll,0,0,3,3
rocko,0,0,5,5
rockocullen,1,0,0,1
rockon,0,1,0,1
rockpool,0,1,0,1
rockport,0,0,1,1
rockruff,6,0,12,18
rocks,39,107,130,276
rocksmith,0,1,0,1
rocksong,1,0,0,1
rocksss,0,1,0,1
rockstar,2,15,18,35
rockwell,1,0,3,4
rocky,7,26,20,53
rockz,0,0,3,3
rockzz,0,1,0,1
roclefeller,0,1,0,1
rocnation,0,0,2,2
roco,0,0,1,1
rod,17,9,44,70
rodage,4,0,0,4
rodan,0,6,5,11
rodando,0,1,0,1
rodania,2,0,0,2
roday,0,0,1,1
rodd,0,6,6,12
rodded,0,0,1,1
roddenberry,13,6,8,27
roddy,1,0,0,1
rode,11,8,21,40
rodeiguez,0,0,1,1
roden,0,4,10,14
rodent,3,1,7,11
rodents,0,0,1,1
rodeo,0,1,5,6
roderick,0,0,6,6
rodeside,1,0,0,1
rodger,1,4,1,6
rodgers,4,12,20,36
rodhem,0,0,1,1
rodhes,0,0,2,2
rodillas,0,4,0,4
rodman,1,0,0,1
rodney,0,0,11,11
rodrick,1,5,0,6
rodrigo,0,1,0,1
rodrigues,0,1,0,1
rodriguez,0,11,19,30
rods,0,6,9,15
rodzina,0,4,0,4
roe,0,16,7,23
roejsn,0,1,0,1
roes,0,1,0,1
roethlisberger,1,1,0,2
rof,1,0,0,1
rofl,5,0,81,86
roflmao,2,0,4,6
roflmfao,1,0,0,1
roflmfwao,1,0,0,1
roflol,0,0,1,1
rog,1,0,16,17
rogain,0,1,0,1
rogaine,0,1,0,1
rogan,32,55,27,114
rogans,2,0,2,4
roge,0,4,0,4
rogen,7,5,7,19
rogens,0,0,1,1
roger,11,15,34,60
rogergoodell,0,0,4,4
rogers,8,10,16,34
roght,0,1,0,1
rogosin,0,3,0,3
rogue,28,14,48,90
rogues,0,1,0,1
roh,2,2,17,21
rohadt,0,1,0,1
rohgmojf,0,2,0,2
rohingya,4,1,0,5
rohwedder,1,0,0,1
roi,0,5,2,7
roid,0,2,2,4
roided,0,0,1,1
roids,2,6,0,8
roidshold,0,4,0,4
roiland,1,13,3,17
roits,0,0,2,2
roja,0,7,3,10
rojas,0,2,0,2
rojo,8,21,9,38
rojooo,0,1,0,1
rojos,0,1,0,1
rokafallar,0,1,0,1
rokat,0,2,0,2
roker,0,0,3,3
rokia,0,2,0,2
roko,0,0,1,1
roku,0,6,3,9
rol,0,4,0,4
rola,1,27,1,29
rolaaaaaaaaaaaaaa,0,0,3,3
roland,2,1,11,14
rolas,0,1,0,1
rolce,0,1,0,1
role,133,79,474,686
roled,0,1,0,1
rolemoddel,0,0,1,1
rolemodel,0,0,3,3
roleplay,1,2,6,9
roleplayer,0,1,0,1
roleplaying,0,0,1,1
roleplays,1,0,1,2
roles,37,14,139,190
rolex,1,7,7,15
rolf,0,1,2,3
rolfe,5,2,4,11
roling,0,0,1,1
rolita,0,1,0,1
roll,174,210,381,765
rolla,0,1,0,1
rolle,0,1,0,1
rolled,28,39,51,118
roller,18,29,40,87
rollerblades,0,0,1,1
rollerblading,1,0,0,1
rollercoaster,5,6,12,23
rollercoster,0,1,1,2
rollers,0,1,8,9
rollerskates,0,1,0,1
rolles,0,0,3,3
rollie,0,4,5,9
rollin,9,22,12,43
rolling,65,114,179,358
rollinnnnnnnnnnnnnnnnnnnnnnn,0,1,0,1
rollinriches,0,0,1,1
rollins,0,8,6,14
rollliiiinnnnggggg,0,1,0,1
rollo,0,6,0,6
rollout,1,0,1,2
rolls,31,29,105,165
rollups,0,0,5,5
rolly,3,1,3,7
rolmodel,0,0,1,1
rolnaldo,0,0,1,1
rolona,0,1,0,1
rolononononononooooooon,0,1,0,1
rolota,0,4,0,4
rolph,0,0,1,1
rolstoel,0,1,0,1
rolyat,2,0,0,2
rom,11,17,16,44
roma,35,50,28,113
romain,0,0,1,1
romaji,0,1,1,2
romalu,0,0,1,1
roman,89,198,361,648
romana,0,0,1,1
romanatwood,3,4,6,13
romanatwoodvlogs,1,0,0,1
romance,12,26,51,89
romances,2,0,1,3
romancing,0,0,1,1
romancingthestone,0,1,0,1
romani,0,3,0,3
romania,6,8,29,43
romanian,2,6,10,18
romanisti,1,0,0,1
romanitcising,2,0,0,2
romanli,0,2,0,2
romano,0,1,0,1
romanov,3,3,1,7
romanovs,0,0,2,2
romans,38,19,66,123
romantic,14,10,58,82
romantica,0,1,0,1
romantically,2,5,5,12
romanticising,0,0,1,1
romanticism,0,0,1,1
romanticize,0,0,4,4
romanticized,0,0,3,3
romanticizing,0,0,11,11
romantiques,0,1,0,1
romarin,0,2,0,2
romario,0,5,3,8
romb,1,0,0,1
romcom,1,0,3,4
rome,11,11,53,75
romelu,0,11,3,14
romen,0,0,2,2
romenian,0,1,0,1
romeo,2,9,5,16
romer,0,0,1,1
romero,6,7,1,14
romewe,1,0,0,1
romi,0,1,0,1
romiley,0,0,6,6
romin,0,0,1,1
rommen,0,2,0,2
romney,4,0,0,4
romo,0,0,5,5
romor,0,1,0,1
romora,0,6,0,6
romoved,0,0,1,1
romp,6,0,0,6
rompe,0,11,0,11
romped,0,0,5,5
rompeme,0,1,0,1
rompen,0,2,0,2
romper,0,8,5,13
romperian,0,1,0,1
romperla,0,5,0,5
romperme,0,1,1,2
rompers,0,2,0,2
rompi,1,9,1,11
rompiendo,0,6,2,8
rompiendola,0,2,0,2
rompieron,1,3,1,5
rompio,1,3,0,4
rompiste,0,1,0,1
rompo,0,4,0,4
roms,4,16,21,41
romset,0,0,1,1
romulan,0,1,0,1
romulans,1,0,1,2
romwe,5,52,41,98
romy,0,0,12,12
ron,23,40,25,88
ronadhi,0,1,0,1
ronado,0,1,0,1
ronald,0,9,15,24
ronaldi,0,3,0,3
ronaldinho,1,10,12,23
ronaldinhonun,0,1,0,1
ronaldinos,0,1,0,1
ronaldk,0,0,1,1
ronaldo,51,311,228,590
ronaldoo,0,1,1,2
ronaldooo,0,0,1,1
ronaldoooo,0,1,1,2
ronaldooooo,0,1,0,1
ronaldos,0,1,3,4
ronaldoschoenen,0,1,0,1
ronan,0,3,1,4
ronaneduardo,0,0,1,1
ronanoke,0,0,2,2
roncero,6,0,0,6
rond,0,4,1,5
ronda,0,4,1,5
rondo,0,2,1,3
rondoue,0,1,0,1
roni,2,3,0,5
ronin,1,1,9,11
ronlado,0,1,0,1
ronnaldo,0,1,0,1
ronnie,8,30,0,38
ronny,0,1,2,3
ronowayy,0,1,0,1
ronpem,0,1,0,1
rons,1,12,7,20
ronson,0,0,1,1
ronx,0,2,0,2
roo,2,1,10,13
rooche,1,0,0,1
rood,1,1,0,2
roof,39,75,63,177
roofer,0,3,0,3
roofs,10,0,2,12
rooftop,1,1,9,11
rooftops,2,0,0,2
rooibos,0,0,6,6
rook,0,4,1,5
rookie,7,16,16,39
rookieboys,0,1,0,1
rookies,0,0,5,5
rooking,0,1,0,1
rooldoo,0,1,0,1
roolllerrr,0,1,0,1
roolllllllll,0,3,0,3
room,412,442,1232,2086
roomate,0,2,5,7
roomba,0,3,0,3
roomed,0,0,1,1
roomie,4,7,13,24
roomies,5,0,0,5
roomin,0,0,1,1
roommate,9,4,21,34
roommates,3,5,7,15
roompe,0,0,1,1
rooms,14,18,126,158
roomto,1,0,0,1
roomtour,0,0,3,3
roomy,0,5,12,17
rooney,0,8,13,21
rooneys,0,0,6,6
roony,1,0,0,1
rooof,1,0,0,1
rooolllliiinnn,0,1,0,1
rooom,1,0,0,1
roooocckkkk,0,5,0,5
roooockkkkkkk,0,5,0,5
rooooommm,0,0,1,1
rooooommmmm,0,1,0,1
roooooo,0,1,0,1
rooooooo,0,0,1,1
roooooooads,0,1,0,1
roooooooooooads,0,0,2,2
rooooooooooooooooooooooodrogggggggggggggggggggggoeryyyyyyyyyyyyydier,0,3,0,3
roooooooooooooooooooooooodrogggggggggggggggggggggdier,0,1,0,1
roooooooooooooooooooooooooodrogggggggggggggggggggggoeryyyyyyyyyyyyydier,0,3,0,3
roooose,0,1,0,1
roosa,0,0,2,2
roosevelt,1,5,0,6
roost,1,0,8,9
rooster,15,37,49,101
roosters,0,9,0,9
roosterteeth,0,3,8,11
root,28,23,129,180
rootbeer,0,1,0,1
rooted,4,1,18,23
rooter,8,33,2,43
rooters,0,4,0,4
rootin,0,0,1,1
rooting,8,39,52,99
roots,22,15,82,119
rootsbig,0,0,2,2
ropa,0,8,0,8
rope,22,28,74,124
roped,0,0,1,1
roper,0,1,0,1
ropes,8,1,4,13
ropey,6,0,1,7
roports,0,0,1,1
ropped,0,1,0,1
ropunzel,1,0,0,1
roque,0,2,0,2
ror,0,0,3,3
rordian,0,4,0,4
roreplays,0,1,0,1
rorey,0,0,8,8
rorqual,0,2,0,2
rorschart,0,4,0,4
rorthchild,0,1,0,1
rory,8,5,27,40
ros,0,15,1,16
rosa,6,5,25,36
rosaaaaaa,0,1,0,1
rosaana,0,0,1,1
rosacea,7,0,16,23
rosacia,0,0,3,3
rosalina,2,1,2,5
rosalinda,0,1,0,1
rosana,0,6,2,8
rosanna,3,61,41,105
rosannas,0,0,5,5
rosanne,0,0,2,2
rosario,0,7,2,9
rosary,19,0,3,22
roscoe,1,0,3,4
roscoexo,0,0,2,2
roscosmos,2,0,0,2
rose,23,1,614,638
roseanna,0,1,0,1
roseanne,0,1,1,2
rosearmy,0,1,0,1
roseberg,2,0,0,2
rosebud,2,0,7,9
roseburg,7,0,0,7
rosecea,0,0,8,8
rosed,0,0,1,1
rosegal,0,4,1,5
rosegold,1,0,2,3
rosehip,0,0,3,3
roseliane,0,1,0,1
rosemary,7,10,19,36
rosemead,0,1,0,1
rosemont,4,0,0,4
rosen,0,3,0,3
rosenberg,6,9,9,24
rosenburg,0,2,0,2
rosenfeld,0,0,1,1
rosenthal,0,0,3,3
rosepettifer,0,0,6,6
roses,41,36,65,142
rosetta,0,0,2,2
roseville,0,0,2,2
rosewe,0,0,1,1
rosewholesale,0,1,2,3
rosex,0,1,0,1
rosey,0,2,0,2
rosh,0,3,0,3
roshay,0,0,1,1
roshe,0,0,1,1
roshi,0,0,1,1
rosicare,0,0,1,1
rosicate,1,0,0,1
rosiconi,0,0,1,1
rosie,1,5,10,16
rosiet,0,3,0,3
rosino,0,1,0,1
rosling,0,0,1,1
ross,16,33,39,88
rossana,0,2,9,11
rossanna,0,1,0,1
rossdale,0,0,1,1
rossi,1,5,5,11
rossia,0,1,0,1
rossie,0,1,0,1
rosso,2,0,4,6
rosster,0,0,7,7
rost,1,0,0,1
rosted,0,0,2,2
roster,34,9,26,69
rosters,0,0,2,2
rosting,0,0,1,1
rosto,0,2,0,2
rostro,0,4,0,4
roswnberg,2,0,0,2
rosy,3,0,14,17
rot,18,26,19,63
rota,0,0,4,4
rotallt,1,0,0,1
rotary,0,4,2,6
rotate,6,8,46,60
rotated,2,2,9,13
rotates,2,2,10,14
rotating,4,10,16,30
rotation,9,0,41,50
rotations,0,0,2,2
rotator,0,0,1,1
rotavirus,2,0,0,2
rote,0,0,2,2
rotel,0,0,4,4
rotenberg,0,0,1,1
rotf,0,1,1,2
rotfl,1,6,1,8
rotflmao,0,0,6,6
rotflmfaool,0,1,0,1
roth,0,1,2,3
rothbard,0,0,2,2
rothchilds,0,2,0,2
rotherham,2,5,1,8
rothfuss,0,0,4,4
rothlisberger,0,3,0,3
rothschild,3,11,8,22
rothschilds,1,0,10,11
roti,1,0,1,2
rotisserie,6,0,4,10
rotita,0,1,0,1
rotitos,0,5,0,5
roto,2,7,0,9
rotor,0,1,9,10
rotos,0,29,0,29
rotoscoping,0,0,4,4
rotqte,0,0,1,1
rots,1,7,3,11
rotschild,0,0,1,1
rotten,12,13,15,40
rottentomatoes,0,2,2,4
rotterdam,0,3,0,3
rotting,3,6,9,18
rotto,1,1,0,2
rottr,0,0,1,1
rottweiler,0,4,0,4
roturas,0,4,0,4
rotwieler,1,0,0,1
rou,1,0,5,6
roubando,0,0,1,1
roubou,0,1,0,1
roucous,2,0,0,2
roudla,0,3,0,3
roudolf,2,0,0,2
rouge,9,12,32,53
rouges,5,0,0,5
rough,117,1,196,314
roughand,0,0,2,2
roughed,0,1,1,2
rougher,0,0,5,5
roughest,0,0,2,2
roughly,11,0,36,47
roughness,0,0,2,2
rouind,0,0,2,2
roulette,8,7,6,21
roulier,0,4,0,4
roumanian,0,2,0,2
round,318,6,369,693
roundabout,1,4,6,11
roundd,0,0,3,3
rounded,2,8,23,33
rounder,1,0,2,3
rounderwear,0,3,0,3
rounding,1,1,1,3
roundly,1,0,0,1
roundness,1,3,0,4
rounds,39,7,82,128
roundtable,0,1,1,2
roundtree,0,7,0,7
roundup,9,0,6,15
roundworms,0,0,1,1
roupa,0,1,0,1
rourke,13,1,3,17
rouse,0,1,0,1
rousenberg,0,1,0,1
rousey,0,0,1,1
rousseau,1,0,0,1
rousts,0,0,1,1
route,20,24,121,165
routed,4,0,4,8
router,9,18,20,47
routers,0,13,1,14
routes,1,0,33,34
routine,70,230,444,744
routineeeee,0,2,0,2
routinely,2,0,6,8
routines,2,11,50,63
routing,0,0,9,9
rouwan,0,5,0,5
rouwenhorst,0,0,4,4
roux,2,0,5,7
rouxasuorass,0,2,0,2
roval,1,0,0,1
rover,7,25,9,41
rovers,0,10,8,18
row,30,42,129,201
rowan,0,1,0,1
rowd,0,0,1,1
rowdy,4,5,1,10
rowell,0,0,3,3
rowem,0,1,0,1
rowena,0,1,0,1
rower,0,2,5,7
rowing,1,5,2,8
rowland,1,3,0,4
rowling,6,10,12,28
rowly,0,0,8,8
rowme,0,1,0,1
rows,0,1,6,7
rowter,0,4,0,4
roxanne,0,0,3,3
roxi,0,2,1,3
roxicodone,0,0,1,1
roxisaurous,2,0,0,2
roxxarus,0,2,0,2
roxxsaurus,3,3,0,6
roxxxy,0,1,0,1
roxy,8,1,25,34
roxyrixon,0,0,3,3
roy,10,20,44,74
royal,55,85,122,262
royale,31,21,18,70
royaleeeeeee,2,0,0,2
royally,1,0,6,7
royalmls,0,7,0,7
royals,3,1,10,14
royalties,8,13,3,24
royalty,11,8,23,42
royaltyhackers,0,0,2,2
royce,0,6,5,11
royden,1,0,0,1
roye,0,1,0,1
royle,0,5,0,5
royler,0,1,0,1
royobi,0,1,1,2
roz,0,0,3,3
rozes,0,1,0,1
rozmowie,0,5,0,5
rozpocz,0,2,0,2
rozszerzon,0,1,0,1
rozumia,0,2,0,2
rozumie,0,6,0,6
rozwaliliscie,0,1,0,1
rozwiali,3,0,0,3
rozy,0,0,1,1
rozzers,0,0,5,5
rp,0,2,1,3
rpdr,0,1,2,3
rpg,10,3,20,33
rpgs,1,0,0,1
rpic,0,1,0,1
rpk,0,3,4,7
rpm,0,1,16,17
rps,1,0,0,1
rptr,0,1,0,1
rpz,0,1,0,1
rq,0,0,1,1
rqst,1,0,0,1
rr,1,17,13,31
rract,0,3,0,3
rrain,0,1,0,1
rrally,0,1,0,1
rrd,0,2,0,2
rrdblocks,0,1,0,1
rrdblox,0,1,0,1
rrega,0,0,1,1
rrem,0,1,0,1
rrey,0,0,1,1
rrhof,0,0,1,1
rrkrk,0,4,0,4
rro,0,1,0,1
rrola,0,1,0,1
rrompio,0,2,0,2
rrotundo,0,1,0,1
rrr,1,0,0,1
rrrr,0,1,0,1
rrrreally,0,3,0,3
rrrreunite,0,2,0,2
rrrrgggggh,0,1,0,1
rrrrriiiiiiiicccckkk,0,1,0,1
rrrrrr,0,0,1,1
rrrrrraaaaaaiiiiiiiiiinnnnnnnnbowwwwwwwwwww,0,1,0,1
rrrrrreggaeton,0,1,0,1
rrrrrrico,0,1,0,1
rrrrrrrrrreal,0,1,0,1
rrrrrrrrrrrrrr,0,1,0,1
rrrrrrt,0,1,0,1
rrtard,0,1,0,1
rry,2,0,0,2
rs,2,23,15,40
rsan,0,2,0,2
rse,0,3,0,3
rself,5,0,0,5
rselo,0,1,0,1
rsenal,0,6,0,6
rsenta,0,1,0,1
rsgard,0,1,5,6
rshhmrsumrmus,0,0,1,1
rshill,0,3,0,3
rslag,0,1,0,1
rsppers,0,0,1,1
rsrs,0,2,5,7
rsrsrsrs,0,1,0,1
rsrsrsrsrs,0,1,0,1
rst,2,0,0,2
rstyle,0,5,0,5
rsvarets,0,0,3,3
rt,30,16,26,72
rtaa,0,8,0,8
rtc,0,2,0,2
rtese,0,1,0,1
rtete,0,0,1,1
rth,1,0,0,1
rthedonald,1,0,3,4
rthis,0,1,0,1
rtir,0,1,0,1
rtj,0,6,4,10
rtl,1,0,0,1
rts,1,0,0,1
rtudjfg,0,1,0,1
rtz,0,1,0,1
ru,2,9,15,26
rua,0,5,0,5
rub,26,73,120,219
ruba,0,2,0,2
rubato,0,1,0,1
rubbb,0,1,0,1
rubbbb,0,1,0,1
rubbed,17,2,22,41
rubber,22,31,85,138
rubberbands,0,0,5,5
rubberised,0,0,3,3
rubberized,0,0,2,2
rubbers,1,0,0,1
rubbery,0,0,3,3
rubbin,0,1,0,1
rubbing,7,14,61,82
rubbish,59,42,88,189
rubbishhhhhhhhhhhhhhhhhhhhhhh,0,1,0,1
rubble,5,0,4,9
rube,0,1,1,2
ruben,0,2,23,25
rubentus,0,5,0,5
rubery,0,0,8,8
rubia,0,6,3,9
rubicks,0,1,0,1
rubik,3,6,4,13
rubiks,0,3,2,5
rubin,1,1,1,3
rubino,0,3,0,3
rubinstein,1,0,0,1
rubio,0,2,3,5
rubish,3,0,0,3
rubix,0,4,0,4
rubixcube,1,1,4,6
rubrub,0,2,0,2
rubs,3,8,10,21
ruby,3,10,17,30
rucha,0,6,0,6
ruck,0,0,2,2
rucker,0,5,1,6
rucksack,0,0,7,7
rucksacks,0,0,4,4
ruckus,2,0,0,2
rud,16,0,0,16
rudabeh,0,0,2,2
rudd,0,11,4,15
rudder,37,2,60,99
rudderless,0,7,0,7
ruddy,0,0,7,7
rude,317,0,253,570
rudeboi,0,5,0,5
rudee,0,1,0,1
rudeee,0,4,0,4
rudeeee,0,1,0,1
rudeeeeeeee,0,1,0,1
rudeeeeeeeeee,0,1,0,1
rudely,3,0,3,6
rudeness,1,2,0,3
ruder,0,0,5,5
rudest,0,0,1,1
rudi,0,4,12,16
rudiger,22,10,7,39
rudimental,0,8,36,44
rudimentary,2,0,6,8
rudimick,0,0,6,6
ruditch,0,1,0,1
rudnik,0,1,0,1
rudolf,2,0,0,2
rudolph,0,0,2,2
ruduebr,0,0,2,2
rudy,15,62,120,197
rudys,0,0,2,2
rudyy,0,1,0,1
rudyyyyyyyy,0,1,0,1
rue,0,5,2,7
rueben,0,1,0,1
rueda,0,1,0,1
ruediger,0,0,8,8
rufe,0,1,0,1
ruff,4,3,6,13
ruffian,0,3,0,3
ruffin,0,0,1,1
ruffle,0,5,14,19
ruffled,0,0,6,6
ruffles,1,0,0,1
ruffling,0,2,0,2
ruffwear,0,0,5,5
rufian,0,6,0,6
rufr,0,0,1,1
rufus,0,1,0,1
rug,6,25,20,51
rugaeverioloieqrterqi,1,0,0,1
rugawakataikiwakurai,0,1,0,1
rugby,15,6,20,41
rugged,0,0,6,6
ruggeri,0,2,0,2
ruggish,2,0,2,4
rugish,0,0,1,1
rugnummer,0,1,0,1
rugrat,0,0,1,1
rugrats,0,4,0,4
rugs,0,6,3,9
ruhig,0,2,0,2
ruik,0,2,0,2
ruim,0,10,10,20
ruin,143,64,175,382
ruination,1,0,0,1
ruined,146,122,224,492
ruiner,0,0,2,2
ruining,67,42,77,186
ruiningitfortherestofus,0,0,1,1
ruins,100,1,44,145
ruj,0,1,0,1
ruklrlry,0,1,0,1
rulaya,0,1,0,1
rule,109,96,170,375
rulebook,0,1,0,1
ruled,11,2,22,35
ruler,28,36,63,127
rulercake,0,1,0,1
rulers,7,1,5,13
rules,55,71,217,343
rulessss,0,0,1,1
rulesssss,0,1,0,1
ruling,7,1,13,21
ruller,0,2,0,2
rully,0,1,0,1
rultin,0,0,1,1
rulz,0,6,0,6
rum,4,16,40,60
rumba,0,1,0,1
rumbas,0,1,0,1
rumble,6,4,44,54
rumbles,2,0,0,2
rumbling,10,2,0,12
rumeni,0,1,0,1
rumenigge,0,3,0,3
ruminating,1,0,0,1
rummage,0,1,0,1
rummored,0,0,1,1
rummy,3,0,0,3
rumo,0,6,2,8
rumoaohexa,0,4,0,4
rumor,1,6,8,15
rumored,0,0,3,3
rumors,9,9,33,51
rumour,0,14,1,15
rumoured,0,3,0,3
rumours,19,0,7,26
rump,3,0,6,9
rumpelstiltskin,0,3,0,3
rumsfeld,3,0,4,7
run,471,425,1254,2150
runaway,12,41,19,72
runaways,0,0,8,8
runchy,3,0,0,3
runcommand,1,0,0,1
runderwear,0,0,3,3
rundown,5,0,3,8
rundowns,1,0,0,1
rune,0,1,3,4
runed,1,0,0,1
runers,0,0,1,1
runes,0,0,1,1
runescape,0,2,2,4
runforthecube,1,0,0,1
rung,1,0,3,4
rungs,2,0,2,4
runing,2,0,0,2
runmedry,0,1,0,1
runned,1,4,1,6
runnels,1,0,0,1
runner,76,154,404,634
runners,6,2,12,20
runnier,0,1,0,1
runnin,5,0,2,7
running,363,233,587,1183
runnings,0,0,1,1
runnireloadit,0,1,0,1
runnning,0,0,2,2
runnnnn,1,0,0,1
runnnnnnnnn,0,0,1,1
runny,11,3,4,18
runoff,0,0,3,3
runs,112,81,196,389
runtime,1,0,4,5
runup,0,0,4,4
runway,12,21,42,75
runways,3,0,11,14
ruok,0,0,1,1
ruolo,0,5,0,5
ruoy,0,6,0,6
rup,0,0,1,1
rupal,2,0,0,2
rupaul,29,10,21,60
rupauls,11,0,1,12
rupee,0,0,1,1
rupees,0,1,0,1
rupert,1,0,11,12
rupi,0,0,2,2
rupret,0,3,0,3
ruptura,0,1,0,1
rupture,0,0,2,2
ruptured,3,0,0,3
rupual,0,1,0,1
rural,18,6,71,95
rurn,0,0,1,1
rurouni,4,0,0,4
rus,0,0,4,4
ruse,0,0,1,1
rusev,0,0,1,1
rush,25,39,82,146
rusha,0,2,0,2
rushden,0,6,11,17
rushed,9,4,70,83
rushes,0,0,11,11
rushian,0,1,0,1
rushing,18,8,31,57
rushmore,0,1,3,4
rushy,0,1,0,1
rusia,0,19,12,31
ruskies,0,0,6,6
ruso,0,2,0,2
rusosky,0,5,0,5
ruspen,0,1,0,1
ruspin,0,4,0,4
russ,5,5,6,16
russe,0,1,3,4
russel,9,11,29,49
russell,48,56,113,217
russells,0,0,1,1
russia,105,161,262,528
russiaa,0,1,0,1
russian,119,118,195,432
russians,51,29,41,121
russkies,0,1,0,1
russo,0,1,0,1
russoa,0,0,1,1
rust,6,30,21,57
rustard,0,11,0,11
rustardy,0,0,9,9
rusted,8,0,6,14
rusterballpit,0,1,0,1
rustic,0,0,1,1
rustig,1,0,0,1
rustin,4,1,6,11
rustled,0,0,1,1
rustling,5,2,2,9
rusts,0,0,1,1
rusty,4,18,16,38
rut,0,7,15,22
rutger,0,0,1,1
rutgers,0,1,0,1
ruth,2,8,8,18
ruthless,26,0,8,34
ruthlessly,1,0,0,1
ruthlessness,0,0,8,8
ruto,0,0,1,1
rutten,0,0,1,1
ruud,0,0,5,5
ruuude,0,2,0,2
ruuum,0,1,0,1
ruuuude,0,1,1,2
ruuuudee,0,1,0,1
ruuuuuuuuuuuuuuddee,0,0,1,1
ruxin,0,9,1,10
rv,4,2,1,7
rva,0,0,2,2
rvb,0,7,0,7
rven,0,0,1,1
rvp,0,0,2,2
rvug,0,3,0,3
rw,0,4,5,9
rwb,0,0,4,4
rwby,0,15,18,33
rwd,0,1,0,1
rwmnit,0,2,0,2
rx,2,5,16,23
rxrqz,0,3,0,3
ry,0,10,8,18
ryan,88,362,282,732
ryanair,1,0,4,5
ryanlox,0,6,0,6
ryann,0,1,0,1
ryanrafael,0,0,27,27
ryans,1,1,8,10
ryanstagram,0,0,1,1
ryback,4,0,0,4
rybalskii,0,1,0,1
rybbing,0,1,0,1
rybka,0,1,6,7
rych,0,2,0,2
ryde,0,1,0,1
ryden,0,8,2,10
ryder,1,8,5,14
ryders,0,0,1,1
rye,8,9,14,31
ryem,1,0,0,1
ryhad,0,1,0,1
ryhme,0,1,0,1
ryhmed,1,0,0,1
ryhmes,1,1,0,2
ryis,0,1,0,1
ryiy,0,1,0,1
ryker,1,0,3,4
rylan,0,1,1,2
ryland,4,11,28,43
rylands,0,0,1,1
ryler,1,0,0,1
ryman,0,0,7,7
rymann,1,0,0,1
ryme,0,2,2,4
rymi,0,2,0,2
ryming,1,0,1,2
ryn,1,0,0,1
ryo,0,0,3,3
ryobi,2,10,15,27
ryori,0,8,0,8
ryse,0,0,16,16
rysningar,0,1,0,1
ryszard,0,0,6,6
rythem,0,0,1,1
rythm,1,3,6,10
rythme,0,0,2,2
rythms,0,0,1,1
rythum,0,1,0,1
rythym,0,0,1,1
rytmu,0,1,0,1
ryu,14,12,12,38
ryuga,0,1,0,1
ryuk,0,1,6,7
ryuko,0,2,0,2
ryuu,0,1,0,1
ryuuuuuuuuuuuuuu,1,0,0,1
ryx,0,3,0,3
ryyan,0,0,1,1
ryzen,2,2,3,7
rza,40,15,21,76
rzad,0,1,0,1
rzecz,0,3,0,3
rzgesackt,0,1,0,1
rzr,0,0,2,2
rzucaj,0,2,0,2
rzy,0,11,0,11
sa,10,78,44,132
saaaaaaaaaaad,0,2,0,2
saaaaaaaaaake,0,1,0,1
saaaaaaaaammmmmmm,0,1,0,1
saaaaaaah,0,0,2,2
saaaaaammm,0,0,6,6
saaaaaanaaaaaa,0,1,0,1
saaaaaauauuauuauace,0,0,6,6
saaaaammmmmeeeeeeeee,0,0,2,2
saaaad,0,0,1,1
saaaame,0,2,3,5
saaaaved,0,1,0,1
saaaid,0,0,1,1
saaame,0,0,1,1
saaammm,0,1,0,1
saaauuuuucceeeee,0,1,0,1
saaay,1,0,0,1
saad,0,0,3,3
saaf,0,1,0,1
saagar,0,4,0,4
saan,0,3,0,3
saand,0,0,1,1
saar,0,1,0,1
saaresto,0,0,1,1
saarsgard,0,0,1,1
saat,0,3,3,6
sab,0,2,10,12
sabado,2,0,0,2
sabagay,0,3,0,3
sabah,2,0,1,3
saban,0,0,2,2
sabana,0,1,2,3
sabar,0,2,0,2
sabastion,0,0,1,1
sabatage,5,0,0,5
sabaton,0,4,0,4
sabbath,1,0,13,14
sabby,0,8,3,11
sabe,0,71,7,78
sabem,0,4,0,4
sabemos,0,1,0,1
saben,2,39,1,42
sabendo,0,3,0,3
saber,6,15,13,34
sabers,0,0,2,2
sabes,0,25,0,25
sabi,0,0,5,5
sabia,0,16,0,16
sabias,0,1,0,1
sabidur,0,2,0,2
sabiendo,0,4,0,4
sabine,0,0,5,5
sabio,0,1,0,1
sabko,0,1,0,1
sable,0,0,5,5
sablet,0,0,2,2
sabne,0,2,0,2
sabor,1,4,0,5
sabores,0,0,2,2
saboskirt,0,3,0,3
sabot,1,0,0,1
sabotage,1,8,14,23
sabotaged,1,0,12,13
sabotages,0,0,3,3
sabotaging,6,0,2,8
saboteurs,1,0,0,1
sabra,0,1,0,1
sabran,0,2,0,2
sabretooth,0,0,1,1
sabri,0,3,0,3
sabribri,0,1,0,1
sabrina,11,95,190,296
sabrinaa,0,1,2,3
sabrinaaa,0,0,1,1
sabrinaaaa,0,0,4,4
sabrinaaaaa,0,0,1,1
sabrinaaaaaa,0,1,0,1
sabrinaaaaaaa,0,1,0,1
sabrinacarpender,0,2,0,2
sabrinacarpenterfan,0,0,1,1
sabrinnaaaaaaa,0,0,1,1
sabrosa,0,1,0,1
sabroso,0,1,0,1
sabrosura,0,2,0,2
sabs,0,2,2,4
sabskrib,0,1,0,1
sabz,0,0,1,1
sac,4,1,4,9
saca,0,9,0,9
sacachispas,0,10,0,10
sacado,0,5,1,6
sacan,6,2,0,8
sacando,0,4,0,4
sacar,0,12,0,12
sacara,0,4,0,4
sacaran,0,1,0,1
sacarla,0,1,0,1
sacarle,0,3,0,3
sacarme,0,4,0,4
sacarnos,0,6,0,6
sacaron,0,3,0,3
sacas,0,4,0,4
sacaste,0,10,1,11
saccenti,0,0,1,1
saccharine,0,0,1,1
sacco,0,2,0,2
saccone,1,1,11,13
sacconejoly,5,5,15,25
sacconejolys,4,0,11,15
sace,0,0,1,1
sacha,0,7,1,8
sache,0,1,1,2
sachez,0,4,0,4
sachini,0,0,6,6
sachs,1,6,18,25
sachsen,0,4,0,4
sachumo,0,1,0,1
sack,54,43,45,142
sackable,4,0,0,4
sacked,6,33,40,79
sacking,1,6,0,7
sacks,8,2,5,15
sackthecoalburners,0,1,0,1
saco,0,7,2,9
saconyjolys,8,0,0,8
sacramento,1,2,9,12
sacred,18,6,29,53
sacrifice,17,15,63,95
sacrificed,11,3,26,40
sacrifices,12,6,23,41
sacrificial,2,1,1,4
sacrificied,4,0,0,4
sacrificing,11,3,6,20
sacrificying,0,0,1,1
sacrified,0,2,0,2
sacrifises,0,2,0,2
sacriledge,0,0,1,1
sacrilegious,0,1,0,1
sactually,0,0,1,1
sad,2387,137,1374,3898
sadam,2,0,0,2
sadar,0,0,1,1
sadboys,0,2,0,2
sadd,0,0,1,1
saddam,0,1,5,6
saddd,1,1,2,4
sadddd,0,4,0,4
sadddddddd,0,6,0,6
sadden,0,0,2,2
saddend,0,0,1,1
saddened,1,1,15,17
saddening,1,0,3,4
saddens,0,9,15,24
sadder,1,1,5,7
saddest,11,21,39,71
saddle,3,1,4,8
saddles,0,1,0,1
saddly,1,0,0,1
saddness,3,0,0,3
sade,3,1,7,11
sadece,0,2,0,2
sadfckin,1,0,0,1
sadie,0,0,7,7
sadik,6,6,0,12
sadio,0,6,0,6
sadioos,2,0,0,2
sadiq,20,9,9,38
sadist,4,1,3,8
sadista,0,1,0,1
sadistic,2,3,9,14
sadists,4,1,3,8
sadjan,5,0,0,5
sadjoe,0,1,0,1
sadler,1,0,1,2
sadly,144,2,217,363
sadness,50,13,76,139
sado,0,2,0,2
sadomasochistic,0,0,1,1
sadowsky,0,1,0,1
sads,0,4,0,4
sae,0,6,0,6
saeed,0,0,1,1
saenggakdo,0,1,0,1
saenggakhaneun,0,1,0,1
saenggin,0,0,1,1
saenggyeoseo,0,1,0,1
saens,0,1,0,1
saeran,0,1,1,2
saeroun,0,1,0,1
saf,19,52,123,194
safadinha,0,1,0,1
safani,0,0,1,1
safaree,0,0,1,1
safari,0,0,9,9
safaris,0,2,5,7
safaxy,0,1,0,1
safc,6,0,0,6
safe,135,4,812,951
safeco,5,0,1,6
safeguard,0,0,2,2
safeguardyoursoul,0,0,4,4
safelite,0,1,0,1
safely,10,0,63,73
safeor,0,1,0,1
safer,36,7,49,92
safes,4,0,0,4
safespaces,5,0,0,5
safest,5,1,13,19
safeties,0,0,1,1
safety,25,47,171,243
saff,0,12,38,50
safff,0,1,1,2
saffffffffffffffffffff,0,1,0,1
saffold,0,0,2,2
saffron,0,34,85,119
saffrons,0,1,0,1
saffs,0,0,7,7
safi,0,1,0,1
safia,2,1,0,3
safiya,13,40,85,138
safiyaaa,0,0,1,1
safiyahs,0,2,0,2
safiyaisrunningoutofideas,0,2,0,2
safiyas,0,2,0,2
safiyya,0,0,3,3
saflar,0,3,0,3
safron,0,0,1,1
safs,0,2,3,5
saft,0,1,3,4
saftey,0,0,1,1
safty,0,0,3,3
safya,0,0,1,1
safyia,0,0,1,1
sag,2,9,5,16
saga,2,10,29,41
sagan,0,1,6,7
sagarraus,0,0,1,1
sagas,0,2,1,3
sagat,1,6,2,9
sage,13,2,31,46
sagely,0,0,1,1
sages,1,0,3,4
saget,3,0,9,12
sagging,1,0,13,14
saggy,3,1,14,18
sagit,0,0,4,4
sagittarius,0,0,1,1
sagoyi,0,3,0,3
sags,0,0,3,3
sah,0,1,0,1
saha,0,1,0,1
sahanizda,0,1,0,1
sahara,3,9,16,28
saharah,0,0,3,3
saharan,1,0,4,5
sahas,0,1,0,1
sahid,0,0,1,1
sahko,4,0,0,4
sahnesi,0,2,0,2
sai,0,4,1,5
said,2232,1657,4668,8557
saiddun,0,0,1,1
saids,1,0,3,4
saif,0,0,1,1
saiful,0,0,1,1
saifya,0,1,0,1
saigne,1,0,0,1
saika,0,1,0,1
sail,1,22,13,36
sailboat,0,0,6,6
sailboats,0,0,1,1
sailed,7,1,1,9
sailer,0,1,2,3
sailing,1,15,12,28
sailling,0,1,0,1
sailng,0,0,3,3
sailor,3,15,10,28
sailors,2,0,0,2
sailplanes,0,0,1,1
sails,1,4,2,7
saindo,0,1,0,1
saine,1,0,0,1
saing,2,0,0,2
sainsbury,0,5,20,25
sainsburys,0,4,0,4
saint,17,29,35,81
saintest,0,2,0,2
saints,5,7,35,47
sair,0,2,0,2
sais,2,14,7,23
saisie,0,1,0,1
saison,1,7,10,18
saisons,0,1,0,1
sait,0,8,4,12
saitama,1,19,2,22
saith,2,0,16,18
saiti,0,1,0,1
saito,1,0,0,1
saiu,0,0,4,4
saiyan,1,2,1,4
saiyans,0,0,2,2
sajdcjfv,0,3,0,3
sak,0,0,1,1
sake,114,56,204,374
saken,0,1,0,1
sakes,8,0,9,17
sakha,2,0,0,2
sakhat,0,1,0,1
sakho,8,12,13,33
sakhos,4,0,0,4
saki,0,7,0,7
sakila,0,1,0,1
sakin,0,2,0,2
sakira,0,3,0,3
sakit,0,1,1,2
saks,5,0,0,5
sakso,0,3,0,3
sakura,1,7,0,8
saky,0,1,0,1
sal,1,0,2,3
sala,0,3,0,3
salaam,0,0,1,1
salabat,0,0,2,2
salad,14,30,99,143
salads,0,5,13,18
salady,0,2,0,2
salafism,0,1,0,1
salah,6,33,51,90
salahe,1,0,0,1
salak,0,4,0,4
salaklar,0,1,0,1
salam,0,6,5,11
salamander,0,3,0,3
salamat,0,1,1,2
salami,0,4,0,4
salams,0,0,7,7
salamu,0,0,1,1
salarian,2,0,2,4
salaried,0,0,3,3
salaries,17,2,14,33
salario,0,3,0,3
salary,17,7,42,66
salavtion,0,0,1,1
salazar,1,2,6,9
saldana,0,0,1,1
saldr,0,5,0,5
saldra,0,1,0,1
saldran,0,1,0,1
sale,26,101,240,367
salem,0,1,3,4
salems,0,0,2,2
salen,1,15,0,16
sales,43,16,137,196
salesman,3,8,3,14
salesmen,0,1,2,3
salespeople,0,4,0,4
salet,0,0,1,1
salford,0,0,8,8
salga,1,8,2,11
salgan,0,4,0,4
sali,0,13,2,15
salice,0,5,7,12
saliceeeee,0,1,0,1
saliceeeeeee,0,1,0,1
salicylic,0,0,6,6
salida,0,2,0,2
salido,0,1,0,1
saliera,0,1,0,1
salieron,0,11,0,11
salih,0,2,0,2
saliiiiice,0,1,0,1
salinas,0,1,7,8
saline,1,0,0,1
salinger,0,0,1,1
salio,0,11,1,12
salir,1,28,1,30
salis,0,0,1,1
salisbury,0,0,7,7
saliste,0,1,0,1
salite,0,1,0,1
saliva,1,6,8,15
salivate,0,0,4,4
salivated,0,0,1,1
salivating,1,5,8,14
salka,0,1,0,1
sall,0,1,1,2
sallie,0,0,1,1
salling,0,1,1,2
sallinger,0,0,1,1
sallllt,0,1,0,1
sally,6,25,34,65
salma,0,2,1,3
salman,0,1,4,5
salmon,0,5,15,20
salmonela,0,0,1,1
salmonella,8,9,5,22
salo,0,1,0,1
salomon,0,0,6,6
salon,10,24,49,83
salons,0,1,1,2
saloon,0,0,1,1
salsa,14,13,37,64
salt,60,59,195,314
salta,0,2,0,2
saltan,0,1,0,1
saltchenko,0,0,3,3
salted,1,7,12,20
salter,0,0,1,1
saltine,0,1,0,1
saltiness,0,0,1,1
saltos,0,2,0,2
salts,4,12,2,18
saltshaker,0,0,1,1
saltwater,0,3,1,4
salty,28,45,99,172
salu,0,1,0,1
saludame,0,3,0,3
saludito,0,1,0,1
saluditos,1,0,0,1
saludo,0,16,1,17
saludos,5,136,23,164
salut,3,7,1,11
salutami,0,1,0,1
salutate,0,1,0,1
salute,27,53,85,165
salutes,0,4,1,5
saluting,2,7,1,10
salution,0,0,1,1
saluto,0,1,0,1
salv,0,3,0,3
salva,1,6,0,7
salvador,0,2,3,5
salvadorians,1,0,0,1
salvadorrrrr,0,1,0,1
salvage,0,0,10,10
salvageable,1,0,3,4
salvaging,0,0,3,3
salvaje,0,10,3,13
salvajes,0,1,3,4
salvajismo,0,1,0,1
salvar,0,2,0,2
salvation,10,2,55,67
salvato,0,1,0,1
salve,1,7,4,12
salved,0,0,1,1
salveremo,0,5,0,5
salvezza,0,5,0,5
salvi,6,0,0,6
salvia,1,2,1,4
salvou,0,1,0,1
salwa,0,1,0,1
salwar,0,1,0,1
salzburg,0,0,5,5
sam,152,275,1034,1461
sama,1,15,1,17
samahnthah,0,1,0,1
saman,0,1,0,1
samantha,62,40,60,162
samanthabee,0,7,0,7
samantharhose,0,0,1,1
samara,0,2,1,3
samarco,0,2,0,2
samaria,0,9,0,9
samario,0,2,0,2
samaritan,0,0,4,4
samaritans,0,0,1,1
samatha,6,0,0,6
samba,0,0,3,3
samberg,0,0,2,2
sambo,0,3,6,9
sambos,0,1,0,1
sambothebassist,0,0,1,1
sambranson,0,6,0,6
samd,0,0,1,1
samdwedge,0,0,1,1
same,2313,1997,6037,10347
samedi,0,0,7,7
sameee,0,4,2,6
sameeee,0,5,1,6
sameeeee,0,1,0,1
sameeeeee,0,1,1,2
samego,0,2,0,2
samelessfenty,0,0,1,1
samely,0,0,1,1
samen,0,4,0,4
sameness,2,0,0,2
sameone,1,0,0,1
sametaime,0,1,0,1
samethe,6,0,0,6
samething,0,0,10,10
sametime,0,2,1,3
samgsung,1,0,0,1
samgyeopsal,0,0,1,1
samham,0,3,3,6
sami,0,1,7,8
samislid,1,0,0,1
sammeee,0,4,0,4
sammi,27,30,200,257
sammicatchup,0,0,6,6
sammiches,0,0,1,1
sammie,0,0,9,9
sammm,0,3,0,3
sammmm,0,1,0,1
sammmmm,0,0,1,1
sammmmmm,0,4,0,4
sammy,5,11,88,104
sammyclassicsonicfan,0,5,0,5
sammydress,0,2,1,3
samnyang,0,1,0,1
samoa,0,1,0,1
samoan,5,0,18,23
samoas,0,5,0,5
samofella,0,1,0,1
samoled,0,0,1,1
samolia,3,0,0,3
samonella,1,1,0,2
samoocena,0,2,0,2
samoocene,0,2,0,2
samos,0,0,2,2
samothraki,0,0,3,3
sampah,0,8,0,8
sampai,0,3,0,3
sampiyon,0,1,0,1
sampiyonlar,0,2,0,2
sampiyonluk,0,2,0,2
sampiyonu,0,1,0,1
sample,36,47,111,194
sampled,4,5,15,24
sampler,0,4,1,5
samples,18,4,51,73
samplimg,0,1,0,1
sampling,3,8,17,28
samplingrate,0,0,2,2
sampson,8,1,45,54
sampsons,4,0,0,4
sams,4,4,16,24
samsang,0,1,0,1
samsmith,0,2,0,2
samsmithcomeback,0,1,0,1
samson,0,4,3,7
samsoung,0,1,0,1
samsum,0,0,1,1
samsumg,0,0,3,3
samsung,116,156,317,589
samsunggggg,0,1,0,1
samsungs,0,0,6,6
samtidigt,0,1,0,1
samtime,0,6,2,8
samu,0,1,0,1
samuel,1,11,17,29
samuelharrisonx,0,1,0,1
samuelson,0,4,1,5
samuelsson,3,2,3,8
samung,0,0,3,3
samurai,12,12,41,65
samurais,0,4,0,4
samus,0,0,1,1
samwell,0,11,1,12
samwise,0,3,0,3
samy,0,0,4,4
samyang,1,7,8,16
samyangnya,0,3,0,3
samym,0,2,0,2
san,44,75,122,241
sana,9,68,35,112
sanah,0,3,0,3
sanatizer,0,8,5,13
sanches,0,0,4,4
sanchez,22,57,113,192
sanctified,13,0,3,16
sanctimonious,6,1,1,8
sanctimoniously,0,0,4,4
sanction,0,6,1,7
sanctioned,1,0,0,1
sanctions,0,0,1,1
sanctity,0,0,5,5
sanctuary,6,0,3,9
sand,39,38,52,129
sandal,0,11,1,12
sandals,11,11,20,42
sandas,0,1,0,1
sandbagged,1,0,0,1
sandbox,0,5,4,9
sandd,0,2,0,2
sande,0,0,2,2
sander,0,5,0,5
sanders,12,35,27,74
sanderson,5,5,4,14
sandeul,0,1,2,3
sandford,1,0,0,1
sandhurst,1,0,0,1
sandi,0,3,6,9
sandin,0,2,0,2
sandler,9,28,46,83
sandlers,0,2,0,2
sandles,0,0,1,1
sandlewood,0,0,2,2
sandlot,0,1,2,3
sandman,0,0,2,2
sandniggers,1,0,0,1
sandpaper,0,1,0,1
sandra,1,6,23,30
sandro,0,12,1,13
sands,0,8,0,8
sandstone,2,0,0,2
sandstorm,0,3,0,3
sandstorms,0,0,1,1
sandu,0,1,0,1
sanduel,0,0,1,1
sanduuuuu,0,1,0,1
sandvich,0,16,0,16
sandwhich,3,1,3,7
sandwhiches,0,0,1,1
sandwich,25,42,88,155
sandwiches,3,14,28,45
sandwitch,1,1,1,3
sandy,6,14,29,49
sane,30,33,55,118
saner,0,0,4,4
saneun,0,1,0,1
sanfer,0,1,0,1
sanford,0,1,0,1
sanfrancisco,1,0,0,1
sanfransokyo,1,0,0,1
sang,56,78,212,346
sangat,0,1,1,2
sanged,0,0,3,3
sangggggg,0,0,1,1
sangin,0,0,2,2
sangkut,0,0,1,1
sangrando,0,2,0,2
sangre,0,4,0,4
sangree,0,5,0,5
sangria,0,2,0,2
sangster,0,1,0,1
sangsung,0,0,3,3
sangue,0,1,0,1
sangwitch,0,1,0,1
sanic,0,8,10,18
sanitarium,0,1,0,1
sanitary,3,1,6,10
sanitas,0,0,1,1
sanitation,0,3,0,3
sanitize,5,0,3,8
sanitized,0,3,0,3
sanitizer,0,1,5,6
sanitizing,0,1,0,1
sanity,7,7,11,25
sanji,0,1,0,1
sank,2,2,18,22
sankaku,0,0,1,1
sanke,0,2,0,2
sanne,0,5,41,46
sanneeeeee,0,0,2,2
sanneproi,0,0,2,2
sanogo,0,0,8,8
sanpellegrino,0,3,0,3
sans,9,26,14,49
sansa,11,6,1,18
sansin,0,4,0,4
sansinlar,0,2,0,2
sanskrit,0,0,6,6
sansli,0,1,0,1
sansur,0,2,0,2
santa,29,78,69,176
santacruz,0,0,2,2
santana,0,4,3,7
santas,0,0,1,1
santayana,0,4,0,4
santel,0,0,2,2
santens,0,1,0,1
santeria,0,0,2,2
santiago,0,2,0,2
santiano,0,0,1,1
santo,7,6,7,20
santorin,0,0,2,2
santorinh,0,1,0,1
santorini,17,10,179,206
santoro,0,1,4,5
santorum,0,0,2,2
santos,0,8,7,15
sanvers,0,0,4,4
sanz,0,9,0,9
sao,0,16,1,17
saoirse,0,1,0,1
saor,0,0,5,5
saos,0,1,0,1
saosnya,0,1,0,1
sap,4,2,7,13
sapania,0,3,0,3
sapatao,0,1,0,1
sapatona,0,1,0,1
sapcefights,0,0,2,2
sapcex,0,7,0,7
sapendo,0,3,0,3
saphora,0,0,1,1
sapiean,0,0,1,1
sapiens,3,0,7,10
sapiosexual,0,1,1,2
sapkaya,0,4,0,4
sapkowski,0,0,2,2
sapkowskiego,0,3,0,3
sapling,0,0,1,1
sapnu,0,0,1,1
sapochnik,0,1,0,1
sapolsky,0,0,5,5
saporra,0,5,0,5
sapos,0,5,0,5
sapp,0,4,0,4
sapper,0,0,6,6
sapphire,14,11,52,77
sapphires,0,2,0,2
sappho,0,2,3,5
sappy,0,0,2,2
saps,3,0,3,6
saquen,1,4,0,5
sar,1,3,1,5
sara,10,11,33,54
sarabeautycorner,0,1,0,1
saracens,0,1,1,2
sarah,51,80,190,321
sarahah,0,1,0,1
sarahastomanyfans,0,1,0,1
sarahbeautycorner,0,1,3,4
sarahs,0,0,3,3
sarajevo,0,0,1,1
sarandi,0,2,0,2
sarandon,0,7,6,13
sarang,0,3,0,3
sarange,0,0,1,1
saranghae,1,10,9,20
saranghaeess,0,0,1,1
saranghaesvt,0,1,0,1
saranghaeyo,0,7,1,8
saranghe,0,0,2,2
sarangheo,0,1,0,1
sarangheyo,0,1,0,1
sarania,0,0,1,1
saranno,0,6,0,6
sarap,0,4,0,4
sarasota,2,0,0,2
sarbear,0,0,2,2
sarcam,0,0,2,2
sarcasim,1,0,0,1
sarcasm,42,25,54,121
sarcasmness,0,0,1,1
sarcasmo,0,1,0,1
sarcastic,19,2,74,95
sarcastically,2,2,1,5
sarcatic,0,0,1,1
sarcophagus,0,0,1,1
sardines,0,0,21,21
sardonic,0,0,1,1
sarebbe,0,10,1,11
sarede,0,1,0,1
saremo,0,0,1,1
sarete,0,0,1,1
sargassum,1,0,0,1
sarge,0,0,1,1
sargeant,0,1,0,1
sargent,4,0,0,4
sargon,0,0,5,5
saria,0,2,0,2
sarin,0,1,0,1
sarina,0,23,1,24
sarisfied,0,0,1,1
sarissa,0,0,2,2
sarkar,0,10,0,10
sarkeesian,0,1,2,3
sarkesian,2,0,0,2
sarkinin,0,2,0,2
sarkistic,0,0,5,5
sarkiya,0,2,0,2
sarkozy,0,0,1,1
sarmiento,0,2,0,2
sarnghae,0,0,1,1
sarpado,0,1,0,1
sarpong,0,1,0,1
sarrft,0,1,0,1
sarri,0,5,0,5
sars,5,5,0,10
sarsour,0,1,0,1
sarte,0,0,1,1
sartorious,0,0,1,1
sartorius,0,0,3,3
sartre,1,0,7,8
saruman,3,0,0,3
sarz,1,0,0,1
sas,1,10,17,28
sasa,0,3,1,4
sasageyo,0,1,0,1
sasauge,0,2,0,2
sash,0,3,0,3
sasha,10,11,10,31
sashay,0,0,1,1
sashiko,0,1,0,1
sashimi,0,1,3,4
sasquatch,0,0,1,1
sass,7,1,23,31
sassiest,0,0,8,8
sassiness,0,0,6,6
sassssssssssss,0,5,0,5
sassy,2,21,41,64
sassypants,0,0,6,6
sassysecret,0,2,0,2
sassyyyyyyyy,0,1,0,1
sastre,0,1,0,1
sat,102,83,233,418
sataemin,0,0,1,1
satalite,0,6,0,6
satalits,0,1,0,1
satan,71,47,129,247
satanas,0,1,0,1
satanic,38,38,38,114
satanica,0,1,0,1
satanically,0,0,2,2
satanism,0,4,1,5
satanismo,0,1,0,1
satanist,13,2,0,15
satanists,7,2,9,18
satans,2,5,8,15
satansuccess,0,0,1,1
satantist,1,0,0,1
satar,0,1,0,1
satasfaying,0,0,1,1
satchet,4,0,0,4
sate,0,3,6,9
satechi,0,3,0,3
sateen,0,0,5,5
satelite,0,1,1,2
satellite,21,7,54,82
satellites,1,1,19,21
saten,0,1,0,1
saterday,0,0,1,1
satern,0,1,0,1
sathi,0,1,0,1
sathurday,0,0,2,2
satiated,0,0,5,5
satifaction,0,2,0,2
satilites,0,0,1,1
satin,1,5,22,28
sation,0,0,1,1
satire,18,11,54,83
satires,0,0,3,3
satiric,0,0,1,1
satirical,0,1,6,7
satirically,0,0,1,1
satirize,0,0,1,1
satirized,0,0,1,1
satirizing,0,0,1,1
satisfacer,0,1,0,1
satisfaction,12,9,49,70
satisfactions,0,0,2,2
satisfactory,0,0,1,1
satisfating,0,1,0,1
satisfecho,0,1,0,1
satisfied,20,2,77,99
satisfies,1,1,2,4
satisfing,0,0,5,5
satisfiying,0,1,2,3
satisfy,6,3,23,32
satisfying,9,4,237,250
satisfyingaf,0,1,0,1
satisfylng,3,0,0,3
sativa,0,0,1,1
satoichi,0,0,2,2
satorious,4,0,2,6
satoru,5,1,0,6
satoshes,0,0,1,1
satoshi,0,1,3,4
satrted,1,0,0,1
sats,0,0,1,1
satsfying,0,1,0,1
sattelite,0,0,2,2
satterthwaite,1,0,0,1
satu,0,0,2,2
saturated,4,0,23,27
saturating,0,0,4,4
saturation,0,0,4,4
saturday,33,52,196,281
saturdays,2,2,7,11
satureday,0,1,0,1
saturn,13,2,10,25
saturns,0,1,0,1
saturnus,0,0,1,1
saturnv,0,0,1,1
saty,0,0,1,1
satyre,0,1,0,1
satysfying,0,1,0,1
sau,0,1,0,1
sauce,155,240,492,887
sauced,1,4,1,6
saucenstein,0,6,4,10
saucepan,0,1,0,1
saucer,1,2,0,3
saucers,0,0,6,6
sauces,10,13,25,48
saucey,0,0,1,1
saucezilla,0,1,0,1
saucisse,0,0,2,2
saucy,0,12,4,16
saucyfinger,0,3,0,3
saud,4,0,1,5
saudade,0,6,0,6
saudades,2,10,2,14
saudi,19,32,89,140
saudia,1,0,1,2
saudiarabia,0,0,3,3
saudis,3,0,0,3
sauer,1,0,0,1
sauf,0,3,0,3
saugage,0,0,1,1
saul,1,8,12,21
sault,0,1,0,1
sauna,5,5,0,10
saund,0,3,0,3
saunders,8,2,4,14
saur,0,0,1,1
saurez,0,0,7,7
sauron,2,0,1,3
sausage,10,40,36,86
sausagefest,0,0,4,4
sausages,4,15,7,26
sause,1,6,0,7
saut,1,0,6,7
saute,0,1,0,1
sautee,0,5,0,5
sav,0,11,1,12
sava,0,3,0,3
savaaage,0,2,0,2
savage,85,358,212,655
savageee,0,1,0,1
savageeeeee,0,1,0,1
savagely,0,0,5,5
savageness,0,1,0,1
savagery,1,1,6,8
savages,9,5,8,22
savagetroller,0,1,0,1
savagewendover,0,0,1,1
savagry,0,1,0,1
savais,0,1,0,1
savait,0,1,0,1
savaloy,0,0,1,1
savanah,0,1,0,1
savanha,0,0,1,1
savanna,0,1,0,1
savannah,2,6,9,17
savant,3,0,1,4
savas,0,3,0,3
savatage,0,0,1,1
save,288,261,690,1239
savech,0,0,2,2
savecristine,0,1,0,1
saved,113,119,427,659
savedata,0,0,1,1
savefile,0,0,3,3
savege,0,2,0,2
saveger,0,1,0,1
savekratom,0,1,0,1
savelink,2,0,0,2
saver,12,18,53,83
savers,0,0,6,6
saves,17,9,80,106
savethebeesbutnotanyotherbugsbecausetheysuck,0,2,0,2
savethelube,1,0,0,1
savi,0,3,0,3
savile,4,1,7,12
saville,5,4,10,19
saving,87,74,167,328
savings,5,0,13,18
savingu,0,1,0,1
savior,34,17,36,87
saviors,0,0,4,4
saviour,5,6,24,35
saviours,0,0,1,1
savnet,0,1,0,1
savoir,0,14,2,16
savon,0,4,0,4
savor,1,1,16,18
savoriness,0,0,3,3
savors,0,0,3,3
savory,9,5,18,32
savour,3,0,19,22
savoury,0,0,5,5
savvaaaageeee,0,1,0,1
savvy,2,0,10,12
savy,0,0,2,2
saw,898,1087,2768,4753
sawdust,0,0,10,10
sawed,3,0,0,3
sawing,0,0,1,1
sawmi,0,0,1,1
sawn,0,3,0,3
saws,0,3,6,9
sawse,0,2,0,2
sawtooth,1,1,2,4
sawyer,2,8,8,18
sawyered,0,2,0,2
sax,2,4,12,18
saxobeat,0,0,2,2
saxon,3,0,0,3
saxons,2,0,0,2
saxony,0,0,4,4
saxophone,1,4,3,8
saxophones,0,1,0,1
saxophonist,0,0,3,3
saxy,0,3,0,3
say,2693,2177,7346,12216
saya,12,3,0,15
sayaaa,0,1,0,1
sayan,0,0,5,5
sayangkuu,0,1,0,1
saycome,0,1,0,1
sayd,1,0,0,1
sayed,3,0,2,5
sayer,4,0,0,4
sayers,7,0,0,7
sayes,0,0,6,6
saygiyla,0,1,0,1
sayhe,4,0,0,4
sayhell,0,0,1,1
sayhow,0,1,0,1
sayian,3,0,1,4
sayiing,0,1,0,1
sayimizi,0,3,0,3
sayin,34,65,70,169
saying,1269,655,2434,4358
sayingf,0,1,0,1
sayinggggg,0,1,0,1
sayings,0,3,18,21
sayins,0,0,1,1
sayjar,0,0,1,1
sayma,0,0,1,1
sayn,0,0,5,5
sayng,0,2,0,2
saynotoddds,0,1,0,1
saynotolipfillers,0,0,1,1
saynotomolestation,0,0,5,5
saynushmaiwna,0,1,0,1
sayo,2,2,2,6
sayonara,0,2,7,9
says,743,691,1523,2957
saysal,0,0,2,2
saysdid,0,1,0,1
sayshawilliamsmusic,0,0,10,10
saythat,0,0,1,1
saythenameseventeen,0,0,2,2
sayunlike,0,1,0,1
sayword,0,0,5,5
sayy,0,0,1,1
sayyyy,0,1,0,1
sayyyyy,0,1,0,1
saz,0,3,0,3
sb,3,8,27,38
sbaby,1,0,0,1
sbagliati,1,2,0,3
sbc,0,0,4,4
sbe,0,2,1,3
sbm,0,1,0,1
sbs,0,4,1,5
sbsns,0,1,0,1
sbtv,0,0,1,1
sbu,0,2,0,2
sc,26,37,21,84
scaa,0,0,2,2
scaaaaaaaaaarrryyyyyyyyyy,0,0,2,2
scaaaaare,0,1,0,1
scab,0,1,2,3
scabies,2,0,0,2
scad,0,0,4,4
scaffold,0,1,0,1
scaffolding,0,5,1,6
scalar,1,2,0,3
scaldin,0,0,2,2
scale,72,31,171,274
scaled,5,0,1,6
scales,11,27,19,57
scalextric,0,0,6,6
scaley,0,4,0,4
scaling,11,1,4,16
scalise,0,0,1,1
scallon,0,6,0,6
scalloped,0,0,6,6
scallops,7,0,3,10
scalls,0,6,0,6
scallywag,0,0,4,4
scalp,5,4,25,34
scalpers,0,0,1,1
scalping,2,0,0,2
scam,30,38,73,141
scamander,0,3,0,3
scamer,0,0,3,3
scaming,2,0,3,5
scammed,7,5,15,27
scammer,8,10,12,30
scammers,7,9,4,20
scammin,0,1,0,1
scamming,4,3,5,12
scammy,1,0,16,17
scamper,1,0,0,1
scams,1,2,4,7
scamsung,0,2,0,2
scan,12,29,57,98
scanario,1,0,0,1
scandal,10,5,61,76
scandalous,2,6,16,24
scandals,1,0,2,3
scandashians,0,4,0,4
scandi,0,0,5,5
scandinavia,0,12,31,43
scandinavian,19,18,41,78
scandinavians,0,0,1,1
scandiworld,0,0,2,2
scandrett,0,0,1,1
scandroid,0,0,1,1
scandulous,0,5,0,5
scanlines,0,2,0,2
scanned,0,0,9,9
scanner,4,12,102,118
scanners,0,0,9,9
scanning,0,0,11,11
scans,5,4,15,24
scant,0,0,1,1
scantily,3,0,8,11
scape,4,0,1,5
scapegoat,1,0,6,7
scapegoated,5,0,0,5
scapegoats,4,0,1,5
scar,17,30,84,131
scarabs,0,0,2,2
scaramucci,0,3,0,3
scaran,0,1,0,1
scarborough,0,0,1,1
scarce,12,9,7,28
scarceeeeeee,0,0,1,1
scarcely,0,0,5,5
scarces,0,0,1,1
scarcity,5,0,13,18
scard,0,1,0,1
scardey,0,5,0,5
scare,44,85,134,263
scarecrow,5,6,4,15
scarecrows,0,0,1,1
scared,364,317,637,1318
scaredy,0,1,3,4
scarehoe,0,0,2,2
scaremonger,5,0,0,5
scares,49,25,47,121
scarey,0,1,2,3
scarf,16,49,168,233
scarface,1,5,7,13
scarfe,0,1,0,1
scarfo,1,0,0,1
scarfs,0,3,10,13
scarier,6,16,41,63
scariest,18,19,28,65
scarily,3,2,0,5
scariness,4,0,0,4
scaring,10,20,42,72
scarlet,4,1,12,17
scarletsaint,0,0,4,4
scarlett,0,8,2,10
scarousal,1,0,0,1
scarred,9,9,8,26
scarrest,2,0,0,2
scarrie,0,0,2,2
scarrieghosthunts,0,1,0,1
scarring,2,7,20,29
scarry,0,0,1,1
scars,25,13,48,86
scarsa,0,1,0,1
scarsguard,0,0,1,1
scart,1,0,1,2
scarves,19,10,49,78
scary,871,61,470,1402
scaryer,0,3,0,3
scaryy,1,0,0,1
scaryyyyyyy,0,2,0,2
scaryyyyyyyy,0,2,0,2
scash,0,0,1,1
scat,6,1,3,10
scatch,0,2,0,2
scatching,0,0,4,4
scathing,1,1,0,2
scatter,3,2,14,19
scatterbrained,0,0,3,3
scattered,13,2,28,43
scattergun,0,1,0,1
scattering,0,1,3,4
scavenge,0,1,1,2
scavenged,0,0,1,1
scavenger,0,0,1,1
scavengers,0,0,2,2
scavenging,3,0,1,4
scawry,1,0,0,1
scb,0,1,3,4
scc,0,0,1,1
sccared,0,1,0,1
scccoopppeddd,2,0,0,2
sccren,2,0,0,2
scd,0,0,8,8
sce,0,0,1,1
sceard,0,1,1,2
scedule,0,0,1,1
sceen,0,0,3,3
sceets,0,0,1,1
sceince,0,0,3,3
scenario,38,28,83,149
scenarios,10,1,31,42
scenariusza,0,3,0,3
scence,1,0,0,1
scene,356,265,693,1314
scenen,0,1,0,1
sceneries,0,0,2,2
scenery,2,0,55,57
scenes,186,44,410,640
scenic,0,1,4,5
scent,18,5,105,128
scented,4,4,19,27
scenting,0,0,1,1
scents,0,0,14,14
sceptical,4,2,2,8
scepticism,0,0,2,2
sceptre,0,0,1,1
scetch,0,1,2,3
sceva,0,0,2,2
scewed,0,1,0,1
scexy,0,2,0,2
scfc,0,4,0,4
sch,0,10,5,15
schaaaaaaaaaaalke,0,5,0,5
schade,0,2,0,2
schadenfacebook,0,0,2,2
schadenfreude,3,1,0,4
schalke,0,5,0,5
schalkeyi,0,0,1,1
schanez,0,1,0,1
schapiro,1,0,0,1
schaub,0,0,8,8
schaut,0,1,0,1
scheckich,0,6,0,6
schedina,0,1,0,1
schedine,0,1,0,1
schedule,19,14,85,118
scheduled,10,1,11,22
schedules,2,1,12,15
scheduling,5,0,5,10
schei,14,1,0,15
scheider,0,2,0,2
scheidsrechter,0,1,0,1
scheint,0,1,0,1
scheldue,0,0,4,4
schema,0,0,4,4
schematics,1,0,0,1
scheme,16,7,38,61
schemers,1,0,0,1
schemes,3,0,22,25
schemin,6,0,1,7
scheming,3,0,0,3
schenen,0,0,1,1
scheran,0,1,0,1
scherzinger,0,1,3,4
schevschenko,0,0,3,3
schezuan,3,1,1,5
schezwan,0,0,1,1
schiattarella,0,10,0,10
schico,1,0,0,1
schie,0,5,0,5
schiesse,0,3,0,3
schiet,0,1,0,1
schiff,2,0,0,2
schiffer,1,13,32,46
schifo,0,3,0,3
schiller,1,0,2,3
schilling,0,3,3,6
schindler,1,1,6,8
schiri,0,9,0,9
schiris,0,4,0,4
schitt,0,1,0,1
schitts,0,1,8,9
schity,0,1,0,1
schizo,0,0,10,10
schizoaffective,0,0,1,1
schizophrenia,3,7,16,26
schizophreniac,1,0,0,1
schizophrenic,0,3,3,6
schlafen,0,1,0,1
schlager,6,0,0,6
schlansky,0,7,1,8
schlechtes,0,1,0,1
schlimmer,0,1,0,1
schlock,0,1,8,9
schlomo,1,0,0,1
schlong,0,4,0,4
schlu,0,0,1,1
schmart,0,1,0,1
schmash,0,1,1,2
schmeagle,0,6,0,6
schmeckles,0,2,0,2
schmeicel,0,1,0,1
schmeichel,0,0,7,7
schmidt,0,4,2,6
schminke,0,0,1,1
schmoe,0,0,1,1
schmoedown,0,1,0,1
schmohawks,0,4,0,4
schmoo,0,0,4,4
schmuck,8,1,8,17
schmucks,0,2,2,4
schnackk,0,1,0,1
schnauzer,0,2,0,2
schneider,0,6,3,9
schnitzel,0,5,0,5
schnucks,1,2,1,4
schoen,1,29,6,36
schoenaerts,0,4,0,4
schoene,0,3,2,5
schoenen,6,218,67,291
schoenn,0,1,0,1
schoenties,0,1,0,1
schoes,1,0,0,1
scholar,4,1,5,10
scholars,0,0,3,3
scholarship,3,1,1,5
scholarships,0,1,4,5
scholes,1,9,19,29
scholl,6,3,10,19
schomiche,1,2,0,3
schon,0,37,2,39
schonen,0,1,0,1
school,770,644,2496,3910
schoolar,0,0,4,4
schoolboeken,0,1,0,1
schoolboy,7,4,2,13
schoolchildren,0,0,5,5
schooled,8,6,17,31
schooler,0,0,4,4
schoolers,3,0,3,6
schoolgaande,0,1,0,1
schoolgirl,0,1,1,2
schoolgirls,1,0,0,1
schooling,3,0,18,21
schoolisha,0,0,5,5
schoolmate,0,0,1,1
schools,67,42,172,281
schoolwork,1,0,1,2
schooooooooooooooooooooooooooooooooooooooooooooooolllll,1,0,0,1
schoot,0,1,0,1
schott,0,3,2,5
schould,2,0,2,4
schr,0,2,0,2
schrecklich,1,0,0,1
schreeuwen,0,0,1,1
schreiber,0,0,1,1
schreibt,0,4,0,4
schriebner,0,1,0,1
schrijven,0,1,0,1
schroder,0,0,1,1
schrodinger,1,1,0,2
schrodingers,1,0,0,1
schroedinger,5,0,1,6
schrute,0,1,0,1
schtick,6,0,11,17
schuh,0,1,4,5
schuhe,0,2,1,3
schulbs,0,0,1,1
schulchan,0,0,1,1
schultz,0,1,6,7
schulz,0,0,1,1
schumacher,0,2,1,3
schumar,0,1,0,1
schumer,14,17,18,49
schummer,0,2,0,2
schummy,0,0,1,1
schutz,6,0,0,6
schuuuut,0,0,5,5
schuyler,0,2,0,2
schwaishaxen,0,1,0,1
schwalbe,0,0,6,6
schwartz,2,0,1,3
schwarzenegger,6,6,3,15
schwarzkopf,0,0,1,1
schweetz,0,1,0,1
schweinegeil,0,4,0,4
schweinsteiger,7,0,0,7
schwester,0,0,1,1
schwifty,1,8,1,10
schwing,0,0,2,2
sci,32,13,123,168
sciance,0,2,0,2
sciatica,2,0,0,2
scid,0,1,0,1
science,174,240,494,908
sciencedirect,0,1,0,1
sciences,1,0,23,24
sciencey,0,4,2,6
sciencist,1,0,0,1
sciency,0,1,16,17
scienticic,0,0,3,3
scientific,28,32,123,183
scientifically,6,6,31,43
scientism,0,0,1,1
scientist,26,32,85,143
scientists,16,20,77,113
scientoligist,0,2,0,2
scientologist,7,1,9,17
scientologists,1,1,4,6
scientology,42,13,17,72
sciff,1,0,0,1
scifi,1,0,18,19
scim,0,0,1,1
scimitar,0,0,1,1
scimmiottatura,0,2,0,2
scince,0,1,0,1
scintilla,0,1,0,1
scintillating,7,0,0,7
scipio,0,0,4,4
scipt,0,0,2,2
scipted,0,1,0,1
sciroppo,0,5,0,5
sciroup,0,0,1,1
scishow,3,0,9,12
scisor,0,0,1,1
scissor,1,6,3,10
scissorhands,0,0,2,2
scissors,19,5,24,48
scittle,0,4,0,4
scjzns,0,1,0,1
sckyscraper,0,0,1,1
scleep,0,0,2,2
sclera,0,4,0,4
sclero,0,3,0,3
sclerosis,0,0,1,1
sclonetakesoverthechannel,0,4,0,4
scmuck,1,0,0,1
sco,0,0,1,1
scoby,0,0,1,1
scociety,2,0,0,2
scodelario,0,1,0,1
scoence,0,1,0,1
scoff,0,0,1,1
scoffed,5,0,0,5
scoffers,0,0,2,2
scoffing,0,0,1,1
scoffs,0,0,5,5
scofield,0,0,6,6
scolaire,0,0,2,2
scold,2,0,11,13
scolded,0,0,10,10
scolding,0,0,3,3
scoliosis,2,1,0,3
scoltand,0,7,0,7
scolville,0,0,1,1
scomiche,4,10,23,37
scommesse,0,1,0,1
scone,0,0,12,12
scones,0,0,6,6
sconnesso,0,5,0,5
scoobie,1,0,0,1
scoobith,0,1,0,1
scooby,5,10,21,36
scools,0,1,0,1
scooopsss,0,3,0,3
scoop,11,9,25,45
scoope,0,1,0,1
scooped,2,0,5,7
scooper,0,0,8,8
scooping,0,3,2,5
scoopnum,0,2,0,2
scoops,5,17,20,42
scoot,2,0,2,4
scooter,14,10,10,34
scootering,0,1,0,1
scooters,0,1,1,2
scooty,0,0,1,1
scope,5,3,34,42
scoped,0,2,4,6
scopes,0,2,2,4
scopic,0,0,2,2
scoping,0,0,2,2
scoplamine,1,0,0,1
scopolamine,1,0,0,1
scorcese,6,1,0,7
scorch,6,32,4,42
scorched,0,0,5,5
scorching,0,0,1,1
scorcho,0,1,0,1
score,124,112,320,556
scoreboard,0,0,3,3
scorecard,3,0,0,3
scored,51,48,122,221
scoreline,0,4,0,4
scorelines,0,6,0,6
scoren,0,2,0,2
scorer,0,0,31,31
scores,35,19,81,135
scoresheet,1,0,0,1
scoring,40,10,52,102
scoringfeast,5,0,0,5
scorn,5,0,0,5
scorned,0,0,3,3
scorpio,5,14,10,29
scorpion,6,7,13,26
scorpions,0,1,6,7
scorpios,0,1,0,1
scorsese,0,9,4,13
scortch,0,0,1,1
scot,2,0,20,22
scotch,5,6,1,12
scotia,2,0,5,7
scoties,0,1,0,1
scotish,2,0,0,2
scotlan,0,0,7,7
scotland,101,143,283,527
scotlands,0,6,2,8
scotlandspinkarmy,7,0,0,7
scots,0,14,2,16
scotsmans,1,0,0,1
scotsmen,0,0,7,7
scotsound,0,0,1,1
scott,184,792,614,1590
scottie,1,6,1,8
scottish,44,35,99,178
scotto,1,0,0,1
scotts,1,10,0,11
scottsburg,0,1,0,1
scottsdale,0,0,5,5
scottttt,0,0,5,5
scotttttt,0,0,1,1
scotty,4,8,19,31
scotus,8,0,1,9
scoups,0,0,2,2
scour,0,0,2,2
scourge,0,0,1,1
scouring,0,0,3,3
scouse,6,6,7,19
scouser,4,7,11,22
scousers,18,6,7,31
scout,15,15,33,63
scouted,3,0,0,3
scouter,1,13,7,21
scouters,0,4,0,4
scouting,2,1,0,3
scouts,4,1,14,19
scoville,2,5,13,20
scovilles,0,0,2,2
scovo,0,2,0,2
scowl,0,1,1,2
scp,8,10,1,19
scr,0,0,10,10
scrab,0,1,0,1
scrabbling,0,0,1,1
scracht,0,1,0,1
scraggly,6,1,0,7
scramble,1,9,11,21
scrambled,2,4,5,11
scrambler,0,1,1,2
scrambles,0,0,2,2
scrambling,0,0,2,2
scramed,0,1,0,1
scramjet,1,0,0,1
scran,0,0,7,7
scrap,15,13,24,52
scrapbook,0,2,11,13
scrapbooking,0,5,0,5
scrape,10,1,4,15
scraped,1,0,7,8
scraper,0,1,1,2
scrapers,1,0,0,1
scrapes,0,1,3,4
scrapie,3,5,0,8
scraping,3,4,9,16
scrapped,1,0,4,5
scrapping,0,0,2,2
scrappy,0,0,6,6
scraps,3,1,7,11
scrard,0,0,1,1
scrary,0,1,0,1
scrat,1,0,0,1
scratch,38,26,85,149
scratched,10,9,16,35
scratcher,0,0,1,1
scratches,11,4,6,21
scratching,12,17,41,70
scratchy,1,12,4,17
scrawled,0,0,2,2
scrawny,2,1,5,8
scre,0,1,0,1
screaamm,0,1,0,1
scream,164,185,248,597
screamed,34,68,99,201
screamenator,0,0,4,4
screamer,11,4,2,17
screamers,1,1,6,8
screamiiingggg,0,1,0,1
screamimg,0,0,1,1
screaming,171,191,350,712
screamingg,0,0,1,1
screaminggg,0,1,0,1
screamingggg,2,0,1,3
screaminghh,0,1,0,1
screamjding,0,1,0,1
screamo,0,2,1,3
screams,38,61,75,174
screan,0,0,1,1
scree,0,5,2,7
screeaaaamed,0,0,2,2
screech,8,9,3,20
screeched,0,1,2,3
screeches,2,0,0,2
screechhhhh,0,0,1,1
screechhhhhh,0,0,1,1
screeching,19,11,8,38
screechingly,1,0,0,1
screechy,0,0,2,2
screeeam,0,1,0,1
screeeeeaam,0,1,0,1
screeeeeeech,0,0,1,1
screeeeeeeeeehdhdnndncncnndjsksjdjdfnfjdjieieiwkakskxjndjfjejeiwokwkajdndbfbrbrhrhdhdhjxjdjsjsjwksjdncndjej,1,0,0,1
screeen,1,0,0,1
screemed,0,0,3,3
screeming,0,1,0,1
screen,313,284,737,1334
screenagers,0,4,0,4
screename,1,0,0,1
screencaps,0,0,1,1
screened,5,0,3,8
screener,4,0,1,5
screengrabs,0,0,4,4
screening,5,5,39,49
screenings,1,1,2,4
screenjunkies,0,2,1,3
screenplay,2,6,12,20
screenplays,0,0,5,5
screenprism,2,0,1,3
screenprotector,1,0,0,1
screens,22,13,55,90
screensaver,0,2,3,5
screensavers,0,1,3,4
screenshot,2,11,15,28
screenshoting,0,0,3,3
screenshots,4,13,4,21
screentime,0,0,9,9
screenwipe,0,0,4,4
screenwriter,0,0,6,6
screenwriters,0,0,1,1
screenwriting,0,0,7,7
scremain,0,0,1,1
screw,54,75,154,283
screwatack,0,0,1,1
screwd,0,1,0,1
screwdriver,0,6,3,9
screwed,32,34,95,161
screweed,1,0,0,1
screwing,19,8,24,51
screwjob,2,0,0,2
screws,6,7,26,39
screwup,3,0,0,3
screwyoutube,0,0,5,5
scribbled,2,0,0,2
scribblenauts,0,1,0,1
scribbles,2,0,0,2
scribe,0,6,0,6
scribed,0,6,0,6
scribers,4,0,0,4
scrim,3,3,0,6
scrimp,0,0,5,5
scrip,0,0,1,1
scrips,0,1,0,1
script,55,67,108,230
scripted,60,43,116,219
scripting,3,0,3,6
scripts,9,2,17,28
scriptural,13,0,0,13
scripture,7,0,18,25
scriptures,13,1,24,38
scriptwriters,0,0,3,3
scritta,0,2,0,2
scrivener,0,2,0,2
scroll,16,11,27,54
scrolled,6,3,13,22
scrollin,0,1,1,2
scrolling,27,23,62,112
scrolls,9,3,1,13
scrong,0,1,0,1
scrooge,0,1,1,2
scrooged,0,0,1,1
scrool,0,0,3,3
scrotal,0,0,1,1
scrotie,0,3,0,3
scrotum,9,0,0,9
scroungers,0,1,3,4
scrounging,0,0,6,6
scrouse,0,4,0,4
scrr,0,1,0,1
scrrrrrr,0,2,0,2
scrub,11,15,37,63
scrubbed,2,4,2,8
scrubber,0,2,0,2
scrubbing,6,1,8,15
scrubs,7,11,10,28
scrubzah,0,0,1,1
scruff,0,1,2,3
scruffy,0,1,1,2
scrum,0,0,1,1
scrumptious,0,1,12,13
scrumpty,0,1,0,1
scrumpy,0,1,1,2
scrums,0,0,3,3
scrunch,0,0,1,1
scrunched,0,0,1,1
scrunchie,0,1,6,7
scrunchies,0,1,6,7
scrunching,0,1,1,2
scrunchy,0,1,3,4
scrutinised,1,0,0,1
scrutinize,1,0,0,1
scrutinizing,0,0,2,2
scrutiny,3,0,8,11
scrying,0,0,3,3
sction,0,2,0,2
sctually,0,0,9,9
scuad,0,1,0,1
scub,0,0,2,2
scuba,11,11,11,33
scubadiver,0,1,0,1
scubba,0,0,1,1
scubs,0,6,0,6
scudet,0,5,0,5
scudetto,5,25,0,30
scudettooooo,0,1,0,1
scuffed,0,6,0,6
scuffles,0,0,6,6
scuito,0,0,1,1
sculati,0,1,0,1
scull,3,0,0,3
sculls,0,0,2,2
scully,3,39,35,77
scullys,0,7,0,7
sculpt,9,7,0,16
sculpted,0,0,6,6
sculpting,0,0,9,9
sculpture,0,0,3,3
sculptured,0,0,3,3
scum,221,0,37,258
scumbag,74,29,12,115
scumbags,25,12,5,42
scummer,0,0,2,2
scummmmmm,0,1,0,1
scummy,11,4,3,18
scumpi,0,1,0,1
scums,6,4,0,10
scurred,0,7,0,7
scurried,0,1,0,1
scurry,1,0,0,1
scurrying,5,0,2,7
scurvy,0,0,2,2
scusate,0,1,0,1
scuse,0,0,1,1
scuttled,1,0,0,1
scuttling,2,0,0,2
scuttly,0,0,1,1
scuzzy,0,1,0,1
scwifty,0,0,1,1
sczhwarzenegger,0,0,1,1
sd,8,12,35,55
sdaddy,0,2,0,2
sdadfdssjsj,0,1,0,1
sdam,0,3,0,3
sdc,0,0,3,3
sdds,0,1,0,1
sdfapoihsefnasdf,0,5,0,5
sdfhlasjhdfjhwf,0,5,0,5
sdg,0,4,0,4
sdhf,0,1,0,1
sdi,0,0,6,6
sdl,0,0,1,1
sdlive,0,0,1,1
sdoas,0,1,0,1
sds,0,0,1,1
sdupid,0,1,0,1
sdvsf,0,2,0,2
se,87,1382,255,1724
sea,81,199,247,527
seaaon,0,1,0,1
seabass,0,1,0,1
seaboard,0,1,0,1
seacrest,2,0,6,8
sead,0,0,1,1
seafaring,3,0,0,3
seafood,22,14,35,71
seafret,0,0,1,1
seagal,0,0,1,1
seagar,2,0,0,2
seager,0,1,0,1
seagull,0,6,4,10
seagulls,2,9,1,12
seahawk,1,0,0,1
seahawks,3,17,5,25
seahorse,0,0,10,10
seaking,0,0,2,2
seal,18,16,44,78
sealand,0,3,0,3
sealed,33,4,20,57
sealife,0,0,6,6
sealing,2,0,3,5
sealls,0,3,1,4
seals,8,14,5,27
seam,0,1,2,3
seame,0,4,0,4
seamen,0,2,0,2
seamless,0,0,13,13
seamlessly,0,0,11,11
seamlesy,0,0,2,2
seamon,4,0,0,4
seamos,0,5,0,5
seams,1,2,2,5
seamstress,0,0,1,1
seamus,4,6,16,26
seamusssssssssssss,0,0,1,1
seamuuuuuus,0,0,1,1
sean,109,180,363,652
seanbaby,0,0,1,1
seans,0,4,4,8
seaquest,0,5,0,5
sear,3,4,9,16
search,147,133,334,614
searched,16,35,46,97
searchers,0,0,1,1
searches,3,5,15,23
searching,39,18,104,161
searing,0,0,1,1
searles,0,3,0,3
sears,2,1,1,4
seas,1,15,23,39
seasection,2,0,0,2
seashells,0,0,1,1
seaship,0,0,2,2
seaside,0,0,2,2
season,674,549,1754,2977
seasonal,12,1,12,25
seasoned,0,0,14,14
seasoning,1,6,24,31
seasonpass,2,0,0,2
seasons,68,25,244,337
seasooon,0,1,0,1
seat,38,51,177,266
seatbelt,3,11,14,28
seatbelts,3,6,2,11
seatcg,0,0,1,1
seated,2,0,11,13
seater,0,0,1,1
seating,8,0,1,9
seatmates,0,5,0,5
seats,35,23,86,144
seattle,5,20,26,51
seaurchin,0,0,1,1
seaux,0,1,0,1
seawalls,0,0,2,2
seawater,0,0,1,1
seaway,0,4,6,10
seaweed,3,1,2,6
seaweeds,0,1,0,1
seaworld,3,0,1,4
seb,5,0,7,12
seba,0,1,3,4
sebagian,0,1,0,1
sebanyak,0,0,1,1
sebas,0,2,0,2
sebasti,0,0,3,3
sebastian,5,31,45,81
sebastiannnnn,0,1,0,1
sebe,5,0,0,5
sebebi,0,3,0,3
sebelum,0,18,0,18
sebelumnya,0,0,3,3
sebeple,0,2,0,2
sebert,0,0,1,1
sebi,0,1,0,1
sebikelife,0,1,0,1
sebong,0,2,1,3
sebongi,0,2,0,2
sebongs,1,0,0,1
sebum,0,0,5,5
sebwah,0,1,0,1
sec,88,3,68,159
secada,0,4,0,4
secc,0,4,4,8
seccond,1,0,0,1
secede,5,0,4,9
seceded,0,0,1,1
secedes,0,0,1,1
seceis,0,0,1,1
seceret,0,1,0,1
sechange,0,1,0,1
sechuan,0,0,6,6
secilebilecek,0,4,0,4
secimden,0,1,0,1
secluded,0,1,2,3
secne,0,1,0,1
seco,0,1,2,3
second,548,636,1655,2839
secondary,36,1,48,85
secondcareerasgogodancer,0,0,3,3
seconddddddddd,0,1,0,1
seconded,0,2,1,3
seconden,0,1,0,1
secondes,1,0,0,1
secondhand,4,0,12,16
secondly,6,0,44,50
secondo,1,8,0,9
secondry,0,0,1,1
seconds,260,253,564,1077
secont,3,1,0,4
secrecy,0,7,1,8
secret,347,14,232,593
secretariat,0,1,0,1
secretaries,2,0,0,2
secretary,7,2,5,14
secretchamber,0,0,2,2
secretion,0,1,1,2
secretions,0,0,1,1
secretive,1,0,0,1
secretly,57,0,77,134
secretos,0,2,0,2
secrets,19,20,49,88
secript,0,0,2,2
secs,26,13,28,67
sect,0,0,3,3
secta,0,1,0,1
sectarianism,2,0,0,2
section,226,178,417,821
sectional,0,1,0,1
sections,19,11,51,81
sector,5,0,19,24
sectors,0,0,7,7
sects,0,1,4,5
secual,0,0,2,2
secuel,0,0,1,1
secuela,0,1,0,1
secuels,1,0,0,1
secular,0,0,4,4
secularists,4,0,0,4
secundaria,0,4,0,4
secure,6,0,92,98
secured,15,1,9,25
secures,0,0,4,4
securety,1,0,0,1
securing,3,0,2,5
security,114,78,226,418
secxy,0,0,1,1
sed,0,2,1,3
sedan,0,1,2,3
sedans,0,1,8,9
sedap,0,1,0,1
sedapnya,0,1,0,1
sedate,7,0,3,10
sedated,0,0,1,1
sedative,0,1,2,3
seddon,0,0,1,1
sede,0,0,1,1
sedentary,0,0,2,2
sedgwick,0,0,5,5
sedia,0,1,1,2
sedici,0,2,0,2
sedih,0,0,1,1
sedikit,0,3,1,4
sediments,0,0,6,6
seduce,8,3,7,18
seduced,0,0,6,6
seduces,0,1,4,5
seducing,0,0,5,5
seducive,0,1,0,1
seduction,1,1,1,3
seductive,2,0,14,16
seductively,3,0,0,3
seductress,0,0,2,2
seduele,0,2,0,2
sedule,0,1,0,1
seduzente,0,1,0,1
see,3700,4184,16041,23925
seeb,0,1,2,3
seed,22,29,47,98
seeded,0,0,3,3
seeding,0,1,1,2
seedis,1,0,0,1
seedless,3,0,0,3
seeds,1,9,51,61
seedy,0,0,1,1
seee,0,1,5,6
seeeccoooonnndddd,0,2,0,2
seeeeaggggulllls,0,5,0,5
seeeee,1,0,2,3
seeeeeeeee,0,0,1,1
seeeeuuunnnggggkkk,0,3,0,3
seeetheart,0,0,1,1
seefor,0,0,1,1
seeger,0,0,2,2
seein,4,0,6,10
seeing,570,321,2174,3065
seek,55,7,105,167
seeked,1,0,0,1
seeker,1,4,2,7
seekers,0,0,10,10
seekhen,0,1,0,1
seekin,0,0,1,1
seeking,22,5,54,81
seekonk,0,0,7,7
seeks,1,0,9,10
seel,0,0,4,4
seelenfreund,0,0,4,4
seelf,0,1,0,1
seelie,0,0,2,2
seelping,0,2,0,2
seem,454,131,1353,1938
seema,0,0,1,1
seemcto,0,5,0,5
seemed,98,29,376,503
seemes,0,0,1,1
seemgood,0,0,1,1
seeming,9,0,14,23
seemingly,21,16,50,87
seemless,0,1,0,1
seemly,1,0,0,1
seems,699,421,2395,3515
seen,1017,825,3814,5656
seena,0,0,3,3
seenger,0,0,1,1
seennnnnn,0,0,3,3
seenone,0,1,0,1
seeped,0,0,1,1
seeping,1,1,1,3
seeps,4,0,0,4
seeremember,1,0,0,1
seersily,5,0,0,5
sees,103,134,241,478
seethe,0,0,1,1
seethes,0,0,1,1
seeya,0,0,2,2
seeyou,1,0,0,1
seeyouthere,0,0,1,1
sef,0,2,0,2
sefies,0,0,1,1
sefti,0,3,0,3
seg,0,4,0,4
sega,21,8,18,47
segalanya,0,3,0,3
segali,0,0,1,1
segel,0,0,2,2
seger,0,1,1,2
segera,0,0,1,1
segmen,0,0,1,1
segment,34,41,125,200
segmentation,3,0,0,3
segments,8,7,40,55
segna,0,1,0,1
segnare,0,1,1,2
segnato,0,0,1,1
segovia,0,0,1,1
segragate,0,0,1,1
segregate,2,0,2,4
segregated,3,1,10,14
segregates,0,0,1,1
segregation,11,6,13,30
segregationist,0,0,1,1
segu,0,11,0,11
segual,0,1,0,1
segue,1,1,2,4
segueing,0,0,5,5
segues,0,0,3,3
seguid,0,1,0,1
seguido,0,7,0,7
seguidora,0,1,0,1
seguidores,0,4,0,4
seguidos,0,0,3,3
seguimos,0,1,3,4
seguir,0,26,0,26
seguira,0,3,0,3
seguire,0,1,0,1
segunda,0,43,5,48
segundo,0,49,4,53
segundos,0,8,0,8
segura,0,6,0,6
seguramente,0,6,1,7
seguridad,0,1,0,1
seguro,1,20,0,21
segurou,0,1,0,1
segway,1,2,14,17
segways,0,0,2,2
seh,0,1,0,1
sehedule,0,0,1,1
sehen,0,3,4,7
sehleenah,0,0,1,1
sehlehnah,0,0,1,1
sehr,0,20,1,21
sehs,0,5,0,5
sehun,0,1,0,1
sei,0,43,0,43
seid,0,0,2,2
seidimeow,1,0,0,1
seies,0,1,0,1
seig,0,0,1,1
seige,0,0,2,2
seiing,0,0,1,1
seiken,0,2,0,2
seimbang,0,1,0,1
sein,1,10,5,16
seine,0,6,0,6
seiner,0,5,0,5
seinfeld,3,13,20,36
seing,0,0,3,3
seinheisser,0,0,1,1
seis,0,1,0,1
seit,1,1,0,2
seitenruderausschl,1,0,0,1
seiya,0,0,1,1
seize,1,1,4,6
seized,5,0,2,7
seizes,0,3,0,3
seizing,1,0,0,1
seizoen,0,1,0,1
seizure,5,21,22,48
seizures,9,0,6,15
seja,0,5,0,5
sejeong,0,5,12,17
sejeonggg,0,0,1,1
sejeongieeeeeee,0,0,1,1
sejeongs,0,0,1,1
sejonggg,0,1,0,1
sejuani,3,0,0,3
sekali,0,2,0,2
sekarang,0,1,0,1
sekf,1,0,0,1
sekhmet,0,0,1,1
sekolah,0,0,1,1
sekrainer,0,0,1,1
seksi,0,0,8,8
sel,4,2,0,6
selak,0,0,1,1
selam,0,11,3,14
selamlar,0,3,0,3
selamun,0,1,0,1
selassie,0,2,0,2
selber,0,4,0,4
selbst,0,1,0,1
selbstverst,0,10,1,11
seldom,0,6,5,11
seldomly,0,1,2,3
selecci,0,67,3,70
seleccion,5,44,4,53
seleccionador,0,3,0,3
select,36,17,48,101
selecta,1,0,0,1
selectable,0,0,5,5
selected,5,5,12,22
selectie,0,2,0,2
selecting,0,0,3,3
selection,16,2,83,101
selections,2,0,7,9
selective,3,3,4,10
selectively,1,2,8,11
selects,1,5,4,10
selen,0,1,0,1
selena,9,119,67,195
selenators,0,1,1,2
selenavive,0,0,1,1
selendis,0,3,0,3
selenite,0,1,1,2
selenium,0,2,0,2
seles,0,1,0,1
selevanta,0,1,0,1
self,514,264,1410,2188
selfcare,0,2,1,3
selfcentred,4,0,0,4
selfdefence,1,0,0,1
selfie,12,29,39,80
selfiebucketlist,4,0,0,4
selfied,0,1,0,1
selfielash,0,0,6,6
selfies,13,12,55,80
selfiestorycollection,0,1,0,1
selfish,112,7,106,225
selfishly,1,0,5,6
selfishness,3,1,5,9
selfless,2,0,12,14
selflessly,1,0,1,2
selflessness,0,0,7,7
selflove,0,5,2,7
selfperception,0,0,2,2
selfraisng,5,0,0,5
selfridge,0,1,14,15
selfridges,1,0,10,11
selfriges,0,0,1,1
selfs,7,2,19,28
selfvalue,0,0,1,1
selfy,0,0,1,1
selim,0,3,0,3
selimi,0,1,0,1
selina,0,1,0,1
selinho,0,0,1,1
selipsky,1,0,0,1
sell,239,218,581,1038
selled,0,0,1,1
seller,3,19,30,52
sellers,4,2,7,13
sellin,6,0,6,12
selling,96,64,226,386
sello,0,1,0,1
sellout,20,39,18,77
selloutadvertisement,0,0,1,1
sellouts,8,3,8,19
sells,29,27,92,148
selma,1,0,5,6
selmo,0,0,2,2
seloko,0,1,0,1
selon,0,0,1,1
selp,0,4,0,4
sels,8,0,0,8
seltzer,3,3,3,9
seluruh,0,0,1,1
selvedged,0,1,0,1
selves,30,12,20,62
selway,0,3,0,3
selwyn,1,0,0,1
sem,0,26,0,26
semacem,0,0,1,1
semaines,0,1,0,1
semana,3,16,0,19
semanas,0,2,1,3
semangat,0,1,0,1
semantic,1,0,4,5
semantics,1,0,5,6
sematary,1,1,5,7
semblance,2,0,2,4
semble,0,1,0,1
semblence,0,0,1,1
sembra,0,8,0,8
sembrava,0,5,0,5
sembriamo,0,1,0,1
semedo,0,18,20,38
semejante,0,1,0,1
semele,1,0,0,1
semen,9,6,5,20
semester,6,2,37,45
semesters,0,1,0,1
semetrical,4,0,0,4
semi,44,34,131,209
semiautomatic,1,0,6,7
semiautomatics,0,0,4,4
semicircular,1,0,1,2
semicrystalline,0,0,1,1
seminar,0,0,1,1
seminars,1,0,2,3
seminoles,0,0,3,3
semis,7,0,0,7
semite,0,3,2,5
semites,0,3,4,7
semitic,0,4,2,6
semitism,1,6,3,10
semmilyen,0,1,0,1
semmit,0,1,0,1
sempai,0,0,5,5
sempais,0,0,1,1
semper,0,2,0,2
sempi,0,0,2,2
semplice,0,1,0,1
semplicemente,0,4,0,4
sempre,6,58,8,72
sems,0,0,4,4
semst,0,1,0,1
semua,0,3,1,4
semuanya,0,1,0,1
sen,5,31,9,45
sena,0,2,0,2
senate,8,10,9,27
senator,1,3,21,25
senators,2,4,10,16
senborra,0,0,7,7
senc,0,2,0,2
sence,1,11,15,27
sencilla,1,0,0,1
sencillamente,0,0,1,1
sencilles,0,2,0,2
sencillez,0,1,0,1
sencillo,0,19,0,19
sencillos,0,1,0,1
sencintive,0,2,0,2
senctences,0,0,4,4
send,211,372,459,1042
sender,4,0,0,4
sendet,2,0,0,2
sending,100,68,514,682
sendiri,0,0,1,1
sendmethatfootage,0,1,0,1
sendo,0,4,0,4
sendoff,0,0,6,6
sends,39,7,42,88
sendung,0,0,3,3
sene,0,2,0,2
seneca,0,0,28,28
senegence,0,0,1,1
senerade,0,0,1,1
senerio,0,0,2,2
senescence,0,1,0,1
seneye,0,1,0,1
senf,0,4,0,4
senheiser,3,0,0,3
senhorita,0,1,0,1
senhorzinho,0,0,4,4
seni,0,23,11,34
senide,6,0,0,6
senil,1,0,0,1
senile,9,0,5,14
senin,0,5,0,5
senior,25,8,60,93
seniority,0,0,1,1
seniors,0,0,7,7
senle,0,3,0,3
senna,0,3,1,4
sennheiser,3,2,16,21
sennheisers,0,0,1,1
sennhieser,0,0,2,2
senno,0,5,0,5
senojnayr,0,1,0,1
senorsisig,0,1,0,1
senos,0,1,0,1
senpai,1,20,9,30
senpais,0,4,2,6
senpi,0,1,0,1
senpie,1,0,0,1
sens,4,19,1,24
sensaci,0,4,0,4
sensacional,0,9,0,9
sensaciones,0,2,0,2
sensatas,1,0,0,1
sensation,0,20,36,56
sensational,2,0,50,52
sensationalising,4,0,0,4
sensationalism,1,0,0,1
sensationalist,1,1,0,2
sensationalistic,0,0,1,1
sensationalize,1,0,0,1
sensationalized,7,0,5,12
sensationalizes,1,0,0,1
sensationalizing,1,0,0,1
sensations,0,0,9,9
sense,503,321,1269,2093
sensed,2,0,6,8
sensei,0,9,0,9
senseing,0,1,0,1
senseles,2,0,0,2
senseless,14,0,13,27
senselessly,0,0,1,1
senses,8,15,31,54
sensetive,0,0,4,4
senshi,0,5,0,5
sensi,0,0,1,1
sensibilidad,0,2,0,2
sensibilidade,0,1,0,1
sensibilities,4,0,6,10
sensibility,3,10,7,20
sensible,11,5,27,43
sensibles,0,1,0,1
sensical,1,0,5,6
sensie,0,2,0,2
sensing,0,0,6,6
sensisitive,0,0,2,2
sensitised,0,0,3,3
sensitive,71,2,265,338
sensitivity,7,9,16,32
sensitized,2,0,0,2
sensor,6,5,29,40
sensored,0,1,1,2
sensors,3,5,9,17
sensory,4,13,5,22
senstive,1,0,0,1
sensuaaal,0,1,0,1
sensual,1,13,19,33
sensuale,0,6,0,6
sensualidad,0,1,0,1
sensuality,0,4,5,9
sensually,0,0,1,1
sent,124,162,328,614
senta,0,1,0,1
sentai,0,0,1,1
sentamos,0,2,0,2
sentance,0,0,1,1
sentances,1,0,0,1
sentarme,0,3,0,3
sente,0,2,2,4
sented,0,1,0,1
sentence,65,49,180,294
sentenced,3,4,1,8
sentences,31,6,85,122
sentent,0,0,2,2
sentido,1,4,0,5
sentidooo,0,1,0,1
sentidos,0,3,0,3
sentience,0,2,0,2
sentient,18,5,6,29
sentiment,2,5,34,41
sentimental,6,1,12,19
sentimentalism,0,1,0,1
sentimentality,4,2,2,8
sentiments,5,0,7,12
sentimiento,1,6,1,8
sentinel,0,0,6,6
sentir,0,23,1,24
sentiras,0,1,0,1
sentire,0,0,1,1
sentiremos,0,4,0,4
sentirlo,2,0,0,2
sentirme,0,1,0,1
sentirnos,4,1,0,5
sentite,0,5,0,5
sentito,0,5,5,10
sentons,0,0,7,7
sentry,0,3,0,3
sents,2,0,0,2
senu,0,3,0,3
senza,1,5,2,8
seo,46,18,112,176
seobie,0,1,0,1
seoisseo,0,2,0,2
seok,0,2,0,2
seokjin,1,4,2,7
seokmin,4,2,4,10
seokminandjoshuamybias,0,0,2,2
seokminnnnn,0,1,0,1
seoksoo,3,1,0,4
seon,0,1,0,1
seonmurin,0,0,1,1
seonmyeonghaejineyo,0,0,1,1
seorang,0,0,1,1
seoson,0,2,0,2
seosoning,0,2,0,2
seoul,0,2,8,10
sep,2,15,7,24
sepa,0,4,2,6
sepan,0,3,0,3
separaci,0,0,3,3
separado,0,2,0,2
separarse,0,3,0,3
separate,51,37,138,226
separated,9,6,66,81
separately,4,7,18,29
separates,0,0,13,13
separating,3,2,2,7
separation,8,1,32,41
separatist,0,1,1,2
separatista,0,1,0,1
separatistas,0,7,0,7
separatists,0,0,1,1
separator,3,0,0,3
separen,0,1,0,1
separoh,0,1,0,1
sepas,0,4,0,4
sepdeaap,0,1,0,1
seperate,1,5,25,31
seperated,4,0,1,5
seperately,0,1,0,1
seperatet,2,0,0,2
seperation,0,0,3,3
seperti,0,0,1,1
sephen,0,0,1,1
sephiroth,0,1,2,3
sephiroths,0,0,1,1
sephooda,0,6,0,6
sephora,48,53,208,309
sephorahead,0,1,0,1
sephoras,0,0,1,1
sepia,0,3,3,6
seprate,1,0,0,1
sept,9,19,18,46
septem,0,0,4,4
september,48,91,145,284
septembre,0,0,5,5
septi,3,0,0,3
septic,0,4,4,8
septiceye,0,3,0,3
septicsam,0,1,0,1
septiembre,0,7,0,7
septuagenarian,0,0,1,1
septum,0,9,21,30
sepultada,0,0,1,1
sepultura,1,2,0,3
sequal,1,2,11,14
sequals,1,0,0,1
sequel,53,55,253,361
sequels,16,3,46,65
sequence,9,19,36,64
sequencer,0,0,5,5
sequences,0,4,20,24
sequencing,0,0,11,11
sequential,0,0,2,2
sequentially,0,0,7,7
sequestrar,0,0,4,4
sequierencolgardesufama,1,0,0,1
sequin,0,8,20,28
sequined,1,0,0,1
sequins,0,4,7,11
sequiturs,0,0,1,1
ser,8,255,19,282
sera,0,34,6,40
serafini,0,0,4,4
serais,0,5,0,5
serait,1,6,3,10
seran,0,2,0,2
serania,0,1,0,1
seras,0,8,0,8
serato,0,0,1,1
seratonin,0,0,1,1
serb,5,0,0,5
serbia,7,13,13,33
serbian,8,0,2,10
serbians,0,0,2,2
serbien,0,4,0,4
serca,0,3,0,3
serch,0,0,3,3
serco,0,2,0,2
sercret,0,0,1,1
sere,0,1,0,1
serena,4,31,57,92
serenade,1,2,15,18
serenaded,0,3,0,3
serendipitous,0,0,1,1
serendipity,0,0,3,3
serene,0,0,5,5
serenely,0,0,2,2
serenit,0,1,0,1
serenity,0,3,3,6
sereously,0,0,3,3
seres,0,2,0,2
seretse,5,0,0,5
serge,2,26,2,30
sergeant,2,1,3,6
sergei,1,3,3,7
sergey,0,0,5,5
serghei,0,3,0,3
sergi,0,1,0,1
sergio,1,14,8,23
seria,0,32,0,32
serial,9,35,37,81
serialize,0,0,2,2
serialized,0,0,2,2
serially,0,1,0,1
seriamente,0,5,0,5
serian,0,1,0,1
serie,3,26,25,54
seriea,0,5,0,5
series,326,433,1450,2209
serieus,0,1,0,1
serieusement,1,1,0,2
serieusly,0,0,6,6
serieux,0,8,1,9
seriiiiiuos,0,1,0,1
serin,0,0,5,5
serio,0,58,1,59
serios,1,4,0,5
seriosly,0,1,1,2
seriosusly,0,0,1,1
serioulsly,0,0,2,2
serious,519,1,456,976
seriously,1117,6,1203,2326
seriouslyyyyyyy,0,1,2,3
seriousness,3,7,33,43
seriousssssss,5,0,0,5
seris,0,1,2,3
serise,0,0,2,2
serisous,0,1,0,1
seritcha,0,3,0,3
seriusly,1,1,2,4
serj,0,1,0,1
serkis,0,0,2,2
serling,0,1,0,1
serlo,0,4,0,4
sermon,1,0,7,8
sermonising,0,0,2,2
seroius,0,0,1,1
seroiusly,0,1,0,1
serotonin,2,4,7,13
serously,0,0,3,3
serpent,6,46,18,70
serpentking,0,3,0,3
serpents,0,0,1,1
serra,0,0,1,1
serrano,0,1,4,5
serrated,1,0,0,1
sert,0,1,2,3
serta,0,0,1,1
sertern,0,1,0,1
sertraline,2,3,7,12
seru,0,1,0,1
serum,23,3,56,82
serums,16,0,19,35
serv,0,1,0,1
serval,0,1,0,1
servant,14,1,9,24
servants,1,2,10,13
serve,48,19,174,241
served,44,26,65,135
servedem,1,0,0,1
server,46,27,41,114
serveral,0,0,1,1
servered,0,0,3,3
servers,29,16,25,70
serves,16,5,36,57
service,183,61,367,611
serviceable,0,0,3,3
serviced,0,1,6,7
servicemen,0,0,1,1
services,20,14,84,118
servicewomen,0,0,1,1
servicing,0,4,1,5
servile,0,0,1,1
servin,0,0,1,1
serving,30,25,61,116
servings,0,4,0,4
servir,0,5,0,5
serviront,0,1,0,1
servoir,0,3,0,3
servono,0,1,0,1
ses,2,31,0,33
sesame,5,9,14,28
sesang,0,2,0,2
seseptable,1,0,0,1
sesesehehenowbebe,0,1,0,1
sesestro,1,0,0,1
sesh,0,3,1,4
seshes,0,0,1,1
seshuan,0,7,0,7
seshwan,0,0,1,1
sesi,0,3,1,4
sesinden,0,1,0,1
sesinize,0,1,0,1
sesiones,0,4,0,4
seslendirdin,0,4,0,4
sesleri,0,0,1,1
seslerinden,0,0,1,1
sesnsor,0,0,1,1
sesp,0,3,0,3
sessed,0,1,0,1
session,18,17,72,107
sessions,12,8,41,61
sessiosn,0,0,2,2
sestero,2,1,4,7
sesto,0,6,0,6
sestro,0,0,1,1
sesy,0,0,1,1
set,450,317,1157,1924
setback,0,0,1,1
setelah,0,0,1,1
setenteros,0,2,0,2
seth,138,141,255,534
setheverman,0,0,2,2
sethiii,0,1,0,1
seths,1,0,0,1
seti,0,0,1,1
setlist,1,0,0,1
setosorcerer,0,1,0,1
sets,59,10,175,244
setsu,0,2,5,7
settee,5,0,0,5
settees,0,0,1,1
setter,0,2,0,2
settin,0,0,1,1
setting,47,39,227,313
settingrecords,0,0,1,1
settings,22,11,55,88
settingspray,0,0,1,1
settle,25,9,77,111
settled,7,4,44,55
settlement,7,0,10,17
settlements,6,0,3,9
settlers,0,0,6,6
settles,1,5,9,15
settling,4,0,36,40
settup,0,0,1,1
setup,23,22,153,198
setups,0,0,15,15
setzen,0,1,0,1
seu,1,24,1,26
seul,14,8,2,24
seule,0,4,3,7
seulement,0,6,0,6
seulgi,0,1,0,1
seuls,0,1,7,8
seungcheol,0,0,1,1
seungkwan,6,9,12,27
seungkwans,0,0,1,1
seungri,0,1,0,1
seungwan,0,0,4,4
seurovillain,0,1,0,1
seus,0,3,1,4
seuss,0,1,1,2
sev,0,3,1,4
seva,0,3,0,3
sevan,0,1,0,1
sevear,0,0,2,2
seven,31,46,125,202
seveneves,0,0,5,5
sevenfold,0,3,0,3
sevenofnine,0,0,1,1
sevensexposed,0,1,0,1
seventeeeeen,0,1,0,1
seventeen,14,43,104,161
seventeens,0,1,0,1
seventeenvevo,0,1,0,1
seventh,5,5,15,25
seventies,1,4,2,7
sever,0,1,2,3
several,138,47,787,972
severe,48,8,80,136
severed,2,0,8,10
severely,19,0,41,60
severing,0,0,9,9
severity,2,0,0,2
severiz,0,1,0,1
severly,0,0,1,1
severn,1,0,6,7
severous,0,0,2,2
severs,1,0,0,1
severseniz,0,1,0,1
severus,0,2,1,3
sevigny,0,0,2,2
sevilla,0,6,14,20
sevindik,0,1,0,1
sevir,0,7,0,7
seviyorum,0,4,9,13
seviyoruz,0,3,0,3
sevven,0,1,0,1
sew,4,13,18,35
sewage,1,0,2,3
seward,1,0,0,1
sewed,0,2,0,2
sewer,12,25,17,54
sewerr,0,0,1,1
sewers,20,9,17,46
sewing,5,0,29,34
sewious,0,3,0,3
sewn,1,4,6,11
sews,0,0,2,2
sex,289,307,489,1085
sexaayyyy,0,1,0,1
sexaul,1,0,0,1
sexbots,2,4,0,6
sexed,0,0,1,1
sexes,0,2,5,7
sexi,0,4,0,4
sexier,2,6,17,25
sexiest,6,18,24,48
sexily,1,0,2,3
sexiness,1,2,8,11
sexing,0,0,1,1
sexism,26,2,39,67
sexist,48,35,70,153
sexists,4,0,1,5
sexless,0,5,0,5
sexo,1,4,1,6
sexplorer,0,0,7,7
sext,1,0,0,1
sextape,1,0,1,2
sexthing,0,1,0,1
sextoys,0,0,3,3
sexual,92,20,620,732
sexuales,0,2,0,2
sexualising,1,0,1,2
sexuality,26,12,71,109
sexualize,1,3,4,8
sexualized,1,0,6,7
sexualizing,2,0,2,4
sexually,45,3,135,183
sexuals,1,1,3,5
sexualty,0,0,3,3
sexualy,0,0,4,4
sexuial,0,1,0,1
sexully,0,0,4,4
sexwow,0,1,0,1
sexx,0,2,1,3
sexxx,0,2,0,2
sexxy,0,3,2,5
sexy,34,12,972,1018
sexyback,0,1,0,1
sexyconcept,0,1,0,1
sexyest,0,1,0,1
sexygirl,0,2,0,2
sexyyy,0,6,0,6
sexyyyy,0,2,0,2
sey,0,1,0,1
seya,0,0,3,3
seyfried,0,2,0,2
seygfried,0,0,1,1
seymour,1,0,1,2
seyodan,0,0,1,1
sez,0,0,3,3
sezhule,0,0,1,1
seziure,1,0,0,1
sezon,0,7,0,7
sezual,0,1,0,1
sezuel,0,1,0,1
sezy,0,1,0,1
sf,5,13,38,56
sfabrykowa,0,1,0,1
sfb,0,5,0,5
sfc,0,2,7,9
sfdagdafggda,4,0,0,4
sfeels,0,1,0,1
sfffffff,0,3,0,3
sfi,0,0,2,2
sfiga,0,0,1,1
sfigata,0,0,1,1
sfigati,0,0,1,1
sfighe,0,1,0,1
sfill,3,0,0,3
sfinter,0,4,0,4
sfiv,1,0,4,5
sfm,0,0,11,11
sfogo,1,0,0,1
sfortuna,0,1,0,1
sfrom,0,6,0,6
sfs,0,1,1,2
sfu,1,5,0,6
sfun,0,0,1,1
sfv,13,10,28,51
sfx,16,11,48,75
sfxt,0,0,2,2
sg,7,13,9,29
sgainst,0,0,1,1
sgakgdkshzksh,0,1,0,1
sgane,0,0,1,1
sgdk,0,0,2,2
sgdq,0,0,1,1
sge,0,4,0,4
sgghjlzx,0,2,0,2
sgian,0,0,3,3
sgooooooooooo,0,3,0,3
sgree,0,1,0,1
sgt,1,3,5,9
sh,76,84,124,284
sha,0,7,19,26
shaa,0,1,0,1
shaaaaaaaaaaaaawn,0,1,0,1
shaaaaaaaark,0,1,0,1
shaaaaaane,0,1,0,1
shaaadddyyy,0,2,0,2
shaaat,0,1,0,1
shaan,0,0,2,2
shaannnked,0,0,2,2
shaarawy,0,1,0,1
shabam,0,0,1,1
shabba,2,0,0,2
shabbie,0,2,0,2
shabbo,2,0,0,2
shabby,0,4,9,13
shabusen,0,0,1,1
shack,1,14,16,31
shackled,4,0,0,4
shackles,2,0,0,2
shacky,0,0,5,5
shaddai,1,0,0,1
shaddup,0,3,1,4
shaddy,0,0,1,1
shade,140,219,718,1077
shaded,1,0,8,9
shadeee,0,0,2,2
shadeeeeey,0,4,0,4
shader,1,0,6,7
shaders,0,0,8,8
shades,83,66,366,515
shadey,0,2,0,2
shadier,3,0,0,3
shadiest,3,0,4,7
shadilay,0,0,5,5
shading,1,10,4,15
shadiversity,0,4,0,4
shadovvs,0,0,4,4
shadow,87,88,304,479
shadowhunters,0,0,5,5
shadowing,2,0,0,2
shadows,27,48,177,252
shadoww,0,0,4,4
shadowy,10,0,2,12
shadu,0,3,0,3
shady,101,0,45,146
shadycameraman,4,0,1,5
shadypines,0,2,0,2
shadyyy,3,0,0,3
shadyyyy,0,1,0,1
shae,1,0,0,1
shaffer,0,1,0,1
shafir,0,0,4,4
shaforostov,0,0,1,1
shafou,0,0,2,2
shaft,1,5,12,18
shafted,0,0,2,2
shafts,0,0,1,1
shaftsbury,1,0,0,1
shag,4,2,0,6
shagged,1,0,1,2
shagging,0,7,3,10
shaggy,4,4,19,27
shags,0,5,0,5
shah,3,0,0,3
shahad,0,1,0,1
shahbazi,0,0,2,2
shahdad,7,0,0,7
shahid,0,1,2,3
shahidi,0,7,2,9
shahow,0,0,2,2
shai,0,3,0,3
shailene,0,0,1,1
shaina,0,0,2,2
shait,0,8,0,8
shaithead,0,0,1,1
shak,0,14,4,18
shaka,0,8,0,8
shakara,0,1,0,1
shake,53,62,145,260
shaked,0,0,1,1
shakedown,2,0,0,2
shakeman,0,0,2,2
shaken,11,2,3,16
shaker,2,0,0,2
shakers,0,0,2,2
shakes,5,20,43,68
shakespear,0,0,1,1
shakespeare,3,9,13,25
shakespearean,0,0,3,3
shakespherean,0,0,1,1
shakey,4,1,2,7
shaki,0,11,8,19
shakif,0,1,0,1
shakifan,0,3,0,3
shakifans,0,3,0,3
shakin,0,5,3,8
shaking,32,78,109,219
shakinggg,0,1,0,1
shakingly,0,0,3,3
shakira,40,239,141,420
shakiraaa,0,0,2,2
shakiraaaaaaa,0,0,1,1
shakiranomasreggaeton,0,1,0,1
shakiras,0,0,4,4
shakiry,0,5,0,5
shakka,0,0,3,3
shakkapellas,0,0,3,3
shakri,0,1,0,1
shakur,1,0,9,10
shaky,9,1,27,37
shakyra,0,0,1,1
shalala,1,0,0,1
shalam,0,0,3,3
shall,80,139,245,464
shallisa,2,0,0,2
shallots,1,0,0,1
shallow,87,0,41,128
shallower,0,0,19,19
shallowness,0,1,2,3
shalom,0,1,9,10
shalp,0,0,1,1
shalt,16,13,5,34
sham,5,0,4,9
shamalamalom,0,0,1,1
shamalan,0,0,1,1
shamalians,0,1,0,1
shamalyan,0,0,1,1
shaman,0,4,4,8
shamans,0,0,3,3
shamanuts,0,1,0,1
shamash,0,0,2,2
shamazing,0,3,0,3
shambles,2,0,3,5
shame,246,225,530,1001
shamed,4,7,16,27
shameful,29,5,31,65
shamefully,0,0,8,8
shamefur,0,0,4,4
shameless,17,24,28,69
shamelessfenti,0,1,0,1
shamelessfenty,1,43,23,67
shamelessfentybeauty,0,1,1,2
shamelessly,1,2,2,5
shamelessmaya,0,2,0,2
shamelssfenty,0,0,1,1
shamers,0,0,1,1
shames,0,0,1,1
shaming,15,5,28,48
shamisen,0,0,1,1
shamless,0,0,1,1
shamlessfenty,0,3,0,3
shamming,0,0,5,5
shampoo,16,18,78,112
shampoos,0,1,14,15
shampure,0,0,4,4
shamrock,1,0,2,3
shams,0,1,2,3
shan,0,0,9,9
shananay,1,0,1,2
shananigans,0,4,0,4
shanara,0,4,0,4
shanaynay,1,0,3,4
shandalaar,1,0,0,1
shandalar,0,0,1,1
shandler,0,0,1,1
shandling,7,0,2,9
shane,154,354,389,897
shaneeeee,0,1,0,1
shanepurch,0,2,0,2
shanes,0,2,3,5
shanesgreat,0,0,1,1
shang,1,0,0,1
shangela,0,0,1,1
shanghai,9,30,13,52
shani,12,29,31,72
shania,2,4,26,32
shanianow,0,0,4,4
shaniiiii,0,4,0,4
shaniqua,2,8,0,10
shank,0,3,9,12
shankar,1,2,0,3
shanked,1,0,0,1
shanking,0,1,0,1
shankley,0,0,6,6
shanks,6,0,1,7
shanksville,3,0,9,12
shann,0,2,2,4
shanna,0,4,1,5
shannan,5,0,0,5
shannara,0,1,1,2
shanni,0,1,5,6
shannon,8,22,25,55
shanqua,3,0,0,3
shanshed,0,3,0,3
shantaram,0,3,0,3
shantay,0,2,0,2
shante,0,1,0,1
shanti,0,0,2,2
shanties,0,0,2,2
shants,0,0,1,1
shanxi,0,0,1,1
shanxoo,0,0,2,2
shao,0,1,0,1
shaolin,0,2,0,2
shaoln,0,5,0,5
shape,93,80,314,487
shaped,21,28,75,124
shapeless,0,0,1,1
shapely,0,0,4,4
shapes,9,19,63,91
shapeshift,1,0,0,1
shapeshifters,0,1,0,1
shapeshifting,0,5,0,5
shapetape,0,0,8,8
shaphat,0,1,0,1
shaping,1,3,21,25
shapiro,7,19,21,47
shapley,0,2,0,2
shaprio,0,0,1,1
shaq,1,19,22,42
shaqa,0,1,0,1
shaqastrophe,0,0,1,1
shaqqqqq,0,1,0,1
shaqs,1,0,0,1
shaqstradamus,0,0,1,1
shaquille,0,5,0,5
shar,1,0,1,2
sharades,0,1,0,1
shard,1,0,7,8
shards,2,1,7,10
share,165,188,1184,1537
shareblue,0,0,1,1
shared,26,28,183,237
shareholders,0,0,11,11
shareing,0,0,1,1
shareit,0,1,0,1
shares,8,16,49,73
sharia,4,7,4,15
sharifa,0,1,0,1
sharig,1,0,0,1
sharing,104,94,1548,1746
sharingan,0,1,0,1
sharings,0,0,3,3
sharjah,0,0,1,1
shark,30,51,73,154
sharkboy,0,4,0,4
sharknado,2,3,14,19
sharknato,0,1,0,1
sharks,2,15,11,28
sharkteam,0,9,4,13
sharlto,0,0,5,5
sharma,0,1,0,1
sharms,0,0,1,1
sharon,7,28,95,130
sharonpotter,0,2,0,2
sharp,83,0,83,166
sharpay,0,3,2,5
sharpayyyyyy,0,3,0,3
sharpe,3,6,3,12
sharpedo,0,2,0,2
sharpei,0,0,2,2
sharpen,0,11,4,15
sharpend,0,0,2,2
sharpened,1,1,1,3
sharpener,0,2,0,2
sharpeners,1,0,1,2
sharpening,5,8,1,14
sharper,2,2,3,7
sharpest,0,7,0,7
sharpie,0,0,7,7
sharply,0,0,3,3
sharpness,0,0,1,1
sharppp,0,0,1,1
sharpppppp,0,1,0,1
sharpshooter,0,5,0,5
sharpshooters,0,1,0,1
sharpspring,0,2,0,2
sharron,0,1,0,1
sharted,0,0,4,4
sharts,0,0,1,1
shat,12,10,10,32
shatner,0,0,1,1
shats,0,0,1,1
shatter,12,9,11,32
shattered,26,1,22,49
shattering,0,0,6,6
shatterproof,0,0,2,2
shatters,4,0,3,7
shauld,0,1,0,1
shaun,3,24,7,34
shauntii,0,1,0,1
shavacado,0,0,1,1
shavales,0,1,0,1
shavchenko,3,0,0,3
shave,20,61,47,128
shaved,0,28,11,39
shaven,0,0,3,3
shaver,0,0,4,4
shaves,0,0,4,4
shaving,7,10,12,29
shavings,0,0,1,1
shaw,0,10,21,31
shawarma,0,1,0,1
shawd,0,0,2,2
shawdy,0,0,1,1
shawk,0,0,4,4
shawl,0,0,1,1
shawls,0,4,0,4
shawn,11,84,91,186
shawna,0,0,1,1
shawney,0,0,1,1
shawnie,0,0,1,1
shawnnnn,0,1,0,1
shawns,0,3,0,3
shawol,0,2,5,7
shawols,1,5,1,7
shawolsssss,0,1,0,1
shawrma,0,0,1,1
shawshank,5,20,30,55
shawshankredemption,0,0,1,1
shawtii,1,0,0,1
shawtout,0,0,1,1
shawty,6,4,25,35
shay,6,25,21,52
shaycarl,2,12,4,18
shayin,0,1,0,1
shayk,0,1,0,1
shayla,0,0,6,6
shaylor,3,0,0,3
shaym,0,3,0,3
shaymalan,0,0,1,1
shayn,1,0,0,1
shayne,0,0,1,1
shays,0,0,1,1
shaytard,0,0,1,1
shaytards,1,18,5,24
shazam,8,8,8,24
shazaming,1,0,0,1
shcuook,0,1,0,1
shd,0,7,5,12
she,6636,6420,19976,33032
shea,6,3,18,27
shear,1,0,4,5
shearaaaa,0,0,5,5
shearer,14,25,149,188
shearerisgod,0,0,1,1
shearers,0,1,1,2
shearling,0,5,17,22
shearn,0,0,1,1
sheath,2,3,1,6
sheavel,0,0,3,3
shebang,4,0,3,7
sheboon,1,0,0,1
sheck,0,0,2,2
sheckle,1,0,0,1
sheckler,0,0,1,1
sheckles,0,0,2,2
shecup,0,0,1,1
shed,17,19,115,151
shedding,4,10,22,36
shedifice,0,0,1,1
sheds,1,2,14,17
shedule,0,1,0,1
shee,0,3,5,8
sheedded,0,0,1,1
sheeee,1,0,1,2
sheeeeedah,1,0,0,1
sheeeeeeeaaaaaaaarrrreeeerrrrrrrrr,0,0,3,3
sheeeeeeeeyt,0,1,0,1
sheeeeeeit,0,1,0,1
sheeeeeeze,0,0,7,7
sheeeeeit,0,1,0,1
sheeeeettttt,0,1,0,1
sheeeeooot,0,1,0,1
sheeeesh,0,1,0,1
sheeet,0,2,0,2
sheeeyt,0,1,0,1
sheehan,0,1,4,5
sheeiiit,2,0,0,2
sheek,0,0,2,2
sheen,1,9,10,20
sheeny,5,0,3,8
sheeoootttt,0,1,0,1
sheep,83,117,138,338
sheeparmy,1,0,0,1
sheepish,1,0,0,1
sheepishly,0,0,5,5
sheeple,22,12,11,45
sheeples,0,0,3,3
sheepls,0,0,1,1
sheeps,9,12,0,21
sheer,27,16,67,110
sheeran,6,53,81,140
sheerans,0,1,0,1
sheere,0,0,1,1
sheerean,0,1,0,1
sheeren,0,0,1,1
sheerest,0,1,0,1
sheerman,0,0,1,1
sheesh,8,11,18,37
sheess,0,0,3,3
sheet,26,20,93,139
sheeth,0,1,0,1
sheetrock,0,0,1,1
sheets,33,6,74,113
sheetz,0,0,1,1
sheez,0,2,0,2
sheezan,0,1,0,1
sheezily,0,0,1,1
sheffield,3,8,18,29
sheffields,0,7,0,7
shehshsshsshsh,0,1,0,1
sheik,0,1,1,2
sheikh,0,1,10,11
sheila,0,1,4,5
sheild,1,0,4,5
shein,26,27,50,103
sheins,0,0,2,2
sheinwholesale,0,1,0,1
sheirly,0,0,6,6
sheit,0,2,0,2
sheitty,0,3,0,3
shekel,0,1,0,1
shekels,0,2,11,13
shekhinahglory,1,0,0,1
shel,0,0,1,1
shelbs,0,0,7,7
shelby,0,2,5,7
sheldon,1,8,12,21
sheleighlieghs,0,0,2,2
shelf,11,20,67,98
shelfed,0,3,0,3
shelfs,0,0,7,7
sheliak,0,0,3,3
shell,22,38,89,149
shellac,0,0,1,1
shelled,0,0,1,1
shelley,0,1,0,1
shellfish,0,1,3,4
shells,1,1,11,13
shelta,0,0,1,1
shelter,20,17,44,81
sheltered,16,0,10,26
shelters,0,3,9,12
shelton,2,4,38,44
shelved,0,0,1,1
shelves,4,2,19,25
shelvey,3,0,3,6
shelving,0,0,1,1
shema,0,1,0,1
shempre,0,1,0,1
shems,2,0,0,2
shemurrrrr,0,1,0,1
shen,3,0,0,3
shenakmrisief,0,0,1,1
shenanaigans,0,5,0,5
shenandoah,0,1,0,1
shenanigans,2,7,14,23
shennanigans,1,0,0,1
shenobies,0,1,0,1
shenzhen,0,3,9,12
shep,1,0,0,1
shepard,1,12,8,21
shepards,3,0,0,3
sheperd,0,1,0,1
shepherd,4,9,1,14
shepherds,0,0,2,2
sheppard,0,1,0,1
sheppards,0,2,0,2
sher,0,2,0,2
sherar,2,0,0,2
sherbet,0,5,0,5
sherclop,0,0,1,1
sherear,0,0,2,2
shereen,0,0,1,1
sheridan,5,0,2,7
sherif,0,0,1,1
sheriff,0,1,1,2
sheriffs,0,2,0,2
sheringham,0,0,3,3
sherlock,7,114,42,163
sherlyking,9,2,0,11
sherman,1,6,4,11
shern,1,0,0,1
sheroe,3,0,0,3
sherpas,0,0,1,1
sherri,0,6,0,6
sherry,0,0,1,1
shert,0,1,1,2
sherwood,0,0,4,4
shery,0,0,6,6
sheryl,0,0,3,3
shes,151,145,506,802
shescrazy,0,1,0,1
sheshesheshesheshes,0,1,0,1
sheshido,0,0,1,1
shessss,0,3,0,3
shet,1,4,6,11
shetlands,0,0,1,1
shev,0,0,3,3
shevchenko,22,12,9,43
shevchenkos,0,0,3,3
shevshen,0,3,0,3
shewlda,0,0,1,1
sheyla,0,0,1,1
shez,5,0,0,5
shfu,0,0,5,5
shgfhdgf,0,0,4,4
shh,1,2,4,7
shheeeesh,0,0,1,1
shhes,0,1,0,1
shhh,35,9,19,63
shhhaaannnneeee,0,0,1,1
shhhayin,0,1,0,1
shhhh,3,6,14,23
shhhhh,4,0,3,7
shhhhhhhesh,0,0,1,1
shhhhhhhh,0,0,1,1
shhhhhhhhh,0,0,1,1
shhhhhhhit,0,1,0,1
shhhhuuuukkkkttt,0,0,1,1
shhhshshhshhhh,0,5,0,5
shhmoney,0,0,1,1
shhmony,0,1,0,1
shhooketeh,5,0,0,5
shhs,0,0,1,1
shht,0,0,1,1
shi,3,38,20,61
shia,2,2,5,9
shiba,1,1,0,2
shibasaki,0,15,8,23
shibata,0,1,0,1
shibazaki,0,5,0,5
shibuya,0,4,0,4
shiching,1,0,0,1
shid,1,0,0,1
shieeet,0,7,2,9
shieeettt,0,8,0,8
shieeetttt,0,0,4,4
shield,13,35,70,118
shielding,4,0,0,4
shieldless,0,0,1,1
shields,3,0,20,23
shien,0,0,2,2
shiet,1,5,1,7
shiett,2,0,0,2
shifer,0,1,0,1
shift,29,20,86,135
shifted,2,1,9,12
shifter,0,3,0,3
shifting,3,8,16,27
shifts,1,3,19,23
shifty,0,1,1,2
shiganeun,0,1,0,1
shigeru,1,0,1,2
shigeta,0,0,2,2
shih,0,1,0,1
shii,2,7,2,11
shiieeeet,0,1,0,1
shiii,3,1,0,4
shiiii,0,0,1,1
shiiiiaaat,0,1,0,1
shiiiiiieeeeeet,0,3,0,3
shiiiiiiiiiiiiiiiiiiiiiiiiiiiiiiiiiiiiiiiiiii,0,1,0,1
shiiiiiiiiiiiiiiiiiiiiiiiiiiit,0,1,0,1
shiiiiiiiiiiiiiiiiiiiiiiiiit,0,0,1,1
shiiiiiiiiiiiiiit,1,7,0,8
shiiiiiiiiiiiit,0,1,0,1
shiiiiiiiiitttttt,0,1,0,1
shiiiiiiiit,0,3,0,3
shiiiiiiit,0,3,0,3
shiiiiiit,0,0,2,2
shiiiiiitttt,0,3,0,3
shiiiiit,1,0,2,3
shiiiiite,0,2,0,2
shiiiiitttt,1,0,0,1
shiiiit,1,1,2,4
shiiiitt,0,1,0,1
shiiit,0,0,3,3
shiiittt,0,1,0,1
shiiittttt,1,0,0,1
shiip,0,1,0,1
shiit,0,6,4,10
shiitt,1,0,0,1
shiity,1,0,0,1
shikra,0,2,0,2
shiksa,7,0,1,8
shiksaz,2,0,0,2
shila,0,5,0,5
shild,0,4,0,4
shill,9,9,4,22
shilling,2,1,2,5
shills,4,2,16,22
shim,1,0,0,1
shima,0,1,0,1
shimano,0,0,9,9
shimerman,0,0,2,2
shimmed,1,0,0,1
shimmer,16,24,43,83
shimmering,0,0,3,3
shimmers,7,0,19,26
shimmery,2,3,12,17
shimmy,0,4,4,8
shimomura,0,1,0,1
shin,0,2,5,7
shinchan,0,3,0,3
shindeiru,0,4,1,5
shinderiu,0,1,0,1
shinderu,0,5,0,5
shindieru,0,1,0,1
shindig,0,0,1,1
shindiketo,0,0,7,7
shindler,0,2,0,2
shine,35,41,182,258
shinebox,12,27,19,58
shineboxes,0,9,0,9
shineboxmidity,0,3,0,3
shinecock,0,3,0,3
shined,3,0,7,10
shinee,1,17,11,29
shinen,0,2,0,2
shines,2,7,37,46
shiney,3,1,2,6
shingle,0,8,0,8
shingling,0,0,1,1
shinichir,0,0,7,7
shinichiro,7,0,12,19
shinier,0,0,1,1
shinies,0,2,0,2
shinigami,0,2,0,2
shinin,1,0,2,3
shining,9,23,129,161
shiniqua,0,2,0,2
shinji,4,1,0,5
shinjikate,1,0,0,1
shinkansen,0,0,1,1
shinnig,0,0,1,1
shinning,1,0,15,16
shinny,1,0,15,16
shinobi,2,5,7,14
shinobis,0,0,3,3
shinoda,0,0,9,9
shinokubo,0,2,0,2
shinpachi,0,1,0,1
shins,1,1,5,7
shinsuke,1,2,1,4
shiny,37,18,100,155
ship,102,191,325,618
shiper,0,4,0,4
shiping,0,0,1,1
shipito,0,0,5,5
shipley,0,0,1,1
shipman,0,0,4,4
shipment,0,0,8,8
shipments,2,0,0,2
shipp,0,3,0,3
shipped,2,1,31,34
shippei,0,2,0,2
shipper,0,9,8,17
shippers,0,6,4,10
shippes,0,1,0,1
shipping,42,31,204,277
shippo,0,12,0,12
shipppp,0,3,0,3
shippuden,0,0,2,2
ships,35,41,56,132
shipshipshipshipship,0,1,0,1
shipttttart,0,1,0,1
shipuuden,0,0,2,2
shipwreck,0,3,1,4
shipwrecked,0,0,4,4
shirai,0,5,1,6
shire,0,2,0,2
shireen,0,0,1,1
shirley,72,2,46,120
shirly,0,0,1,1
shirokiya,0,0,5,5
shirrrrrrt,2,0,0,2
shirrrrt,0,0,1,1
shirt,234,629,873,1736
shirted,6,0,1,7
shirtless,11,12,12,35
shirts,77,81,216,374
shiseido,1,0,2,3
shishefolyu,1,0,0,1
shit,7295,236,3584,11115
shita,0,2,0,2
shitake,0,1,0,1
shitbag,5,2,3,10
shitbags,3,0,0,3
shitballs,5,6,6,17
shitbangs,0,1,0,1
shitbird,0,0,1,1
shitbirds,0,0,1,1
shitchannel,2,0,0,2
shite,79,96,92,267
shitebag,1,0,0,1
shited,1,1,3,5
shiteland,0,6,0,6
shiter,1,0,0,1
shiteu,0,0,1,1
shitface,0,1,0,1
shitfaced,1,1,0,2
shitfest,4,0,14,18
shitfests,0,0,1,1
shitgami,1,0,0,1
shitgate,2,0,0,2
shithead,4,2,3,9
shitheads,4,0,2,6
shithole,16,8,25,49
shitholes,1,0,5,6
shithouse,0,1,0,1
shithouses,0,0,5,5
shiting,0,1,9,10
shitism,0,0,2,2
shitkit,2,0,0,2
shitler,0,0,1,1
shitless,0,8,6,14
shitlib,3,0,0,3
shitload,4,1,5,10
shitloads,1,2,0,3
shitlor,0,0,2,2
shitlords,0,0,5,5
shitnitta,0,1,0,1
shitover,1,0,0,1
shitpickle,0,1,0,1
shitpost,1,4,6,11
shitposted,0,1,0,1
shitposter,0,0,5,5
shitposting,1,4,3,8
shitposts,0,1,2,3
shits,87,35,105,227
shitscared,0,0,1,1
shitshow,4,1,4,9
shitsmokers,0,0,1,1
shitsponge,1,0,0,1
shitstain,6,0,5,11
shitstains,0,0,6,6
shitsten,0,0,2,2
shitstep,1,0,0,1
shitstorm,1,2,3,6
shitt,4,6,0,10
shitted,3,0,0,3
shitter,12,6,9,27
shitters,0,0,4,4
shittest,0,0,2,2
shitti,1,0,0,1
shittier,6,3,6,15
shittiest,5,10,5,20
shittin,0,0,2,2
shittiness,0,0,1,1
shitting,39,22,28,89
shittn,0,0,1,1
shittt,0,5,0,5
shitttt,2,13,0,15
shittttt,0,4,5,9
shitttttt,0,0,1,1
shittttttt,1,0,0,1
shittttttttttttttttt,0,5,0,5
shitttttttttttttttttt,2,0,0,2
shittttttty,0,1,0,1
shitty,239,134,406,779
shittyflute,0,1,0,1
shittyrobots,0,5,0,5
shittys,0,0,2,2
shitue,0,0,1,1
shity,12,18,14,44
shitz,1,0,0,1
shitzees,0,0,5,5
shiva,0,0,1,1
shivaya,0,0,1,1
shiver,1,2,24,27
shivering,2,0,3,5
shivers,6,19,18,43
shiverss,0,7,0,7
shives,0,3,0,3
shivranjani,0,0,2,2
shiw,0,0,1,1
shiyt,2,0,0,2
shiz,5,4,10,19
shiznet,0,1,0,1
shizz,0,0,4,4
shizzle,0,3,1,4
shizzz,0,0,2,2
shka,0,0,1,1
shko,0,1,0,1
shkut,0,0,1,1
shld,0,1,4,5
shlednuti,0,3,0,3
shlongs,2,0,0,2
shmammerd,0,0,1,1
shmancy,0,2,0,2
shmart,0,0,1,1
shmas,0,1,0,1
shmash,0,1,2,3
shmedium,0,4,0,4
shmegan,0,1,0,1
shmeksy,0,0,1,1
shmerfermerner,1,0,0,1
shmichel,0,1,0,1
shmohawks,3,0,0,3
shmoke,0,1,0,1
shmooped,0,1,0,1
shmooshed,0,0,1,1
shmooze,0,0,5,5
shmuck,0,0,3,3
shmucko,0,0,4,4
shmucks,0,0,1,1
shmut,1,0,0,1
shnazz,0,0,2,2
shnyer,1,0,0,1
sho,0,16,8,24
shoah,0,2,1,3
shoahed,0,0,1,1
shoal,0,0,1,1
shoaled,1,0,0,1
shock,51,24,118,193
shocked,218,5,98,321
shocker,8,9,10,27
shocking,116,1,28,145
shockingly,2,0,9,11
shockley,2,0,0,2
shockly,0,0,3,3
shocks,0,2,0,2
shockwave,0,0,3,3
shodan,0,0,1,1
shoddily,0,0,1,1
shoddy,2,0,7,9
shoe,105,91,206,402
shoebox,0,0,1,1
shoedazzle,0,0,1,1
shoegaze,0,0,1,1
shoeholic,0,0,4,4
shoehorn,1,0,4,5
shoehorned,0,0,3,3
shoelaces,0,3,0,3
shoemanics,0,0,2,2
shoen,0,1,0,1
shoenice,0,1,0,1
shoereviews,0,0,4,4
shoes,173,254,600,1027
shoetique,0,0,1,1
shoey,0,0,1,1
shogun,0,4,0,4
shoild,1,0,0,1
shoit,0,2,7,9
shoitsmash,0,3,0,3
shojeki,0,0,1,1
shojin,0,8,0,8
shojou,0,2,0,2
shok,0,0,1,1
shoke,1,0,0,1
shoked,0,0,4,4
shoketh,0,0,1,1
shoking,0,0,1,1
shokrun,0,1,0,1
shokugeki,0,7,8,15
shola,0,6,0,6
shold,0,8,8,16
sholehzard,0,0,1,1
shonduras,0,3,0,3
shone,4,0,1,5
shonen,0,0,1,1
shoneys,0,1,0,1
shonpapri,0,0,2,2
shoo,0,0,2,2
shoob,0,3,0,3
shooes,0,0,1,1
shook,51,260,161,472
shookandquaking,0,1,0,1
shooked,0,10,2,12
shookedness,0,1,0,1
shookened,0,0,1,1
shookening,0,2,0,2
shooketh,12,26,16,54
shookethh,1,0,0,1
shookethhhh,0,0,1,1
shooketth,0,1,0,1
shookeyh,0,2,0,2
shooking,0,1,0,1
shookith,1,2,0,3
shooks,0,1,0,1
shookt,1,10,24,35
shookted,0,0,1,1
shookth,0,1,0,1
shool,0,1,0,1
shooocked,0,0,4,4
shoooeees,0,0,6,6
shoook,0,0,1,1
shoooocked,0,0,1,1
shooook,0,0,1,1
shooookethhh,1,0,0,1
shooookk,0,2,0,2
shooookkkkkkkkk,0,4,0,4
shoooooes,0,1,0,1
shoooook,0,8,0,8
shoooookkkkkjkk,0,1,0,1
shooooook,0,0,1,1
shooooookkkk,0,0,1,1
shooot,0,0,1,1
shoooting,0,1,0,1
shoooww,0,0,4,4
shoopping,0,0,1,1
shoot,159,173,289,621
shooted,0,2,0,2
shooter,141,84,155,380
shooterman,1,0,0,1
shooters,58,46,95,199
shootin,1,0,8,9
shooting,266,120,437,823
shootings,73,12,118,203
shootout,3,0,1,4
shootouts,8,0,0,8
shoots,41,40,39,120
shootshim,0,3,0,3
shoould,0,0,2,2
shop,119,109,555,783
shopaholic,1,2,9,12
shopban,0,0,6,6
shopcamp,0,0,5,5
shopes,6,0,0,6
shophush,0,0,3,3
shopie,0,4,0,4
shoping,1,3,0,4
shopkick,0,0,1,1
shopkins,0,1,0,1
shoplift,0,1,3,4
shoplifter,0,5,0,5
shoplifters,0,0,1,1
shoplifting,0,0,1,1
shopped,2,1,3,6
shopper,1,0,1,2
shopperholic,0,0,1,1
shoppers,1,0,0,1
shoppin,0,1,5,6
shopping,50,116,413,579
shoppingcartangle,0,0,1,1
shops,70,23,128,221
shopvac,0,1,0,1
shore,21,19,46,86
shoreham,0,0,4,4
shorely,1,0,0,1
shores,3,0,9,12
shoring,0,0,1,1
short,290,322,1049,1661
shorta,0,1,0,1
shortage,8,0,13,21
shortbread,5,0,0,5
shortcake,0,3,2,5
shortcoming,0,0,1,1
shortcomings,2,0,19,21
shortcut,0,0,4,4
shortcuts,0,1,6,7
shortcutting,0,0,1,1
shorted,5,0,2,7
shorten,2,2,19,23
shortened,0,2,15,17
shortening,0,0,8,8
shortens,0,0,1,1
shorter,14,32,71,117
shortest,0,6,6,12
shortfall,0,0,1,1
shortfilm,0,0,1,1
shortfuse,1,0,0,1
shorthair,0,0,8,8
shorthairs,0,3,0,3
shorthand,1,0,1,2
shortie,1,0,1,2
shorties,6,0,0,6
shorting,0,0,3,3
shortlist,0,0,6,6
shortly,17,7,38,62
shorts,28,60,142,230
shorty,4,3,0,7
shose,0,2,0,2
shoshana,0,0,1,1
shostakovichs,0,0,1,1
shot,476,408,816,1700
shoter,1,0,0,1
shotes,0,2,0,2
shotgun,5,16,21,42
shotgunning,0,0,6,6
shotguns,2,0,21,23
shotie,0,3,0,3
shoting,7,0,4,11
shotout,0,0,1,1
shots,141,173,360,674
shotta,1,1,0,2
shottas,1,0,0,1
shottin,7,0,0,7
shotting,0,0,1,1
shotts,0,0,12,12
shotty,3,0,0,3
shou,0,2,1,3
shoud,0,15,19,34
shoude,0,0,2,2
shoudnt,0,1,0,1
shoudve,0,1,0,1
shoujo,2,0,0,2
shoukd,0,1,1,2
shoukugeki,0,0,3,3
shoul,0,0,2,2
shoula,0,1,0,1
should,3358,5774,8643,17775
shoulda,15,42,22,79
shouldbe,0,1,0,1
shouldent,0,1,0,1
shoulder,25,49,169,243
shouldering,0,0,1,1
shoulders,38,31,42,111
shouldhavevotedforstatehood,0,1,0,1
shouldn,28,31,55,114
shouldnt,18,18,81,117
shouldove,0,1,0,1
shouldve,15,31,7,53
shoulf,0,0,1,1
shoulnt,0,2,0,2
shouma,0,0,6,6
shous,0,0,1,1
shout,77,150,219,446
shouted,17,10,27,54
shoutin,0,0,1,1
shouting,23,27,73,123
shoutout,1,68,120,189
shoutouts,0,2,10,12
shoutouttotheceliachusband,0,0,4,4
shouts,7,3,10,20
shouty,3,2,1,6
shove,28,11,40,79
shoved,12,15,23,50
shovel,11,4,13,28
shovelling,5,0,0,5
shovels,0,2,2,4
shovelware,0,0,4,4
shoverd,0,1,0,1
shoves,4,2,5,11
shoving,9,2,23,34
shovon,0,1,0,1
show,1783,1740,5481,9004
showalter,7,0,0,7
showand,0,0,5,5
showbic,0,1,0,1
showbiz,11,1,6,18
showboat,4,0,0,4
showboating,5,0,3,8
showboats,0,0,2,2
showcase,6,4,52,62
showcased,0,0,4,4
showcases,0,0,10,10
showcasing,0,1,5,6
showdown,2,0,5,7
showed,197,147,556,900
showef,0,0,5,5
showel,0,0,1,1
shower,78,52,181,311
showered,1,2,6,9
showering,0,0,12,12
showers,9,0,9,18
showerthots,0,0,1,1
showerthoughts,0,0,1,1
showes,0,3,0,3
showgirl,1,0,0,1
showin,0,0,7,7
showing,232,143,823,1198
showings,0,0,1,1
showman,0,0,1,1
showmanship,0,0,3,3
showmoedown,0,0,5,5
shown,101,28,240,369
showned,0,0,5,5
showpieces,0,0,1,1
showpo,0,1,0,1
showroom,0,0,3,3
showrunner,1,0,0,1
showrunners,1,0,3,4
shows,455,209,1373,2037
showsimilarly,0,0,1,1
showstopper,0,0,1,1
showtime,0,1,16,17
showw,0,0,1,1
showww,1,0,0,1
showwww,0,2,0,2
showwwww,0,4,0,4
showy,0,0,2,2
showz,0,0,1,1
shoyt,0,0,5,5
shqip,0,0,4,4
shqiperise,0,1,0,1
shqipezzzoutthereee,0,1,0,1
shqiptart,0,1,0,1
shram,0,0,4,4
shrank,0,1,0,1
shreaking,0,1,0,1
shreck,0,1,0,1
shred,7,10,22,39
shredded,6,4,5,15
shredder,2,0,0,2
shredding,4,3,10,17
shredlights,0,0,1,1
shreds,8,4,15,27
shreen,0,0,1,1
shreik,0,0,1,1
shrek,4,58,22,84
shrekked,0,1,0,1
shret,0,0,1,1
shreveport,1,0,0,1
shrew,0,0,1,1
shrewd,0,0,4,4
shrewsbury,0,0,4,4
shriek,1,2,1,4
shrieked,0,2,1,3
shrieking,6,0,1,7
shrieks,1,0,1,2
shrike,0,1,3,4
shrill,1,0,5,6
shrilly,0,0,2,2
shrimd,0,0,2,2
shrimp,14,124,49,187
shrimps,1,3,1,5
shrimpy,0,0,3,3
shrine,2,1,4,7
shrink,21,10,16,47
shrinkage,0,0,5,5
shrinked,0,1,0,1
shrinking,4,2,14,20
shrinks,3,9,1,13
shrinky,0,1,0,1
shrit,1,0,0,1
shrivel,8,2,0,10
shriveled,2,0,0,2
shrivelling,0,0,1,1
shriving,0,0,1,1
shrldu,0,2,0,2
shroom,0,4,0,4
shrooms,2,8,6,16
shroud,2,2,5,9
shrouded,3,0,1,4
shrroms,1,0,0,1
shrt,0,0,1,1
shrubbery,0,1,0,1
shruct,0,2,0,2
shrug,9,0,18,27
shrugged,0,0,9,9
shrugging,1,0,0,1
shrugs,0,0,5,5
shrunk,4,18,8,30
shrunked,0,2,0,2
shrunken,0,0,1,1
shs,0,0,1,1
shshshsnsks,0,1,0,1
shsjdjfj,0,1,0,1
sht,6,6,11,23
shtf,0,0,1,1
shti,2,0,0,2
shtick,3,1,6,10
shticks,2,0,0,2
shtop,0,0,1,1
shttttttt,0,1,0,1
shtty,0,0,2,2
shtuff,0,0,1,1
shtuffs,2,0,0,2
shu,0,1,3,4
shua,0,0,1,1
shubin,0,0,2,2
shubscreebed,0,4,0,4
shubscribe,0,3,0,3
shuby,0,2,0,2
shubz,0,4,0,4
shuchet,0,3,0,3
shuck,1,0,8,9
shud,3,0,25,28
shuda,0,0,3,3
shudda,4,0,0,4
shudder,2,3,5,10
shuddering,0,0,5,5
shudders,4,0,1,5
shuffle,1,9,10,20
shufflin,1,0,0,1
shuga,0,1,0,1
shugoki,1,1,0,2
shui,2,0,1,3
shukar,0,1,0,1
shukrannnnn,0,2,0,2
shukt,0,3,1,4
shukterhousejive,0,1,0,1
shuld,0,1,2,3
shulda,0,1,0,1
shultz,0,3,0,3
shum,0,2,0,2
shumer,2,2,1,5
shumpert,0,5,0,5
shumpter,0,0,1,1
shun,2,0,0,2
shunned,1,0,4,5
shunt,1,0,0,1
shuold,0,3,2,5
shuolda,0,0,1,1
shup,0,0,5,5
shure,9,4,12,25
shurikens,1,0,0,1
shurmda,0,1,0,1
shurtenly,0,0,1,1
shush,1,1,3,5
shushing,0,0,10,10
shut,378,230,421,1029
shutdown,1,0,3,4
shutkever,0,0,1,1
shutout,0,0,1,1
shuts,18,6,7,31
shutt,1,0,0,1
shutter,5,23,48,76
shutters,0,0,2,2
shutting,11,5,21,37
shuttle,4,0,25,29
shutttttt,0,1,0,1
shutup,0,3,3,6
shuut,0,0,2,2
shw,0,1,0,1
shwartzenegger,0,0,1,1
shwed,1,0,0,1
shweep,0,2,0,2
shwiftey,0,1,0,1
shwish,0,0,1,1
shxt,1,2,1,4
shy,47,3,85,135
shyamalan,0,0,4,4
shyeah,0,1,0,1
shyer,0,0,4,4
shying,4,0,0,4
shyla,0,1,0,1
shymalan,0,1,0,1
shyness,4,1,8,13
shyt,8,2,7,17
si,79,950,103,1132
sia,17,112,211,340
siaaa,0,0,1,1
siaaaa,0,1,1,2
siaaaaaa,0,1,0,1
siad,1,0,1,2
siamese,7,0,13,20
siamo,0,1,0,1
siamoo,0,1,0,1
sian,0,0,7,7
siano,0,3,0,3
siapa,0,1,0,1
sias,0,4,1,5
siate,0,0,1,1
sibberan,2,0,0,2
sibelius,0,0,2,2
sibell,0,2,0,2
siberia,2,0,8,10
siberian,0,2,8,10
siberiano,0,1,0,1
sibilance,0,0,4,4
sible,0,3,0,3
sibling,14,8,27,49
siblingfucking,0,1,0,1
siblings,31,25,88,144
sibo,0,0,4,4
sic,7,8,8,23
sica,6,224,44,274
sicaa,0,1,0,1
sical,0,1,0,1
sicamente,1,1,0,2
sicarii,0,0,5,5
sicario,0,0,8,8
sicarios,3,0,2,5
sicas,3,11,0,14
sicc,2,2,1,5
siccckkk,0,2,0,2
sice,0,2,0,2
sich,1,18,0,19
sicher,0,4,0,4
sichuan,6,5,43,54
sichuanese,0,0,3,3
sichuaness,3,0,0,3
sicilian,2,0,1,3
sicily,2,5,1,8
sicitrest,0,0,1,1
sick,1508,0,396,1904
sicked,0,1,0,1
sickened,0,0,3,3
sickening,74,0,11,85
sickens,4,2,4,10
sicker,6,0,8,14
sickest,1,6,9,16
sickick,0,1,0,1
sicking,0,0,1,1
sickjjjjj,0,3,0,3
sickk,3,1,0,4
sickkk,0,2,0,2
sickkkk,1,1,0,2
sickkkkkk,3,1,5,9
sickkkkkkkkk,0,1,0,1
sickle,0,3,11,14
sickly,3,0,9,12
sickness,23,5,30,58
sicknesses,3,0,0,3
sicko,0,0,7,7
sickof,0,0,1,1
sickos,0,1,1,2
sicks,0,0,6,6
sicne,0,0,7,7
sico,0,2,0,2
sicol,0,0,1,1
sicos,0,2,0,2
sicuro,0,1,0,1
sicy,1,0,0,1
sid,5,63,119,187
sida,0,3,0,3
sidddd,0,0,6,6
siddhartha,0,0,2,2
side,644,305,1741,2690
sidearm,0,4,1,5
sidebar,0,0,5,5
sidebite,0,0,1,1
sideburns,3,3,3,9
sidecar,1,0,0,1
sided,25,5,64,94
sideds,0,0,1,1
sidekick,0,1,2,3
sidekicks,0,1,0,1
sideline,0,5,0,5
sidelines,2,3,2,7
sideluke,0,0,1,1
sidemen,23,20,28,71
sidemine,0,0,2,2
sidenote,1,0,1,2
sidenten,0,1,0,1
sidepiece,0,0,1,1
sider,2,0,1,3
siders,0,0,1,1
sides,140,68,287,495
sideshow,0,3,0,3
sidetracked,0,0,3,3
sidewalk,5,0,11,16
sidewalks,2,0,0,2
sidewall,1,0,0,1
sidewaya,0,0,1,1
sideways,32,13,37,82
sidget,0,1,0,1
sidgoshsksbdlsjdodhsksbskjsjshsjsjsjsjsjkshsksjskbdksjsjdhdkjdkdjrkdkekejdkdhdldjdkdjkdhdjdkdndkdndldnldndkdkdlndkdjdkjdk,1,0,0,1
sidhe,0,1,0,1
sidhu,0,1,0,1
siding,4,0,4,8
sidious,2,1,8,11
sidjfiksa,0,0,2,2
sidmen,0,1,0,1
sidney,0,2,17,19
sido,4,23,1,28
sidoreul,0,1,0,1
sids,0,8,11,19
sie,1,20,5,26
siebie,0,15,0,15
sieci,0,1,0,1
siedz,0,2,0,2
siedzia,0,2,0,2
sieg,4,1,0,5
siege,10,13,9,32
siehe,0,7,0,7
siema,0,4,0,4
siemka,0,1,0,1
siempre,4,274,23,301
siempreee,0,1,0,1
sience,1,1,0,2
siendo,0,23,1,24
sienna,0,0,5,5
sienta,0,3,0,3
sientan,0,4,0,4
siente,0,15,0,15
sienten,0,3,0,3
siento,0,23,2,25
siepre,0,1,0,1
sierra,6,1,0,7
siesta,0,3,0,3
siete,0,4,1,5
sieze,0,0,1,1
siezur,0,1,0,1
sif,0,0,1,1
siffle,0,0,4,4
sift,1,0,3,4
sig,1,1,0,2
siga,0,13,0,13
sigamos,0,5,0,5
sigan,1,18,7,26
sigandeureul,0,0,3,3
sigarets,0,0,1,1
sigas,0,8,0,8
sige,0,5,0,5
sigen,0,2,0,2
siggy,0,0,2,2
sigh,48,81,83,212
sighh,0,4,0,4
sighhh,2,0,0,2
sighing,0,0,1,1
sighning,0,1,0,1
sighs,3,0,9,12
sight,68,19,150,237
sighted,11,1,8,20
sighting,1,10,0,11
sightings,0,1,0,1
sightline,0,0,5,5
sights,7,11,16,34
sightseeing,4,1,15,20
sigil,4,0,3,7
siginifca,0,1,0,1
siginificant,0,0,1,1
sigla,0,3,0,3
sigle,1,0,0,1
siglo,0,4,0,4
sigma,2,0,4,6
sigmund,0,0,6,6
sign,250,288,658,1196
signage,0,0,2,2
signal,18,27,60,105
signaled,0,0,5,5
signaling,4,7,9,20
signalling,8,10,7,25
signalllll,0,0,1,1
signals,8,11,26,45
signature,6,16,57,79
signatures,0,8,34,42
signboards,0,3,0,3
signed,36,96,192,324
signer,0,0,2,2
signers,0,0,2,2
significa,2,14,0,16
significado,18,1,0,19
significan,0,2,0,2
significance,11,3,16,30
significant,15,0,93,108
significantly,7,0,68,75
significar,0,1,0,1
significatnt,0,0,3,3
signified,1,0,0,1
signifier,0,0,1,1
signify,0,3,2,5
signifying,0,0,2,2
signin,0,0,1,1
signing,27,43,123,193
signings,5,0,6,11
signiture,1,0,0,1
signn,0,0,1,1
signore,1,7,8,16
signout,0,0,1,1
signposted,0,0,1,1
signs,80,42,261,383
sigo,0,26,0,26
sigourney,1,0,0,1
sigs,0,0,8,8
sigtt,0,0,1,1
sigue,3,46,7,56
sigueme,0,1,0,1
siguen,0,12,0,12
sigues,0,3,0,3
siguiente,1,3,1,5
siguiera,0,1,0,1
sigur,0,3,0,3
sih,0,4,0,4
sihifuhsdfgysefgye,4,0,0,4
sii,0,1,0,1
siick,0,0,1,1
siii,0,2,0,2
siiicck,0,7,0,7
siiickkk,0,1,0,1
siiii,0,4,0,4
siiiicckkk,1,0,0,1
siiiick,0,2,2,4
siiiii,0,1,0,1
siiiiick,4,1,0,5
siiiiii,1,1,0,2
siiiiiick,0,2,0,2
siiiiiii,0,1,0,1
siiiiiiick,0,3,0,3
siiiiiiickkkk,0,1,0,1
siiiiiiiick,0,4,0,4
siiiiiiiiii,0,0,1,1
siiiiiiiiiiiighhhhhhhhhhhhhhhh,0,2,0,2
siiiiiiiiiiiiiii,0,1,0,1
siiiiiiiiiiiiiiii,0,0,1,1
siiiiiiiiiiiiiiiiiiiiiiiiiiiiiiiiiiiiiiiiiiiiiiiiiiiiiiiiiiiiiiiiiiiiiiiiiiiiiiiiiiiiiiiiiiiiiiiiiiii,0,1,0,1
siiiiiiiiiiiiiiiing,0,0,2,2
siiiuuuuuuuuuuu,0,0,1,1
siiiuuuuuuuuuuuuuu,0,1,0,1
siing,0,1,0,1
sik,3,6,2,11
sikat,0,1,0,1
sike,1,6,1,8
sikebilirmiyim,0,1,0,1
sikecek,0,2,0,2
sikem,0,1,0,1
siker,0,4,0,4
sikerim,0,1,0,1
sikersem,0,1,0,1
sikerult,0,1,0,1
sikh,4,0,4,8
siki,0,2,0,2
sikim,6,0,0,6
sikip,0,1,0,1
sikkeulsikkeulhaedo,0,1,0,1
sikmek,0,2,0,2
sikmezsek,0,1,0,1
sikr,0,1,0,1
siktimin,0,2,0,2
siktir,0,3,0,3
sil,0,4,16,20
sila,0,6,1,7
silance,0,0,7,7
silaym,0,3,0,3
silb,0,1,0,1
silbar,0,3,0,3
silbidos,0,2,0,2
sile,0,0,1,1
silence,55,60,151,266
silenced,1,2,20,23
silencers,1,13,4,18
silences,2,0,0,2
silencing,0,5,2,7
silenciosa,0,0,5,5
silent,50,40,139,229
silently,8,8,20,36
silf,0,1,0,1
silhouette,12,4,7,23
silhouetterun,0,1,0,1
sili,0,1,0,1
silicon,4,12,19,35
silicone,6,26,21,53
silicons,0,0,2,2
silisponge,0,1,1,2
silk,9,10,41,60
silken,0,8,0,8
silkroad,0,8,0,8
silks,0,0,1,1
silky,1,1,10,12
sill,1,0,3,4
silla,0,1,0,1
sillas,0,0,6,6
sillicon,0,3,0,3
sillier,0,0,1,1
silliest,1,0,2,3
silliness,1,4,19,24
sillllllllkkkkkk,0,1,0,1
silly,275,20,132,427
sillyhead,1,0,1,2
silme,0,3,0,3
silnik,0,3,0,3
silo,1,5,3,9
silos,0,0,8,8
silpaero,0,1,0,1
silteplait,0,1,0,1
silts,0,2,0,2
silv,0,3,0,3
silva,9,16,28,53
silver,26,40,139,205
silverchair,0,0,2,2
silvercrest,0,4,0,4
silvered,0,0,1,1
silverette,5,0,0,5
silveria,16,15,26,57
silvering,0,0,1,1
silverlining,0,2,0,2
silverlygoodness,1,0,0,1
silverman,4,10,13,27
silverstein,1,0,0,1
silvertear,1,0,0,1
silverware,0,1,9,10
silverwater,0,0,1,1
silvestre,0,4,0,4
silvina,0,0,3,3
silvio,0,3,6,9
sim,12,28,30,70
sima,0,10,7,17
simaria,0,1,0,1
simated,0,1,0,1
simba,0,0,2,2
simbalisum,0,1,0,1
simble,0,0,3,3
simbols,0,0,3,3
simcade,0,0,3,3
simcity,0,1,4,5
simeans,0,0,1,1
simeone,0,6,0,6
simeonite,0,0,3,3
simeons,0,1,0,1
similar,297,242,1019,1558
similares,0,1,0,1
similarities,8,2,53,63
similarity,14,0,5,19
similarly,11,3,19,33
simile,1,0,0,1
similiar,2,3,10,15
similiarly,0,2,0,2
similies,0,0,1,1
simillar,0,0,7,7
similliar,0,1,0,1
similynailogical,1,0,0,1
simio,3,4,0,7
simios,0,4,0,4
simle,0,0,1,1
simlper,2,0,0,2
simm,0,0,1,1
simmer,6,0,8,14
simmered,0,0,2,2
simmering,10,0,7,17
simmetry,0,0,1,1
simming,0,0,2,2
simmons,3,14,12,29
simo,0,12,6,18
simon,83,203,493,779
simoncat,0,1,0,1
simond,0,0,1,1
simone,1,19,0,20
simonezia,0,0,2,2
simonnnm,0,3,0,3
simons,6,28,18,52
simonson,0,0,1,1
simonzia,0,1,0,1
simooooooooo,0,1,0,1
simos,0,5,4,9
simp,1,11,5,17
simpathetic,0,0,1,1
simpatico,0,4,0,4
simpatisch,0,1,0,1
simpelweg,0,0,1,1
simple,251,299,970,1520
simplee,0,1,0,1
simplement,0,1,4,5
simplemente,0,37,2,39
simplemete,0,2,0,2
simpleminded,2,0,0,2
simpler,4,6,52,62
simples,0,4,1,5
simplesmente,0,17,3,20
simplest,2,0,7,9
simpleton,0,0,5,5
simpletons,1,0,33,34
simpley,0,0,4,4
simplicit,0,0,2,2
simplicity,10,9,30,49
simplier,0,1,0,1
simplification,4,0,0,4
simplified,12,1,19,32
simplifies,0,0,7,7
simplify,4,1,6,11
simplifying,0,0,9,9
simplistic,3,0,13,16
simply,260,182,786,1228
simplyactuallydoinganailartlogical,0,1,0,1
simplybakelogical,0,1,0,1
simplybenlogical,0,1,0,1
simplycatlogical,0,1,0,1
simplycheflogical,0,1,0,1
simplycollablogical,0,0,1,1
simplycomplicated,0,0,5,5
simplycristinelogical,0,1,0,1
simplyfacelogical,1,0,2,3
simplyfaceogicl,0,1,0,1
simplyhairlogical,1,1,0,2
simplymailogical,0,0,1,1
simplymenchielogical,0,1,0,1
simplymomlogical,0,0,1,1
simplynaillogical,0,2,1,3
simplynailogical,4,22,4,30
simplynailogicallllll,0,1,0,1
simplynoonecares,0,1,0,1
simplynotclickbaitlogical,0,1,0,1
simplynotlogical,0,0,1,1
simplynottrollingusthistimelogical,0,1,0,1
simplyquestionlogical,0,1,0,1
simplyroastlogical,1,0,0,1
simplysavagelogical,0,0,1,1
simplysnapsquad,0,0,1,1
simplytoptenlogical,0,1,0,1
simplyzylarlogical,0,1,0,1
simpre,0,1,0,1
simps,5,2,0,7
simpson,17,17,16,50
simpsons,8,18,29,55
simpsonssss,0,3,0,3
simptoms,0,0,1,1
simpynaillogical,0,1,0,1
sims,24,28,28,80
simula,0,2,0,2
simulacra,0,0,1,1
simulain,0,1,0,1
simulants,0,0,1,1
simular,0,0,2,2
simularion,0,0,16,16
simularity,0,0,6,6
simulartion,0,2,0,2
simulate,10,7,28,45
simulated,21,27,68,116
simulater,0,1,0,1
simulates,0,0,1,1
simulating,5,13,13,31
simulation,78,863,264,1205
simulationmania,0,0,1,1
simulations,9,8,35,52
simulator,11,16,10,37
simulators,2,7,5,14
simuliar,1,0,0,1
simultaneous,0,0,7,7
simultaneously,12,16,67,95
simultanously,0,0,3,3
simunition,0,1,0,1
simutaniously,0,0,1,1
simya,0,3,0,3
sin,153,418,215,786
sina,0,4,0,4
sinaloa,0,1,0,1
sinan,0,3,0,3
sinantra,0,0,2,2
sinasabi,0,1,0,1
sinatra,2,2,11,15
sinb,0,2,1,3
sinc,0,4,2,6
since,1166,666,4142,5974
sinceee,1,0,0,1
sincelejo,0,6,0,6
sincer,1,0,0,1
sinceramente,0,4,0,4
sincere,4,0,93,97
sincerely,30,0,90,120
sincerest,1,0,3,4
sinceridad,0,2,0,2
sincerity,1,0,9,10
sincerley,0,0,3,3
sincero,0,3,0,3
sinceros,0,1,0,1
sincitycore,0,1,0,1
sinclair,1,0,1,2
sind,0,2,12,14
sindo,0,1,0,1
sinds,0,11,4,15
sine,4,3,13,20
sinead,0,4,0,4
sined,2,0,0,2
sinek,1,0,0,1
sinematic,0,4,0,4
sinestro,1,4,8,13
sinful,23,1,6,30
sing,231,393,946,1570
singa,2,0,0,2
singalongable,0,0,1,1
singals,0,1,0,1
singapore,17,73,104,194
singaporean,1,2,8,11
singapores,0,0,3,3
singcan,0,0,1,1
singe,4,9,2,15
singed,0,1,12,13
singel,0,0,2,2
singen,0,1,0,1
singer,84,96,574,754
singers,38,43,240,321
singes,4,0,0,4
singgg,0,8,0,8
singggggg,0,0,1,1
singh,2,21,25,48
singiinggg,0,0,1,1
singin,0,12,4,16
singind,0,1,0,1
singing,242,373,1006,1621
single,694,0,1237,1931
singled,0,5,9,14
singlehandedly,1,0,4,5
singlemommylife,0,0,3,3
singleplayer,1,3,2,6
singles,8,10,45,63
singlet,0,0,1,1
singleterry,0,0,3,3
singling,3,0,1,4
singly,0,0,1,1
sings,61,146,230,437
singsong,0,1,0,1
singular,3,15,22,40
singularities,0,0,1,1
singularity,3,0,5,8
singulars,0,1,0,1
sini,0,1,0,1
siniestr,0,0,1,1
siniestro,0,0,1,1
sinigang,0,0,1,1
sininho,0,1,0,1
sinirim,0,1,0,1
sinister,10,5,6,21
sinistro,0,5,0,5
sink,38,50,106,194
sinker,1,0,0,1
sinking,12,18,17,47
sinkler,0,0,2,2
sinks,5,0,14,19
sinless,0,0,1,1
sinn,0,0,4,4
sinne,0,1,0,1
sinned,2,10,15,27
sinner,13,10,21,44
sinners,16,3,38,57
sinnhead,0,0,1,1
sinnin,1,0,0,1
sinning,2,6,7,15
sinnings,0,0,1,1
sinnlos,0,1,0,1
sinnnng,0,2,0,2
sino,0,6,2,8
sinon,0,18,3,21
sinop,0,2,0,2
sins,97,60,219,376
sinse,0,0,4,4
sint,1,0,1,2
sinterklaas,0,1,0,1
sintesi,0,0,5,5
sintetico,0,4,0,4
sintetizador,1,0,0,1
sinthesis,0,1,0,1
sinti,0,2,0,2
sinto,0,12,5,17
sinulation,0,2,0,2
sinus,3,3,2,8
sinuses,3,0,0,3
sinusoidal,1,0,0,1
sio,0,1,0,1
siobhan,6,0,6,12
sion,1,0,0,1
siong,0,0,1,1
siop,0,0,1,1
siouix,0,1,0,1
sip,6,15,27,48
sipan,0,1,0,1
sipeojyeo,0,1,0,1
sipeunde,0,2,0,2
sippin,0,10,0,10
sipping,0,7,18,25
sippy,0,4,3,7
sips,8,8,7,23
siquar,0,1,0,1
siquidiri,0,0,1,1
siquiera,0,5,8,13
sir,70,143,433,646
sirach,0,0,6,6
siracha,0,3,0,3
sirada,0,1,0,1
siraulo,8,0,0,8
sire,0,1,3,4
sired,0,0,1,1
siren,1,10,15,26
sirens,2,2,1,5
sirfoch,0,0,2,2
sirheo,0,1,0,1
sirheoseo,0,1,0,1
siri,17,29,17,63
siria,1,0,0,1
sirieus,0,0,1,1
sirius,1,0,6,7
sirloin,0,2,7,9
sirmiss,0,5,0,5
sirop,8,1,0,9
sirris,0,1,0,1
sirrr,0,1,0,1
sirve,0,6,0,6
sirven,0,1,0,1
sirviente,0,1,0,1
sis,37,36,97,170
siser,1,0,0,1
sisig,1,0,0,1
sisko,0,4,6,10
sisley,4,0,0,4
sismo,0,1,0,1
sison,0,1,0,1
sisqo,1,4,0,5
sissieness,0,0,1,1
sissies,3,0,0,3
sissoko,0,0,3,3
sissss,0,1,1,2
sisssss,3,3,0,6
sissta,0,0,1,1
sisster,0,5,0,5
sissy,11,21,15,47
sista,2,4,25,31
sistaa,0,0,2,2
sistaaa,0,0,3,3
sistah,0,2,6,8
sistance,0,1,0,1
sistar,0,0,1,1
sistas,1,0,4,5
sistema,5,0,0,5
sistemi,0,27,0,27
sister,201,265,893,1359
sisterhood,0,1,6,7
sisteriknowthisisaterribletimebut,0,5,0,5
sisterlysongs,0,0,2,2
sisterrr,0,2,1,3
sisterrrrr,0,0,2,2
sisterrrrrrrr,0,0,1,1
sisters,91,104,247,442
sistine,0,4,0,4
sistr,0,1,0,1
sistuh,0,0,4,4
sisturrrr,0,3,0,3
sisyphean,0,0,2,2
sit,264,96,596,956
sitar,0,0,1,1
sitara,0,0,4,4
sitation,1,0,0,1
sitc,5,0,0,5
sitch,0,0,1,1
sitcom,14,5,12,31
sitcommy,0,0,2,2
sitcoms,1,0,1,2
sitdown,0,0,4,4
site,79,64,276,419
sited,0,0,4,4
sites,20,10,68,98
sitez,0,1,0,1
sitghusting,3,0,0,3
sith,21,2,27,50
siths,8,0,0,8
siting,3,0,0,3
sits,30,14,56,100
sitter,0,6,8,14
sitters,0,2,0,2
sittin,1,0,14,15
sitting,215,167,388,770
situaci,0,11,2,13
situacion,0,3,0,3
situaciones,0,0,8,8
situated,2,0,5,7
situation,220,45,483,748
situational,0,0,10,10
situationes,0,0,5,5
situations,56,9,168,233
situatuon,0,0,1,1
siuil,0,2,0,2
siuuu,0,1,0,1
siuuuuuuu,0,1,0,1
siuuuuuuuuu,1,0,0,1
siuuuuuuuuuu,0,1,0,1
sivan,1,5,4,10
sivertson,0,2,1,3
sivesta,0,2,0,2
sivilian,0,1,0,1
siwa,0,4,0,4
siwon,0,1,0,1
six,117,112,210,439
sixers,1,0,0,1
sixes,0,0,4,4
sixk,0,1,0,1
sixlack,0,6,0,6
sixmafia,0,4,0,4
sixseasonsandamovie,1,2,0,3
sixsixsix,0,0,1,1
sixteen,0,4,12,16
sixteenth,0,0,3,3
sixtfhs,0,3,0,3
sixth,21,7,52,80
sixtheys,0,4,0,4
sixths,5,1,1,7
sixties,0,0,12,12
sixty,3,17,18,38
sixtyflags,0,0,1,1
sixyrsnobeers,0,0,1,1
siya,0,1,0,1
siz,0,7,0,7
siza,0,2,0,2
size,178,167,685,1030
sizeable,0,0,3,3
sized,29,19,100,148
sizedoesnotmatter,0,1,0,1
sizematters,0,0,2,2
sizemore,1,0,2,3
sizes,15,17,86,118
sizi,0,4,0,4
sizin,0,1,0,1
sizing,26,9,12,47
sizzerling,3,0,0,3
sizzle,0,4,1,5
sizzliiiinnn,0,0,1,1
sizzling,0,2,0,2
sizzlinn,0,1,0,1
sj,0,0,1,1
sjaklsjalksjlaksj,0,1,0,1
sjallday,0,0,2,2
sjambxskmwbsksmsbxs,1,0,0,1
sjarlie,0,0,7,7
sjay,0,0,1,1
sjayngoma,0,0,2,2
sjbekskbeusnwhbwuhwhsibee,0,2,0,2
sjdhfhfh,0,1,0,1
sjdk,0,0,5,5
sje,0,0,2,2
sjgshde,1,0,0,1
sjjdhdjdhcjfhbfcjow,0,1,0,1
sjjsjs,0,1,0,1
sjkdmdksjnfks,0,0,1,1
sjkfdhaksiskekxkal,0,1,0,1
sjksnfjekwndiwbsksn,0,1,0,1
sjkssl,0,1,0,1
sjkw,1,0,0,1
sjp,0,0,2,2
sjpikz,0,1,0,1
sjshsjs,0,0,2,2
sjsjs,0,3,0,3
sjsjsj,0,0,1,1
sjsjsjdjdb,0,0,1,1
sjsksjsj,0,3,0,3
sjudylife,0,1,0,1
sjw,61,28,82,171
sjwism,0,2,0,2
sjwn,0,5,0,5
sjws,16,7,19,42
sk,4,14,20,38
ska,0,36,1,37
skaggs,0,4,0,4
skajshdukaskj,0,1,0,1
skakira,0,0,1,1
skam,0,10,0,10
skammer,0,0,3,3
skandanavia,0,1,0,1
skandinavian,0,0,10,10
skank,4,7,3,14
skanks,1,0,1,2
skanky,0,0,5,5
skapkr,0,1,0,1
skardgard,0,0,2,2
skarsg,5,9,14,28
skarsgard,2,22,52,76
skarsgards,0,1,0,1
skarsguard,0,1,0,1
skartel,0,1,0,1
skasg,0,0,1,1
skasowali,0,2,0,2
skate,18,20,21,59
skateboard,2,23,21,46
skateboarder,0,1,1,2
skateboarders,0,0,3,3
skateboarding,5,2,16,23
skateboards,0,3,0,3
skated,3,0,2,5
skateeee,0,3,0,3
skater,1,4,4,9
skaters,0,1,6,7
skaterskirt,2,0,0,2
skates,4,5,8,17
skatin,0,0,1,1
skating,4,5,14,23
ske,0,0,4,4
skean,0,0,1,1
skebede,0,3,0,3
skechers,0,3,1,4
skeds,0,1,0,1
skedual,0,1,0,1
skeeeeeerap,0,1,0,1
skeer,1,0,0,1
skeet,0,4,0,4
skeggie,2,0,0,2
skegsy,4,0,0,4
skegz,0,4,0,4
skeksis,1,0,0,1
skele,1,0,0,1
skelecat,0,1,0,1
skeletal,2,1,0,3
skeletens,1,0,0,1
skeleton,25,52,43,120
skeletons,8,5,7,20
skelington,0,13,0,13
skeliton,2,0,0,2
skell,0,1,0,1
skelle,0,1,0,1
skellet,0,1,0,1
skellig,0,1,0,1
skellington,0,9,4,13
skelly,0,2,2,4
skeloton,0,1,0,1
skelton,0,0,2,2
skendall,0,0,4,4
skengs,7,0,0,7
skep,0,1,0,1
skepta,0,2,5,7
skeptic,0,0,1,1
skeptical,11,2,36,49
skepticism,2,0,2,4
skeptics,2,2,1,5
skere,0,0,1,1
sket,1,0,1,2
sketch,25,23,116,164
sketchbook,0,0,2,2
sketchers,1,3,4,8
sketches,6,20,56,82
sketching,0,1,1,2
sketchup,0,3,0,3
sketchy,17,2,9,28
skets,0,2,0,2
skettles,0,0,1,1
skeuomorphic,0,1,0,1
skew,1,0,5,6
skewb,0,2,1,3
skewed,3,1,7,11
skewered,0,3,0,3
skewers,0,0,1,1
skewing,0,0,2,2
skews,0,0,2,2
skhske,0,1,0,1
ski,8,21,4,33
skibidoo,0,4,0,4
skibmask,0,1,0,1
skid,0,1,11,12
skidded,0,0,1,1
skidding,0,3,3,6
skidi,0,3,0,3
skidmarks,0,1,0,1
skidoo,0,0,1,1
skidrow,2,0,0,2
skids,0,0,2,2
skier,0,0,6,6
skies,3,3,15,21
skiever,0,1,0,1
skiiii,0,0,1,1
skiiiiip,0,1,0,1
skiiiinnnnn,0,2,0,2
skiiin,0,2,0,2
skiing,1,3,1,5
skill,57,42,153,252
skilled,3,0,69,72
skiller,0,3,0,3
skillet,0,3,3,6
skillez,0,1,0,1
skillful,1,0,14,15
skillfull,0,0,1,1
skillfully,0,0,3,3
skillmilk,0,0,2,2
skills,96,106,396,598
skillsdude,0,0,1,1
skillset,0,0,9,9
skillsets,0,0,1,1
skillshare,0,6,6,12
skillz,1,7,8,16
skils,0,1,1,2
skim,4,1,6,11
skimmed,0,1,4,5
skimming,1,0,4,5
skimp,1,0,1,2
skimping,3,0,0,3
skimpy,3,0,2,5
skin,712,425,3140,4277
skinactive,0,0,5,5
skincare,24,44,187,255
skinceuticals,0,0,3,3
skincolor,0,0,3,3
skinhead,2,1,4,7
skinheadddddddddddddddddd,1,0,0,1
skinheads,3,4,0,7
skink,0,0,3,3
skinn,0,0,1,1
skinned,14,7,53,74
skinner,0,10,3,13
skinnerbox,0,0,1,1
skinnier,1,5,4,10
skinnies,0,0,1,1
skinniest,4,5,6,15
skinnnn,0,0,2,2
skinny,81,92,198,371
skins,16,40,91,147
skinship,0,0,1,1
skint,0,0,4,4
skintone,0,0,6,6
skintones,0,0,2,2
skiny,0,1,1,2
skip,76,101,186,363
skipable,1,1,0,2
skiped,0,4,0,4
skippable,2,1,3,6
skipped,23,65,61,149
skippers,3,0,0,3
skippin,0,1,0,1
skipping,12,23,41,76
skippy,1,1,1,3
skips,3,13,24,40
skiri,0,1,0,1
skirmish,0,0,5,5
skirt,15,33,182,230
skirted,0,0,4,4
skirts,2,0,69,71
skis,4,1,1,6
skistifenia,4,0,0,4
skit,51,31,84,166
skits,12,7,60,79
skittle,0,4,0,4
skittles,2,8,1,11
skitz,0,0,1,1
skitzo,0,3,2,5
skive,0,2,0,2
skiynig,1,0,0,1
skk,0,2,0,2
skkkkraahh,0,1,0,1
skkkkrrrraaaa,0,3,0,3
skkkkrrrrraaa,0,6,0,6
skkkrrrr,3,0,0,3
skkrrrrrrrrrrrrrrrrrrerrraaaaaa,0,2,0,2
skl,0,1,3,4
skladba,0,0,1,1
skleci,0,2,0,2
sklepu,0,4,0,4
skm,0,1,0,1
skmehing,1,0,0,1
skocks,0,0,6,6
skoobiedy,0,1,0,1
skooked,0,0,7,7
skool,1,2,10,13
skoooolll,0,1,0,1
skopelos,0,0,5,5
skra,0,2,0,2
skraa,0,3,0,3
skraaaa,0,1,0,1
skrapppp,0,3,0,3
skreeeeeeech,0,1,0,1
skreets,0,4,0,4
skrill,0,0,9,9
skrillex,0,26,13,39
skrimish,0,0,1,1
skriniar,0,3,0,3
skrr,0,2,0,2
skrra,0,6,0,6
skrraaa,0,3,0,3
skrraaaa,0,1,0,1
skrreeeeee,0,0,1,1
skrrr,0,2,0,2
skrrra,1,1,0,2
skrrrattt,0,3,0,3
skrrrr,0,4,0,4
skrrrra,0,1,0,1
skrrrrra,0,6,0,6
skrrrrraa,0,1,0,1
skrrrrrahh,0,8,0,8
skrrrrrr,0,1,0,1
skrrrrrra,0,4,0,4
skrrrrrraaaaa,0,1,0,1
skrrrrrrr,0,1,0,1
skrrrrrrra,0,1,0,1
skrrrrrrrrrra,0,1,0,1
skrrrrrrrrrrrrrrrrrrraaaaaaaaaaaaaaaaa,0,2,0,2
skrrt,3,2,16,21
skrt,1,1,0,2
skrtel,10,0,8,18
skrtt,0,3,0,3
skrttt,0,2,0,2
skrtttttt,0,0,1,1
skrull,0,5,2,7
skrulls,0,0,1,1
sks,0,1,1,2
skskks,0,1,0,1
sksks,0,0,1,1
sksksksk,0,0,1,1
skss,0,1,0,1
skssk,0,0,1,1
skssksksks,0,0,1,1
skt,6,17,21,44
sktchs,0,2,0,2
skuadra,0,4,0,4
skulking,0,0,4,4
skull,52,53,124,229
skullator,0,0,3,3
skullcap,0,0,1,1
skullgirl,0,0,2,2
skullhead,0,0,1,1
skulls,5,316,21,342
skullshirt,0,1,0,1
skulltula,0,1,0,1
skulltulas,0,0,1,1
skully,0,0,1,1
skulsh,0,2,0,2
skum,0,0,2,2
skunk,1,6,0,7
skunt,1,0,0,1
skurr,0,10,0,10
skurrrrrrtttt,0,1,0,1
skurrrt,0,4,0,4
skurrt,0,4,0,4
skurt,2,0,1,3
skutnu,5,0,0,5
skwad,0,1,0,1
skweeming,0,0,4,4
skwiky,0,0,4,4
sky,150,115,264,529
skyaaaaaaaaaaaaaaa,0,7,0,7
skycraper,1,0,0,1
skydive,1,0,1,2
skydiving,0,2,1,3
skye,9,11,23,43
skyes,0,1,0,1
skyfall,1,0,0,1
skyla,0,1,4,5
skylake,5,0,0,5
skylar,1,1,9,11
skylark,1,1,0,2
skyler,0,2,1,3
skylight,0,0,4,4
skyline,2,0,3,5
skylines,0,0,2,2
skynet,0,8,5,13
skynyrd,0,0,1,1
skype,2,10,29,41
skyping,0,0,2,2
skyride,0,5,0,5
skyrim,13,19,27,59
skyrims,0,4,0,4
skyrises,0,0,1,1
skyrocket,3,7,14,24
skyrocketed,2,6,4,12
skyrocketing,0,0,8,8
skys,0,1,2,3
skyscraper,2,14,10,26
skyscrapers,0,1,1,2
skystar,4,0,0,4
skywalker,16,5,26,47
skywalkers,0,0,1,1
skyward,0,1,0,1
skywars,0,1,0,1
skyy,0,4,0,4
sl,1,7,7,15
slaaaaaaaaay,1,0,0,1
slaaaaaaaay,0,4,0,4
slaaaaaaayyy,0,0,1,1
slaaaaaaayyyyyy,0,1,0,1
slaaaaaay,0,3,0,3
slaaaaaays,0,0,3,3
slaaaaag,0,2,0,2
slaaaaay,1,0,4,5
slaaaaayyyyed,0,1,0,1
slaaaay,1,3,1,5
slaaaayeddd,1,0,0,1
slaaaayin,1,0,0,1
slaaaayy,0,1,0,1
slaaaayyyyyy,0,1,0,1
slaaap,0,1,0,1
slaaay,5,2,0,7
slaag,0,6,0,6
slaay,0,1,1,2
slaayyyy,0,2,0,2
slaayyyyeddd,0,1,0,1
slaayyyyy,0,7,0,7
slab,5,4,7,16
slabo,0,1,0,1
slabs,0,0,1,1
slack,13,6,18,37
slacking,2,8,6,16
slackjawed,0,1,0,1
slackline,0,7,3,10
slacks,6,0,5,11
sladkey,1,0,0,1
slag,9,15,6,30
slagged,0,0,3,3
slaggin,0,0,2,2
slagging,5,0,0,5
slags,0,5,0,5
slain,0,0,2,2
slalom,0,1,0,1
slam,24,16,36,76
slamed,3,0,0,3
slammaster,0,0,1,1
slammasters,4,1,5,10
slammed,7,7,16,30
slammin,0,2,0,2
slamming,7,2,7,16
slammy,2,0,0,2
slams,7,0,24,31
slanb,0,1,0,1
slander,3,1,17,21
slandered,0,0,4,4
slanderers,13,0,0,13
slandering,0,0,1,1
slanderous,0,0,1,1
slang,21,9,24,54
slangin,0,0,2,2
slant,3,0,0,3
slanted,0,2,15,17
slanting,1,0,2,3
slanty,0,0,5,5
slap,59,35,97,191
slapdash,0,0,5,5
slapped,21,16,22,59
slapper,0,5,1,6
slappin,0,1,8,9
slapping,0,13,13,26
slappingteamsup,0,2,0,2
slappppp,0,1,0,1
slapppppp,0,1,0,1
slaps,11,13,20,44
slapslapslapslapslapslapslap,2,0,0,2
slapstick,0,0,1,1
slaptoon,0,0,1,1
slasa,1,0,0,1
slash,9,10,34,53
slashed,3,3,4,10
slasher,1,3,14,18
slashers,0,5,0,5
slashes,1,0,0,1
slashing,0,0,1,1
slat,0,0,1,1
slate,0,3,9,12
slated,0,0,12,12
slaters,0,1,0,1
slates,0,0,1,1
slather,0,0,2,2
slathered,2,1,1,4
slating,0,1,15,16
slats,2,0,3,5
slatt,0,2,0,2
slaughter,8,11,22,41
slaughtered,19,3,11,33
slaughtergang,1,0,2,3
slaughterhouse,1,0,1,2
slaughtering,2,1,2,5
slaughters,1,0,0,1
slav,3,2,8,13
slava,0,1,0,1
slave,78,33,67,178
slaved,0,0,4,4
slavek,1,0,0,1
slaveowner,0,1,0,1
slavers,4,0,0,4
slavery,66,35,64,165
slaves,34,12,77,123
slavior,4,0,0,4
slavsquat,0,1,0,1
slaw,0,0,2,2
slay,31,220,180,431
slayage,0,1,0,1
slayallday,0,1,0,1
slayd,0,0,1,1
slaydom,0,0,1,1
slayed,17,48,41,106
slayedd,0,0,1,1
slayedddd,0,0,1,1
slayello,0,1,0,1
slayer,5,6,15,26
slayers,0,0,1,1
slayiinnn,0,1,0,1
slayiinnnnn,0,1,0,1
slayin,1,10,20,31
slaying,15,60,92,167
slayingg,0,0,1,1
slayinggggg,0,3,0,3
slaylor,0,1,0,1
slaymarbraxton,0,1,0,1
slaymin,0,0,1,1
slaymylife,0,0,1,1
slays,6,30,32,68
slayss,0,1,0,1
slaysss,0,2,0,2
slayssss,0,1,0,1
slayuuu,0,1,0,1
slayy,0,7,0,7
slayyy,0,19,9,28
slayyying,0,1,0,1
slayyyinggg,0,1,0,1
slayyys,0,0,1,1
slayyysss,0,1,0,1
slayyyy,0,14,4,18
slayyyying,0,0,1,1
slayyyysss,0,1,0,1
slayyyyssss,0,0,1,1
slayyyyy,0,11,7,18
slayyyyyed,0,0,2,2
slayyyyyy,2,9,3,14
slayyyyyyy,0,3,0,3
slayyyyyyys,0,1,0,1
slayyyyyyyy,0,5,0,5
slayyyyyyyyinggggggggggggggggggg,0,1,0,1
slayyyyyyyyyy,0,3,1,4
slayyyyyyyyyyy,0,2,0,2
slayyyyyyyyyyyyy,0,1,0,1
slayyyyyyyyyyyyyy,0,1,0,1
slayyyyyyyyyyyyyyyyyyyyyyyyyyyyyyyyyyyyyyyyyyyyyyyyyyyyyyy,0,1,0,1
slayz,0,0,1,1
slb,0,0,1,1
slc,0,1,3,4
sleapysavage,0,1,0,1
sleasly,0,1,0,1
sleazeballs,0,0,4,4
sleazely,0,5,0,5
sleazly,0,6,4,10
sleazy,0,7,6,13
slecht,0,1,0,1
slechtste,0,1,0,1
sled,6,2,7,15
sledding,1,0,0,1
sledge,0,0,1,1
sledgehammer,6,4,2,12
slee,0,2,0,2
sleeeeeve,2,0,0,2
sleek,6,10,30,46
sleeked,0,0,1,1
sleeker,0,0,1,1
sleeks,0,1,0,1
sleep,334,282,787,1403
sleepaway,0,4,0,4
sleeped,0,1,0,1
sleeper,3,5,7,15
sleepin,0,7,3,10
sleeping,94,88,193,375
sleepingand,0,0,1,1
sleepinonenzo,1,0,0,1
sleepless,3,4,17,24
sleepover,1,3,4,8
sleepovers,0,6,1,7
sleeps,11,12,30,53
sleepwalkers,0,1,0,1
sleepy,11,20,32,63
sleepyhead,0,7,2,9
sleeve,10,13,32,55
sleeved,0,10,12,22
sleeveless,1,0,0,1
sleeves,47,30,101,178
sleeze,0,0,5,5
sleezy,0,0,1,1
sleghthamer,0,0,1,1
sleigh,2,0,0,2
sleight,0,0,1,1
slender,4,21,4,29
slendermaaaaan,0,1,0,1
slenderman,1,10,3,14
slendermanmi,0,2,0,2
slendiferous,0,0,1,1
slep,0,1,0,1
slept,23,42,88,153
sletherin,1,0,0,1
sleuth,0,0,4,4
sleves,0,1,2,3
slew,4,0,6,10
sleyy,0,1,0,1
slf,0,2,0,2
sli,1,2,0,3
sliccc,0,1,0,1
slice,40,29,91,160
sliced,14,6,18,38
slicely,0,0,1,1
slices,22,10,44,76
slicing,8,2,7,17
slick,44,1,40,85
slickers,0,6,1,7
slickkk,0,1,0,1
slid,7,1,18,26
slide,34,25,85,144
slidefire,0,0,1,1
slider,6,1,5,12
sliders,7,2,1,10
slides,6,5,9,20
slideshow,0,4,2,6
slideshows,0,0,2,2
slidin,0,1,0,1
sliding,7,4,17,28
slight,48,0,73,121
slighted,0,0,1,1
slightes,0,0,3,3
slightest,30,12,22,64
slightly,160,4,313,477
slights,0,0,2,2
slighty,0,0,2,2
sligo,0,0,1,1
sligshot,1,0,0,1
sliiiiiiiiiime,0,4,0,4
sliiimmmeee,0,0,1,1
slim,53,31,112,196
slimani,8,0,4,12
slime,38,157,114,309
slimeball,2,5,0,7
slimed,0,8,1,9
slimee,0,4,0,4
slimelogical,0,1,0,1
slimer,0,3,0,3
slimes,0,5,5,10
slimey,1,0,0,1
slimmer,3,1,23,27
slimming,1,0,1,2
slimshady,0,5,0,5
slimth,0,1,0,1
slimy,14,19,13,46
slimydood,0,1,0,1
sling,5,3,4,12
slingers,0,0,2,2
slinging,1,3,2,6
slingshot,0,5,4,9
slinks,0,1,0,1
slinky,0,8,6,14
slip,32,25,84,141
sliped,0,0,2,2
slipknot,1,4,0,5
slipn,0,1,0,1
slipped,8,17,30,55
slipper,0,6,0,6
slippers,0,8,6,14
slippery,7,3,19,29
slipping,15,0,13,28
slippy,0,1,3,4
slips,15,2,11,28
slipsliding,1,0,0,1
slipstream,3,0,0,3
slit,11,21,27,59
slither,1,1,0,2
slitheran,0,1,0,1
slitherin,2,6,1,9
slithering,0,1,0,1
slithern,0,1,1,2
slithernne,0,1,0,1
slitheryn,0,0,1,1
slits,3,0,2,5
sliver,1,0,3,4
slivered,0,0,2,2
sllc,0,1,0,1
sllliimmmeeee,0,0,6,6
sllllow,0,0,1,1
sln,0,0,1,1
slo,8,3,16,27
sloan,0,4,6,10
slob,7,46,9,62
slobber,0,1,2,3
slobbering,2,2,1,5
slobberknocker,0,5,0,5
slobbing,0,3,0,3
slobonmyknob,0,1,0,1
slobs,2,0,6,8
slog,0,0,4,4
slogan,1,0,20,21
sloganeering,0,0,2,2
slogans,9,0,7,16
slomo,2,0,2,4
slood,0,4,0,4
sloooo,0,1,0,1
slooooooooow,0,0,1,1
sloooooow,0,0,1,1
sloooow,0,1,0,1
sloop,0,1,0,1
slooww,0,0,1,1
slop,1,0,0,1
slope,4,5,12,21
slopes,0,0,1,1
slopestyle,0,0,3,3
sloppily,3,0,0,3
slopping,0,0,7,7
sloppy,45,0,29,74
sloshed,0,1,0,1
slot,8,19,22,49
sloth,16,20,11,47
slotherin,2,1,0,3
sloths,0,0,6,6
slots,5,0,9,14
slotwmo,1,0,0,1
slouch,0,0,3,3
slouched,0,0,6,6
slouchy,3,0,4,7
slough,0,0,7,7
slovak,2,9,3,14
slovakia,26,26,29,81
slovakian,18,0,7,25
slovaks,0,0,2,2
sloveni,0,1,0,1
slovenia,15,20,66,101
slovinia,0,7,0,7
slow,424,1,419,844
slowclap,5,0,0,5
slowed,15,1,26,42
slower,11,15,43,69
slowest,8,2,10,20
slowing,29,0,18,47
slowish,0,0,1,1
slowly,202,2,294,498
slowmo,8,0,5,13
slowmotion,0,1,2,3
slowness,0,0,1,1
slowpoke,0,3,0,3
slows,1,8,4,13
slr,0,0,7,7
sls,0,0,7,7
sludge,0,1,1,2
slug,1,3,3,7
sluge,0,0,1,1
sluggish,5,0,8,13
slugs,2,1,1,4
slugterra,0,0,10,10
slum,3,0,0,3
slumber,2,4,18,24
slumflower,0,0,2,2
slumlord,0,0,1,1
slump,12,6,11,29
slumpiest,6,0,0,6
slumps,0,0,1,1
slunch,1,0,0,1
slur,15,2,9,26
slurp,3,0,20,23
slurpees,0,0,2,2
slurping,1,0,1,2
slurps,0,0,2,2
slurpy,0,5,1,6
slurred,0,11,2,13
slurring,0,1,1,2
slurs,15,3,7,25
slushee,0,0,1,1
slushie,1,0,0,1
slushii,0,8,0,8
slushy,0,1,0,1
slut,16,45,39,100
sluts,11,18,32,61
sluttiest,1,0,0,1
sluttiness,0,1,0,1
slutty,4,7,9,20
sluttyish,1,0,0,1
sluty,0,0,1,1
sluuuurrppp,0,0,4,4
slxpb,0,3,0,3
sly,11,8,19,38
slyiem,0,1,0,1
slyrherin,0,1,0,1
slyther,0,1,0,1
slytherin,3,59,23,85
slytherine,0,4,0,4
slytherins,1,0,1,2
slythern,0,1,0,1
slytherpuff,0,1,0,1
slyvia,0,1,0,1
sm,24,33,186,243
sma,6,0,0,6
smaaaaaaaaaaaaaaaaaaaaaaash,1,0,0,1
smacclesfield,0,0,2,2
smack,40,34,49,123
smackdown,11,6,21,38
smacked,5,0,15,20
smacker,1,1,6,8
smackers,1,6,18,25
smacketh,0,0,1,1
smackheads,0,0,1,1
smackin,1,0,0,1
smacking,0,4,10,14
smacks,0,2,11,13
smae,0,1,0,1
smaet,0,6,0,6
smah,0,0,4,4
small,1082,19,1072,2173
smalle,0,1,0,1
smaller,77,74,230,381
smallest,9,25,58,92
smalleyesunite,0,1,0,1
smalling,0,0,4,4
smallist,0,0,2,2
smallpox,0,0,3,3
smalls,4,5,8,17
smallspartan,0,2,0,2
smalltalk,0,0,4,4
smalltown,0,4,0,4
smallville,0,0,1,1
smallz,2,0,0,2
smapingm,3,0,0,3
smarbledmarbles,0,1,0,1
smark,0,1,0,1
smarmy,1,0,0,1
smart,105,0,819,924
smartass,0,1,1,2
smarten,3,0,0,3
smarter,20,31,53,104
smartereveryday,0,2,3,5
smartest,16,8,26,50
smartfeatures,0,0,1,1
smarthphones,0,0,2,2
smartie,0,1,0,1
smarting,0,0,5,5
smartly,0,0,5,5
smartmove,0,0,1,1
smartphone,10,31,193,234
smartphones,7,4,52,63
smarts,1,2,3,6
smartwatch,1,9,1,11
smartwatches,1,0,3,4
smarty,0,1,0,1
smasehd,0,0,6,6
smash,31,148,104,283
smashable,0,0,2,2
smashbleachnaruto,1,0,0,1
smashbox,6,19,19,44
smashcast,0,0,2,2
smashed,30,35,74,139
smashers,0,0,2,2
smashes,10,5,3,18
smashhhhhhhed,0,1,0,1
smashing,21,34,55,110
smashup,0,0,1,1
smasshh,0,2,0,2
smasung,0,0,7,7
smathphone,0,0,1,1
smaug,0,4,0,4
smb,0,1,4,5
smbdy,1,0,0,1
smc,0,5,0,5
smd,2,1,0,3
smdbxbxbbx,0,0,1,1
smdh,14,5,21,40
sme,1,0,2,3
smeagle,0,0,1,1
smear,16,2,8,26
smeared,1,1,6,8
smearing,1,0,2,3
smears,5,0,2,7
smechera,0,1,0,1
smedly,1,0,0,1
smeeeeellllllll,0,1,0,1
smeg,0,3,0,3
smegma,0,2,0,2
smeigol,0,1,0,1
smekel,0,0,2,2
smeksy,0,2,0,2
smell,107,154,246,507
smellbig,0,5,0,5
smelled,4,5,24,33
smeller,0,0,1,1
smelling,16,11,22,49
smellll,0,0,1,1
smellllllll,1,0,0,1
smelllllllll,6,0,0,6
smells,37,36,184,257
smellsliketeenspirit,0,1,0,1
smellslousy,0,0,1,1
smelly,13,16,7,36
smelt,12,2,11,25
smentertainment,0,4,0,4
smering,0,5,0,5
smettetela,0,0,1,1
smex,0,0,5,5
smexy,0,1,0,1
smfamily,0,0,1,1
smfh,21,20,12,53
smg,1,6,8,15
smgdh,1,0,0,1
smh,276,277,324,877
smhh,2,0,1,3
smialkowski,0,0,1,1
smico,0,1,0,1
smidge,0,0,9,9
smidgen,0,0,1,1
smiegal,0,0,2,2
smiff,0,0,6,6
smile,111,8,1490,1609
smiled,0,0,81,81
smiledthe,0,0,3,3
smileee,0,1,0,1
smileing,0,2,0,2
smilemore,0,2,2,4
smiler,0,0,5,5
smilers,0,2,1,3
smiles,14,19,103,136
smiley,3,15,27,45
smiliar,1,0,1,2
smilin,0,0,4,4
smiling,35,43,312,390
smilling,0,0,3,3
smilr,0,0,1,1
smin,0,1,0,1
sminuisce,0,2,0,2
smiri,0,1,0,1
smirk,1,6,8,15
smirked,1,0,0,1
smirking,4,16,23,43
smirks,0,1,2,3
smirnoff,0,0,3,3
smit,0,3,0,3
smith,63,186,385,634
smithereens,0,0,1,1
smitherines,0,0,1,1
smithers,0,1,0,1
smithhhhh,0,0,1,1
smithing,0,0,1,1
smiths,13,4,19,36
smithy,1,0,0,1
smitten,0,2,5,7
smittys,0,0,4,4
sml,0,8,1,9
smlied,0,0,2,2
smlx,2,0,0,2
smmfh,3,0,0,3
smmmmmmm,0,0,5,5
smmoke,0,3,0,3
smmshaq,0,0,17,17
smog,2,0,1,3
smoke,55,65,162,282
smoked,18,12,42,72
smokehouses,0,0,1,1
smokeing,0,0,4,4
smoken,0,0,1,1
smokepurpp,0,1,0,1
smoker,5,3,21,29
smokers,5,3,3,11
smokes,12,9,9,30
smokescreen,1,0,2,3
smokescreens,4,0,0,4
smokey,11,22,55,88
smokin,14,11,11,36
smoking,65,74,105,244
smoko,0,2,0,2
smoky,10,2,13,25
smol,0,15,9,24
smolder,0,0,4,4
smoldering,0,0,5,5
smoll,0,0,5,5
smonella,1,0,0,1
smooches,0,0,4,4
smoof,0,1,0,1
smookey,0,1,0,1
smooooooooossh,0,0,1,1
smoooooth,0,3,0,3
smoooov,0,0,3,3
smoor,1,0,0,1
smoosh,0,1,1,2
smooshed,0,0,3,3
smooshy,1,0,0,1
smooth,10,0,373,383
smoothed,0,0,1,1
smoothened,0,5,1,6
smoother,3,5,34,42
smoothest,3,4,1,8
smoothie,3,14,8,25
smoothies,4,0,21,25
smoothing,0,4,13,17
smoothly,0,0,22,22
smoothness,0,0,3,3
smooths,0,0,2,2
smoov,0,1,0,1
smoove,4,0,0,4
smoovy,0,2,0,2
smoque,0,4,0,4
smore,0,1,1,2
smores,0,1,15,16
smosh,36,71,77,184
smoshs,0,0,1,1
smost,3,0,0,3
smoth,1,0,2,3
smother,1,2,1,4
smothered,0,0,6,6
smothering,0,0,1,1
smothers,0,0,5,5
smothie,0,0,4,4
smotthing,0,0,3,3
smoulder,0,0,1,1
smouldering,0,0,6,6
smp,0,2,0,2
sms,3,3,10,16
smsksksksk,0,0,4,4
smss,0,0,3,3
smstation,0,1,0,1
smt,0,4,0,4
smtg,0,0,3,3
smth,6,3,5,14
smthin,0,5,0,5
smthing,0,0,3,3
smtm,0,0,1,1
smtms,0,0,1,1
smua,0,1,1,2
smuck,4,0,0,4
smudge,5,2,16,23
smudged,0,0,3,3
smudges,0,0,7,7
smudging,2,0,4,6
smudgy,0,0,6,6
smug,17,9,32,58
smugg,0,0,1,1
smuggle,3,0,1,4
smuggled,1,0,5,6
smuggler,0,2,0,2
smugglers,4,0,0,4
smuggles,0,7,0,7
smuggling,7,0,0,7
smugly,0,0,7,7
smugness,2,1,4,7
smukt,0,0,1,1
smule,0,0,1,1
smurf,3,10,8,21
smurfs,1,1,0,2
smush,0,0,2,2
smushed,1,0,0,1
smut,7,1,0,8
smutna,0,2,0,2
smyle,0,4,0,4
smyth,0,0,1,1
sn,0,2,5,7
snaaaaclk,0,0,1,1
snaaaap,0,1,0,1
snaaakee,0,1,0,1
snac,1,0,1,2
snacc,0,2,7,9
snack,7,42,42,91
snackbar,1,0,0,1
snackfood,0,0,1,1
snackies,0,0,8,8
snacking,1,0,1,2
snackkkkk,0,1,0,1
snackkkkkk,0,1,0,1
snacks,5,18,55,78
snaek,0,0,4,4
snafu,0,0,6,6
snag,0,9,1,10
snagged,0,8,1,9
snags,0,1,0,1
snail,26,1,9,36
snailing,0,0,2,2
snails,5,0,7,12
snak,0,1,0,1
snake,59,115,148,322
snakeoil,0,1,0,1
snakes,45,15,86,146
snaking,0,3,0,3
snap,21,107,137,265
snapback,4,0,0,4
snapbacks,0,0,1,1
snapboys,1,0,0,1
snapchat,51,149,168,368
snapchatfam,0,5,36,41
snapchats,1,1,9,11
snapchatsquad,0,0,4,4
snapchatstory,0,0,6,6
snapcheat,0,0,1,1
snapdragon,5,3,9,17
snape,7,3,6,16
snapfam,0,1,12,13
snapmap,0,0,5,5
snapped,19,16,21,56
snapper,0,0,1,1
snappin,0,1,1,2
snapping,5,3,10,18
snapple,0,1,0,1
snappy,1,5,12,18
snaps,1,20,22,43
snapshots,0,0,5,5
snapshotted,0,1,0,1
snapsquad,0,0,6,6
snaptube,0,4,0,4
snare,4,9,6,19
snares,0,0,1,1
snark,0,0,1,1
snarked,0,1,0,1
snarky,8,4,9,21
snarl,3,0,0,3
snarls,0,0,2,2
snart,0,1,0,1
snatced,0,0,3,3
snatch,16,6,36,58
snatched,8,51,27,86
snatchedddd,0,1,0,1
snatchedt,0,2,0,2
snatcher,0,1,1,2
snatchers,1,0,0,1
snatches,1,0,0,1
snatchess,0,1,0,1
snatchin,1,0,6,7
snatching,0,1,1,2
snazzy,1,5,13,19
sncrtspot,0,1,0,1
snd,0,13,15,28
sndkeb,0,0,4,4
sndoubleop,0,3,0,3
sneak,24,31,38,93
sneaked,5,0,1,6
sneakehs,0,2,0,2
sneaker,8,21,9,38
sneakerhead,1,2,2,5
sneakers,12,20,47,79
sneakily,5,0,1,6
sneakin,0,1,3,4
sneaking,11,0,29,40
sneaks,3,5,10,18
sneaky,13,16,7,36
sneeeeeeeek,0,0,1,1
sneek,1,1,0,2
sneekingly,0,0,1,1
sneeks,0,0,3,3
sneeky,0,3,0,3
sneered,0,0,2,2
sneeze,10,3,16,29
sneezed,2,0,8,10
sneezes,6,1,5,12
sneezing,0,8,0,8
snek,1,2,2,5
snell,0,0,1,1
snells,0,0,1,1
snes,33,55,110,198
snesc,0,0,1,1
sneze,0,0,4,4
sng,0,2,3,5
snickels,0,1,0,1
snicker,0,2,5,7
snickerdoodle,0,0,2,2
snickerdoodles,0,0,1,1
snickering,0,2,2,4
snickers,2,19,19,40
snicks,0,1,0,1
snide,0,4,3,7
sniff,3,56,18,77
sniffed,1,8,6,15
sniffes,0,0,1,1
sniffin,1,0,0,1
sniffing,4,6,2,12
sniffirollit,0,1,0,1
sniffle,2,4,0,6
sniffles,2,8,5,15
sniffling,0,1,0,1
sniffs,4,7,1,12
snikers,0,0,2,2
snip,0,2,8,10
snipe,1,0,0,1
sniped,0,0,2,2
sniper,8,30,38,76
snipergang,0,1,0,1
snipergangbitch,1,0,0,1
snipers,3,2,2,7
snipes,0,1,1,2
sniping,7,5,2,14
snippet,2,0,25,27
snippets,4,1,5,10
snipping,0,0,2,2
snippy,3,0,1,4
snitch,2,10,5,17
snitched,0,6,3,9
snitches,0,1,1,2
snitching,2,0,3,5
snitcky,0,2,0,2
snivelling,0,6,0,6
snizttle,1,0,0,1
snk,0,2,0,2
snksnks,0,0,1,1
snl,106,87,152,345
snm,0,2,0,2
sno,0,1,0,1
snob,5,2,8,15
snoballs,0,0,1,1
snobbery,0,0,4,4
snobbish,0,0,9,9
snobby,1,0,11,12
snobing,1,0,0,1
snobs,3,5,4,12
snoby,7,0,1,8
snodgrass,0,0,12,12
snogged,1,0,1,2
snogging,0,0,8,8
snoke,71,34,25,130
snokes,0,0,2,2
snoo,2,0,0,2
snoochy,0,3,0,3
snood,0,0,3,3
snoop,46,54,106,206
snooper,0,0,3,3
snooping,1,0,0,1
snoops,0,1,4,5
snoopy,0,1,4,5
snootch,0,3,0,3
snooty,0,0,1,1
snooze,1,4,11,16
snoozed,0,0,1,1
snoozer,0,1,0,1
snoozing,0,0,3,3
snopes,0,0,1,1
snore,0,2,0,2
snoring,4,4,0,8
snorkel,2,1,0,3
snorkeling,0,0,2,2
snort,7,10,11,28
snorted,3,7,9,19
snorting,0,12,17,29
snorts,0,1,0,1
snot,11,20,11,42
snotrocks,0,1,0,1
snots,0,0,1,1
snotting,0,0,1,1
snotty,2,0,1,3
snout,1,0,2,3
snow,69,112,125,306
snowball,12,4,9,25
snowballs,5,0,5,10
snowboard,0,0,1,1
snowboarder,0,0,3,3
snowboarding,1,1,4,6
snowboards,0,1,3,4
snowden,0,7,0,7
snowdon,0,0,1,1
snowella,0,0,27,27
snowflake,11,11,21,43
snowflaked,3,0,0,3
snowflakes,32,18,35,85
snowglobe,0,1,0,1
snowing,1,0,3,4
snowman,0,4,5,9
snowmans,0,1,0,1
snowmen,0,0,2,2
snowpiercer,2,0,6,8
snowplow,0,3,0,3
snows,2,2,8,12
snowstorm,0,0,1,1
snowthaproduct,0,0,1,1
snowwww,0,0,1,1
snowy,0,0,4,4
snoyk,0,1,0,1
snp,0,1,0,1
snri,0,0,1,1
snrub,0,2,0,2
sns,0,0,4,4
snsd,0,5,7,12
snsdsdecade,0,0,1,1
snu,0,0,2,2
snub,0,1,3,4
snubbed,0,0,1,1
snuck,5,4,6,15
snuff,0,2,2,4
snuffleupagus,0,1,0,1
snug,0,0,17,17
snuggle,7,7,3,17
snuggles,0,7,2,9
snuggling,2,0,0,2
snuggly,0,0,7,7
snugly,0,0,4,4
snuper,0,1,0,1
snuwncjnwc,0,1,0,1
snuz,0,0,2,2
snyder,5,1,16,22
snyderverse,0,0,1,1
so,15851,7838,75168,98857
soace,0,0,1,1
soacey,0,1,0,1
soaesthetic,0,0,1,1
soak,1,1,26,28
soaked,13,7,22,42
soaker,0,0,6,6
soakers,0,0,1,1
soaking,18,1,17,36
soaks,0,1,1,2
soal,0,0,1,1
soap,54,2163,138,2355
soapa,0,1,0,1
soapbox,4,0,5,9
soapboxes,0,0,1,1
soapesque,0,1,0,1
soapforbillwurtz,0,1,0,1
soapgods,0,0,1,1
soapholic,0,1,0,1
soapism,0,1,0,1
soapisticated,0,0,1,1
soapity,0,1,0,1
soapp,0,2,0,2
soapposed,0,1,0,1
soaps,0,2,4,6
soaptagupta,0,0,2,2
soapy,0,12,3,15
soar,1,3,6,10
soarin,0,2,0,2
soaring,1,3,4,8
soaringggg,0,1,0,1
sob,8,5,24,37
sobad,0,1,0,1
sobangcha,0,2,0,2
sobbed,0,0,20,20
sobbing,11,21,43,75
sobel,0,1,0,1
sober,42,3,70,115
soberbio,0,3,0,3
soberjoe,0,1,0,1
sobervio,0,1,0,1
sobie,0,22,0,22
sobra,0,2,0,2
sobran,0,0,5,5
sobrando,0,2,0,2
sobrang,0,1,3,4
sobre,0,43,2,45
sobremesa,0,2,0,2
sobresaliendo,0,1,0,1
sobresaliente,0,0,3,3
sobresalir,0,1,0,1
sobretodo,0,1,0,1
sobrevalorado,0,5,0,5
sobriety,0,1,5,6
sobs,2,2,8,12
soc,3,1,0,4
soca,0,1,6,7
socaiety,0,0,1,1
socail,0,4,0,4
socal,0,3,1,4
soccer,38,116,77,231
soccerball,1,0,0,1
soccerbrostv,0,0,1,1
soccersoccer,0,1,0,1
soccet,0,1,0,1
soccor,4,0,0,4
soceidad,0,0,6,6
socha,0,3,0,3
soci,0,3,0,3
sociable,0,0,6,6
social,199,0,755,954
sociales,0,4,0,4
socialise,0,0,5,5
socialising,8,3,12,23
socialism,6,17,16,39
socialist,15,11,38,64
socialistic,0,0,1,1
socialists,2,0,0,2
socialite,0,0,1,1
socialization,0,6,1,7
socialize,1,1,2,4
socialized,1,0,1,2
socializes,0,0,4,4
socializing,3,1,14,18
socially,21,0,53,74
socials,0,0,4,4
sociedad,12,10,3,25
sociedade,0,3,0,3
societal,7,2,14,23
societies,1,0,42,43
society,205,60,517,782
socio,0,0,4,4
socioeconomic,4,0,1,5
sociological,0,0,1,1
sociologically,0,0,4,4
sociologist,0,0,8,8
sociology,0,0,6,6
sociopat,0,1,0,1
sociopath,5,11,9,25
sociopathic,7,0,2,9
sociopaths,7,1,7,15
sock,13,29,31,73
socked,0,1,0,1
socket,10,4,13,27
sockets,4,0,5,9
socking,0,0,4,4
sockkkkk,0,1,0,1
socko,1,0,0,1
sockpuppet,5,0,0,5
sockpuppets,5,0,0,5
socks,60,64,132,256
soclein,2,0,0,2
socom,7,0,8,15
socorr,0,2,0,2
socorro,0,8,0,8
socorrooo,0,2,0,2
socrates,0,0,1,1
socs,3,0,0,3
soctt,0,1,0,1
socuet,0,3,0,3
socute,0,4,2,6
sod,3,2,1,6
soda,24,45,102,171
sodaparlorvibes,0,2,0,2
sodas,0,2,0,2
sodha,0,0,3,3
sodijsdskadj,0,0,1,1
sodium,6,3,17,26
sodnsks,0,0,1,1
sodom,52,0,7,59
sodomist,0,2,0,2
sodomite,29,6,2,37
sodomites,92,3,0,95
sodomy,0,2,2,4
soe,0,4,2,6
soeechless,0,0,1,1
soemthing,1,2,0,3
soemtimes,0,0,1,1
soepicthewestside,0,1,0,1
soes,0,0,1,1
soeverybody,0,0,1,1
sofa,43,56,83,182
sofad,0,1,0,1
sofake,1,0,0,1
sofas,0,0,7,7
sofe,0,0,2,2
sofee,0,0,1,1
soffe,0,0,1,1
soffee,1,0,0,1
soffit,0,0,1,1
sofia,6,15,21,42
sofias,0,0,1,1
sofie,0,0,11,11
sofisticado,0,1,0,1
sofrendo,0,3,0,3
soft,113,2,460,575
softball,2,1,1,4
softballs,0,0,1,1
softbolistas,0,0,2,2
softboxes,1,0,0,1
softcock,0,0,1,1
soften,0,0,17,17
softened,2,0,7,9
softener,0,3,1,4
softening,0,0,3,3
softens,0,0,4,4
softer,7,13,43,63
softest,0,5,8,13
softie,0,0,1,1
softlocked,1,0,0,1
softly,1,0,17,18
softness,0,0,5,5
softsissys,1,0,0,1
softt,1,0,0,1
softtttt,0,0,1,1
software,46,55,163,264
softwares,0,1,0,1
sofunny,0,1,0,1
sofware,0,1,0,1
sog,1,1,3,5
sogar,0,1,0,1
soge,0,2,0,2
soggy,7,2,3,12
sognamo,0,3,0,3
sogno,0,1,0,1
sogreat,0,0,1,1
sohard,0,0,1,1
sohc,0,0,1,1
sohn,0,4,0,4
sohottt,0,6,0,6
sohpia,0,0,2,2
soi,0,1,0,1
soiders,0,1,0,1
soil,15,8,50,73
soilders,2,0,3,5
soileau,0,3,0,3
soiled,0,2,4,6
soiling,0,0,1,1
soin,0,0,1,1
soinc,0,5,0,5
soinds,0,0,4,4
soing,0,0,1,1
soir,3,18,1,22
soirs,0,2,1,3
sois,0,15,0,15
soit,4,8,0,12
sojelous,0,0,3,3
sojnd,0,0,1,1
sojourner,0,0,1,1
sok,0,3,2,5
soka,0,1,0,1
sokacak,0,1,0,1
sokje,0,0,1,1
sokka,10,8,0,18
sokmussunuz,0,1,0,1
soko,0,0,2,2
sokoglam,0,0,1,1
sokrates,1,0,0,1
sokratis,0,13,0,13
soktu,0,1,0,1
sokutogeri,0,3,0,3
sol,5,24,16,45
sola,4,23,2,29
solace,9,0,24,33
solaire,40,7,4,51
solaireislife,0,3,0,3
solamente,0,8,0,8
solange,0,2,1,3
solanine,3,0,0,3
solanke,6,6,30,42
solano,0,0,5,5
solar,25,38,109,172
solaridad,0,2,0,2
solaris,0,1,2,3
solarium,0,0,2,2
solche,1,0,0,1
sold,129,269,399,797
soldador,0,0,1,1
soldat,0,2,0,2
soldered,8,0,5,13
soldet,2,0,0,2
soldier,22,30,26,78
soldiers,43,9,109,161
soldout,0,0,4,4
sole,10,3,26,39
solecism,10,0,0,10
soled,0,6,0,6
soledad,1,1,0,2
soleil,0,2,4,6
soleilandrain,0,1,0,1
solely,23,0,61,84
solemn,0,0,6,6
solemnly,0,0,14,14
solenoid,12,0,14,26
soler,0,0,2,2
soles,0,0,5,5
soli,9,0,1,10
solicite,0,4,0,4
soliciting,1,0,0,1
solicitous,0,0,1,1
solid,69,85,294,448
solidarios,0,2,0,2
solidarity,9,0,4,13
solider,1,1,3,5
soliders,0,1,6,7
solidez,1,0,0,1
solidified,0,0,4,4
solidify,1,0,8,9
solidifying,0,1,0,1
solidne,0,3,0,3
solido,0,1,0,1
solids,0,5,15,20
soliloquy,0,0,1,1
soliman,0,4,0,4
solipsism,0,1,5,6
solipsistic,0,0,1,1
solita,0,10,0,10
solitaria,2,0,0,2
solitario,0,7,0,7
solitary,0,0,2,2
soliti,0,1,0,1
solito,0,6,0,6
solitos,0,5,0,5
solitude,0,1,2,3
solkane,0,0,6,6
soll,1,6,0,7
sollazzo,0,0,1,1
sollte,0,5,0,5
solluminati,0,0,1,1
sollution,0,0,8,8
solo,69,335,249,653
soloist,3,0,0,3
solomehere,0,2,0,2
solomita,0,1,0,1
solomon,1,0,0,1
solon,0,0,2,2
solos,0,18,9,27
solstice,1,0,10,11
solstices,0,1,0,1
solt,0,1,0,1
solthing,0,0,2,2
solucionan,2,0,0,2
solupugid,0,1,0,1
solutes,0,0,1,1
solution,110,51,219,380
solutions,20,8,69,97
solutionwe,5,0,0,5
solve,68,101,127,296
solved,53,47,75,175
solvent,5,0,0,5
solver,0,1,6,7
solves,2,3,12,17
solving,10,12,54,76
som,6,26,15,47
soma,0,8,11,19
somali,7,2,4,13
somalia,14,2,2,18
somalian,1,13,3,17
somalias,0,0,1,1
somalis,0,1,0,1
somanypopstarscomeoutnaked,0,0,2,2
somber,1,2,5,8
sombody,4,0,0,4
sombodys,0,1,0,1
sombra,0,9,0,9
sombre,0,2,3,5
sombrero,0,1,0,1
somcom,3,0,0,3
some,3754,2399,11168,17321
somebodies,1,0,0,1
somebody,228,272,346,846
somebodys,1,4,0,5
somebting,1,0,0,1
somedag,0,0,2,2
someday,31,61,197,289
somedays,0,2,2,4
someee,0,1,0,1
someeee,0,1,0,1
somefing,0,0,1,1
somefink,2,0,0,2
somehing,0,0,2,2
somehow,190,116,434,740
somekind,0,0,1,1
somekne,0,0,1,1
someknes,4,0,0,4
somelike,1,0,0,1
somente,0,2,0,2
someo,0,0,1,1
someome,0,1,1,2
someon,0,0,1,1
someone,1784,1524,3816,7124
someones,10,17,32,59
someplace,0,0,5,5
somepoint,0,0,1,1
somepone,0,1,0,1
somersault,0,0,2,2
somersaults,1,0,0,1
somerset,0,0,9,9
somerville,0,0,9,9
someshit,1,0,1,2
somethi,0,7,0,7
somethibgt,0,1,0,1
somethig,0,0,3,3
somethign,0,0,2,2
somethin,36,12,19,67
somethinf,0,0,1,1
something,2327,1931,6087,10345
somethingabout,2,0,0,2
somethingg,0,2,0,2
somethingings,0,1,0,1
somethingorother,0,0,1,1
somethings,10,1,18,29
somethinh,0,1,0,1
somethkng,0,0,1,1
somethng,1,0,0,1
sometido,2,0,0,2
sometihing,0,0,1,1
sometime,10,38,108,156
sometimes,437,187,1212,1836
someting,2,4,0,6
someway,8,1,2,11
somewhat,55,6,152,213
somewhere,109,122,376,607
somewhr,0,1,0,1
somf,0,1,0,1
somg,0,2,5,7
somhow,0,0,1,1
soming,0,1,0,1
sommat,0,0,6,6
sommeee,0,1,0,1
sommeil,0,0,1,1
somment,0,4,0,4
sommer,0,1,1,2
sommet,0,0,8,8
sommething,1,0,0,1
sommige,0,1,0,1
sommon,4,0,0,4
somo,1,1,0,2
somoar,0,0,1,1
somoene,0,0,1,1
somone,1,13,1,15
somones,0,0,3,3
somos,0,21,13,34
somosonelive,0,1,0,1
somosonevoice,4,0,0,4
somosunavoz,0,1,0,1
sompthing,0,3,0,3
somr,0,0,1,1
somre,0,2,0,2
somrthing,1,0,0,1
soms,0,0,3,3
somthimg,0,0,1,1
somthin,4,0,0,4
somthinf,0,0,6,6
somthing,22,27,29,78
somthn,0,1,0,1
somtimes,0,0,1,1
somuch,1,0,5,6
somuchprogressivelogic,0,0,3,3
somwhow,1,0,0,1
somwthing,0,0,1,1
son,316,725,837,1878
sona,1,0,0,1
sonaban,1,0,0,1
sonally,0,3,0,3
sonando,1,2,0,3
sonar,0,2,3,5
sonara,1,1,0,2
sonars,1,0,0,1
sonas,0,0,2,2
sonata,0,3,0,3
sond,0,0,5,5
sonderlich,0,0,4,4
sondheim,0,0,3,3
sone,3,3,6,12
soneone,1,4,3,8
sones,0,1,0,1
song,1845,4758,12412,19015
songa,0,0,1,1
songbird,2,3,16,21
songers,0,0,2,2
songg,0,5,6,11
songgg,0,1,8,9
songggg,0,2,2,4
songgggg,0,0,2,2
songggggg,1,0,4,5
songgggggg,0,2,2,4
songgggggggggggggg,0,1,0,1
songggggsss,0,0,1,1
songm,0,0,1,1
songna,0,0,1,1
songoftheyear,0,1,0,1
songpop,0,0,1,1
songs,281,354,2095,2730
songss,0,0,1,1
songsss,0,0,2,2
songsssss,0,0,1,1
songstress,0,1,0,1
songtext,0,0,1,1
songwriter,1,10,47,58
songwriters,0,0,19,19
songwriting,1,0,45,46
songy,2,0,0,2
songye,0,1,0,1
songz,0,1,0,1
sonho,1,5,0,6
sonia,0,0,2,2
sonic,29,72,120,221
sonically,0,0,1,1
sonichu,4,0,1,5
sonics,0,12,0,12
sonidito,0,1,1,2
sonido,0,9,0,9
sonidos,0,5,4,9
soning,0,0,1,1
sonja,1,0,1,2
sonjapgo,0,0,3,3
sonluke,0,0,1,1
sonnen,0,4,0,4
sonnet,1,0,0,1
sonng,0,1,0,1
sonnngg,0,2,0,2
sonno,0,1,0,1
sonny,8,25,27,60
sono,1,28,4,33
sonogram,2,0,0,2
sonolie,1,0,0,1
sonoma,0,0,2,2
sonoran,3,0,0,3
sonoridade,0,4,1,5
sonoros,0,1,0,1
sonos,0,2,0,2
sonra,0,8,1,9
sonreir,0,4,0,4
sonrie,0,0,1,1
sonrientes,0,0,1,1
sonrisa,0,10,0,10
sonrisitaaa,0,1,0,1
sonrthing,0,1,0,1
sons,38,42,84,164
sonsabitches,0,0,1,1
sonsera,0,1,0,1
sont,4,22,18,44
sontung,0,1,0,1
sonunda,0,4,0,4
sonundaaaaa,0,1,0,1
sonuvvabitch,1,0,0,1
sonwabile,0,0,4,4
sony,28,36,75,139
sonya,0,0,2,2
sonzaoooo,0,1,0,1
sonzera,0,1,0,1
soo,145,96,785,1026
soof,0,0,1,1
sook,0,0,7,7
sookie,0,0,1,1
sooking,0,0,1,1
soon,431,635,1757,2823
soond,0,5,0,5
sooner,23,16,81,120
soonest,1,3,0,4
soong,0,4,0,4
soonish,0,5,4,9
soonnnnnnnnn,0,0,1,1
soonseok,0,4,4,8
soonyoung,0,0,4,4
sooo,180,159,1295,1634
soook,0,0,4,4
soool,0,0,1,1
sooon,0,5,2,7
soooner,0,1,0,1
sooong,0,0,2,2
sooongg,0,0,5,5
sooonggg,0,0,1,1
sooonng,0,1,0,1
sooonnggg,0,0,1,1
soooo,153,145,851,1149
soooocoooorrooooooooooo,0,1,0,1
sooool,0,0,1,1
soooon,0,0,5,5
soooong,0,0,1,1
soooongs,0,0,1,1
soooonnnn,0,1,0,1
sooooo,65,122,553,740
sooooohot,0,8,0,8
sooooon,0,0,2,2
sooooong,0,0,7,7
soooooo,39,64,224,327
soooooomuch,0,5,0,5
sooooooo,20,17,139,176
soooooooo,7,18,87,112
soooooooonnnnnnngggggggggg,0,0,1,1
sooooooooo,4,13,44,61
soooooooooo,3,1,27,31
sooooooooooo,0,3,14,17
soooooooooooo,0,3,19,22
soooooooooooong,0,0,2,2
sooooooooooooo,0,3,9,12
soooooooooooooo,2,0,7,9
sooooooooooooooo,0,0,4,4
soooooooooooooooo,0,1,6,7
sooooooooooooooooo,0,0,6,6
soooooooooooooooooo,3,0,2,5
sooooooooooooooooooo,0,1,2,3
soooooooooooooooooooo,0,0,9,9
sooooooooooooooooooooo,0,0,1,1
soooooooooooooooooooooo,0,0,8,8
soooooooooooooooooooooooo,0,1,2,3
sooooooooooooooooooooooooo,0,0,1,1
sooooooooooooooooooooooooooo,0,0,2,2
sooooooooooooooooooooooooooooo,0,0,4,4
sooooooooooooooooooooooooooooooo,0,0,1,1
soooooooooooooooooooooooooooooooooooo,0,0,1,1
soooooooooooooooooooooooooooooooooooooo,0,1,4,5
soooooooooooooooooooooooooooooooooooooooo,0,3,1,4
soooooooooooooooooooooooooooooooooooooooooooo,0,2,0,2
sooooooooooooooooooooooooooooooooooooooooooooo,0,0,2,2
soooooooooooooooooooooooooooooooooooooooooooooo,0,0,2,2
soooooooooooooooooooooooooooooooooooooooooooooooooooooooooooooooooooooooooooo,0,0,2,2
soooooooooooooooooooooooooooooooooooooooooooooooooooooooooooooooooooooooooooooooooooooo,0,0,1,1
sooooooooooooooooooooooooooooooooooooooooooooooooooooooooooooooooooooooooooooooooooooooooooo,0,0,4,4
sooooooooooooooooooooooooooooooooooooooooooooooooooooooooooooooooooooooooooooooooooooooooooooooooooo,0,0,1,1
sooooooooooooooooooooooooooooooooooooooooooooooooooooooooooooooooooooooooooooooooooooooooooooooooooooooooooooooooooooooooo,0,0,1,1
sooooooooooooooooooooooooooooooooooooooooooooooooooooooooooooooooooooooooooooooooooooooooooooooooooooooooooooooooooooooooooooooooooooooooooooooooooooooooo,0,0,1,1
sooooooooooooooooorry,0,1,0,1
sooooooooooperrrrrrr,0,0,1,1
soooraven,0,6,0,6
sooothing,0,2,0,2
soopah,0,1,0,1
sooper,0,0,2,2
soopergus,0,0,3,3
soorro,2,0,0,2
soort,0,1,2,3
soory,0,1,2,3
soosososososososooo,0,0,1,1
soot,7,1,0,8
sooth,1,0,7,8
soothe,0,0,7,7
soothed,0,0,9,9
sootheful,0,0,1,1
soothening,0,0,2,2
soothes,0,7,12,19
soothing,12,48,107,167
sooths,0,0,3,3
sootthing,0,0,1,1
sooubway,0,3,0,3
sooyoung,0,0,1,1
sop,0,6,2,8
sopa,0,3,0,3
sope,0,1,3,4
soph,14,90,200,304
sophdoesnails,1,5,1,7
sophdoesnudes,0,3,0,3
sophh,0,1,1,2
sophhh,0,1,0,1
sophhhh,0,2,0,2
sophhhhh,0,2,0,2
sophia,5,17,16,38
sophie,55,84,91,230
sophieeee,0,3,0,3
sophina,0,0,6,6
sophisticate,1,0,0,1
sophisticated,9,0,78,87
sophistication,1,0,4,5
sophmore,0,1,0,1
sophomore,2,4,14,20
sophomores,0,0,2,2
sophomoric,2,0,0,2
sopii,0,0,1,1
sopo,0,4,0,4
soport,0,1,0,1
soportar,0,4,0,4
soporto,0,0,4,4
soposs,0,1,0,1
sopphh,0,0,1,1
sopposed,1,0,0,1
soppy,3,0,0,3
soprano,0,11,18,29
sopranos,1,21,7,29
sor,1,0,0,1
sora,1,0,0,1
sorbent,0,0,4,4
sorbet,0,0,1,1
sorce,0,0,1,1
sorcerer,1,0,9,10
sorcerers,3,1,2,6
sorcery,5,9,10,24
sorda,0,1,0,1
sordid,4,1,0,5
sore,25,25,52,102
sored,2,1,0,3
sorelatable,0,0,1,1
sorely,4,17,21,42
sores,1,0,4,5
sori,0,1,3,4
soria,0,3,1,4
soribada,0,1,2,3
soriiiiiiaaaaaaa,0,1,0,1
sorority,1,0,1,2
soros,13,18,9,40
sorprende,0,11,0,11
sorprenden,0,1,0,1
sorprendente,0,2,0,2
sorprender,0,1,0,1
sorprendera,0,1,0,1
sorprendernos,0,1,0,1
sorprendi,0,7,0,7
sorprendida,0,2,0,2
sorpresa,0,3,0,3
sorri,0,0,1,1
sorriful,1,0,0,1
sorrily,0,0,1,1
sorrisao,0,1,0,1
sorriso,0,2,0,2
sorround,0,0,1,1
sorrounded,0,0,3,3
sorrow,8,0,21,29
sorrowful,1,0,8,9
sorrows,5,0,8,13
sorrreeee,0,1,0,1
sorrry,0,1,1,2
sorrryyyy,0,0,1,1
sorrs,0,0,1,1
sorry,2490,187,1436,4113
sorryeminem,0,0,1,1
sorryformyenglish,0,0,1,1
sorrynotsorry,0,0,1,1
sorryp,0,1,0,1
sorrytjats,1,0,0,1
sorryyyy,0,0,6,6
sorryyyyyy,1,0,0,1
sors,0,1,0,1
sort,235,100,590,925
sorta,29,8,43,80
sorte,0,5,1,6
sorted,44,41,94,179
sortedfood,3,0,8,11
sorter,0,1,0,1
sorters,0,0,1,1
sortie,0,0,2,2
sorting,2,20,22,44
sortis,0,0,2,2
sorts,30,9,100,139
sortudo,0,7,0,7
soru,0,3,0,3
sorunsuz,0,6,0,6
sorvete,0,5,0,5
sorvino,0,4,0,4
sory,0,2,0,2
soryyyyy,0,2,0,2
sos,1,55,11,67
sosa,1,2,2,5
soses,0,2,0,2
sosf,3,0,0,3
sosh,0,1,0,1
sosmed,0,1,0,1
sosnsiend,0,1,0,1
soso,0,0,8,8
sosomuch,0,1,0,1
sososooo,0,0,5,5
sosososo,0,0,7,7
sososososo,0,1,0,1
sosososososso,0,0,1,1
sosososossososososo,0,2,0,2
sospechoso,0,5,0,5
sosss,0,1,0,1
sostenido,0,1,0,1
sostrange,1,0,0,1
sot,0,2,5,7
sotaque,0,4,0,4
sote,0,3,0,3
sotkcing,0,1,0,1
soto,1,2,0,3
sotomura,0,1,3,4
sotry,0,0,4,4
sott,0,1,0,1
sottile,0,2,0,2
sotto,0,1,1,2
sottotitoli,0,7,0,7
sotu,0,0,7,7
soty,0,0,2,2
sou,2,38,6,46
souberam,0,1,0,1
soubway,0,2,1,3
souce,1,0,2,3
souch,0,0,1,1
soud,0,1,0,1
soudntracks,0,0,1,1
souds,0,2,2,4
soueeee,0,2,0,2
soueness,0,0,5,5
souf,0,3,1,4
souffl,1,0,6,7
souffle,0,0,2,2
souffrant,3,0,0,3
soufiane,0,1,3,4
soufiantje,0,1,0,1
soufrir,0,0,3,3
sought,8,6,11,25
soughta,1,0,0,1
souhaite,0,2,0,2
soul,227,246,919,1392
soulbond,1,0,0,1
sould,1,6,10,17
soulder,0,0,2,2
souleater,0,1,0,1
souled,0,1,0,1
soulfood,0,1,0,1
soulful,1,8,59,68
soulfull,0,1,0,1
soulja,0,4,1,5
souller,0,1,0,1
soulless,12,10,12,34
soulmate,6,7,10,23
soulmates,0,5,5,10
soulo,0,3,0,3
soulpancake,0,3,0,3
souls,112,53,175,340
soulsavers,1,0,7,8
soulsborne,0,1,0,1
soulselling,0,0,3,3
soum,0,1,0,1
soumds,2,0,0,2
soumu,0,0,2,2
souncloud,0,1,0,1
sound,403,18,3275,3696
sounda,0,0,1,1
soundbite,4,1,0,5
soundbites,1,0,0,1
soundboard,0,3,1,4
soundbooth,2,0,0,2
soundcard,0,0,8,8
soundclouad,0,3,0,3
soundcloud,17,26,53,96
soundconditioning,0,1,0,1
sounddesign,0,0,2,2
sounded,59,75,253,387
soundeffects,2,0,0,2
soundfx,0,1,0,1
soundgarden,0,0,2,2
soundin,0,1,0,1
sounding,33,41,137,211
soundless,0,1,0,1
soundly,0,0,2,2
soundn,1,0,0,1
soundproof,0,1,4,5
sounds,817,1080,2478,4375
soundscan,0,0,1,1
soundscape,0,0,3,3
soundstage,0,0,5,5
soundtrack,34,89,170,293
soundtracks,0,1,12,13
soundwave,0,0,1,1
soundwise,0,0,2,2
souness,0,0,8,8
soung,0,1,1,2
sountrack,0,0,4,4
sountracki,0,2,0,2
soup,35,79,234,348
souped,0,0,1,1
souper,0,1,0,1
soups,0,1,12,13
sour,50,1,33,84
source,73,35,248,356
sourced,1,0,0,1
sourcefed,0,3,0,3
sources,28,26,75,129
sourcing,0,0,1,1
sourcream,1,13,1,15
sourcreambuttercheesechiligreenonionsranchsaltnpepper,0,2,0,2
sourdough,3,4,1,8
sourir,0,0,5,5
sourire,0,3,0,3
sourires,0,0,1,1
sourunded,0,0,1,1
sous,0,9,9,18
sousaphone,0,0,1,1
sout,8,17,14,39
south,88,139,404,631
southall,0,0,6,6
southamerica,0,1,0,1
southampton,8,13,15,36
southbank,0,4,0,4
southbankldn,0,3,0,3
southeast,1,4,1,6
southeastern,5,0,0,5
southend,0,0,3,3
southeners,0,0,1,1
southern,37,42,83,162
southerner,1,0,0,1
southerners,3,0,5,8
southernmost,0,9,1,10
southland,0,1,0,1
southpacific,0,0,3,3
southpark,1,3,7,11
southpaw,0,0,2,2
southport,0,6,2,8
southside,0,2,2,4
southwest,0,0,4,4
southwestern,0,5,1,6
soutien,1,0,0,1
soutiendrai,0,1,0,1
soutiendront,0,1,0,1
souts,0,0,1,1
souuul,0,0,2,2
souvenir,0,10,4,14
souvent,0,1,0,1
souvlaki,0,0,1,1
souza,0,0,20,20
souzas,0,0,4,4
sov,0,0,1,1
sovereign,1,0,13,14
sovereigns,6,2,10,18
sovereignty,0,0,1,1
soviet,25,33,22,80
soviets,10,8,1,19
sovietwomble,0,0,1,1
sovs,0,0,6,6
sow,10,2,2,14
sowas,0,2,0,2
sowed,3,0,0,3
sowel,0,7,0,7
sown,2,0,1,3
sowon,0,2,3,5
sowrdtooth,0,0,1,1
sox,0,9,4,13
soxdum,0,1,0,1
soxsthatswellsyahsknowshvhsjennassetsysdownsysthereslknowsltsyahsgetsbolnsksysafstersvldzforsvresys,0,1,0,1
soxum,0,1,0,1
soy,42,278,103,423
soya,0,3,2,5
soybean,5,0,0,5
soyer,0,1,0,1
soylent,1,2,3,6
soys,0,3,0,3
soyuz,0,1,0,1
soz,3,11,7,21
sozinha,0,1,0,1
soznotsoz,0,2,0,2
sp,10,30,21,61
spa,0,3,21,24
spacco,0,1,0,1
space,282,283,845,1410
spaceballs,0,2,0,2
spacebar,0,2,0,2
spacecraft,0,3,1,4
spacecrafts,0,1,0,1
spaced,16,0,20,36
spacedrum,0,0,4,4
spaceghostpurrp,0,3,0,3
spacek,0,17,5,22
spacelegs,0,0,4,4
spaceman,4,0,2,6
spaceport,1,0,0,1
spacer,0,4,7,11
spacers,14,16,25,55
spaces,12,15,57,84
spaceship,4,7,5,16
spaceships,0,0,2,2
spacesuit,1,4,2,7
spacetime,0,2,0,2
spacewacky,0,1,0,1
spacewalk,0,0,1,1
spacex,26,17,52,95
spacey,10,20,30,60
spacial,0,2,3,5
spacially,2,0,0,2
spacing,2,2,5,9
spacious,0,0,3,3
spackle,2,0,0,2
spacy,0,0,4,4
spade,0,0,1,1
spader,0,1,0,1
spades,0,2,29,31
spaetzle,0,0,3,3
spagetti,1,2,1,4
spageyyi,0,0,1,1
spaggeti,0,1,0,1
spaghetaco,0,0,1,1
spaghetti,26,86,55,167
spaghettification,0,0,1,1
spaghettinis,0,0,4,4
spaghettis,0,2,0,2
spaguetti,1,1,0,2
spahgetti,0,1,0,1
spaiinnnn,0,0,2,2
spain,19,33,154,206
spainish,0,1,1,2
spaiycse,0,1,0,1
spal,16,78,0,94
spaling,0,1,0,1
spalle,0,3,0,3
spalt,0,1,0,1
spam,17,33,40,90
spamisdelicious,0,1,0,1
spammare,0,1,0,1
spammed,4,0,3,7
spammer,0,0,1,1
spammers,2,14,2,18
spamming,6,1,22,29
spams,4,0,0,4
span,10,3,31,44
spanakopita,0,0,1,1
spand,0,1,0,1
spandau,0,1,0,1
spandex,1,0,2,3
spangebob,0,1,0,1
spangled,3,1,14,18
spanglish,0,0,2,2
spaniard,1,0,5,6
spaniards,0,2,2,4
spaniel,0,3,4,7
spaniem,0,2,0,2
spanish,117,211,309,637
spanisn,0,1,0,1
spanisssshhhhh,0,9,0,9
spanje,0,0,2,2
spank,6,4,14,24
spanked,7,2,2,11
spanking,7,4,2,13
spanks,0,0,1,1
spanky,0,4,0,4
spanned,6,0,1,7
spannend,0,1,0,1
spans,1,0,11,12
spanx,0,0,1,1
spar,1,0,0,1
spare,21,26,79,126
spared,0,0,21,21
spares,0,0,1,1
sparing,4,0,0,4
sparingly,1,0,0,1
spark,15,11,23,49
sparked,5,0,12,17
sparking,0,0,1,1
sparkle,10,11,18,39
sparkles,8,17,7,32
sparklesexual,0,3,0,3
sparklez,0,1,0,1
sparkliest,0,0,1,1
sparkling,0,8,12,20
sparkly,5,29,53,87
sparknotes,0,0,1,1
sparks,0,4,13,17
sparky,0,7,5,12
sparring,5,6,13,24
sparrow,10,16,19,45
sparrows,3,2,0,5
sparse,4,0,9,13
sparseness,0,0,1,1
sparta,33,13,62,108
spartacus,0,0,3,3
spartak,3,0,3,6
spartan,4,3,84,91
spartanhood,0,0,2,2
spartans,10,5,70,85
spartiates,0,1,0,1
sparxxx,0,1,0,1
spas,0,1,1,2
spasibo,0,7,0,7
spasm,1,0,0,1
spasms,3,0,3,6
spass,0,2,0,2
spastic,3,0,2,5
spastics,0,0,6,6
spat,10,24,15,49
spate,0,0,1,1
spathiphyllum,4,0,0,4
spatial,0,0,7,7
spatula,1,0,3,4
spatulas,0,0,5,5
spaulding,0,0,3,3
spawn,12,13,5,30
spawned,7,3,3,13
spawning,0,0,2,2
spawnkills,0,0,4,4
spawns,4,0,0,4
spayed,0,0,2,2
spaz,3,8,0,11
spazing,0,0,1,1
spazio,0,1,0,1
spazzatura,0,1,0,1
spazzed,0,1,0,1
spazzy,0,0,1,1
spazzzed,0,1,0,1
spb,0,2,0,2
spca,0,1,0,1
spce,1,0,0,1
spcl,0,2,0,2
spd,0,0,1,1
spe,0,2,0,2
speach,0,0,4,4
speaches,1,0,0,1
speachless,0,1,7,8
speacial,0,2,3,5
speack,0,0,3,3
spead,0,0,2,2
speag,0,0,6,6
speak,344,318,914,1576
speakaz,0,1,0,1
speaked,0,0,1,1
speaker,30,36,119,185
speakers,15,24,110,149
speakin,0,1,0,1
speaking,203,122,487,812
speakout,0,0,5,5
speakr,0,0,1,1
speaks,74,94,256,424
speakthetruth,0,2,0,2
speakup,0,0,5,5
spear,0,12,9,21
speared,0,0,1,1
spearheading,5,0,0,5
spearing,0,0,4,4
spearmint,0,5,1,6
spears,6,13,10,29
spec,1,1,19,21
specail,1,1,0,2
specaily,0,0,8,8
specchio,6,2,0,8
spechless,0,1,0,1
speciaals,0,1,0,1
special,100,0,1127,1227
specialbility,0,0,1,1
speciale,0,1,0,1
speciales,1,0,0,1
specialise,2,0,1,3
specialises,0,0,4,4
specialist,27,17,22,66
specialists,2,1,6,9
specializations,0,0,1,1
specialize,0,2,14,16
specialized,2,6,12,20
specializes,0,0,1,1
specializing,0,0,1,1
specially,16,0,122,138
specialness,0,0,2,2
specials,0,5,3,8
specialties,1,0,2,3
specialty,1,2,2,5
specialy,1,0,1,2
specie,1,0,3,4
species,78,27,138,243
speciess,0,1,0,1
specifc,0,0,1,1
specific,97,18,254,369
specifically,46,28,181,255
specificaly,0,0,1,1
specification,0,0,1,1
specifications,0,4,4,8
specificity,0,0,1,1
specifico,0,0,1,1
specifics,0,3,6,9
specified,1,0,4,5
specify,0,15,18,33
specifying,1,0,0,1
specimen,4,0,10,14
specimens,0,2,0,2
specious,1,0,0,1
specjalnie,0,2,0,2
speck,2,5,6,13
specking,0,0,1,1
speckled,0,0,1,1
specksavers,0,0,4,4
specs,6,22,50,78
specsavers,0,3,0,3
spectaclar,0,0,4,4
spectacle,2,2,17,21
spectacles,0,1,0,1
spectactular,0,1,0,1
spectacular,2,0,97,99
spectacularly,7,0,19,26
spectagle,0,0,4,4
spectators,0,1,0,1
spected,4,0,0,4
specter,1,0,7,8
spectra,1,0,0,1
spectral,0,0,4,4
spectre,0,0,5,5
spectrum,25,20,77,122
spectrums,0,0,7,7
spectum,0,0,3,3
speculate,6,0,16,22
speculated,0,0,4,4
speculating,1,0,0,1
speculation,18,2,21,41
speculative,0,0,6,6
speculoos,0,5,0,5
speculoospasta,0,0,5,5
sped,11,10,19,40
speding,0,0,1,1
spee,0,1,0,1
speech,215,54,440,709
speeches,4,0,24,28
speechlees,0,1,0,1
speechles,0,0,1,1
speechless,6,96,76,178
speechwriters,2,0,0,2
speed,145,191,455,791
speedboat,0,3,0,3
speedcube,0,2,0,2
speedcubing,0,1,1,2
speedhacking,1,0,0,1
speedin,4,0,4,8
speeding,16,5,6,27
speedo,6,8,2,16
speedometer,0,1,3,4
speedos,0,0,8,8
speedrun,10,15,31,56
speedrunned,6,0,0,6
speedrunner,0,0,2,2
speedrunners,1,0,3,4
speedrunning,2,0,14,16
speedruns,0,2,12,14
speeds,12,3,44,59
speedstack,0,1,0,1
speedster,0,0,1,1
speedy,3,0,24,27
speeed,0,1,0,1
speeeeeeak,0,2,0,2
speek,4,4,0,8
speekers,0,0,1,1
speeking,0,0,1,1
speel,3,4,9,16
speelde,0,0,1,1
speelden,0,1,0,1
speeler,0,1,0,1
speeling,0,0,1,1
speelster,0,1,0,1
speelt,0,1,1,2
speend,0,1,0,1
speermmm,0,2,0,2
speficially,0,1,0,1
speghetti,0,1,0,1
speghti,0,0,1,1
speh,0,0,1,1
speical,0,0,1,1
speically,0,0,1,1
speice,1,0,0,1
speicel,4,0,0,4
speices,0,0,1,1
speilberg,0,6,1,7
speith,0,1,0,1
spek,0,1,0,1
speke,0,0,6,6
spekjes,0,5,0,5
spekkies,0,6,0,6
spekkoek,0,3,0,3
spel,0,0,2,2
speld,3,0,0,3
spele,0,1,0,1
spelen,2,1,1,4
speleologist,0,0,2,2
speler,0,12,5,17
spelers,0,1,1,2
speling,0,0,1,1
spell,39,82,102,223
spellbinding,0,0,7,7
spellbindingly,0,0,1,1
spellbook,1,0,0,1
spelled,51,34,42,127
spelling,36,26,30,92
spellings,0,0,1,1
spello,0,0,3,3
spellotape,0,0,1,1
spells,5,11,36,52
spelt,19,17,15,51
spence,0,3,1,4
spencer,17,51,48,116
spencerian,0,1,0,1
spencers,1,1,4,6
spend,226,439,614,1279
spended,0,0,2,2
spender,2,0,0,2
spendin,0,1,0,1
spending,78,35,232,345
spends,27,6,23,56
spendy,0,3,0,3
spennare,0,1,0,1
spenny,5,3,2,10
spenser,1,0,0,1
spensif,0,0,1,1
spensored,0,0,1,1
spent,363,6,411,780
spenta,0,1,0,1
speo,0,2,0,2
speranza,0,1,0,1
speriamo,0,1,0,1
sperm,23,47,42,112
sperms,0,0,2,2
spermwhale,0,1,0,1
spero,5,9,0,14
spesh,0,0,4,4
speshalises,1,0,0,1
speshul,1,0,0,1
spesific,1,0,0,1
spess,0,3,0,3
spetacular,0,0,1,1
spetses,0,0,3,3
spettacolare,0,3,0,3
spettacolo,0,2,0,2
spettacoloso,0,2,0,2
spew,19,10,17,46
spewed,7,0,5,12
spewing,24,3,12,39
spews,13,4,2,19
spf,20,7,154,181
spfs,3,0,0,3
sphere,13,12,14,39
spheres,0,3,0,3
spherical,8,1,1,10
spherocytosis,0,1,0,1
spheroid,6,0,5,11
sphincter,0,1,0,1
sphinx,0,7,0,7
sphj,0,0,3,3
sphynx,0,0,5,5
spi,0,4,0,4
spic,1,3,0,4
spice,136,163,363,662
spiced,6,1,6,13
spicee,0,0,3,3
spicegirlsforever,0,0,1,1
spiceh,0,0,1,1
spiceman,0,0,4,4
spicer,39,26,90,155
spicers,2,0,2,4
spices,1,0,30,31
spiceupyourlife,0,0,1,1
spicey,1,6,17,24
spicier,0,3,7,10
spiciest,0,1,9,10
spiciness,0,1,0,1
spick,1,0,0,1
spics,1,1,2,4
spicy,41,140,168,349
spicyyyy,0,2,0,2
spicyyyyyyyyy,0,0,1,1
spida,0,1,0,1
spide,0,1,0,1
spider,138,227,291,656
spiderman,5,56,27,88
spiders,126,106,207,439
spiderweb,1,0,0,1
spiderwebs,0,1,0,1
spiderwick,0,0,1,1
spiderz,0,1,0,1
spidey,3,3,1,7
spidget,0,0,1,1
spidrr,0,1,0,1
spied,0,1,4,5
spiego,0,1,0,1
spiel,0,12,7,19
spielberg,3,27,39,69
spielbergs,0,0,3,3
spiele,0,0,4,4
spielen,0,2,0,2
spieler,0,8,0,8
spielt,0,1,0,1
spielzeug,0,1,0,1
spientific,0,0,1,1
spier,0,1,0,1
spierziekte,0,1,0,1
spies,1,2,1,4
spieth,0,0,1,1
spigen,1,0,0,1
spiggots,3,0,0,3
spigit,0,1,0,1
spigot,0,0,1,1
spiiiiiiin,0,1,0,1
spiik,0,2,0,2
spik,0,1,0,1
spike,4,15,15,34
spiked,4,10,7,21
spiker,0,5,0,5
spikeri,0,2,0,2
spikerin,0,0,1,1
spikerinden,0,1,0,1
spikes,9,6,5,20
spiketv,2,0,0,2
spikey,0,0,9,9
spiki,0,4,0,4
spiking,1,0,1,2
spiky,4,10,1,15
spill,4,13,38,55
spillage,0,0,1,1
spilled,7,3,33,43
spiller,0,0,2,2
spilling,10,11,6,27
spillover,0,0,2,2
spills,1,0,1,2
spilt,4,3,3,10
spilting,0,4,0,4
spilts,0,0,1,1
spin,37,65,101,203
spina,0,0,1,1
spinach,6,12,36,54
spinal,1,6,27,34
spinball,0,1,0,1
spindashing,0,6,0,6
spinde,0,1,0,1
spindle,1,0,0,1
spindly,1,6,0,7
spine,37,8,47,92
spineless,9,9,1,19
spiner,0,2,0,2
spinerr,0,2,0,2
spines,0,0,4,4
spining,1,0,1,2
spinkles,0,0,1,1
spinn,0,4,0,4
spinne,0,4,0,4
spinned,2,0,0,2
spinner,13,90,19,122
spinners,0,20,9,29
spinnerzz,0,1,0,1
spinnin,1,5,10,16
spinning,22,60,43,125
spinny,0,0,1,1
spinoff,0,2,2,4
spinosaurus,0,1,0,1
spinrilla,0,1,0,1
spins,1,4,30,35
spinster,0,2,6,8
spinx,0,0,1,1
spiral,5,6,43,54
spiraled,0,0,2,2
spiraling,9,0,1,10
spiralized,0,0,1,1
spirals,0,0,2,2
spire,0,1,0,1
spired,0,1,0,1
spiridonov,0,1,0,1
spirit,148,136,333,617
spirital,0,0,1,1
spirited,2,1,23,26
spiritedness,0,0,8,8
spiritful,0,0,3,3
spiritfull,0,2,0,2
spirits,12,10,51,73
spiritual,26,48,121,195
spirituality,2,0,24,26
spiritually,4,2,28,34
spirituals,6,0,0,6
spirograph,0,0,3,3
spirographs,0,0,1,1
spironolactone,2,0,0,2
spirt,1,3,3,7
spit,55,56,107,218
spitalfields,0,0,5,5
spitball,0,1,0,1
spite,12,7,14,33
spitin,1,1,0,2
spiting,0,0,1,1
spits,3,19,19,41
spitshine,3,0,0,3
spitted,0,0,4,4
spitters,0,1,0,1
spitthat,1,0,0,1
spittin,0,1,4,5
spitting,32,5,59,96
spitz,0,1,0,1
spivakonvickova,0,1,0,1
spk,0,2,0,2
splain,0,0,1,1
splaining,3,0,0,3
splaqueshia,0,1,0,1
splash,6,18,11,35
splashdown,0,0,3,3
splashes,0,3,1,4
splashing,0,0,1,1
splashteam,0,0,2,2
splashteampullupgang,0,0,2,2
splashy,0,0,3,3
splat,4,0,0,4
splatoon,5,6,1,12
splatter,5,5,15,25
splattered,5,0,10,15
splattering,1,0,0,1
splatters,2,0,0,2
splc,10,1,0,11
spleet,0,1,0,1
splendid,0,0,13,13
splendidly,0,0,6,6
splice,9,24,15,48
spliff,1,2,10,13
splinter,1,1,1,3
splintered,0,4,0,4
splintering,0,0,1,1
splinters,0,5,4,9
splints,0,0,2,2
splish,0,6,0,6
split,55,42,126,223
splited,0,1,1,2
splites,0,0,1,1
splits,5,10,6,21
splitscreen,0,0,6,6
splitter,1,0,0,1
splitters,0,1,0,1
splitting,4,2,8,14
splittscreen,0,1,0,1
splode,0,1,0,1
splodey,0,1,0,1
sploosh,0,2,0,2
splosions,5,0,0,5
splotchy,5,0,0,5
splurge,6,1,28,35
splurged,0,0,2,2
splurgethiscakeman,0,0,1,1
splurging,0,0,8,8
splutter,0,0,2,2
spn,0,1,2,3
spng,1,0,0,1
spo,0,6,0,6
spoci,0,3,0,3
spock,0,2,8,10
spoder,0,1,0,1
spodni,0,1,0,1
spodziewa,0,3,0,3
spoectacular,0,0,1,1
spoes,1,0,0,1
spoil,23,10,57,90
spoilar,0,0,1,1
spoild,2,0,0,2
spoileado,0,2,0,2
spoiled,37,34,93,164
spoiler,56,105,91,252
spoilerage,2,0,0,2
spoileralert,1,0,0,1
spoilerfree,0,3,0,3
spoilers,59,53,106,218
spoilery,0,0,1,1
spoilier,0,1,0,1
spoiling,11,4,19,34
spoils,8,4,8,20
spoilsport,0,1,0,1
spoilt,3,4,17,24
spojrze,0,2,0,2
spojrzenia,0,4,0,4
spojrzy,0,2,0,2
spok,0,0,1,1
spokane,0,1,2,3
spoke,54,22,157,233
spoken,42,24,145,211
spokeness,0,0,3,3
spokenly,1,0,0,1
spokes,2,0,0,2
spokesman,0,0,1,1
spokesmodel,0,0,4,4
spokesperson,0,1,1,2
spokeswoman,0,0,6,6
spoko,0,1,0,1
spolia,0,0,1,1
spolier,0,0,2,2
spompatevi,0,1,0,1
spon,5,2,0,7
sponagebob,0,0,1,1
sponcered,0,1,0,1
sponcers,0,1,0,1
spondylitis,0,0,1,1
sponebob,1,0,0,1
spong,0,1,0,1
spongbob,3,3,1,7
sponge,20,54,99,173
spongebob,16,74,46,136
spongebobs,3,0,0,3
sponges,1,4,25,30
spongey,0,0,3,3
spongiform,0,1,0,1
spongy,0,0,1,1
spons,0,1,1,2
sponser,0,3,5,8
sponsered,1,0,1,2
sponsering,0,1,2,3
sponsers,0,0,2,2
sponsership,0,0,1,1
sponsodered,0,0,2,2
sponsor,12,35,49,96
sponsored,18,137,95,250
sponsoring,0,3,32,35
sponsorminiminter,0,5,0,5
sponsors,12,22,44,78
sponsorship,4,14,16,34
sponsorships,1,0,7,8
spontaneity,0,0,8,8
spontaneous,2,0,24,26
spontaneously,0,0,12,12
spontaneousness,0,0,1,1
spoo,0,3,0,3
spooder,0,4,0,4
spoof,9,0,8,17
spoofer,0,0,1,1
spoofing,0,1,0,1
spooge,0,2,0,2
spook,0,1,6,7
spookay,0,1,0,1
spookdaddy,0,1,0,1
spooked,0,2,2,4
spookie,1,2,0,3
spookier,0,0,2,2
spookiest,0,5,0,5
spookiness,0,0,1,1
spooking,0,1,0,1
spookley,0,2,0,2
spooks,0,0,2,2
spooktacular,0,2,0,2
spooktober,0,4,2,6
spooky,38,65,88,191
spookyfern,0,1,0,1
spoolie,0,0,3,3
spoon,18,53,50,121
spooned,0,1,2,3
spooner,0,1,0,1
spoonfed,2,0,1,3
spoonful,2,3,8,13
spoonfulls,0,2,0,2
spoonfuls,1,0,1,2
spoons,14,3,7,24
spoony,1,0,0,1
spooookyy,0,0,1,1
spoooooooky,0,1,0,1
spooooooooooooooooooo,0,0,1,1
spoopy,3,18,10,31
spoopyness,0,0,1,1
spopy,0,1,0,1
sporadic,0,1,12,13
sporadically,4,0,8,12
sporchmensip,0,4,0,4
spore,3,0,2,5
spores,2,0,2,4
spork,0,5,0,5
sporo,0,5,0,5
sport,83,69,224,376
sportbible,0,0,1,1
sportcasters,5,0,0,5
sportif,0,0,2,2
sporting,7,18,48,73
sportivi,0,0,1,1
sportivo,0,1,0,1
sportly,0,0,4,4
sportmanship,0,0,6,6
sportn,0,0,5,5
sports,139,83,261,483
sportsball,0,0,1,1
sportscaster,0,0,1,1
sportsdirect,0,5,0,5
sportsgirl,0,0,6,6
sportsman,0,0,5,5
sportsmanship,0,0,7,7
sportsplex,0,1,0,1
sportswear,2,0,0,2
sporty,45,8,20,73
spos,0,7,0,7
spot,149,157,424,730
spotified,0,0,1,1
spotify,6,190,136,332
spotifyplaylist,0,1,0,1
spotifys,0,4,0,4
spotifyyyyyyyyyyy,0,2,0,2
spotless,1,11,9,21
spotlight,16,5,62,83
spotlighting,0,0,2,2
spotlights,0,0,3,3
spots,40,26,96,162
spott,1,0,0,1
spotted,17,31,34,82
spotter,1,1,0,2
spotters,3,0,0,3
spottes,0,1,0,1
spottifay,0,1,0,1
spotting,0,1,4,5
spotty,15,0,3,18
spouce,0,0,2,2
spoungebob,0,0,1,1
spousal,0,0,6,6
spouse,9,2,12,23
spouses,3,0,12,15
spout,11,0,8,19
spouting,8,1,9,18
spoutnik,0,0,2,2
spouts,0,0,2,2
spowodowa,0,2,0,2
sppennt,0,0,1,1
sppppppoooooleyyyyy,0,2,0,2
spprts,0,0,6,6
spr,0,4,0,4
spragga,0,1,0,1
sprain,3,6,14,23
sprained,6,7,30,43
sprains,0,0,1,1
sprang,2,0,0,2
spravene,0,5,0,5
sprawa,0,3,0,3
sprawdzic,0,3,0,3
sprawl,5,0,0,5
sprawling,0,2,0,2
sprawy,0,2,0,2
spray,48,107,130,285
sprayed,8,13,16,37
sprayer,0,0,3,3
spraying,3,4,6,13
spraypaint,4,0,0,4
sprays,14,5,21,40
spread,114,36,164,314
spreaded,0,1,0,1
spreader,1,0,0,1
spreading,33,14,80,127
spreadlove,0,0,1,1
spreads,11,2,7,20
spreadsheet,4,0,2,6
spreadtheword,0,1,0,1
sprechen,1,2,0,3
sprecher,1,0,0,1
spree,25,4,19,48
spreed,0,7,0,7
spreekbeurt,0,2,0,2
spreepicky,0,1,0,1
sprees,2,4,0,6
spricket,0,0,1,1
sprig,6,22,8,36
sprigs,0,5,1,6
spring,28,44,120,192
springboard,0,5,1,6
springer,0,0,4,4
springfield,0,2,0,2
springs,0,3,21,24
springsteen,0,8,24,32
springtime,0,0,4,4
sprinkels,0,1,0,1
sprinkle,6,11,18,35
sprinklearinos,0,1,0,1
sprinkled,0,0,12,12
sprinkler,0,1,0,1
sprinklerinas,0,3,0,3
sprinklers,0,0,5,5
sprinkles,15,25,27,67
sprinkling,0,0,1,1
sprinklyofglitter,0,0,6,6
sprint,2,8,7,17
sprinted,0,2,0,2
sprinter,3,0,0,3
sprinting,1,0,0,1
sprit,0,1,0,1
sprite,1,9,25,35
sprites,1,1,0,2
spritz,0,0,7,7
sprogged,3,0,0,3
sproseeeee,0,2,0,2
sprous,0,1,0,1
sprouse,9,34,8,51
sprousehart,1,1,1,3
sprout,5,4,7,16
sprouted,1,2,2,5
sprouting,0,0,4,4
sprouts,0,0,5,5
sprt,0,1,0,1
spruce,0,0,1,1
sprung,1,0,6,7
spry,0,0,4,4
sprz,0,11,0,11
sps,0,3,0,3
spslack,0,1,0,1
spsssss,0,1,0,1
spud,0,1,0,1
spudgy,1,0,0,1
spudly,0,2,0,2
spuds,4,0,0,4
spug,0,1,0,1
spuggiteee,0,3,0,3
spun,12,9,11,32
spunge,1,0,0,1
spunges,1,0,0,1
spunk,0,1,0,1
spur,1,0,5,6
spurious,0,0,1,1
spurred,0,0,1,1
spurs,26,70,88,184
spurt,0,0,1,1
spurts,2,0,6,8
spuszczon,0,2,0,2
sputnik,0,1,0,1
spuud,0,1,0,1
spy,19,29,64,112
spybastard,0,0,1,1
spyder,1,1,0,2
spyin,0,1,0,1
spying,6,2,1,9
spykids,0,0,1,1
spyparty,0,2,0,2
spyro,0,1,0,1
spysex,0,0,2,2
spyware,7,0,1,8
sq,0,0,32,32
sqad,0,1,0,1
sqadddd,0,1,0,1
sqauadddd,0,0,2,2
sqaud,0,3,10,13
sqaurespace,0,0,1,1
sqeaky,0,0,1,1
sqealing,0,0,1,1
sqee,6,0,0,6
sqmsumg,0,0,1,1
sqod,0,2,0,2
sqquuuaaaaddddd,0,0,3,3
sqrt,0,3,0,3
squaa,0,1,0,1
squaaaa,0,0,2,2
squaaaaaaaaaaaaad,0,2,0,2
squaaaaaaaaaaaaddd,0,0,2,2
squaaaaaad,0,2,0,2
squaaaaadddd,0,1,0,1
squaaaaddddd,0,5,0,5
squaaad,0,2,5,7
squaaaddd,0,0,2,2
squaaaddddd,0,3,0,3
squabble,0,0,3,3
squabbles,0,0,5,5
squack,0,1,0,1
squad,118,704,517,1339
squadd,2,19,3,24
squaddd,0,35,13,48
squadddd,0,23,9,32
squaddddd,0,11,0,11
squadddddd,0,6,0,6
squaddddddd,0,2,0,2
squadddddddd,3,0,0,3
squadddddddddddd,0,1,0,1
squadddddds,0,2,0,2
squade,0,1,0,1
squadfam,0,1,0,1
squadgoals,0,0,2,2
squadra,0,13,2,15
squadre,5,3,0,8
squadrette,0,1,0,1
squadron,7,1,8,16
squadrons,0,6,3,9
squads,4,0,16,20
squadsd,0,4,0,4
squak,0,0,1,1
squalid,2,0,0,2
squall,0,6,0,6
squanch,0,1,0,1
squard,0,7,2,9
square,44,53,149,246
squared,1,7,14,22
squareish,0,0,6,6
squareness,0,0,4,4
squarepants,2,3,0,5
squares,9,5,27,41
squarespace,7,4,19,30
squaring,1,0,0,1
squash,5,31,36,72
squashed,1,2,8,11
squashing,0,1,1,2
squat,43,9,16,68
squating,1,3,0,4
squats,3,1,2,6
squatter,0,0,1,1
squatting,0,6,4,10
squatty,0,1,2,3
squawking,0,2,0,2
squda,0,3,0,3
squeak,2,6,9,17
squeaked,3,2,2,7
squeakers,0,0,1,1
squeaking,2,1,1,4
squeaks,5,0,0,5
squeaky,5,16,13,34
squeal,7,5,8,20
squealed,0,17,20,37
squealing,7,1,6,14
squeals,0,0,2,2
squeamish,0,4,0,4
squee,1,0,6,7
squeecked,0,0,1,1
squeee,0,4,0,4
squeeeeee,0,1,0,1
squeek,2,0,1,3
squeekquel,0,1,0,1
squeeky,0,0,2,2
squeez,1,0,0,1
squeezable,0,3,0,3
squeeze,17,12,59,88
squeezed,6,1,9,16
squeezes,1,0,0,1
squeezing,11,5,11,27
squeezums,0,2,0,2
squel,0,1,0,1
squese,0,1,0,1
squib,3,0,0,3
squid,0,3,12,15
squiddyyyyy,0,0,2,2
squidge,0,11,38,49
squidgy,3,0,0,3
squidlings,0,0,1,1
squids,1,0,0,1
squidwaarrrrrd,0,3,0,3
squidward,2,7,2,11
squidwards,0,0,1,1
squige,0,0,1,1
squiggle,0,0,1,1
squiggly,0,1,0,1
squiggy,0,1,0,1
squimp,0,1,0,1
squint,8,2,5,15
squinting,1,2,1,4
squip,0,1,0,1
squir,0,1,0,1
squirell,0,1,0,1
squirming,1,0,4,5
squirrel,10,17,19,46
squirreling,0,0,1,1
squirrels,3,11,15,29
squirt,4,4,7,15
squirted,1,0,2,3
squirter,0,1,1,2
squirtin,0,5,0,5
squirting,5,0,1,6
squirts,2,7,0,9
squish,1,5,18,24
squished,3,5,6,14
squishes,1,1,5,7
squishing,1,1,21,23
squishy,6,6,33,45
squisies,0,0,1,1
squre,1,0,0,1
squuueeeeeeeeee,0,2,0,2
squuuuuad,0,2,0,2
squuuuuuuad,0,5,0,5
squuze,0,0,1,1
sqwa,2,0,0,2
sqwuaaaa,0,1,0,1
sqwuaaadd,0,4,0,4
sr,1,19,5,25
sra,1,1,0,2
srbija,0,1,0,1
sre,0,0,2,2
sreaming,0,1,2,3
srgb,0,2,2,4
sri,16,0,10,26
sriracha,3,10,3,16
srkt,0,1,0,1
srly,0,1,0,1
srms,0,1,0,1
srmthfg,0,1,2,3
sroll,0,0,1,1
srop,0,0,1,1
srp,0,0,1,1
srpelo,0,1,0,1
srry,5,4,5,14
srs,0,0,3,3
srsly,11,7,21,39
srt,0,0,2,2
sruck,0,1,0,1
sruggle,0,0,1,1
sruoh,0,0,2,2
srx,0,3,0,3
sry,16,18,9,43
ss,1,25,13,39
ssa,0,0,2,2
ssairsoft,0,0,1,1
ssassins,0,0,4,4
ssaying,0,0,1,1
ssbsts,0,0,1,1
ssc,0,1,0,1
ssd,0,6,13,19
ssdi,0,0,3,3
ssds,5,0,6,11
sse,0,15,59,74
sseldorf,4,3,1,8
ssen,0,2,5,7
sseulsseulhi,0,1,0,1
ssf,5,0,0,5
ssg,0,3,0,3
ssh,6,0,0,6
ssharp,0,0,1,1
sshe,0,1,0,1
sshee,0,0,1,1
sshha,0,0,1,1
sshhh,0,0,1,1
sshhhhhh,0,0,1,1
sshit,0,1,0,1
ssi,0,2,0,2
ssico,0,2,0,2
ssig,1,0,0,1
ssima,0,5,0,5
ssimo,0,1,1,2
ssimos,0,6,0,6
ssisgo,0,1,0,1
ssj,0,5,0,5
ssjfjdjskshdggdoqodnzv,0,1,0,1
sskkiillll,1,0,0,1
ssl,0,0,12,12
ssllllaayyyyss,0,0,1,1
sslstrip,0,1,1,2
ssn,0,0,2,2
ssniperwolf,0,1,0,1
sso,2,0,5,7
sson,0,3,3,6
ssong,0,0,1,1
ssooo,0,1,0,1
ssoooo,0,0,1,1
ssoooooo,0,0,1,1
ssr,0,5,0,5
ssri,0,0,11,11
ssrrcccctttccchhhh,0,0,5,5
sss,0,7,4,11
sssd,0,0,1,1
sssddggkllllzzzcccnnnn,0,1,0,1
ssshhhhh,0,1,0,1
ssshhhitt,0,2,0,2
ssskkkkiiiiirrrrtttt,0,2,0,2
ssslllaaaaaaaaaaaaaaaay,0,3,0,3
sssllllaaayayyyy,0,1,0,1
ssslllowww,0,1,0,1
sssniperwolf,2,1,1,4
sssniperwolfss,0,1,0,1
sssnnnatched,0,0,1,1
sssooo,4,0,2,6
sssoooo,0,1,1,2
sssoooonnnnggg,0,1,0,1
sssquad,0,1,0,1
sssr,0,0,1,1
ssss,0,6,4,10
ssssamanthaa,0,3,0,3
sssshhhhh,0,1,0,1
sssslllaayyyy,0,1,0,1
ssssoooooo,0,0,1,1
sssspicy,0,0,1,1
sssss,1,3,0,4
sssssiiiiiiiiiiiitttttttttttttttttttttttttttttttttttttttttttttttttttttttt,0,1,0,1
sssssooo,1,0,0,1
sssssooooo,0,1,0,1
ssssssooooo,0,0,1,1
sssssss,0,4,0,4
ssssssshhhhhhhiiiiiiiiittttttttt,0,1,0,1
ssssssssmmmmoking,1,0,0,1
ssssssssssssssooooooooooooooooooooooooooooo,0,1,0,1
sssssssssssssssss,5,0,0,5
ssssuuuuuuuuuuuuuuuuuuuckssss,0,1,0,1
sssswift,0,0,1,1
ssstooooopppppppppp,0,1,0,1
sst,0,2,0,2
sstrowman,0,0,4,4
ssuit,0,0,1,1
ssundee,0,3,0,3
ssy,0,6,1,7
st,204,418,517,1139
sta,4,24,0,28
staaaaar,0,0,1,1
staaaahhp,0,3,0,3
staaaap,0,3,0,3
staaaawait,0,1,0,1
staaaaying,0,0,3,3
staaahp,1,0,0,1
staaare,0,3,0,3
staaay,0,0,1,1
staad,1,0,0,1
staan,0,0,1,1
staat,0,3,2,5
stab,26,33,30,89
stabalize,0,0,4,4
stabalized,0,0,1,1
stabbed,12,12,30,54
stabber,2,1,0,3
stabbers,1,3,0,4
stabbing,14,2,4,20
stabbings,1,1,6,8
stabed,1,0,0,1
stabil,0,1,0,1
stabilisation,0,1,3,4
stabilise,0,0,2,2
stabiliser,2,2,2,6
stability,9,2,29,40
stabilization,0,1,1,2
stabilize,0,0,3,3
stabilized,0,0,1,1
stabilizer,0,3,5,8
stabilizing,0,0,1,1
stabilo,0,0,1,1
stabing,0,0,1,1
stable,15,4,93,112
stabler,7,11,4,22
stablization,0,0,1,1
stabo,0,1,0,1
stabs,10,1,3,14
staccato,6,0,0,6
stacee,0,0,4,4
stacey,3,2,4,9
staceys,0,1,0,1
stach,0,5,3,8
stache,2,18,12,32
stack,15,32,56,103
stacked,2,7,33,42
stacker,0,5,0,5
stackhouse,2,0,0,2
stackin,0,0,6,6
stacking,2,8,13,23
stackoverflow,1,0,0,1
stacks,1,8,24,33
stacy,3,1,7,11
stacyplays,0,1,0,1
stad,0,1,0,1
stade,0,0,3,3
stadium,16,35,94,145
stadiums,0,1,26,27
stadjuim,0,1,0,1
stadyumunda,0,1,0,1
staf,7,0,0,7
stafe,0,0,1,1
staff,47,32,132,211
staffed,0,0,1,1
staffer,0,2,0,2
staffers,0,0,4,4
staffishire,0,0,1,1
stafford,0,2,7,9
staffs,0,3,7,10
staffy,0,1,1,2
stag,5,0,2,7
stage,196,142,586,924
staged,46,40,42,128
stagedoor,1,0,0,1
stagehand,0,4,0,4
stages,17,20,43,80
staggered,0,0,1,1
staggering,1,0,10,11
staggers,0,0,1,1
staging,1,1,5,7
stagnant,6,0,16,22
stagnated,1,0,0,1
stagnating,2,0,1,3
stahb,0,0,1,1
stahbbed,3,0,0,3
stahp,7,4,6,17
staid,0,0,1,1
staight,0,1,2,3
staightners,0,0,2,2
stail,0,0,4,4
stain,26,34,47,107
stained,9,3,5,17
stainer,3,3,0,6
staing,0,0,1,1
staining,0,8,3,11
stainless,4,0,18,22
stainn,0,1,0,1
stains,19,4,34,57
stair,0,8,3,11
staircase,0,5,1,6
stairing,3,0,0,3
stairs,40,37,68,145
stairsnu,0,0,1,1
stairway,0,0,5,5
stairwell,0,0,1,1
staj,0,2,0,2
stake,10,1,10,21
stakeouts,1,0,0,1
stakes,2,0,14,16
stalder,0,0,1,1
stale,14,0,10,24
stalemate,1,0,3,4
stalement,0,0,1,1
staleness,0,0,6,6
stalin,1,4,10,15
stalk,1,10,0,11
stalked,5,0,5,10
stalker,2,13,26,41
stalkers,3,0,2,5
stalking,1,2,14,17
stalks,0,3,7,10
stall,9,8,5,22
stalled,2,0,0,2
stalling,0,2,0,2
stallone,0,0,6,6
stalls,0,1,6,7
stalwart,0,0,2,2
stam,0,3,0,3
stame,0,3,0,3
stamets,0,0,2,2
stamina,1,2,8,11
stammer,0,1,0,1
stammers,5,0,0,5
stamo,0,20,0,20
stamos,0,10,12,22
stamp,19,3,70,92
stamped,0,0,11,11
stampede,6,8,20,34
stampeded,6,0,0,6
stampeding,0,0,4,4
stamper,1,0,0,1
stamping,3,0,10,13
stamps,15,5,13,33
stampy,0,2,0,2
stampylonghead,0,2,0,2
stan,30,76,87,193
stanbtob,0,0,1,1
stanbul,0,5,0,5
stance,25,1,76,102
stances,9,0,5,14
stanchezze,0,1,0,1
stancy,3,3,0,6
stand,353,240,920,1513
standaard,0,1,0,1
standalone,3,6,1,10
standard,82,82,225,389
standardise,0,0,2,2
standardised,0,0,2,2
standardization,0,0,1,1
standardize,1,0,0,1
standardized,0,4,11,15
standardizing,0,2,0,2
standards,39,7,110,156
standart,0,1,2,3
standarts,0,3,3,6
standby,2,1,3,6
standin,1,0,0,1
standing,140,76,379,595
standmixer,0,0,2,2
standoff,3,0,4,7
standout,1,0,1,2
standpoint,5,1,15,21
standred,0,0,1,1
stands,42,49,203,294
standup,0,6,3,9
standupandshutup,0,0,4,4
standups,0,0,3,3
standwithscotty,0,2,0,2
stane,1,0,0,1
staned,0,1,1,2
stanford,2,7,11,20
stang,0,0,8,8
stanger,0,0,2,2
stanhope,0,1,8,9
stanie,0,12,0,12
staning,0,1,0,1
stank,6,6,5,17
stankin,1,0,0,1
stanley,8,11,12,31
stanned,1,0,1,2
stanning,0,1,8,9
stannis,0,0,5,5
stans,0,13,12,25
stansfield,0,1,0,1
stanta,0,2,0,2
stanton,24,246,165,435
stanza,1,0,3,4
stanzas,0,0,1,1
staph,0,2,0,2
staple,6,6,38,50
stapled,1,0,0,1
stapleless,1,0,0,1
stapler,0,0,8,8
staplers,1,0,0,1
staples,7,4,20,31
stapless,0,0,4,4
stappppphhhh,0,1,0,1
staprans,0,1,0,1
star,393,541,1147,2081
starbcuckssss,0,0,1,1
starbies,0,1,0,1
starboard,4,0,0,4
starboy,0,3,0,3
starbuck,0,1,5,6
starbucks,18,74,54,146
starburst,0,2,0,2
starcard,1,0,0,1
starch,5,13,26,44
starched,1,2,5,8
starches,0,1,2,3
starchild,0,1,0,1
starchy,0,1,3,4
starcraft,0,0,4,4
starded,0,0,4,4
stardew,0,4,2,6
starding,0,1,0,1
stardom,6,0,1,7
stardust,0,11,5,16
stare,29,25,46,100
stared,8,19,25,52
staredown,0,0,1,1
starei,0,1,0,1
staren,1,0,0,1
stares,20,7,7,34
staresti,0,1,0,1
starfighter,0,0,3,3
starfighters,1,0,0,1
starfire,0,4,0,4
starfish,0,4,4,8
starfleet,16,0,0,16
stargate,0,8,4,12
stargazer,0,2,0,2
stargazing,0,2,13,15
stargirl,0,1,0,1
staright,0,2,2,4
staring,60,60,123,243
stark,55,4,6,65
starkid,0,2,2,4
starkidpotter,0,0,1,1
starkiller,0,1,1,2
starkly,0,0,1,1
starks,6,2,4,12
starlet,0,0,2,2
starlets,2,1,0,3
starlett,0,0,1,1
starlight,1,3,8,12
starline,0,0,2,2
starling,0,0,1,1
starman,0,2,1,3
starmer,0,0,12,12
starmie,0,0,4,4
starr,1,2,7,10
starraptor,0,3,0,3
starred,15,3,15,33
starring,22,17,26,65
starrr,1,0,0,1
starrrrrrr,0,1,0,1
starrrrrrrrrrrr,1,0,0,1
starry,0,0,6,6
stars,86,129,361,576
starscream,3,1,0,4
starship,3,6,5,14
starships,0,0,1,1
starstable,0,0,1,1
starstruck,0,0,4,4
starstrucked,0,1,0,1
start,810,753,2241,3804
startac,0,0,4,4
startchampion,0,0,2,2
startd,0,1,0,1
starte,12,0,0,12
started,762,498,2390,3650
starter,19,19,43,81
starters,0,0,19,19
startin,1,0,3,4
starting,239,190,649,1078
startip,0,7,0,7
startle,0,0,1,1
startled,7,1,0,8
startles,0,0,2,2
startling,6,0,0,6
startrek,3,0,6,9
startrekdiscovery,0,1,0,1
startroopers,1,0,0,1
starts,156,244,401,801
starttttttt,1,0,0,1
startup,1,0,2,3
startups,0,0,2,2
startuuuuuu,0,1,0,1
starv,0,3,1,4
starvation,5,0,14,19
starve,8,12,29,49
starved,4,0,13,17
starves,0,0,5,5
starving,25,16,58,99
starwaarrzz,0,2,0,2
starwalkers,0,2,0,2
starwars,9,4,22,35
starwas,1,0,0,1
starwomam,2,0,0,2
stary,0,3,0,3
stash,2,0,16,18
stashed,1,0,0,1
stashin,0,2,0,2
stasi,4,0,1,5
stasis,0,0,1,1
stat,0,14,10,24
stata,0,3,0,3
state,383,143,608,1134
stated,35,8,81,124
stateeee,0,2,0,2
stategically,0,0,3,3
statehood,0,0,1,1
stateless,0,1,0,1
stately,0,0,3,3
statemaent,0,6,0,6
statement,46,23,230,299
statements,19,0,36,55
staten,0,0,7,7
states,253,88,383,724
statesman,0,0,14,14
statesmen,0,0,5,5
statewide,0,0,4,4
statham,0,1,0,1
static,7,0,18,25
staticky,0,0,5,5
staticy,2,0,0,2
statin,2,0,0,2
stating,9,6,57,72
station,49,39,130,218
stationary,4,0,15,19
stationed,2,1,4,7
stationery,0,0,4,4
stations,6,7,63,76
statist,0,0,2,2
statistic,4,4,20,28
statistical,1,1,8,10
statistically,13,0,8,21
statisticians,1,0,0,1
statistics,23,15,79,117
statistique,0,4,0,4
statists,2,0,0,2
statments,1,0,0,1
stato,0,10,0,10
staton,0,0,3,3
stator,0,0,2,2
statring,0,0,1,1
stats,40,38,104,182
stattdessen,0,4,0,4
statte,1,0,0,1
statuary,0,0,2,2
statue,13,36,14,63
statues,15,10,27,52
stature,4,0,5,9
status,46,13,98,157
statutes,0,0,5,5
statwise,0,0,2,2
staudium,0,3,0,3
staunch,0,0,2,2
staunchly,2,0,2,4
stava,0,10,0,10
stavation,4,0,0,4
staving,0,1,0,1
stavte,0,3,0,3
stawp,0,2,2,4
stay,427,346,1584,2357
stayed,56,51,189,296
stayer,0,0,3,3
staygorgeous,0,0,5,5
staying,64,38,158,260
stayinggg,0,1,0,1
stayinghumble,0,1,0,1
stayinyourlane,0,0,1,1
stayl,0,1,0,1
stays,33,34,155,222
stayssss,0,0,3,3
staystrong,0,0,2,2
staystrongappie,0,1,0,1
staystronglp,0,0,7,7
staystrongmexico,1,0,0,1
staystrongpr,0,0,1,1
staystrongwilodia,0,1,0,1
staytactical,0,3,0,3
stayupdolph,1,0,0,1
staywoke,2,2,0,4
staywokefaggots,0,2,0,2
stayyy,0,4,0,4
std,15,10,19,44
stdf,3,0,0,3
stds,3,4,8,15
ste,0,15,4,19
stea,0,0,4,4
stead,3,3,7,13
steadfastly,0,0,1,1
steadier,3,0,0,3
steadily,7,0,12,19
steady,16,0,97,113
steak,20,513,59,592
steakhouse,0,0,2,2
steakmake,0,2,0,2
steaknshake,0,2,0,2
steaks,9,1,12,22
steaky,1,0,0,1
steal,94,71,153,318
steale,0,0,3,3
stealer,0,1,0,1
stealers,0,1,1,2
stealin,0,2,0,2
stealing,53,74,83,210
steall,0,0,1,1
stealler,0,0,2,2
steals,9,15,14,38
stealth,14,6,23,43
stealthy,0,0,4,4
stealy,0,1,0,1
steam,23,31,70,124
steamboat,7,0,3,10
steamed,1,0,5,6
steamer,4,4,17,25
steaming,9,1,19,29
steampunk,0,8,18,26
steampunker,0,0,5,5
steampunks,0,2,0,2
steamroll,0,0,1,1
steamroller,2,1,0,3
steams,1,0,0,1
steamy,1,4,2,7
stearing,0,0,2,2
steasons,0,0,5,5
steave,1,0,0,1
steeazy,6,0,0,6
steed,0,0,1,1
steeds,0,1,1,2
steeeeeeeve,1,0,0,1
steeeeeve,1,0,0,1
steeeeve,0,1,0,1
steeeve,0,2,0,2
steel,34,40,77,151
steelbook,6,2,0,8
steele,12,14,13,39
steeler,0,3,4,7
steelers,1,8,8,17
steeles,0,0,1,1
steeling,1,0,0,1
steelseries,0,4,1,5
steely,4,0,5,9
steen,0,1,3,4
steep,3,4,19,26
steer,5,3,9,17
steerable,4,0,0,4
steered,7,0,4,11
steereotype,0,0,4,4
steerin,0,0,2,2
steering,30,27,52,109
steers,2,1,1,4
steeve,0,1,0,1
steez,0,4,0,4
steeze,0,4,0,4
stef,1,0,0,1
stefan,0,5,5,10
stefani,0,2,7,9
stefanie,0,1,0,1
stefanii,0,1,0,1
stefany,1,0,0,1
steff,0,3,0,3
steffanina,0,1,0,1
steffi,0,1,0,1
stefflon,0,1,1,2
steffo,0,3,0,3
steffon,0,1,0,1
steffs,0,1,0,1
stefsenjati,0,1,0,1
stegan,0,0,6,6
stegasorous,0,0,2,2
stegasouras,0,0,2,2
stegen,0,6,25,31
stegosaurus,0,4,2,6
steh,1,0,1,2
steht,0,7,0,7
stein,2,1,4,7
steinbeck,0,1,1,2
steinberg,1,0,2,3
steiner,6,0,1,7
steinfeld,0,7,0,7
steinfield,1,0,0,1
steinmart,0,0,1,1
steins,0,3,0,3
steinwell,0,3,0,3
stel,1,0,0,1
stela,0,1,0,1
stell,0,2,7,9
stella,0,1,5,6
stellan,0,0,1,1
stellar,2,0,36,38
stellen,0,0,1,1
stellenbosch,0,3,0,3
stem,4,5,7,16
stemmed,6,0,8,14
stemming,1,0,4,5
stemo,0,0,1,1
stems,3,0,19,22
stemulations,0,1,0,1
sten,0,2,0,2
stench,7,1,2,10
stencil,0,3,3,6
stencilling,0,0,2,2
stencils,0,2,0,2
stenness,0,0,3,3
stenographer,0,0,2,2
stenotype,0,0,2,2
stent,1,0,0,1
stenting,0,0,1,1
steotipes,0,1,0,1
step,149,144,458,751
stepback,0,0,1,1
stepdad,3,0,6,9
stepdaughter,4,0,1,5
stepfather,0,0,6,6
stepford,4,1,0,5
stepfordesque,0,0,1,1
steph,1,32,64,97
stephan,0,5,4,9
stephane,0,0,1,1
stephanie,19,15,17,51
stephaniee,0,0,1,1
stephanopoulos,14,6,6,26
stephen,85,175,207,467
stephens,0,0,2,2
stephine,0,1,1,2
stephnie,0,0,1,1
stepmania,0,0,1,1
stepmom,4,4,4,12
stepmother,0,0,3,3
stepmothers,0,1,0,1
stepovers,1,0,0,1
stepparent,1,0,0,1
stepped,34,24,68,126
steppenwold,0,0,1,1
steppenwolf,1,2,1,4
steppenwolfs,0,0,1,1
stepphenwolf,0,1,0,1
steppie,0,0,4,4
steppin,4,0,3,7
stepping,27,9,40,76
steps,49,40,194,283
stepsister,0,1,0,1
steptronic,0,0,1,1
ster,0,1,0,1
steralize,0,1,0,1
stereo,15,10,38,63
stereogram,0,191,0,191
stereograms,0,546,0,546
stereorem,0,0,2,2
stereoscopic,3,3,1,7
stereostypes,0,0,1,1
stereotype,33,13,25,71
stereotyped,6,0,1,7
stereotypes,33,31,31,95
stereotypical,12,1,5,18
stereotypically,9,0,0,9
stereotyping,1,0,5,6
sterile,6,4,1,11
sterilise,0,0,4,4
steriliser,0,0,3,3
sterilization,0,0,1,1
sterilize,0,4,0,4
steriods,0,1,1,2
steriotypes,0,1,0,1
sterkte,0,1,0,1
sterling,31,18,21,70
sterlingson,3,0,0,3
stern,1,18,15,34
sternal,0,1,0,1
sternberg,1,0,0,1
sternly,6,0,0,6
sterns,0,0,1,1
steroid,9,9,10,28
steroidal,0,0,1,1
steroids,16,40,13,69
sterotypes,1,0,0,1
sterotypical,0,0,3,3
sterotypically,0,0,1,1
stessa,0,0,1,1
stesse,0,4,0,4
stesso,0,5,0,5
stetches,0,1,0,1
stetchy,0,0,3,3
stetic,0,1,0,1
steuntje,0,0,1,1
steupl,0,2,0,2
steve,90,207,310,607
stevee,0,2,0,2
steven,63,134,215,412
stevenage,0,0,1,1
stevens,11,18,24,53
stevenson,0,1,2,3
steves,4,0,0,4
steveston,1,1,0,2
stevia,0,1,0,1
stevie,67,76,116,259
stew,7,16,7,30
stewardess,1,0,0,1
stewardesses,1,0,0,1
stewards,1,0,4,5
stewart,6,45,51,102
stewarts,0,0,1,1
stewed,0,5,7,12
stewie,10,3,4,17
steyr,0,0,5,5
stff,0,0,1,1
stfu,62,83,74,219
stfup,0,7,1,8
stfuuuuu,0,0,1,1
stg,4,3,14,21
stgo,0,1,0,1
stgu,1,0,0,1
sth,2,6,17,25
sthlm,0,0,1,1
sthurch,0,0,2,2
sti,7,1,0,8
stiam,0,2,0,2
stiamo,0,1,0,1
stic,0,3,6,9
stica,0,6,0,6
sticatto,0,0,6,6
sticcccccc,0,1,0,1
stich,0,2,2,4
stiches,0,1,2,3
stichfix,0,0,1,1
stick,267,218,596,1081
sticked,1,0,0,1
sticker,4,15,25,44
stickers,11,14,35,60
stickiness,0,1,1,2
sticking,26,29,73,128
stickler,0,0,1,1
stickman,0,2,0,2
stickmen,0,0,1,1
sticknstan,0,4,0,4
sticks,19,36,116,171
stickwithsamsung,0,1,0,1
sticky,19,7,54,80
stico,0,16,1,17
sticos,0,2,0,2
stiefbroer,0,1,0,1
stiff,47,0,55,102
stiffen,0,0,3,3
stiffer,0,0,3,3
stiffle,0,0,1,1
stiffness,0,0,1,1
stiffy,0,9,5,14
stifin,0,1,0,1
stifle,2,6,6,14
stifling,0,0,1,1
stig,0,0,6,6
stigma,8,1,26,35
stigmas,0,0,2,2
stigmata,1,0,0,1
stigmatize,1,0,5,6
stigmatizing,0,0,5,5
stiil,0,0,1,1
stijl,0,0,1,1
stikes,1,0,0,1
stil,0,16,10,26
stila,2,0,4,6
stile,0,2,4,6
stiles,0,14,5,19
stiletto,0,0,1,1
stilinski,0,1,0,1
still,2655,2716,8528,13899
stillbirths,0,0,2,2
stillc,0,0,1,1
stillers,0,0,3,3
stillest,0,0,6,6
stilll,2,1,3,6
stilllll,3,0,0,3
stilllove,0,0,1,1
stillman,1,0,0,1
stillmann,1,0,0,1
stills,6,3,11,20
stillwater,0,2,0,2
stilted,3,0,0,3
stilts,0,0,1,1
stim,0,3,0,3
stima,0,11,0,11
stimming,0,0,1,1
stimpy,0,8,9,17
stims,0,0,1,1
stimulant,1,0,0,1
stimulants,3,0,3,6
stimulate,6,7,2,15
stimulated,4,1,3,8
stimulates,1,0,6,7
stimulating,8,0,7,15
stimulation,4,146,7,157
stimulator,1,0,0,1
stimulators,0,0,2,2
stimuli,1,0,2,3
stimulus,0,1,4,5
sting,15,20,19,54
stinged,5,0,0,5
stinger,3,3,1,7
stingers,0,0,3,3
stingier,0,0,1,1
stingiesthades,0,1,0,1
stinging,5,3,4,12
stingray,1,0,1,2
stingrays,2,0,0,2
stingraysstingrays,1,0,0,1
stings,2,10,4,16
stingy,1,2,14,17
stink,29,18,15,62
stinkbugs,1,0,0,1
stinker,1,0,1,2
stinkin,0,0,2,2
stinking,3,2,35,40
stinks,54,0,12,66
stinky,10,13,15,38
stinson,0,2,1,3
stint,4,1,2,7
stiopic,0,0,5,5
stipe,0,6,0,6
stipend,1,0,1,2
stipple,0,0,2,2
stippling,0,1,0,1
stipulations,0,0,1,1
stir,20,11,56,87
stirling,1,6,42,49
stirred,0,0,13,13
stirring,3,3,3,9
stirrup,0,0,1,1
stiry,0,0,2,2
stitch,6,18,20,44
stitched,6,2,14,22
stitches,15,19,25,59
stitchfix,0,0,1,1
stitching,0,1,3,4
stitious,1,0,0,1
stiven,0,0,1,1
stix,1,0,5,6
stixs,0,3,3,6
stl,1,1,1,3
stlll,0,0,2,2
stm,0,0,6,6
stmpd,0,0,1,1
sto,2,29,10,41
stob,0,1,0,1
stock,88,217,277,582
stocked,0,0,7,7
stockholm,6,2,22,30
stockiness,1,0,0,1
stocking,7,9,15,31
stockings,1,0,2,3
stockist,0,0,3,3
stockists,0,0,4,4
stockley,0,0,2,2
stockmarket,0,0,3,3
stockpile,0,0,5,5
stockpiling,1,0,15,16
stocks,32,24,59,115
stockton,0,1,4,5
stoefen,0,1,0,1
stoer,0,3,0,3
stoff,0,37,1,38
stoffs,0,0,1,1
stoic,11,0,4,15
stoical,0,1,0,1
stoicism,3,0,1,4
stoke,1,10,9,20
stoked,7,47,60,114
stoker,0,1,0,1
stokes,2,1,7,10
stokke,0,0,6,6
stoklasa,2,1,5,8
stol,0,1,0,1
stole,41,154,130,325
stoled,2,0,0,2
stolen,26,44,45,115
stoll,2,10,29,41
stoller,0,0,2,2
stolp,0,1,0,1
stolt,0,0,2,2
stolz,0,2,0,2
stoma,0,0,4,4
stomach,167,96,236,499
stomachache,1,0,2,3
stomachbrain,0,0,1,1
stomachs,0,1,3,4
stomack,0,1,0,1
stomp,2,7,5,14
stomped,16,0,3,19
stomping,5,0,0,5
stomzy,2,0,4,6
stonden,0,1,0,1
stone,121,106,214,441
stoned,22,31,44,97
stonefish,0,10,3,13
stonehaven,0,3,0,3
stonehenge,0,1,1,2
stoner,0,3,6,9
stoners,0,3,2,5
stones,40,27,114,181
stonewall,7,0,2,9
stoney,0,3,0,3
stong,2,0,0,2
stonie,5,50,25,80
stoniest,0,1,0,1
stoning,3,0,2,5
stonking,0,0,3,3
stony,0,1,0,1
stood,38,25,120,183
stooge,5,6,0,11
stooges,5,1,0,6
stool,4,3,23,30
stools,1,0,4,5
stooooop,0,1,0,1
stoooop,3,2,0,5
stooop,0,1,0,1
stoooped,0,1,0,1
stoooppp,0,1,0,1
stoop,1,11,10,22
stooped,1,0,0,1
stoopid,0,2,6,8
stoopppp,0,0,1,1
stoops,0,0,1,1
stop,1859,1686,3207,6752
stopage,0,0,3,3
stopcallinghimhorse,0,1,0,1
stopcoolerabuse,0,1,0,1
stopdisscriminatingwalls,0,2,0,2
stopdogabuse,0,2,0,2
stoped,3,10,3,16
stoper,0,5,3,8
stoph,0,0,1,1
stophate,0,0,4,4
stoping,10,4,2,16
stoplights,0,1,0,1
stopmotion,0,0,1,1
stopp,0,3,0,3
stoppable,0,1,0,1
stoppage,1,0,1,2
stopped,278,155,437,870
stoppen,0,1,0,1
stopper,1,2,1,4
stoppin,2,0,1,3
stopping,52,17,110,179
stopppp,1,6,6,13
stoppppp,0,0,3,3
stops,30,34,105,169
stopsuicide,0,1,0,1
stoptalkingsogoddamnfast,0,1,0,1
stopthebs,0,0,1,1
stopthemicheness,0,0,4,4
stopthepills,0,0,1,1
stoptysonchicken,0,0,3,3
stopvideogamefeelingabuse,0,2,0,2
stopwatch,0,4,1,5
stopwatching,2,0,0,2
storage,18,12,65,95
storaro,0,4,0,4
store,166,273,640,1079
stored,4,12,34,50
storefront,5,0,0,5
stores,34,43,161,238
storey,0,0,1,1
storia,0,0,1,1
storie,0,2,0,2
stories,117,60,552,729
storing,0,0,21,21
storleer,0,0,1,1
storm,66,72,117,255
stormborn,0,0,1,1
stormed,0,1,3,4
stormer,0,1,0,1
storming,0,0,2,2
stormlands,1,0,0,1
stormlight,0,0,1,1
stormrunner,0,0,3,3
storms,14,5,31,50
stormshards,0,4,0,4
stormsys,2,0,0,2
stormtoopers,0,2,0,2
stormtrooper,1,2,6,9
stormtroopers,0,2,5,7
stormwind,0,0,3,3
stormy,0,5,11,16
stormyzy,1,0,0,1
stormz,3,14,13,30
stormzy,34,51,98,183
stormzys,0,0,2,2
stormzyyy,0,1,0,1
stormzyyyyy,0,1,0,1
stormzzz,2,0,0,2
storror,0,1,0,1
storry,0,0,1,1
storsge,0,0,1,1
stort,0,6,1,7
storten,0,1,0,1
storubooth,0,1,0,1
storwman,1,0,0,1
story,622,466,2469,3557
storyblock,0,0,5,5
storyblocks,4,4,3,11
storyboard,1,0,1,2
storybook,6,8,1,15
storybooks,2,0,0,2
storybooth,0,4,0,4
storybrooke,0,3,0,3
storyes,0,1,0,1
storykid,0,8,0,8
storyline,18,7,66,91
storylines,5,0,3,8
storyof,0,0,1,1
storyofmylife,0,1,0,1
storyofoj,1,0,0,1
storys,0,6,7,13
storyteller,3,0,8,11
storytellers,0,4,1,5
storytelling,3,0,50,53
storytime,0,24,6,30
storytimes,6,9,8,23
storytimessss,0,1,0,1
storywise,0,0,2,2
stoties,3,0,0,3
stout,2,0,4,6
stove,6,4,27,37
stovens,0,6,0,6
stovetop,0,0,1,1
stow,0,0,2,2
stowman,0,0,2,2
stoynoff,0,3,0,3
stoyo,0,0,3,3
stp,0,8,2,10
stpp,0,1,0,1
str,2,22,13,37
strach,0,2,0,2
strachan,1,2,18,21
strachu,0,2,0,2
straddle,1,0,0,1
straddles,1,0,0,1
strader,0,0,2,2
strafa,0,2,0,2
strafe,1,1,1,3
stragglers,0,0,2,2
straight,242,25,1150,1417
straightedge,0,0,2,2
straighten,3,15,21,39
straightened,5,0,3,8
straightener,5,2,7,14
straighteners,1,0,2,3
straightening,1,0,7,8
straightens,6,0,2,8
straighter,0,3,0,3
straightest,0,0,8,8
straightfire,0,1,0,1
straightforward,3,0,27,30
straightjacket,0,1,0,1
straightning,0,1,0,1
straights,1,0,1,2
strain,19,4,7,30
strained,0,1,2,3
strainer,0,0,5,5
straining,2,0,5,7
strains,1,3,6,10
strait,2,2,12,16
straitjacket,1,1,1,3
straits,0,0,2,2
strakosha,0,1,0,1
strame,6,0,0,6
strameritati,0,1,0,1
strand,1,8,5,14
stranded,10,11,7,28
strands,2,1,5,8
strange,345,11,356,712
strangelet,0,1,0,1
strangelove,4,1,1,6
strangely,7,1,54,62
strangeness,0,0,5,5
stranger,86,205,195,486
strangerer,0,4,0,4
strangermake,0,0,1,1
strangers,42,20,62,124
strangerthings,0,1,1,2
strangest,2,1,8,11
strangewich,0,1,0,1
strangle,7,2,0,9
strangled,0,4,6,10
stranglers,0,1,0,1
strangling,2,4,0,6
strangulation,0,0,1,1
straordinaria,0,5,0,5
strap,10,4,36,50
straped,0,0,4,4
strapless,0,0,5,5
strapotere,0,5,0,5
strapped,10,0,10,20
strapping,0,1,0,1
strappy,0,1,0,1
straps,1,9,12,22
strapy,0,0,1,1
stras,0,0,2,2
strasbourg,0,0,1,1
straszne,0,2,0,2
strasznie,0,2,0,2
straszyd,0,2,0,2
strat,0,0,1,1
strata,0,0,2,2
strate,0,2,0,2
strategic,3,0,4,7
strategically,7,1,3,11
strategies,0,1,12,13
strategy,24,4,36,64
strategys,0,2,0,2
stratford,0,6,2,8
strathberry,3,3,3,9
stratosphere,0,1,4,5
strats,0,0,2,2
stravaganza,0,0,2,2
stravinsky,0,0,2,2
stravinto,0,1,0,1
straw,12,35,56,103
strawberries,2,6,14,22
strawberry,16,32,26,74
strawberrys,0,8,0,8
strawman,2,1,1,4
strawmaning,2,0,0,2
straws,3,11,38,52
strawwwwww,0,1,0,1
stray,6,7,12,25
straya,0,2,2,4
strayed,0,0,10,10
straying,0,0,4,4
strays,0,0,3,3
strea,0,2,0,2
streaaaaaaaaaaaaaaaaammmmmmmmmmmmmmiiiiiiiiiiiiiiiiiiinnnnnnnnnnnngggggggggggggggg,0,1,0,1
streaaaaaam,0,0,1,1
streaaaammm,0,1,0,1
streaaammmmmm,0,1,0,1
streaammm,0,1,0,1
streach,0,0,2,2
streak,16,7,26,49
streaked,0,1,1,2
streaker,0,4,0,4
streaks,1,0,4,5
streaky,0,0,2,2
stream,90,135,343,568
streamed,11,14,12,37
streamer,5,0,2,7
streamers,0,0,10,10
streamey,0,0,1,1
streamiiiiiiiing,0,1,0,1
streamiiiiing,0,1,0,1
streamin,0,1,1,2
streaming,26,161,149,336
streaminggg,0,1,1,2
streamlined,2,0,3,5
streamlining,0,1,0,1
streamm,0,0,1,1
streammigente,0,1,0,1
streammm,0,1,0,1
streammmm,0,0,1,1
streammmmn,0,1,0,1
streamofconscvids,0,4,0,4
streams,5,1,42,48
streamwhatever,0,0,5,5
streamy,1,3,12,16
streamys,2,7,8,17
streamz,0,1,0,1
strech,0,0,4,4
streching,0,0,2,2
streek,3,0,0,3
streep,6,11,11,28
strees,0,0,2,2
street,143,129,466,738
streetbangaz,0,11,0,11
streetcar,0,3,0,3
streetpoetry,0,1,0,1
streets,54,26,160,240
streetspeed,0,2,0,2
streetwear,1,3,4,8
streetwise,8,0,0,8
streetz,0,1,0,1
streg,0,0,4,4
streight,0,0,7,7
streisand,0,1,6,7
strellc,0,1,0,1
strending,0,1,0,1
strenght,0,1,9,10
strength,85,36,251,372
strengthen,6,8,13,27
strengthened,2,0,7,9
strengthening,0,0,6,6
strengthens,0,1,2,3
strengths,9,3,17,29
strenuous,0,3,0,3
strenuously,0,0,1,1
streotypes,0,0,1,1
strepitoso,0,1,0,1
stresed,0,0,1,1
stress,74,53,297,424
stressberg,3,0,0,3
stresse,0,3,0,3
stressed,39,45,163,247
stresses,4,16,27,47
stressful,11,16,134,161
stressfull,0,0,4,4
stressin,0,0,4,4
stressing,5,2,21,28
stressors,0,0,1,1
strest,0,0,3,3
stretch,35,13,176,224
stretched,26,2,39,67
stretchered,0,0,6,6
stretchers,1,4,0,5
stretches,8,0,11,19
stretching,5,11,16,32
stretchmarks,0,0,11,11
stretchy,12,0,19,31
streteched,0,0,1,1
strewn,0,0,1,1
stricken,0,0,1,1
strickler,0,1,0,1
strickly,0,2,0,2
stricktly,0,0,3,3
stricly,0,1,2,3
strict,22,7,67,96
stricter,9,1,4,14
strictest,6,4,3,13
strictly,14,51,121,186
stride,1,0,4,5
strident,0,0,2,2
strider,1,0,0,1
strides,0,0,3,3
stridex,1,0,0,1
striding,0,0,2,2
strife,0,0,9,9
stright,1,0,0,1
strightforward,3,0,0,3
strijder,0,1,2,3
strike,26,54,76,156
striked,0,0,1,1
strikeforce,0,3,0,3
striker,52,13,94,159
strikers,5,0,18,23
strikes,36,95,68,199
striket,5,0,0,5
strikethrough,0,0,6,6
striking,8,0,37,45
strikingly,8,0,5,13
striling,0,0,1,1
string,35,46,132,213
stringed,0,1,0,1
stringent,0,0,10,10
stringer,0,6,0,6
stringing,1,0,0,1
strings,15,11,83,109
stringy,0,0,10,10
stringz,0,2,0,2
strip,49,18,68,135
stripclubs,0,1,0,1
stripe,0,12,14,26
striped,18,3,28,49
striper,8,0,0,8
stripers,0,1,0,1
stripes,10,6,52,68
stripey,5,0,2,7
striping,0,0,2,2
stripped,12,5,58,75
stripper,8,9,11,28
strippers,3,6,6,15
strippin,1,0,0,1
stripping,9,1,25,35
strippy,6,0,0,6
strips,12,3,17,32
striptease,0,1,0,1
stripy,0,1,4,5
strive,5,3,37,45
striver,3,0,0,3
strives,2,0,2,4
striving,0,1,15,16
strix,0,1,0,1
strobe,0,5,14,19
strobing,0,0,4,4
strobiscope,1,0,0,1
strode,0,0,8,8
strogng,0,0,1,1
stroke,23,13,49,85
stroked,0,0,6,6
strokes,2,8,18,28
stroking,2,5,0,7
stroll,1,1,3,5
strolled,1,0,2,3
stroller,4,0,20,24
strollin,5,0,0,5
strolling,8,2,0,10
strom,1,1,1,3
stromae,0,10,18,28
stroman,0,1,0,1
stromen,0,2,0,2
stromzy,0,0,5,5
stron,0,2,1,3
strong,144,0,1669,1813
strongbad,0,3,0,3
stronge,0,0,2,2
stronger,39,49,288,376
strongest,22,17,60,99
strongests,0,0,1,1
strongly,19,0,82,101
strongmad,0,1,0,1
strongmen,0,1,0,1
stronk,1,5,0,6
stronker,0,1,0,1
stronum,1,0,0,1
stronzo,0,5,0,5
stroopwafels,0,4,0,4
strored,0,0,1,1
strories,0,0,4,4
strory,0,5,0,5
stroud,0,0,1,1
strowman,9,23,16,48
strq,3,0,0,3
strtd,0,1,0,1
struck,29,33,68,130
strucked,0,1,0,1
structural,10,2,9,21
structure,31,25,122,178
structured,8,0,13,21
structures,6,1,17,24
structuring,0,0,2,2
strudel,0,4,0,4
strugatsky,0,1,0,1
strugeling,0,0,1,1
struggeled,0,0,7,7
struggeling,0,0,1,1
struggle,120,53,446,619
struggled,21,3,176,200
struggleeeeeeeeeeeee,1,0,0,1
struggles,24,15,190,229
strugglin,0,0,1,1
struggling,55,33,231,319
strugling,0,4,6,10
strumenti,0,1,0,1
strummed,0,0,11,11
strumming,0,0,2,2
strung,1,1,5,7
strut,0,1,4,5
struted,0,0,1,1
struts,0,1,5,6
strutting,1,0,0,1
strvin,0,0,2,2
strwam,0,0,2,2
stryfes,0,1,0,1
stryggle,0,0,1,1
stsr,0,0,1,1
stsy,0,0,1,1
sttaringg,0,1,0,1
sttng,0,0,1,1
stts,0,1,0,1
sttttt,0,1,0,1
stu,4,3,19,26
stuart,8,0,3,11
stub,8,0,2,10
stubb,0,0,2,2
stubble,1,0,1,2
stubborn,7,3,48,58
stubborness,0,0,1,1
stubby,2,3,1,6
stuberst,0,1,0,1
stubs,2,2,0,4
stuck,184,215,352,751
stucked,0,1,0,1
stuckman,5,0,0,5
stuckmanized,0,1,0,1
stuckmann,4,7,11,22
stuckminized,0,1,0,1
stucks,0,1,1,2
stucky,0,5,0,5
stud,1,5,22,28
studded,0,0,4,4
studdered,1,0,0,1
studding,0,4,0,4
studebaker,2,3,0,5
student,55,51,292,398
students,65,8,192,265
studer,0,0,2,2
studge,0,5,5,10
studia,0,3,0,3
studied,11,7,36,54
studies,24,1,108,133
studing,0,0,1,1
studio,66,79,284,429
studioc,0,1,0,1
studios,36,10,64,110
studs,4,17,5,26
study,54,53,198,305
studyes,0,2,0,2
studyin,6,0,1,7
studying,32,54,110,196
studys,0,1,7,8
stuf,1,0,8,9
stuff,805,591,3105,4501
stuffed,38,38,94,170
stufff,0,0,3,3
stuffffff,0,1,0,1
stuffies,0,5,3,8
stuffiesss,2,0,0,2
stuffing,13,1,30,44
stuffings,0,0,6,6
stuffs,7,8,19,34
stuffy,0,5,11,16
stuffz,0,0,4,4
stuggle,1,0,0,1
stuhks,0,1,0,1
stuhlgang,0,6,0,6
stuiped,1,1,0,2
stuk,0,4,0,4
stuka,0,2,0,2
stukje,0,1,0,1
stuktv,0,1,0,1
stumble,7,0,24,31
stumbled,4,12,70,86
stumbles,0,0,4,4
stumbling,0,0,4,4
stummer,1,0,0,1
stump,0,19,2,21
stumped,0,0,3,3
stumps,0,3,1,4
stumpy,0,0,1,1
stun,3,7,7,17
stung,9,54,35,98
stuning,0,1,0,1
stunk,1,2,4,7
stunlock,0,1,0,1
stunned,1,9,17,27
stunner,6,10,15,31
stunners,0,0,1,1
stunning,19,10,1561,1590
stunninggg,0,0,6,6
stunningggggg,0,1,0,1
stunningly,0,0,28,28
stunnning,0,0,1,1
stunnnning,0,0,1,1
stunnnnning,0,0,2,2
stunnnnnnnerrrrr,0,4,0,4
stunox,0,0,1,1
stunt,21,29,57,107
stunted,5,0,0,5
stunting,0,0,1,1
stunts,1,4,25,30
stupe,0,1,0,1
stuped,0,7,0,7
stupeds,0,1,0,1
stupefied,0,2,0,2
stupenda,0,2,0,2
stupendo,0,6,0,6
stupendous,0,0,8,8
stupid,2386,1,461,2848
stupidcito,0,0,1,1
stupidd,3,0,0,3
stupider,1,2,1,4
stupidest,14,11,10,35
stupidity,98,1,30,129
stupidly,15,3,21,39
stupidness,1,1,0,2
stupids,0,0,1,1
stupidstar,0,6,0,6
stupidty,0,0,1,1
stupit,3,1,0,4
stupod,0,0,2,2
sturdier,0,0,7,7
sturdiness,0,0,1,1
sturdy,1,0,8,9
sturen,0,1,0,1
sturgill,0,0,1,1
sturigge,0,0,5,5
sturman,1,0,0,1
sturmbannf,0,0,1,1
sturridge,13,17,55,85
stusgnlz,0,0,1,1
stutter,2,1,7,10
stuttered,0,0,4,4
stutterin,0,2,0,2
stuttering,5,1,6,12
stutters,0,0,7,7
stuttery,0,1,1,2
stuuupid,0,0,1,1
stuuuuuuupid,0,1,0,1
stv,5,0,0,5
stvincent,0,0,4,4
stvincentfan,0,5,0,5
stwa,0,2,0,2
stwo,0,4,0,4
stwong,0,1,0,1
stworce,4,0,0,4
stworzy,0,2,0,2
sty,0,0,1,1
stya,0,0,1,1
stygian,5,0,0,5
style,261,368,2378,3007
styled,2,7,58,67
stylenanda,0,1,0,1
styles,30,117,214,361
stylin,0,0,2,2
styling,3,16,95,114
stylings,1,0,0,1
stylinson,0,4,0,4
stylised,0,0,1,1
stylish,2,0,106,108
stylist,6,16,37,59
stylistic,4,0,2,6
stylists,2,1,0,3
stylized,0,0,1,1
stylo,1,4,4,9
stylu,0,3,0,3
stylus,3,3,20,26
stymie,1,0,4,5
styped,0,2,0,2
stypud,1,0,0,1
styrofoam,3,5,7,15
su,33,485,77,595
sua,2,52,11,65
suace,1,0,0,1
sualt,1,0,0,1
suami,0,1,1,2
suaranya,0,6,0,6
suaref,0,0,1,1
suares,0,10,0,10
suareth,0,0,2,2
suarez,48,137,68,253
suarezito,0,0,1,1
suarezzzz,0,7,0,7
suarith,0,0,2,2
suaron,0,0,4,4
suas,2,11,1,14
suavay,0,1,0,1
suave,9,4,2,15
sub,281,557,577,1415
subadubdub,1,0,0,1
subahanallah,0,2,0,2
subanlo,0,4,0,4
subaru,5,8,17,30
subas,0,6,0,6
subatomic,6,2,2,10
subb,2,2,1,5
subbed,28,81,183,292
subbeddd,0,1,0,1
subbef,0,0,1,1
subbie,0,0,42,42
subbies,2,4,9,15
subbing,13,7,35,55
subbuteoooo,0,0,3,3
subby,0,0,4,4
subccribe,0,1,0,1
subconscious,1,3,27,31
subconsciously,0,4,6,10
subconsiously,0,0,3,3
subcontinent,0,0,3,3
subcontracted,0,2,1,3
subcrib,0,1,0,1
subcribe,2,10,15,27
subcribed,3,1,9,13
subcriber,0,0,4,4
subcribers,0,2,7,9
subcrubed,0,0,1,1
subculture,0,6,12,18
subd,0,5,0,5
subdue,0,0,2,2
subdued,0,0,11,11
subdues,0,0,1,1
sube,0,68,6,74
subed,0,8,12,20
subeied,0,5,0,5
subers,0,0,3,3
subestimen,0,5,0,5
subfarage,0,2,0,2
subgenere,0,0,1,1
subgroup,0,0,1,1
subhan,0,1,0,1
subhanallah,0,1,1,2
subhuman,7,0,7,14
subi,2,0,0,2
subian,0,2,0,2
subido,0,3,5,8
subie,0,0,6,6
subieron,0,1,0,1
subies,0,0,1,1
subimos,0,1,0,1
subir,0,13,7,20
subire,0,5,0,5
subiremos,0,1,0,1
subirte,6,0,0,6
subitles,0,1,0,1
subito,0,6,0,6
subje,0,1,0,1
subjecs,0,0,1,1
subject,130,0,236,366
subjected,6,0,15,21
subjectify,0,0,1,1
subjective,16,3,41,60
subjectively,1,0,11,12
subjectivism,0,0,1,1
subjectivity,0,0,4,4
subjects,13,5,34,52
subjegated,2,0,0,2
subjetive,0,0,3,3
subjugate,0,0,4,4
subjugated,0,5,0,5
subjugation,3,0,0,3
sublax,0,0,4,4
subleminal,2,0,0,2
sublex,0,0,1,1
sublimation,0,0,1,1
sublime,0,39,31,70
subliminal,7,9,17,33
subliminally,1,1,0,2
subliminals,0,2,1,3
subliminaly,0,0,3,3
submachine,0,3,1,4
submariens,0,0,5,5
submarine,0,7,7,14
submarines,0,3,0,3
submerge,0,1,4,5
submerged,3,0,2,5
submission,9,8,10,27
submissions,0,2,1,3
submissive,0,0,7,7
submissively,3,0,0,3
submissiveness,0,0,2,2
submit,15,12,18,45
submitted,4,0,19,23
submitter,0,0,2,2
submitting,1,2,3,6
subnautica,0,1,1,2
subnormales,0,3,0,3
subo,0,1,0,1
suboptimal,0,0,3,3
suborbital,0,1,0,1
suboxone,0,0,1,1
subpar,0,3,0,3
subplot,0,0,3,3
subplots,0,0,2,2
subreddit,0,0,4,4
subreddits,0,0,4,4
subri,0,0,4,4
subribed,0,0,2,2
subribers,0,0,1,1
subrosa,0,0,1,1
subs,126,509,597,1232
subsaharan,0,0,1,1
subsback,0,1,0,1
subsc,0,0,1,1
subscibe,0,4,1,5
subscibers,1,1,1,3
subscirbe,0,0,1,1
subscirbed,0,0,1,1
subsciribers,0,1,0,1
subscrbe,0,4,0,4
subscrib,0,7,4,11
subscribanse,0,1,0,1
subscribble,0,1,0,1
subscribe,189,725,903,1817
subscribebut,0,2,0,2
subscribed,64,256,573,893
subscribedddd,0,3,0,3
subscribee,0,1,0,1
subscribeeee,0,0,1,1
subscribeers,0,1,0,1
subscribeme,0,1,0,1
subscriber,28,90,306,424
subscriberr,0,0,4,4
subscribers,114,260,628,1002
subscribes,4,29,18,51
subscribet,0,1,0,1
subscribing,16,48,79,143
subscribled,0,1,0,1
subscribtion,0,4,0,4
subscride,0,1,0,1
subscriper,0,0,1,1
subscription,14,35,67,116
subscriptions,1,3,18,22
subscriptores,0,1,0,1
subscrive,0,2,0,2
subscroobled,0,1,0,1
subscrube,0,1,0,1
subscrubed,0,1,0,1
subscrubs,0,0,1,1
subsection,2,0,6,8
subsequent,8,0,9,17
subsequently,4,2,11,17
subservient,1,0,4,5
subset,2,0,2,4
subsided,2,0,1,3
subsides,1,0,0,1
subsidiary,0,0,4,4
subsidies,0,0,33,33
subsiding,0,0,4,4
subsidises,0,0,3,3
subsidize,1,0,9,10
subsidized,0,1,8,9
subsidizes,0,0,2,2
subsidizing,0,0,4,4
subsidy,2,3,0,5
subsist,0,0,5,5
subsitute,0,0,3,3
subskrime,0,1,0,1
subsonic,0,0,3,3
subspecies,4,0,0,4
subsrcibed,1,1,0,2
subsrcibers,0,2,0,2
subsribe,0,8,3,11
subsribed,0,2,0,2
subsriber,0,0,2,2
subsricise,0,0,1,1
subss,0,1,0,1
subsss,0,4,0,4
subssssss,0,4,0,4
substance,22,11,57,90
substances,3,1,14,18
substancial,0,0,3,3
substandard,0,0,3,3
substantial,7,0,15,22
substantially,1,1,1,3
substantiate,2,0,0,2
substantiated,1,0,0,1
substantive,0,0,5,5
substantively,0,0,2,2
substidizing,0,0,1,1
substitle,0,4,0,4
substitue,0,2,0,2
substitute,30,12,57,99
substituted,3,6,0,9
substitutes,0,5,2,7
substituting,12,0,0,12
substitution,0,0,3,3
substitutions,12,0,10,22
substratum,0,0,3,3
subt,0,14,1,15
subtel,0,0,1,1
subterfuge,0,0,1,1
subterranean,1,0,1,2
subtext,1,0,15,16
subtile,0,4,0,4
subtiles,1,0,0,1
subtities,0,1,0,1
subtitiles,0,2,0,2
subtitle,5,23,17,45
subtitled,0,7,8,15
subtitles,34,131,126,291
subtitling,0,4,0,4
subtitulada,0,1,0,1
subtitulado,0,1,0,1
subtitulo,0,2,0,2
subtitulos,1,7,1,9
subtle,34,0,118,152
subtler,2,0,0,2
subtlest,0,1,0,1
subtlety,8,1,10,19
subtly,8,0,15,23
subtowillne,0,4,0,4
subtract,6,1,7,14
subtracting,0,0,1,1
subtracts,0,0,2,2
subtweeting,0,0,2,2
suburb,11,3,11,25
suburban,6,3,21,30
suburbanites,0,0,2,2
suburbia,0,0,2,2
suburbs,27,6,23,56
suburu,0,3,0,3
suburus,0,3,0,3
subversion,4,0,7,11
subversive,1,1,4,6
subvert,0,0,4,4
subverted,0,0,4,4
subverter,0,1,0,1
subway,5,27,29,61
subways,5,7,1,13
subwoofer,1,0,2,3
subwoofers,0,0,6,6
subz,0,1,1,2
subzero,0,1,4,5
subzy,0,0,1,1
suc,1,1,0,2
suca,0,1,0,1
succ,0,24,6,30
succaniggadickohsuhthin,0,1,0,1
succeded,0,0,2,2
succeds,0,0,1,1
succeed,32,16,84,132
succeeded,3,3,22,28
succeeding,0,0,13,13
succeeds,0,0,14,14
succeful,0,0,1,1
succes,0,2,11,13
succesful,2,0,11,13
succesfull,1,0,0,1
succesfully,0,0,3,3
success,41,0,484,525
successes,11,0,1,12
successful,25,0,376,401
successfull,0,0,1,1
successfully,1,0,106,107
succession,1,0,6,7
successions,0,0,4,4
successive,0,0,9,9
successo,0,6,0,6
successor,2,0,12,14
successors,0,0,3,3
succesvolle,0,0,1,1
succinct,0,0,10,10
succinctly,1,1,1,3
succkkkkksss,0,1,0,1
succsess,0,0,3,3
succubus,1,1,0,2
succulant,0,1,0,1
succulent,1,5,6,12
succulents,0,1,18,19
succumb,0,0,7,7
succumbed,1,0,4,5
sucdibite,0,1,0,1
suce,0,2,0,2
sucede,0,1,0,1
suceder,0,0,3,3
sucedi,0,2,0,2
suceed,0,0,1,1
suceessful,0,0,1,1
sucess,6,1,9,16
sucessful,0,0,2,2
sucessfull,0,0,2,2
sucesso,0,5,0,5
such,1285,942,7396,9623
sucha,0,3,1,4
suchen,0,1,0,1
suchet,3,3,4,10
suchhhh,0,0,7,7
suchhhhhh,0,0,1,1
suchlike,0,0,6,6
suchomel,0,0,1,1
sucia,0,8,0,8
sucias,0,9,0,9
sucide,0,3,1,4
sucidial,0,0,2,2
sucio,1,16,0,17
suck,278,349,422,1049
sucka,2,5,1,8
suckage,0,0,4,4
suckah,0,0,1,1
suckas,1,0,2,3
sucked,130,78,156,364
suckeeedd,0,1,0,1
sucker,15,0,38,53
suckered,0,0,2,2
suckers,21,0,9,30
suckerz,3,0,0,3
suckes,0,0,1,1
suckin,1,0,2,3
sucking,35,36,76,147
suckish,1,0,0,1
suckk,0,0,1,1
suckle,4,4,0,8
suckled,0,0,1,1
suckler,0,1,0,1
suckn,0,1,0,1
suckquake,1,0,0,1
sucks,826,16,355,1197
sucksss,0,0,1,1
sucksssssssssssssss,0,1,0,1
suckthedick,0,2,0,2
sucky,4,8,13,25
suckz,0,1,0,1
suco,0,1,0,1
sucribete,0,1,0,1
sucribo,0,1,0,1
sucrose,0,0,4,4
sucseed,0,0,1,1
suction,1,0,1,2
sucuri,0,2,0,2
sud,1,0,1,2
suda,0,2,0,2
sudafed,0,0,7,7
sudah,0,0,1,1
sudam,0,4,0,4
sudamerica,0,4,0,4
sudamericana,0,1,0,1
sudamericanas,0,5,5,10
sudamericanos,0,4,0,4
sudamerixa,0,4,0,4
sudamos,0,2,0,2
sudan,6,0,1,7
sudanese,1,1,0,2
sudbury,1,0,0,1
sudden,40,49,102,191
suddenly,136,46,259,441
suddently,1,0,1,2
sudeikis,0,1,0,1
sudejhbdvww,0,1,0,1
sudents,0,0,1,1
sudo,2,0,0,2
sudocrem,1,0,0,1
sudol,0,0,4,4
sudos,0,2,0,2
sudscrb,0,0,2,2
sue,55,84,69,208
sued,19,10,14,43
suede,1,4,52,57
suedey,0,1,0,1
sueeeeeeeeeeeee,3,0,0,3
suegra,0,2,0,2
sueing,0,8,0,8
suela,0,2,2,4
suele,0,1,0,1
suelo,0,1,0,1
suelooo,0,1,0,1
suelta,0,4,0,4
sueltos,0,4,0,4
suena,1,34,6,41
suene,0,1,0,1
suer,3,0,0,3
suerfing,0,0,1,1
suerte,0,34,0,34
suertudos,0,5,0,5
sues,2,1,9,12
suess,0,0,3,3
suet,1,0,0,1
suf,8,7,9,24
suff,0,1,0,1
suffer,119,46,268,433
suffered,49,7,84,140
sufferer,4,1,2,7
sufferers,0,0,2,2
suffergettes,0,2,0,2
suffering,76,17,188,281
sufferings,1,0,3,4
suffermate,0,0,2,2
suffers,50,0,23,73
sufffered,0,0,4,4
suffice,7,0,5,12
sufficed,0,0,2,2
sufficiency,0,0,1,1
sufficient,0,2,64,66
sufficiently,0,1,6,7
suffisamment,0,2,0,2
suffit,0,3,0,3
suffix,0,0,1,1
suffocate,5,0,4,9
suffocated,1,0,1,2
suffocating,0,0,3,3
suffocation,0,0,5,5
sufi,0,0,1,1
sufian,0,2,0,2
suficiente,2,0,0,2
sufj,0,8,0,8
sufjan,0,52,113,165
sufre,0,3,0,3
sufrelo,0,2,0,2
sufriendo,0,11,5,16
sufrir,0,3,0,3
sug,1,0,0,1
suga,15,46,42,103
sugaaa,0,1,2,3
sugaaaa,0,1,0,1
sugaaaaaaaaaaaa,0,1,0,1
sugar,113,88,213,414
sugarcubes,0,0,4,4
sugarholic,0,0,2,2
sugarman,6,0,0,6
sugarpuffandfluff,0,0,1,1
sugarrrrrrr,0,0,4,4
sugars,3,1,9,13
sugary,1,1,18,20
sugat,1,0,0,1
sugawara,0,2,2,4
sugawaraaaaaaa,0,1,0,1
suge,0,1,0,1
suger,0,0,3,3
sugervolt,0,2,0,2
sugery,0,2,1,3
sugestion,0,0,2,2
sugg,13,36,34,83
sugger,0,2,0,2
suggerimento,0,5,0,5
suggesrion,0,1,0,1
suggest,62,50,280,392
suggested,17,14,110,141
suggestible,0,0,1,1
suggesting,8,4,44,56
suggestion,23,55,128,206
suggestions,38,33,116,187
suggestive,0,0,1,1
suggests,4,4,36,44
sugglife,1,5,8,14
suggs,0,1,1,2
suggy,0,0,5,5
sughoi,0,1,0,1
sughs,0,1,0,1
sugo,0,1,0,1
sugoi,0,1,1,2
sugoiii,0,3,1,4
sugru,0,1,2,3
sugst,0,1,0,1
suguaro,0,0,2,2
sugusmax,0,0,1,1
suh,8,1,0,9
suhnday,0,2,0,2
suho,0,1,6,7
suhooo,1,0,0,1
suhyun,0,0,1,1
sui,0,0,2,2
suic,0,0,3,3
suicidal,30,6,42,78
suicidar,0,1,0,1
suicide,125,75,268,468
suicideboys,0,5,0,5
suicided,0,1,1,2
suicides,14,9,40,63
suiciding,0,0,1,1
suicidio,0,5,0,5
suicune,0,2,0,2
suifficent,3,0,0,3
suing,5,12,1,18
suis,12,28,16,56
suisbdeh,0,1,0,1
suiside,0,1,0,1
suit,153,138,338,629
suitable,14,0,28,42
suitably,0,0,1,1
suitcase,6,19,49,74
suitcases,0,0,4,4
suite,4,10,27,41
suited,10,2,38,50
suites,9,2,0,11
suities,0,1,0,1
suiting,6,0,9,15
suitor,0,0,1,1
suits,59,74,434,567
suivent,0,0,3,3
suivre,0,1,0,1
suiza,0,3,0,3
sujesh,0,0,3,3
sujete,1,0,0,1
sujeto,0,1,0,1
sujets,0,1,1,2
sujuiscomingback,0,0,1,1
suk,0,5,1,6
suka,0,6,1,7
sukaa,0,1,0,1
sukaaa,0,1,0,1
sukak,0,2,0,2
sukaniqqadikosumthn,0,1,0,1
sukari,0,0,6,6
sukces,0,0,3,3
suked,1,0,0,1
sukeee,0,1,0,1
sukhoi,0,0,1,1
suki,0,1,4,5
sukkk,0,1,0,1
sukkot,0,0,2,2
suks,1,1,1,3
sul,0,13,0,13
suld,0,1,1,2
sule,0,1,0,1
sulfate,0,0,1,1
sulforic,0,1,0,1
sulfur,15,0,3,18
suliivan,0,0,1,1
sulit,0,0,1,1
sulk,0,0,3,3
sulking,3,0,0,3
sullator,0,0,1,1
sullivan,1,6,0,7
sully,1,0,0,1
sulooooooo,1,0,0,1
sultan,3,9,15,27
sultana,0,0,1,1
sultans,1,0,0,1
sultats,0,0,1,1
sultry,0,1,15,16
sultsavka,2,0,0,2
sultun,0,0,1,1
sum,34,24,112,170
sumac,0,1,0,1
sumaehs,0,1,0,1
sumale,0,3,0,3
suman,0,3,0,3
sumats,0,0,2,2
sumbed,0,0,1,1
sumbody,0,3,0,3
sumeobeorin,0,1,0,1
sumer,0,0,3,3
sumergidos,0,12,0,12
sumert,1,0,0,1
sumfin,0,0,5,5
sumgpxe,0,7,0,7
sumikko,0,0,3,3
sumimascuse,0,3,0,3
suminagashi,0,1,0,1
summa,0,0,2,2
summaries,0,0,7,7
summarily,0,0,1,1
summarise,0,0,3,3
summarised,0,0,1,1
summarises,0,0,1,1
summarize,6,2,12,20
summarized,1,1,0,2
summarizes,1,0,2,3
summarizing,1,0,4,5
summary,19,3,26,48
summation,0,0,2,2
summed,13,9,14,36
summeeeer,0,1,0,1
summer,198,156,577,931
summerboy,0,0,2,2
summercamp,0,0,2,2
summerfest,0,0,1,1
summerians,0,0,1,1
summerjam,0,0,4,4
summerlover,0,1,0,1
summerrain,0,0,2,2
summers,2,0,4,6
summerslam,0,1,5,6
summertime,4,2,2,8
summery,0,0,2,2
summies,0,0,3,3
summin,0,0,3,3
summing,1,0,2,3
summit,12,5,3,20
summm,2,0,0,2
summo,1,0,0,1
summon,8,2,2,12
summoned,10,0,0,10
summoner,2,0,0,2
summoning,0,5,0,5
summons,2,0,2,4
summurizing,0,0,1,1
summut,0,0,1,1
sumn,1,1,0,2
sumner,0,6,0,6
sumney,0,1,0,1
sumo,6,7,1,14
sumone,0,1,0,1
sumosuporta,0,1,0,1
sumpah,0,1,0,1
sumpthin,1,0,0,1
sumptuous,0,16,7,23
sums,19,6,48,73
sumthin,0,1,0,1
sumthing,1,0,3,4
sumtin,0,0,6,6
sumts,0,0,2,2
sun,185,151,673,1009
suna,0,1,0,1
sunarto,0,4,0,4
sunbae,0,0,1,1
sunbaenim,0,1,0,1
sunbaenims,0,0,1,1
sunbathe,0,0,1,1
sunbeam,2,1,1,4
sunbeamsjess,0,1,1,2
sunblocks,0,0,4,4
sunbro,3,9,7,19
sunbros,0,3,0,3
sunburned,3,3,0,6
sunburnt,1,2,3,6
sunchaser,6,0,0,6
suncomesup,0,0,1,1
suncream,0,3,4,7
suncreams,0,0,4,4
sundaaaay,0,0,1,1
sundae,8,3,9,20
sundance,0,0,12,12
sunday,43,76,221,340
sundays,4,3,12,19
sunderland,6,13,25,44
sundie,0,0,5,5
sundiy,0,3,0,3
sundown,0,0,8,8
sundresses,0,0,3,3
sundridge,0,0,1,1
sundugiro,0,1,0,1
sunflower,1,7,9,17
sunflowers,0,0,9,9
sung,10,24,68,102
sungjae,0,1,5,6
sunglas,0,2,0,2
sunglases,3,0,0,3
sunglasses,24,103,140,267
sungwoon,0,1,0,1
sunk,10,2,9,21
sunked,1,0,0,1
sunken,5,2,8,15
sunkiller,0,0,4,4
sunkissed,0,1,0,1
sunkophunkie,0,1,0,1
sunlight,8,6,52,66
sunlotion,0,0,1,1
sunnglass,0,0,1,1
sunni,0,6,0,6
sunnies,0,9,5,14
sunning,0,0,2,2
sunnis,0,6,0,6
sunno,0,2,0,2
sunny,18,25,56,99
sunrays,0,0,1,1
sunrise,0,2,5,7
suns,2,0,12,14
sunscreen,32,24,112,168
sunscreens,5,1,33,39
sunscribed,0,0,1,1
sunset,2,32,52,86
sunsetie,0,0,3,3
sunsets,1,0,1,2
sunsettrip,0,1,0,1
sunshine,18,36,119,173
sunshiners,2,0,0,2
sunspear,4,0,0,4
sunspot,0,2,3,5
sunspots,4,0,6,10
sunsununsuns,0,1,0,1
sunt,0,4,0,4
suntan,0,0,4,4
suntane,0,2,0,2
sunucunun,0,1,0,1
sunwell,0,2,0,2
sunwoo,0,1,0,1
sunz,0,1,0,1
suo,1,10,0,11
suoer,0,0,6,6
suomen,0,1,0,1
suomi,0,7,0,7
suomiperkele,0,1,0,1
suonate,0,2,0,2
suond,0,0,1,1
suoooooooo,0,0,1,1
sup,8,18,20,46
supa,6,8,1,15
supahotfire,1,0,0,1
supak,0,1,0,1
suparb,0,1,0,1
supd,0,1,0,1
supe,0,3,0,3
supeised,0,0,6,6
supep,0,1,0,1
super,292,2,3627,3921
supera,0,2,1,3
superada,0,2,0,2
superando,0,3,0,3
superar,0,8,0,8
superara,0,2,0,2
superawesome,0,1,0,1
superb,1,0,215,216
superbabies,0,1,0,1
superbad,0,0,1,1
superbe,0,11,5,16
superbeing,0,0,1,1
superbeings,0,0,2,2
superbes,0,1,0,1
superbly,0,0,2,2
superbounce,5,0,0,5
superbowl,5,21,16,42
superbowls,0,0,1,1
superboy,0,5,5,10
superbrawl,3,0,2,5
supercali,0,1,0,1
supercalifragelisticexpealedotious,0,1,0,1
supercalifragilisticexpialidocious,1,5,0,6
supercalufragilisticexpialidocious,0,0,1,1
supercar,4,0,13,17
supercarlin,0,0,1,1
supercarlinbaby,0,4,0,4
supercarlinborthers,1,0,0,1
supercarlinbros,0,0,2,2
supercarlinbrothers,7,2,13,22
supercars,0,0,3,3
superccute,0,1,0,1
superceded,0,0,5,5
superceel,2,0,0,2
supercell,19,26,18,63
supercenter,0,1,0,1
supercharged,0,0,2,2
supercharger,1,6,0,7
supercomputer,1,2,0,3
supercomputers,0,0,2,2
superconductor,0,0,1,1
superconductors,1,0,0,1
supercool,5,0,5,10
supercopa,0,17,0,17
supercut,0,0,4,4
supercuts,3,0,0,3
superdii,0,1,0,1
superdope,0,1,0,1
superdrive,0,0,1,1
superdrug,9,28,69,106
superdry,9,2,2,13
superduper,0,1,0,1
superdupper,2,0,0,2
supere,0,1,0,1
superfacialities,2,0,0,2
superfan,0,0,2,2
superfast,1,0,0,1
superficial,12,11,39,62
superficiality,5,0,0,5
superficially,0,0,5,5
superfluid,0,0,1,1
superfluous,1,0,3,4
superfly,0,0,1,1
superformula,0,1,0,1
superfragalistic,0,1,0,1
superfragalisticexpialidocious,0,1,0,1
superfruit,1,26,55,82
superga,0,0,7,7
superged,1,0,0,1
supergenius,0,0,2,2
supergirl,1,8,5,14
superglue,3,0,1,4
supergoop,0,0,8,8
supergraag,0,1,1,2
supergrass,0,0,1,1
supergrote,0,2,0,2
superhans,0,1,0,1
superheated,0,0,2,2
superheld,0,1,0,1
superheo,0,0,2,2
superhero,49,17,118,184
superheroes,13,2,17,32
superheros,0,3,2,5
superhot,0,2,0,2
superhuman,2,2,5,9
superimposed,2,0,0,2
superintelligent,0,0,2,2
superintendent,0,0,1,1
superintendents,0,0,1,1
superior,15,1,116,132
superiore,0,0,1,1
superiores,0,5,0,5
superiority,8,0,11,19
superiors,2,1,0,3
superiour,0,0,1,1
superjunior,0,1,0,1
superkick,2,0,0,2
superkind,0,5,8,13
superlang,0,0,1,1
superlative,0,2,1,3
superlatives,1,0,0,1
superleuk,0,0,1,1
superlove,0,0,3,3
superluous,0,0,4,4
superman,49,148,206,403
supermannn,0,1,0,1
supermans,0,0,2,2
supermario,0,0,1,1
supermarket,6,7,42,55
supermarkets,2,6,16,24
supermaryface,0,1,0,1
supermen,0,0,1,1
supermodel,5,2,28,35
supermodels,0,16,29,45
supermorrissey,0,1,0,1
supermos,0,1,0,1
supernanny,1,1,0,2
supernatual,0,1,0,1
supernatural,18,1,104,123
supernormal,0,3,0,3
supernova,0,2,2,4
supero,0,5,0,5
superoldsubcriberhere,0,2,0,2
superoverpowered,0,5,0,5
superposition,0,1,4,5
superpositions,1,0,1,2
superpower,4,5,7,16
superpowers,2,6,4,12
superpuesto,1,0,0,1
superr,0,2,1,3
superrbb,0,1,0,1
superrrr,0,0,1,1
superrrrr,0,2,1,3
superrrrrrrr,0,0,1,1
superrrrrrrrrrrrrrrrrrr,1,0,0,1
supersayan,0,1,0,1
superseded,4,0,2,6
supersedes,1,0,0,1
supersell,0,3,0,3
supersexy,0,2,0,2
supersixty,0,1,8,9
supersmashpikachu,0,0,2,2
supersonic,0,1,7,8
superstar,14,4,56,74
superstardom,0,0,3,3
superstars,3,11,15,29
superstition,0,0,8,8
superstitions,0,0,2,2
superstitious,5,8,9,22
superstore,2,8,20,30
superstorm,0,3,0,3
supersub,0,5,0,5
supertasticlily,0,1,0,1
superteam,0,2,0,2
supertramp,0,0,2,2
supervet,0,0,1,1
supervise,8,7,0,15
supervision,0,9,3,12
supervisor,0,0,3,3
supervisors,0,0,1,1
supervolcano,2,0,0,2
superwomaaaan,0,0,1,1
superwoman,8,34,24,66
superwomanisbae,0,0,1,1
superwomen,0,0,4,4
superwomens,0,0,1,1
superwonder,0,1,0,1
supes,1,5,4,10
supetrtrrr,0,1,0,1
supez,0,2,0,2
supidest,0,1,0,1
supiese,0,1,0,1
suplex,0,1,7,8
suplicas,0,3,0,3
suplosed,1,0,0,1
supmarine,0,3,0,3
supone,0,6,0,6
supongamos,0,2,0,2
supongo,0,6,2,8
suport,0,4,4,8
suported,0,0,1,1
suporters,1,1,0,2
suporting,0,0,1,1
suportiw,0,8,0,8
supose,0,0,1,1
suposed,0,3,3,6
supossed,0,1,0,1
suppeerrrrrrrr,0,1,0,1
supper,5,3,22,30
suppercell,0,3,0,3
supperior,0,0,6,6
supple,0,1,1,2
supplement,6,3,32,41
supplemental,0,0,2,2
supplementation,0,0,1,1
supplements,0,1,22,23
supplicant,0,0,4,4
supplied,2,0,8,10
supplier,2,10,5,17
suppliers,0,4,2,6
supplies,11,16,40,67
supply,20,34,70,124
supplying,3,0,4,7
supporitve,0,2,0,2
support,521,332,1545,2398
supportcardib,0,1,0,1
supported,18,29,93,140
supporter,60,38,115,213
supporters,125,42,114,281
supportgoodmusic,0,4,0,4
supporting,50,4,357,411
supportive,14,0,132,146
supports,39,25,49,113
suppose,98,60,179,337
supposed,333,284,646,1263
supposedly,20,19,35,74
supposing,0,0,1,1
supposition,1,1,0,2
suppositions,0,0,1,1
suppository,0,1,0,1
suppost,0,0,2,2
supposted,0,2,0,2
suppperrrrr,0,0,1,1
suppport,0,0,1,1
supppp,0,1,0,1
supppppooooorrrrttttt,0,2,0,2
suppppppper,0,0,1,1
suppprt,1,0,0,1
suppremisit,3,0,0,3
suppremist,0,1,0,1
suppresors,0,2,0,2
suppress,5,2,10,17
suppressant,0,4,0,4
suppressed,0,2,16,18
suppresses,0,0,1,1
suppressing,6,1,13,20
suppression,0,0,5,5
suppressive,0,0,1,1
suppressor,0,0,4,4
suppressors,0,4,1,5
supprise,0,0,2,2
supprised,0,7,0,7
supprisingly,0,0,1,1
suppused,0,1,0,1
suppy,0,1,0,1
supra,0,1,0,1
supracolour,0,4,0,4
supramicists,0,0,6,6
supre,0,0,2,2
supremacist,37,15,40,92
supremacists,28,4,34,66
supremacy,37,7,35,79
supreme,23,22,27,72
supremecist,0,4,0,4
supremecy,1,0,0,1
supremely,5,9,0,14
supremes,0,0,6,6
supremesist,0,1,0,1
supremicist,1,0,0,1
supremicists,0,0,1,1
supressing,0,0,6,6
supressors,0,4,0,4
supried,0,3,0,3
supris,0,0,2,2
suprise,6,7,8,21
suprised,5,20,33,58
suprising,0,4,7,11
suprisingly,0,0,6,6
suprizingly,0,0,1,1
suprosing,0,0,3,3
sups,0,0,3,3
supscribe,0,1,0,1
suptgud,2,0,0,2
suptic,0,0,2,2
suptitulara,0,5,0,5
suptitulos,0,4,0,4
supuesta,0,3,0,3
supuesto,0,2,1,3
supwemacistsstst,0,7,0,7
suqdn,0,0,2,2
suqqu,0,1,0,1
sur,12,91,26,129
surakshit,0,4,0,4
surat,0,0,3,3
surcharging,6,0,0,6
surched,0,0,4,4
surching,0,1,0,1
sure,757,44,4964,5765
sureee,0,0,1,1
surely,36,2,320,358
surf,6,9,13,28
surface,69,36,164,269
surfacebook,0,0,3,3
surfaces,12,3,6,21
surfacing,0,0,2,2
surfboard,0,0,2,2
surfer,0,5,3,8
surfing,13,6,14,33
surfism,0,6,0,6
surfman,0,0,4,4
surfs,1,1,0,2
surge,0,3,16,19
surgeon,11,10,26,47
surgeons,0,0,11,11
surgeries,12,9,22,43
surgery,129,64,249,442
surgestion,0,0,2,2
surgi,0,0,2,2
surgical,11,0,6,17
surgically,1,4,6,11
surging,0,1,1,2
suri,0,0,1,1
suriname,0,0,1,1
surive,0,2,1,3
suriyelilerle,0,1,0,1
surjan,0,1,0,1
surkifff,0,0,1,1
surley,0,0,8,8
surly,5,1,2,8
surmise,0,7,6,13
surname,2,11,2,15
surorise,0,0,1,1
suround,0,0,1,1
surowy,0,2,0,2
surpass,2,6,8,16
surpassed,7,2,8,17
surpasses,1,0,2,3
surpassing,0,0,2,2
surpise,1,0,0,1
surpised,2,2,0,4
surplus,0,1,13,14
surport,0,0,1,1
surpose,0,0,7,7
surpreender,0,1,0,1
surprenait,0,3,0,3
surprenante,0,4,0,4
surpresa,0,1,1,2
surpressed,0,0,1,1
surpressing,1,0,1,2
surpressors,1,0,0,1
surprise,75,96,284,455
surprised,235,2,766,1003
surprisee,0,1,0,1
surprises,3,13,34,50
surprising,30,0,96,126
surprisingly,7,5,102,114
surprized,1,0,0,1
surreal,5,0,60,65
surrealista,0,0,1,1
surrealistic,0,0,2,2
surrealmemes,0,4,0,4
surrender,5,9,11,25
surrenders,2,0,0,2
surreptitious,3,0,0,3
surreptitiously,0,0,5,5
surrey,2,3,4,9
surrogate,1,13,3,17
surrogates,0,0,2,2
surround,10,1,25,36
surrounded,73,37,66,176
surrounding,30,10,66,106
surroundings,6,1,20,27
surrounds,0,0,13,13
surruounded,0,0,1,1
surrvive,0,0,1,1
surscriber,0,1,0,1
surstromming,0,1,0,1
surta,0,6,0,6
surtaaaaa,0,1,0,1
surtout,4,12,0,16
surveillance,6,6,16,28
surveilled,1,0,0,1
surveveded,0,1,0,1
survey,6,17,20,43
surveyed,0,0,4,4
surveyors,0,0,1,1
surveys,0,0,6,6
survie,1,0,0,1
surving,7,0,0,7
survior,0,0,3,3
survival,27,23,72,122
survivalist,0,0,7,7
survive,106,158,290,554
survived,30,31,50,111
surviveeeeeeeeeeeeeee,0,1,0,1
surviver,0,0,1,1
survives,7,0,29,36
surviving,9,20,26,55
survivor,18,7,33,58
survivorrrrr,0,0,3,3
survivors,6,6,9,21
surw,0,0,2,2
sus,38,180,22,240
susah,0,1,0,1
susan,9,19,30,58
susana,0,5,0,5
susann,0,0,3,3
susannah,0,0,2,2
susarm,0,2,0,2
susbcribanse,0,3,0,3
susbcribe,0,3,0,3
susbscribed,0,1,0,1
susbtance,5,0,0,5
susceptible,4,0,12,16
suscr,0,12,0,12
suscriban,0,8,0,8
suscribanse,0,11,0,11
suscribas,0,1,0,1
suscribation,0,1,0,1
suscribe,0,35,9,44
suscribed,0,2,4,6
suscriben,0,1,0,1
suscribers,2,0,1,3
suscribes,0,1,0,1
suscribete,0,8,0,8
suscribi,0,2,0,2
suscribir,0,7,0,7
suscribiros,0,1,0,1
suscribirse,0,4,0,4
suscribo,0,6,0,6
suscripci,0,2,0,2
suscriptor,0,3,0,3
suscriptores,0,1,0,1
suscrivo,0,2,0,2
sushi,52,120,109,281
sushief,0,1,0,1
sushigushiushimushi,0,1,0,1
sushiiiiiiiiiiiiiiiiiiiiiiiiiiiiiiiiiiiii,0,0,2,2
sushis,0,2,0,2
susicious,0,0,1,1
susie,0,0,12,12
susiejverrill,0,0,2,2
susmad,0,1,0,1
suso,0,1,12,13
susp,0,0,2,2
suspect,79,20,55,154
suspected,5,9,17,31
suspecting,1,0,0,1
suspects,10,2,10,22
suspence,0,0,1,1
suspend,0,1,7,8
suspenddisbelief,0,1,0,1
suspended,8,13,9,30
suspender,0,0,6,6
suspenders,0,9,0,9
suspense,1,17,21,39
suspenseful,2,2,12,16
suspensefull,0,0,2,2
suspension,6,22,28,56
suspensions,0,0,16,16
suspicion,10,0,7,17
suspicions,2,1,2,5
suspicious,11,7,37,55
suspiciously,10,1,4,15
suspiciousness,1,0,0,1
suspiria,0,0,1,1
suspossed,1,0,0,1
suss,0,0,1,1
sussed,0,0,6,6
sussex,0,0,2,2
susskind,0,0,2,2
sustain,14,1,29,44
sustainability,0,3,9,12
sustainable,11,10,40,61
sustainables,0,2,0,2
sustainably,4,0,2,6
sustained,3,0,5,8
sustainer,0,0,4,4
sustaining,1,0,18,19
sustains,0,1,0,1
sustenance,0,1,0,1
sustitulos,0,3,0,3
susto,0,3,0,3
sustos,0,3,0,3
susunod,0,1,4,5
sut,0,0,5,5
sutable,0,4,0,4
sutff,0,0,5,5
sutherland,0,0,6,6
sutileza,0,4,0,4
sutilmente,0,2,0,2
sutra,4,0,0,4
sutter,0,1,0,1
suttin,5,0,0,5
sutting,0,0,1,1
suttle,0,0,4,4
sutton,0,7,0,7
sutup,0,1,0,1
suu,0,2,0,2
suubsribers,0,2,0,2
suuc,0,5,0,5
suuh,0,2,0,2
suuny,0,1,0,1
suup,0,1,0,1
suuper,0,0,3,3
suuu,0,3,0,3
suuucckkkksss,0,0,2,2
suuuhbscribing,0,2,0,2
suuuper,2,6,17,25
suuuperrr,0,0,1,1
suuupperrr,0,1,0,1
suuuuck,0,1,0,1
suuuuhp,0,2,0,2
suuuupee,0,0,1,1
suuuuper,4,0,6,10
suuuuucks,1,0,1,2
suuuuue,0,1,0,1
suuuuuper,0,0,8,8
suuuuuucksssss,0,0,8,8
suuuuuuper,1,0,0,1
suuuuuupernovaaaaaaa,0,1,0,1
suuuuuuuuuch,0,0,2,2
suuuuuuuuuuu,0,1,0,1
suv,0,0,2,2
suvive,0,1,0,1
suvks,0,4,0,4
sux,9,12,17,38
suxed,0,0,1,1
suya,0,4,0,4
suzan,0,7,2,9
suzana,0,1,0,1
suzanne,2,14,19,35
suze,0,1,0,1
suzette,0,0,1,1
suzi,0,0,9,9
suzie,0,3,38,41
suzuki,1,0,1,2
sv,0,1,5,6
svalbard,11,14,15,40
svartvitt,0,1,0,1
svde,0,1,0,1
svegliare,0,5,0,5
svegliatiiii,0,5,0,5
svelte,1,0,0,1
svensk,0,2,0,2
sverige,0,1,5,6
sverything,2,0,0,2
svetlana,0,0,2,2
svi,0,0,2,2
svjete,0,2,0,2
svk,0,0,2,2
svolgere,0,5,0,5
svp,0,4,0,4
svt,8,25,31,64
svu,3,11,4,18
sw,2,5,10,17
swa,0,3,0,3
swaaaaag,0,2,0,2
swacth,2,0,0,2
swaddle,0,0,2,2
swaddled,6,0,6,12
swaddling,0,0,7,7
swae,2,2,1,5
swag,3,32,37,72
swagg,0,5,3,8
swagged,0,1,0,1
swagger,3,5,2,10
swaggerguru,1,0,0,1
swagggg,0,1,0,1
swaggnationmagazine,0,0,2,2
swaggpro,0,0,2,2
swaggyy,0,1,0,1
swagout,0,2,0,2
swahili,0,2,3,5
swaim,0,2,0,2
swalla,2,0,0,2
swallow,9,23,25,57
swallowed,11,9,19,39
swallowing,6,3,17,26
swallows,1,1,12,14
swalower,0,0,1,1
swam,1,4,2,7
swamp,11,10,23,44
swamped,0,0,1,1
swampfam,0,0,1,1
swampfamily,0,0,1,1
swampmonster,0,0,1,1
swan,16,0,17,33
swanage,0,0,4,4
swanepoel,0,3,1,4
swang,0,3,0,3
swann,0,1,9,10
swanntom,0,4,0,4
swanopel,0,1,0,1
swans,0,0,3,3
swansea,12,1,20,33
swanson,0,5,4,9
swap,6,31,30,67
swappable,2,0,0,2
swapped,12,3,12,27
swapper,1,0,0,1
swapping,0,0,12,12
swapsy,0,6,0,6
swardson,1,0,2,3
sware,0,1,5,6
swarm,13,1,5,19
swarmed,0,0,5,5
swarming,0,0,8,8
swarowski,0,0,5,5
swartwichernator,0,0,1,1
swashbuckling,7,0,0,7
swasticas,0,1,0,1
swastickers,0,1,0,1
swastika,7,13,12,32
swastikas,4,14,10,28
swat,5,7,15,27
swatch,1,6,29,36
swatched,5,2,5,12
swatches,2,8,56,66
swatching,0,0,1,1
swatchs,0,1,0,1
swath,0,0,6,6
swathes,0,0,2,2
swatsika,0,3,0,3
swatstika,0,2,0,2
swatstikas,0,2,0,2
swatted,0,0,1,1
swatting,3,0,1,4
swave,0,0,1,1
swaw,0,0,1,1
sway,16,7,9,32
swayed,6,2,5,13
swaying,2,0,8,10
swaypastmybedtime,0,5,0,5
sways,2,0,1,3
swayze,1,2,0,3
swazye,1,0,0,1
swb,0,0,1,1
swbf,0,0,4,4
swe,0,0,1,1
sweaden,0,4,0,4
swear,304,365,606,1275
swearing,40,9,85,134
swears,4,14,20,38
swearword,4,0,0,4
swearwords,0,1,0,1
sweat,160,65,215,440
sweated,1,2,4,7
sweater,67,132,234,433
sweaterpaws,0,0,2,2
sweaters,32,12,58,102
sweatheart,0,0,1,1
sweatier,1,0,0,1
sweatin,0,1,0,1
sweating,58,27,71,156
sweatpant,0,0,1,1
sweatpants,1,4,12,17
sweatproof,0,0,1,1
sweats,4,8,22,34
sweatshirt,17,27,25,69
sweatshirts,0,3,2,5
sweatshop,1,3,5,9
sweatshops,1,3,7,11
sweatsuit,0,0,1,1
sweatty,0,0,6,6
sweaty,33,8,59,100
swed,1,0,0,1
sweddingspeech,0,2,0,2
swede,2,6,0,8
sweden,14,46,74,134
swedes,1,9,3,13
swedis,0,1,0,1
swedisch,0,0,1,1
swedish,12,30,43,85
sweeeeaaarrrr,0,3,0,3
sweeeeeeeeet,0,8,0,8
sweeeet,0,1,5,6
sweeet,0,3,0,3
sweeettt,0,0,1,1
sweeetttt,0,1,0,1
sweeney,5,1,5,11
sweep,7,5,14,26
sweeper,0,3,7,10
sweepers,0,0,3,3
sweeping,5,0,6,11
sweeps,0,0,11,11
sweeran,0,1,0,1
sweet,93,0,1998,2091
sweetass,0,0,3,3
sweetazz,0,1,0,1
sweetcorn,0,1,0,1
sweetened,0,0,5,5
sweeteners,10,0,2,12
sweetening,0,0,1,1
sweetens,0,0,1,1
sweeter,0,1,10,11
sweetest,23,51,99,173
sweetgreens,0,0,5,5
sweetheart,8,26,76,110
sweethearts,0,1,2,3
sweetie,5,5,77,87
sweeties,0,1,8,9
sweeting,2,0,0,2
sweetling,0,0,2,2
sweetly,0,0,8,8
sweetness,10,8,14,32
sweetpea,0,0,1,1
sweetpotato,0,1,0,1
sweetpotatoe,0,0,1,1
sweetroll,0,1,0,1
sweets,13,10,47,70
sweetsexysavage,0,0,1,1
sweetspot,1,4,0,5
sweety,6,4,3,13
sweg,0,1,0,1
swell,6,1,16,23
swelled,1,0,0,1
swelling,2,0,15,17
swells,3,0,2,5
swelter,2,0,0,2
swept,3,3,15,21
swepted,0,0,1,1
swer,0,0,1,1
swere,1,0,0,1
swerte,0,0,1,1
swerve,1,0,2,3
swerved,0,0,3,3
swerves,0,0,4,4
swets,0,0,2,2
swfit,0,0,4,4
swhotg,1,0,0,1
swiata,0,3,0,3
swifer,4,0,0,4
swiffer,0,6,0,6
swift,39,96,151,286
swiftards,7,0,0,7
swifter,2,2,3,7
swiftie,0,1,5,6
swifties,2,0,7,9
swiftly,5,0,10,15
swifts,4,2,10,16
swifttt,0,0,1,1
swifty,0,1,0,1
swiftys,0,0,1,1
swifz,0,1,0,1
swig,0,0,7,7
swiggity,0,1,0,1
swigonfleek,0,0,1,1
swill,4,0,0,4
swilling,1,0,0,1
swim,71,85,98,254
swiming,0,1,0,1
swimmer,1,14,15,30
swimmers,1,8,2,11
swimmin,0,15,0,15
swimming,58,52,92,202
swimmingly,0,4,0,4
swimpoop,0,6,0,6
swims,0,1,10,11
swimsuit,4,2,14,20
swimwear,0,1,0,1
swin,1,2,6,9
swindlers,13,0,0,13
swindon,0,1,0,1
swine,3,11,4,18
swines,0,1,4,5
swinestein,0,3,0,3
swing,27,9,75,111
swinger,0,1,1,2
swingers,0,0,5,5
swingflip,0,1,0,1
swingin,2,2,2,6
swinging,5,18,25,48
swings,25,1,51,77
swingset,0,1,0,1
swingy,0,0,3,3
swipe,10,10,28,48
swiped,1,1,13,15
swiper,0,2,0,2
swipes,0,1,5,6
swipge,0,1,0,1
swiping,2,5,5,12
swippin,2,0,0,2
swirl,2,2,1,5
swirling,2,0,8,10
swirls,0,0,1,1
swirly,2,1,1,4
swirry,0,0,1,1
swish,7,15,25,47
swisher,0,3,2,5
swishing,0,0,1,1
swishy,0,0,3,3
swiss,15,19,51,85
swissroll,1,0,0,1
swissy,0,1,0,1
switch,154,317,473,944
switcharoo,0,0,2,2
switchblade,0,0,6,6
switched,26,17,109,152
switcheroo,2,0,0,2
switches,14,6,40,60
switchfly,0,5,0,5
switchfoot,0,1,0,1
switchhh,4,0,0,4
switchhhhh,0,2,0,2
switching,17,16,67,100
swith,0,0,1,1
swithing,0,0,5,5
switserland,0,0,2,2
switzerland,26,27,60,113
swivel,0,1,11,12
swiveling,1,0,0,1
swizz,0,0,2,2
swj,0,4,0,4
swoggle,0,2,0,2
swoje,0,2,0,2
swojego,0,2,0,2
swol,0,3,0,3
swole,0,17,1,18
swoll,0,2,0,2
swollen,13,0,15,28
swollowed,0,0,1,1
swoon,0,5,5,10
swooning,0,2,10,12
swoop,0,3,5,8
swooping,8,1,4,13
swoops,0,2,0,2
swooshing,2,0,0,2
swoozie,0,5,1,6
sword,23,30,50,103
swordfish,1,0,1,2
swords,6,6,14,26
swore,14,14,18,46
sworn,16,5,23,44
swr,0,2,0,2
sws,0,3,2,5
swt,0,0,1,1
swtich,0,0,1,1
swtshrit,0,0,5,5
swung,2,0,5,7
sx,0,1,0,1
sxe,0,1,0,1
sxgxm,0,0,1,1
sxm,0,0,7,7
sxmstrong,0,1,0,1
sy,0,1,4,5
sya,0,2,0,2
syakep,0,1,0,1
syang,0,0,1,1
syber,1,0,0,1
sybil,1,1,0,2
sybilla,0,0,1,1
sybol,0,1,0,1
syc,0,2,1,3
sych,0,0,1,1
syco,4,0,4,8
sycophant,0,1,3,4
sycophantic,0,5,4,9
sycophants,1,0,2,3
syd,2,2,5,9
sydda,1,0,0,1
sydelko,0,1,0,1
sydnee,3,3,7,13
sydney,24,10,45,79
sydneys,1,0,0,1
sydonie,1,0,0,1
syed,0,1,0,1
syeneng,0,1,0,1
syffff,0,1,0,1
syfy,1,10,19,30
syikes,2,0,0,2
sying,0,1,0,1
syke,0,1,2,3
sykes,3,11,9,23
sykrim,0,1,0,1
syl,0,1,3,4
sylenth,0,1,0,1
syllable,0,0,3,3
syllables,0,11,6,17
syllabus,0,0,4,4
sylosa,0,1,0,1
syltherin,0,1,1,2
sylvan,0,5,0,5
sylvia,10,4,10,24
sylvias,0,2,0,2
sylvie,2,0,0,2
symbiosis,0,4,0,4
symbiot,0,1,0,1
symbiotic,3,0,0,3
symbol,47,35,91,173
symbolic,10,2,19,31
symbolical,1,0,1,2
symbolically,2,2,1,5
symboliquement,4,0,0,4
symbolise,0,0,3,3
symbolises,5,0,4,9
symbolism,13,7,34,54
symbolize,2,0,9,11
symbolized,0,0,1,1
symbolizes,0,1,7,8
symbology,0,0,4,4
symbols,7,5,28,40
symmetric,0,3,0,3
symmetrical,1,0,16,17
symmetrically,0,0,6,6
symmetry,1,0,1,2
symonds,0,0,4,4
symonzia,0,1,0,1
sympa,0,1,0,1
sympatative,0,0,1,1
sympathectomy,1,0,0,1
sympathesizing,0,2,0,2
sympathetic,13,0,22,35
sympathic,0,0,2,2
sympathies,2,0,4,6
sympathisch,0,0,6,6
sympathischer,0,10,1,11
sympathise,5,1,3,9
sympathiser,5,0,0,5
sympathises,0,0,3,3
sympathising,0,0,2,2
sympathize,7,1,9,17
sympathizer,2,0,6,8
sympathizers,22,0,1,23
sympathizing,2,0,1,3
sympathy,22,18,35,75
sympatic,0,0,1,1
symphonica,0,0,2,2
symphony,1,17,40,58
sympoa,4,0,0,4
symptom,13,5,26,44
symptoms,88,14,181,283
symptons,1,0,0,1
symulowalam,0,2,0,2
synaesthesia,0,4,0,4
synagogue,0,2,1,3
synapse,0,0,4,4
synapses,1,0,0,1
synaptic,2,0,0,2
sync,23,18,38,79
synced,2,1,10,13
synch,0,0,8,8
synched,0,0,6,6
synching,0,1,4,5
synchrinicities,6,0,0,6
synchro,0,0,2,2
synchronicity,0,0,3,3
synchronised,0,1,1,2
synchronization,0,1,1,2
synchronized,1,4,2,7
synchronizing,1,0,0,1
synchs,0,0,1,1
syncicate,0,0,6,6
syncing,12,14,19,45
syncopated,0,0,1,1
syncro,3,0,0,3
syncs,0,0,2,2
synder,0,1,1,2
syndicate,25,29,66,120
syndicates,0,4,0,4
syndication,0,2,4,6
syndiucate,0,0,1,1
syndrome,20,20,52,92
syndromes,2,0,1,3
syndy,0,6,0,6
syne,0,3,4,7
synecdoche,0,0,9,9
synhd,0,4,0,4
synonym,2,0,0,2
synonymous,6,0,6,12
synonyms,2,0,1,3
synopses,4,0,0,4
synopsis,6,1,12,19
syns,0,0,1,1
syntax,0,4,12,16
synth,7,6,42,55
synthesis,1,0,4,5
synthesised,0,0,3,3
synthesize,2,0,0,2
synthesized,0,8,1,9
synthesizer,3,2,5,10
synthetic,19,6,13,38
synthetically,0,0,8,8
syntheticy,0,9,0,9
synthgas,0,0,2,2
synthi,0,0,3,3
synths,4,1,4,9
synthy,1,0,9,10
syop,0,0,1,1
syphilis,3,1,1,5
sypoo,0,0,1,1
syratgies,0,0,3,3
syres,0,0,2,2
syria,14,24,37,75
syrian,2,2,3,7
syringe,3,4,10,17
syringes,0,0,1,1
syrup,18,49,97,164
syrups,0,0,3,3
system,322,176,866,1364
systematic,5,2,12,19
systematically,1,0,9,10
systemic,22,0,20,42
systemically,0,3,0,3
systems,24,19,125,168
systm,0,0,1,1
systmchurchill,0,0,1,1
systox,0,0,1,1
sytem,2,0,2,4
sythetic,0,0,1,1
sytuacje,0,2,0,2
sytycd,0,0,1,1
syudtkbndzc,0,12,0,12
syy,0,0,1,1
sz,2,10,4,16
sza,8,63,40,111
szacun,0,6,0,6
szacunek,0,10,0,10
szalem,0,2,0,2
szalinski,0,0,5,5
szampon,0,0,1,1
szansa,0,3,0,3
szanuj,0,0,3,3
szart,0,1,0,1
szcz,0,3,2,5
szczeg,0,2,0,2
szczena,0,2,0,2
szechuan,20,22,20,62
szechun,0,0,1,1
szechwan,0,1,0,1
szego,0,3,0,3
szej,0,2,0,2
szerencse,0,3,0,3
szeretettel,0,3,0,3
szkice,0,3,0,3
szkicem,0,3,0,3
szko,0,0,1,1
szkoda,0,5,0,5
szok,0,2,0,2
szoku,0,0,3,3
szomoruan,0,1,0,1
szper,0,4,0,4
szt,0,1,0,1
sztos,0,1,0,1
szum,0,3,0,3
szybkiego,0,2,0,2
szybko,0,2,0,2
szych,0,2,0,2
ta,19,159,87,265
taa,0,2,0,2
taaaa,0,1,0,1
taaaaaaaaaaaaaaaaaalllllllllkkkk,0,2,0,2
taaaaaaaallllkkk,0,1,0,1
taaaaaaaannk,0,1,0,1
taaaaaaawwwaaaaaa,0,1,0,1
taaaaakkkeeee,1,0,0,1
taaaaalk,0,2,0,2
taaaaanya,0,0,1,1
taaaaatiiiiii,0,1,0,1
taaaallllllkkk,0,1,0,1
taaaday,1,0,0,1
taaalk,0,1,0,1
taaalllllkk,0,1,0,1
taaan,0,8,0,8
taaanto,0,1,0,1
taalllkkkk,0,1,0,1
taam,0,1,0,1
taan,0,1,0,1
taas,0,1,0,1
taati,0,1,0,1
taatu,0,0,1,1
tab,12,64,81,157
tabaco,0,1,0,1
tabarakallah,0,0,5,5
tabbes,3,0,0,3
tabby,0,6,0,6
tabe,0,2,0,2
tabi,0,5,1,6
tabikide,0,1,0,1
tabinof,0,0,2,2
tabinot,0,1,0,1
tabitha,0,0,1,1
tabla,0,2,0,2
table,144,154,392,690
tablecloth,0,3,6,9
tables,18,24,48,90
tablescape,0,1,0,1
tablespoon,1,1,13,15
tablespoons,1,0,5,6
tablet,9,17,60,86
tabletop,1,0,0,1
tablets,9,5,44,58
tablir,0,0,5,5
tabloid,0,0,6,6
tabloids,2,7,0,9
tabloya,0,3,0,3
tabo,0,1,2,3
taboo,3,1,30,34
taboos,0,0,9,9
tabout,0,0,4,4
tabs,2,7,28,37
tabssssssss,0,4,0,4
tac,2,2,7,11
tacaso,0,1,0,1
tacata,0,1,0,1
tacha,0,0,4,4
tache,0,1,0,1
tachyon,0,1,1,2
tacie,0,0,3,3
tacit,0,0,5,5
tack,2,2,9,13
tacked,2,0,8,10
tackelen,0,1,0,1
tackier,4,1,0,5
tacking,0,4,6,10
tackle,27,19,67,113
tackled,5,2,16,23
tackles,2,0,6,8
tackling,7,6,10,23
tacks,0,0,2,2
tacky,11,4,20,35
tacle,0,0,2,2
taco,22,137,108,267
tacobell,0,1,0,1
tacoma,0,0,3,3
tacos,21,80,78,179
tacotaco,0,4,0,4
tacrolimus,0,0,5,5
tact,6,4,4,14
tactful,0,0,1,1
tactic,23,1,17,41
tactical,2,9,15,26
tactically,3,0,13,16
tactician,7,0,0,7
tactics,15,1,74,90
tactile,0,4,8,12
tacular,0,0,5,5
tad,11,2,41,54
tada,0,1,0,1
tadahh,1,0,0,1
tadashi,0,1,0,1
taday,6,0,0,6
taddaaa,0,0,1,1
tadindan,0,1,0,1
tadore,0,2,0,2
tadpole,0,1,1,2
tadrectory,0,4,0,4
tae,9,26,31,66
taeeeeee,0,1,0,1
taeharu,0,1,0,1
taehyugs,0,0,1,1
taehyung,10,26,41,77
taehyunggg,0,1,0,1
taehyunggggg,0,1,0,1
taehyungie,1,0,1,2
taehyungs,0,1,5,6
taehyunnnnnnnnnnn,0,1,0,1
taehyuuuuuuung,0,1,0,1
taekiiiiiii,0,1,0,1
taekook,0,1,0,1
taekooks,0,1,0,1
taekwondo,12,2,0,14
taem,0,1,0,1
taeman,0,1,1,2
taemiiiiin,0,0,1,1
taemin,23,82,133,238
taemina,0,1,0,1
taeminaaa,1,0,0,1
taeminah,1,0,0,1
taeminator,0,1,0,1
taeminisking,0,0,1,1
taeminmakesmyheartstop,0,0,1,1
taeminmovechallenge,0,1,0,1
taeminnie,0,1,2,3
taemint,0,0,1,1
taemotherfuckingmin,0,2,0,2
taena,0,2,0,2
taeng,0,1,0,1
taetae,0,4,6,10
taeyang,0,1,1,2
taeyeon,0,9,7,16
taeyong,0,1,0,1
taffarel,0,0,1,1
taffort,0,0,1,1
taffy,0,4,0,4
taft,1,0,0,1
tag,18,98,133,249
tagalog,1,12,12,25
tagamet,1,0,0,1
taganga,0,0,4,4
tagaw,0,3,0,3
tagay,0,1,0,1
tage,2,0,0,2
taged,0,0,2,2
tageslied,0,5,0,5
taggart,0,5,1,6
tagged,1,22,14,37
taggin,0,0,4,4
tagging,0,0,5,5
taghayar,0,2,0,2
tagliatelle,0,5,0,5
tagline,0,0,5,5
tags,9,9,25,43
tah,0,4,0,4
tahay,0,1,0,1
tahdah,0,1,0,1
tahe,3,0,0,3
tahhhh,0,1,0,1
tahirt,0,0,2,2
tahn,0,0,1,1
tahniah,0,1,0,1
taht,7,0,8,15
tahu,0,3,0,3
tahun,0,0,2,2
tai,4,15,0,19
taiji,1,0,0,1
taik,0,0,1,1
taika,20,65,91,176
taikaxd,0,0,1,1
taiko,0,0,1,1
tail,32,34,75,141
tailand,2,0,0,2
tailbone,0,0,1,1
tailed,1,2,3,6
tailer,0,0,1,1
tailgrabb,1,0,0,1
tailgunner,0,3,0,3
tailing,3,0,0,3
tailor,0,9,20,29
tailored,2,0,24,26
tailoring,0,0,3,3
tailosive,3,0,0,3
tails,20,29,46,95
tailwhip,0,0,1,1
taim,0,1,0,1
taime,0,0,1,1
taimou,10,21,17,48
taimous,0,0,2,2
taimouuuu,0,2,0,2
tain,1,0,0,1
taino,1,0,1,2
taint,7,4,4,15
tainted,7,2,3,12
tainting,0,0,1,1
taip,0,1,0,1
taipan,0,2,1,3
tais,0,2,0,2
taiste,0,2,0,2
tait,9,14,4,27
taitans,0,1,0,1
taiwan,2,12,16,30
taiwanese,0,5,3,8
taj,0,1,0,1
tak,0,77,18,95
taka,0,7,1,8
takahashi,1,2,0,3
takakaka,0,2,0,2
takatu,0,2,0,2
takayren,1,0,0,1
take,2040,1380,5057,8477
takeaknee,0,1,5,6
takeastand,0,0,1,1
takeaway,3,2,3,8
takeaways,0,0,16,16
takedown,10,19,23,52
takedowns,4,0,15,19
takees,0,0,1,1
takeing,3,6,0,9
takemymoney,0,1,0,1
taken,222,100,546,868
takenochances,0,0,1,1
takenoprisoners,0,0,6,6
takeoff,15,47,40,102
takeoffs,0,3,1,4
takeoooooooooffffffgggg,0,2,0,2
takeout,0,0,2,2
takeouts,0,0,4,4
takeover,7,8,10,25
takeovers,0,0,3,3
taker,2,10,0,12
takers,0,4,0,4
takes,330,202,1116,1648
takeshi,0,2,0,2
taketheknee,0,4,0,4
taki,2,16,0,18
takia,0,0,4,4
takich,0,6,0,6
takie,0,19,0,19
takiego,0,4,0,4
takim,0,0,1,1
takimi,0,1,0,1
takimimizi,0,1,0,1
takin,14,9,3,26
taking,510,271,1275,2056
takinng,0,0,2,2
takiong,0,0,1,1
takis,0,9,10,19
takk,1,0,1,2
takn,0,0,5,5
taktik,0,1,0,1
takumi,0,1,4,5
tal,6,28,4,38
talaga,2,11,3,16
talant,1,0,0,1
talanted,1,1,3,5
talar,0,0,1,1
talco,0,0,3,3
tale,28,33,97,158
talemted,0,0,5,5
talennnnnnt,0,1,0,1
talent,128,157,892,1177
talentad,0,0,1,1
talented,33,0,1419,1452
talentedd,0,1,0,1
talentedn,1,0,0,1
talentedpinoy,0,0,1,1
talenten,0,0,1,1
talentes,0,3,0,3
talentless,11,13,15,39
talentlessness,0,1,0,1
talento,0,25,11,36
talentoso,0,6,0,6
talentosos,0,2,0,2
talents,9,5,83,97
taler,1,0,0,1
tales,10,9,44,63
talet,0,0,1,1
talga,0,1,0,1
tali,0,2,0,2
talia,0,1,0,1
talib,0,1,2,3
taliban,5,8,4,17
talida,0,0,1,1
talinda,2,0,11,13
taling,0,0,6,6
talint,0,0,1,1
talion,1,0,0,1
talisca,0,1,0,1
talisman,0,0,2,2
talk,1005,783,2622,4410
talkative,3,2,1,6
talked,133,55,324,512
talken,1,0,0,1
talkeng,0,5,0,5
talker,16,2,15,33
talkers,2,0,1,3
talkfkn,0,0,1,1
talkie,0,1,1,2
talkig,0,0,6,6
talkin,16,21,71,108
talking,969,767,2186,3922
talkinh,0,1,0,1
talkk,0,1,0,1
talkkkk,0,0,3,3
talknbout,0,1,0,1
talks,242,138,451,831
talkshow,5,1,8,14
talkshows,0,0,1,1
talksport,0,0,2,2
talksssss,0,1,0,1
talky,0,0,11,11
tall,41,87,174,302
talladega,0,0,20,20
tallahassee,1,1,0,2
tallas,0,2,0,2
tallent,0,3,6,9
tallented,0,0,1,1
taller,1,33,33,67
tallest,1,1,2,4
talliesalley,0,0,1,1
tallkh,0,0,3,3
talllk,0,1,0,1
talllkkkk,0,0,1,1
tallllkkk,0,1,0,1
tally,1,0,3,4
talm,0,0,2,2
talmbout,0,0,1,1
talmud,0,0,1,1
talmudic,0,0,1,1
talons,0,1,0,1
talor,0,0,1,1
talpioth,0,0,1,1
talves,0,1,0,1
tam,10,32,16,58
tama,0,1,0,1
tamale,0,5,0,5
tamales,0,5,1,6
tamam,0,0,1,1
taman,0,0,1,1
tamanho,0,1,0,1
tamar,21,68,335,424
tamara,0,4,14,18
tamari,0,3,24,27
tamarro,0,2,0,2
tamartian,0,1,4,5
tamartians,0,1,0,1
tamartin,0,0,1,1
tamat,0,0,1,1
tamatoa,1,0,0,1
tamaulipas,0,1,0,1
tamb,0,5,0,5
tambeauty,0,2,11,13
tambem,0,2,1,3
tambi,4,57,6,67
tambien,0,35,2,37
tambienxd,0,1,0,1
tambor,0,10,0,10
tamboreros,0,0,2,2
tambourine,0,0,2,2
tame,28,0,20,48
tamed,1,11,8,20
tamedog,0,0,1,1
tameka,0,0,6,6
tamer,0,5,4,9
tamera,17,14,91,122
tameras,0,6,0,6
tames,4,0,1,5
tameside,6,7,0,13
tamest,0,0,2,2
tamie,1,0,0,1
tamika,0,0,3,3
tamil,0,1,2,3
taming,1,0,8,9
tammuz,0,0,3,3
tammy,8,27,28,63
tampa,7,2,34,43
tampax,0,0,1,1
tampered,1,0,0,1
tampering,0,0,1,1
tamping,1,0,0,1
tampoco,0,1,6,7
tampon,2,3,1,6
tampons,0,3,22,25
tamps,0,0,5,5
tamra,0,1,0,1
tams,0,12,12,24
tamte,0,1,0,1
tamten,0,3,0,3
tamto,0,1,0,1
tamtoa,1,0,0,1
tamtych,0,6,0,6
tamtym,0,0,3,3
tamyun,0,1,0,1
tamzin,0,8,0,8
tan,60,279,462,801
tana,0,10,4,14
tanaaaaaaaaaa,1,0,0,1
tanaerrrb,0,1,0,1
tanashe,0,1,0,1
tandem,0,2,8,10
tane,0,4,0,4
tanesi,0,1,0,1
tang,14,4,8,26
tanga,0,3,0,3
tangan,0,0,1,1
tangent,5,0,10,15
tangential,0,0,2,2
tangents,2,0,15,17
tangerine,0,6,0,6
tangible,0,1,13,14
tangle,1,1,1,3
tangled,6,5,29,40
tango,7,19,23,49
tangy,3,1,13,17
taniel,1,13,0,14
tanimiyorsun,0,0,1,1
tank,27,63,97,187
tankards,0,0,4,4
tanked,2,4,6,12
tanker,5,0,0,5
tankian,0,1,0,1
tanking,5,0,7,12
tankini,0,0,2,2
tanks,3,17,30,50
tankthing,0,1,0,1
tanline,0,0,2,2
tanlines,2,1,0,3
tanmom,0,1,0,1
tann,1,1,4,6
tanned,4,17,14,35
tannenbaum,0,0,1,1
tanner,3,13,23,39
tannerite,0,0,10,10
tanners,0,0,1,1
tannest,1,4,0,5
tannic,0,0,5,5
tanning,6,8,12,26
tannn,0,3,3,6
tanny,0,3,1,4
tanpura,0,0,6,6
tanque,0,2,0,2
tanqueray,0,0,7,7
tans,1,0,0,1
tanshy,0,1,0,1
tant,0,10,0,10
tanta,0,20,1,21
tantalising,0,0,2,2
tantalized,0,0,2,2
tantalizing,2,0,1,3
tantan,0,0,3,3
tantas,0,13,1,14
tante,0,1,0,1
tanted,2,0,0,2
tanthony,0,0,1,1
tanto,2,110,8,120
tantos,0,13,5,18
tantric,0,0,2,2
tantrum,11,2,5,18
tantrums,8,0,8,16
tantum,2,0,0,2
tanwar,0,1,0,1
tanya,6,79,342,427
tanyaa,0,0,1,1
tanyaaa,0,0,1,1
tanyaburr,0,0,2,2
tanyas,0,0,5,5
tanything,1,0,0,1
tanzania,0,1,0,1
tanze,0,1,0,1
tanzen,0,2,0,2
tanzverbot,0,0,2,2
tao,0,6,7,13
taobao,0,3,1,4
taon,0,1,0,1
tap,53,86,151,290
tapac,0,1,0,1
tapando,0,4,0,4
taparle,0,3,0,3
taparse,0,4,0,4
tapas,1,0,5,6
tapate,0,3,0,3
tapatio,0,0,1,1
tape,94,125,196,415
taped,8,8,16,32
tapenade,0,0,8,8
taper,0,1,0,1
tapered,14,0,11,25
tapers,0,0,1,1
tapes,6,12,12,30
tapestry,4,0,3,7
tapeworm,0,0,1,1
tapeworms,0,0,2,2
tapezieren,0,6,0,6
tapi,0,1,3,4
tapia,0,1,0,1
tapic,0,0,1,1
tapice,1,0,0,1
tapinaldo,7,0,0,7
taping,13,11,6,30
tapos,0,1,0,1
tapout,0,4,0,4
tapped,14,20,15,49
tapper,5,0,0,5
tapping,16,19,46,81
taps,5,6,10,21
taqir,0,0,1,1
tar,5,1,10,16
tara,10,34,7,51
taraawaweee,0,3,0,3
tarado,0,3,0,3
taraftar,0,1,0,1
taraftari,0,1,0,1
taraftarlar,0,1,0,1
taraji,0,1,4,5
tarantino,4,19,10,33
tarantula,2,14,7,23
tarantulas,0,0,1,1
tararare,0,3,0,3
tarararee,0,3,0,3
tarararewee,0,3,0,3
tararre,0,1,0,1
tararyens,0,2,0,2
taras,1,20,11,32
taratataratararatarratataratatrararraarartatatatatra,0,1,0,1
tarateeneeew,6,0,0,6
taratino,0,0,1,1
tarawaahwahhee,0,3,0,3
tarawarawe,0,3,0,3
tarawaree,0,3,0,3
tarawarewee,0,3,0,3
tarawarwee,0,2,0,2
tarawaweeee,0,3,0,3
tarawawy,0,3,0,3
tarawerarwe,0,3,0,3
tarawerawi,0,3,0,3
tarawewawi,0,3,0,3
tarawherarwe,0,3,0,3
tarawherearewe,0,3,0,3
tard,4,11,7,22
tardado,0,0,2,2
tardar,1,0,0,1
tardaron,0,1,0,1
tarde,0,12,0,12
tardeadas,0,1,0,1
tardieu,0,0,1,1
tardigrade,0,2,0,2
tardis,3,6,10,19
tards,2,4,11,17
tare,2,0,1,3
tarea,0,3,0,3
tarentino,1,0,1,2
tares,0,0,2,2
tarfu,0,0,1,1
targa,0,0,3,3
targarien,0,0,1,1
targaryans,0,3,0,3
targaryen,6,2,11,19
targaryens,1,0,13,14
targered,1,0,0,1
targeryen,0,0,1,1
target,66,99,217,382
targeted,11,6,35,52
targeting,11,2,13,26
targets,20,0,37,57
targetting,0,0,2,2
tariffs,5,0,1,6
tarih,0,1,0,1
tarihinde,0,0,1,1
tarika,0,1,0,1
tariler,0,0,1,1
tariq,0,3,0,3
tarist,7,0,0,7
tark,0,1,1,2
tarkir,0,0,1,1
tarkkk,0,1,0,1
tarkov,0,1,0,1
tarkovsky,1,2,3,6
tarks,0,1,0,1
tarlac,0,1,1,2
tarly,0,11,1,12
tarmacs,0,0,3,3
tarmartian,0,0,1,1
tarn,0,5,0,5
tarnation,0,4,0,4
tarnish,0,0,2,2
tarnished,8,1,0,9
tarnishef,1,0,0,1
tarnishing,2,0,0,2
tarnnnnnnn,0,1,0,1
taro,0,4,0,4
taron,0,3,19,22
tarp,0,0,1,1
tarred,2,0,5,7
tarry,0,1,0,1
tars,0,1,0,1
tarski,1,0,0,1
tart,1,5,19,25
tartan,1,1,23,25
tartare,1,0,2,3
tarte,31,41,119,191
tartelette,0,0,8,8
tarteltte,0,0,7,7
tartest,0,2,0,2
tarth,8,2,0,10
tartiest,0,0,6,6
tartlette,0,0,10,10
tarts,7,12,9,28
tary,0,3,0,3
tarzan,20,33,38,91
tarzans,0,0,1,1
tas,5,5,6,16
tasche,0,2,0,2
tase,1,4,1,6
tased,0,1,7,8
taser,4,4,8,16
tasered,0,0,4,4
tasers,0,0,4,4
tash,5,0,2,7
tasha,1,5,6,12
tasing,0,1,0,1
task,15,8,50,73
taskers,0,2,0,2
tasking,0,0,1,1
tasks,6,12,38,56
tasleem,3,0,0,3
tasmania,0,5,1,6
tasmanian,0,0,1,1
tasselfairy,0,0,2,2
tassie,0,0,3,3
tast,0,3,1,4
taste,185,180,686,1051
tastebuds,0,0,6,6
tasted,11,5,51,67
tasteful,1,3,15,19
tastefully,0,1,12,13
tasteless,9,0,10,19
tastemade,0,2,0,2
taster,0,2,2,4
tasters,0,0,3,3
tastes,40,37,144,221
tastic,2,4,3,9
tastier,0,1,8,9
tastiest,0,0,2,2
tasting,8,1,15,24
tastings,3,0,0,3
tastless,2,0,0,2
tasty,17,46,106,169
tat,8,5,24,37
tata,2,3,5,10
tatagan,0,1,0,1
tatanya,1,0,0,1
tatas,0,3,0,3
tatatattatatamaulipas,2,0,0,2
tatay,0,0,1,1
tatcha,0,9,5,14
tate,4,7,7,18
tater,0,9,1,10
tati,28,100,259,387
tatiana,1,1,1,3
tatianna,0,4,0,4
tatics,0,0,1,1
tatis,0,4,0,4
tatjana,0,0,3,3
tatl,0,0,5,5
tatlong,0,0,2,2
tatoo,0,0,1,1
tatooing,1,0,0,1
tatoos,1,1,0,2
tatouage,0,1,0,1
tatrt,0,1,0,1
tats,0,9,3,12
tatses,0,0,2,2
tatsujin,0,0,1,1
tatted,11,0,2,13
tattered,4,0,2,6
tatti,0,1,0,1
tattoe,0,3,0,3
tattoes,0,1,0,1
tattoo,28,96,156,280
tattooed,3,15,33,51
tattooer,0,3,0,3
tattooing,5,1,0,6
tattooist,0,0,1,1
tattooooos,1,0,0,1
tattooos,1,0,0,1
tattoos,23,19,59,101
tatts,1,0,3,4
tatty,0,0,7,7
tatuado,0,2,0,2
tatuajes,0,1,0,1
tatuare,0,2,0,2
tatum,14,18,29,61
tatums,0,0,1,1
tatwd,0,1,4,5
tau,0,2,6,8
taught,51,24,255,330
taumatawhakatangihangakoauauotamateaturipukakapikimaungahoronukupokaiwhenuakitanatahu,0,1,0,1
taunt,0,1,1,2
taunter,0,0,1,1
taunting,2,0,3,5
taunts,0,0,7,7
taupan,0,0,1,1
taupe,0,0,2,2
tauros,0,0,2,2
taurus,0,8,1,9
taut,0,1,0,1
tava,0,5,0,5
tavares,1,0,0,1
tavataan,0,4,0,4
taveras,0,1,0,1
tavern,0,0,1,1
tavis,0,0,3,3
tawa,0,3,5,8
tawaawaawy,0,3,0,3
tawawawee,0,3,0,3
tawdry,0,0,2,2
tawin,0,4,0,4
tawlked,0,0,1,1
tawn,0,1,0,1
tax,66,24,176,266
taxation,4,26,18,48
taxed,1,0,3,4
taxes,67,31,148,246
taxi,76,39,112,227
taxidermied,1,0,0,1
taxidermy,0,6,0,6
taxied,0,5,0,5
taxify,0,4,0,4
taxiing,0,0,2,2
taxing,9,5,7,21
taxis,11,3,35,49
taxpayer,1,0,21,22
taxpayers,0,3,15,18
taxstone,4,0,0,4
tay,5,41,68,114
tayboy,0,0,1,1
taye,0,2,0,2
tayla,0,0,3,3
taylaa,0,4,0,4
taylooooooorrrrr,0,0,1,1
taylooooor,0,1,0,1
taylor,148,340,547,1035
taylors,7,4,16,27
taylorsm,0,0,1,1
taylorswift,0,0,8,8
taylucifer,0,0,1,1
taymay,0,0,6,6
tayme,0,0,2,2
tayo,0,0,1,1
tays,0,0,1,1
taysav,0,1,0,1
tayste,0,2,0,2
taytay,0,4,11,15
tayto,0,0,2,2
tayyabs,0,0,2,2
tayyy,0,1,0,1
tayyyyy,0,0,2,2
tayyyyylorrrrrrr,0,7,0,7
taz,0,1,1,2
taze,2,3,0,5
tazed,1,5,4,10
tazer,2,0,0,2
tazers,3,1,2,6
tazor,0,0,1,1
tb,4,6,12,22
tba,0,0,3,3
tbag,0,3,1,4
tbagging,0,3,0,3
tbank,0,0,6,6
tbc,0,1,0,1
tbccbbcyfbfvffb,0,0,2,2
tbe,2,10,8,20
tbelonginyoutube,1,0,0,1
tberapy,3,0,0,3
tbf,3,18,26,47
tbfh,1,0,1,2
tbg,0,0,1,1
tbh,200,228,552,980
tbhhh,6,0,1,7
tbis,1,0,3,4
tbjzl,0,7,0,7
tbl,1,0,4,5
tbm,0,3,0,3
tbo,0,0,1,1
tbol,5,66,7,78
tbone,0,0,1,1
tbqh,0,0,3,3
tbr,1,0,2,3
tbs,0,0,9,9
tbsp,0,0,7,7
tbt,0,5,6,11
tbuilding,0,1,0,1
tburr,0,0,1,1
tc,0,7,10,17
tcan,4,0,0,4
tcare,0,1,0,1
tcas,0,0,1,1
tcc,0,2,0,2
tce,0,3,0,3
tch,3,12,7,22
tchaikovsky,0,9,3,12
tchatcheur,0,1,0,1
tches,0,9,3,12
tchhhhhhh,0,3,0,3
tchs,6,0,0,6
tcl,0,0,3,3
tcms,3,0,0,3
tcp,0,4,52,56
td,9,4,11,24
tda,0,5,0,5
tdap,0,0,1,1
tdc,0,0,1,1
tde,0,0,1,1
tdhhthh,0,0,2,2
tdi,0,1,0,1
tdk,1,0,3,4
tdks,0,0,3,3
tdm,4,0,0,4
tds,0,2,3,5
te,39,835,155,1029
tea,201,182,488,871
teaaaaam,0,1,0,1
teabag,1,0,3,4
teabags,0,6,0,6
teach,85,126,353,564
teached,0,0,3,3
teacher,197,224,339,760
teachers,45,13,127,185
teaches,1,9,26,36
teaching,34,33,166,233
teachings,14,0,14,28
teacup,0,0,5,5
teacups,0,3,2,5
teah,0,1,0,1
teaira,0,2,1,3
teairra,2,4,17,23
teak,0,0,4,4
teakwood,0,3,0,3
teal,19,6,25,50
teala,0,2,0,2
tealised,0,0,1,1
team,793,692,1980,3465
teamadam,0,1,1,2
teamamylooksbeautifull,0,7,0,7
teamandroid,0,3,0,3
teamangelica,0,1,0,1
teamate,1,1,0,2
teamates,0,0,3,3
teamavanger,0,1,0,1
teamboth,0,14,0,14
teambraxtons,0,1,0,1
teambricksquad,0,1,0,1
teambts,0,1,0,1
teambuddies,0,6,0,6
teamcamaro,0,0,2,2
teamcardialltheway,0,1,0,1
teamcardib,0,0,1,1
teamcats,0,1,0,1
teamcharcole,0,0,6,6
teamchristen,1,0,0,1
teamcoco,0,3,5,8
teamcrystalfox,8,38,0,46
teamdc,0,0,1,1
teamed,1,2,0,3
teamg,0,1,0,1
teamgalgadot,0,1,0,1
teamgarrix,0,0,2,2
teamgemini,0,1,0,1
teamgm,0,0,3,3
teamin,0,5,1,6
teaming,1,1,5,7
teamis,0,0,6,6
teamjacksdogs,0,1,0,1
teamjancy,0,0,1,1
teamkaepernick,1,0,0,1
teamkill,0,2,0,2
teamkimk,0,0,1,1
teamkratom,0,1,0,1
teamksi,0,3,1,4
teamkungs,0,0,1,1
teamlefthanded,0,1,0,1
teamliza,0,0,1,1
teamluke,0,0,1,1
teammarvel,0,1,0,1
teammate,0,2,10,12
teammates,29,2,16,47
teammelaninbaby,0,0,1,1
teammmmmwooo,0,0,3,3
teamnadinefrance,0,2,0,2
teamnatural,0,0,1,1
teamnaturalhair,0,0,1,1
teamnotfluffyspacebunnymadefortoysalesandkids,0,8,0,8
teamooo,0,1,0,1
teamooooopoderosa,0,1,0,1
teampaname,0,4,0,4
teampetite,0,0,5,5
teampoppy,0,3,0,3
teamporg,0,24,0,24
teampreggyfleur,0,0,1,1
teamriverdale,0,1,0,1
teams,134,66,310,510
teamsamsung,0,1,0,1
teamsesh,0,1,0,1
teamspeak,0,0,1,1
teamspencer,0,2,0,2
teamsport,0,1,0,1
teamstark,0,0,7,7
teamsuper,0,6,10,16
teamsuperlaurex,0,1,0,1
teamsupertramp,0,0,1,1
teamsushi,0,7,4,11
teamsushis,0,2,0,2
teamtorrei,0,1,0,1
teamuk,0,0,1,1
teamvietnam,0,1,0,1
teamweller,1,3,1,5
teamwork,5,0,6,11
tean,0,0,4,4
teantacion,1,0,0,1
teapot,0,9,3,12
teapots,2,0,0,2
tear,83,93,217,393
teardrop,0,1,3,4
teared,20,8,51,79
tearful,0,1,1,2
tearfully,0,0,1,1
tearin,3,0,1,4
tearing,35,30,57,122
tearist,0,2,0,2
tearjerking,0,1,0,1
tearri,0,2,0,2
tears,214,201,751,1166
tearstone,0,2,0,2
teary,1,24,36,61
teas,2,10,13,25
tease,14,17,17,48
teased,2,2,8,12
teaser,31,33,60,124
teaserr,1,0,0,1
teaserrr,0,1,0,1
teasers,3,3,18,24
teases,0,1,1,2
teasing,8,3,26,37
teasingly,0,0,1,1
teaspills,0,1,0,1
teaspoon,2,6,10,18
teaspoons,0,0,6,6
teat,0,0,3,3
teath,0,1,6,7
teather,3,0,0,3
teatrero,0,4,0,4
teats,0,1,3,4
teau,1,0,0,1
teavana,2,0,0,2
tebow,6,0,6,12
tebr,0,1,0,1
tebri,0,1,0,1
tebrik,0,4,0,4
tebrikler,0,3,1,4
tec,0,3,20,23
tech,118,85,313,516
techer,2,1,0,3
techers,2,0,0,2
techie,0,0,4,4
techies,0,1,0,1
techinaly,0,0,3,3
technic,1,0,0,1
technica,1,1,0,2
technical,22,5,80,107
technicality,0,1,4,5
technicallocus,0,0,1,1
technically,51,67,118,236
technicaly,0,1,0,1
technicas,0,0,1,1
technice,0,0,2,2
technician,2,0,3,5
technicians,1,0,3,4
technicolor,1,0,1,2
technics,1,0,0,1
technieken,0,0,1,1
technigger,0,1,0,1
technik,1,0,0,1
technike,0,0,1,1
technikk,0,3,0,3
technique,27,38,135,200
techniques,11,13,124,148
technische,1,0,0,1
technival,3,0,0,3
techno,5,15,16,36
technobabble,3,0,0,3
technocratts,1,0,0,1
technogy,0,0,1,1
technolgy,0,0,1,1
technolog,0,0,1,1
technologic,0,1,3,4
technological,13,0,31,44
technologically,0,0,6,6
technologiczne,0,3,0,3
technologicznego,0,3,0,3
technologie,0,0,5,5
technologies,5,2,23,30
technologorum,0,1,0,1
technology,82,82,356,520
technoon,0,4,0,4
technophile,0,0,2,2
technos,1,1,0,2
techo,2,4,0,6
techonlogy,1,0,0,1
techonolofy,0,0,1,1
techonology,0,0,6,6
techos,1,0,0,1
techpasito,0,1,0,1
techrax,0,2,0,2
techs,2,0,0,2
techtips,0,3,0,3
techtuber,0,0,4,4
teck,1,0,0,1
tecker,0,4,0,4
teckers,0,1,0,1
tecmo,1,3,5,9
tecna,0,1,0,1
tecnico,0,3,0,3
tecnicos,0,3,0,3
tecnique,0,0,3,3
tecniques,0,0,1,1
tecno,0,2,1,3
tecnol,1,0,1,2
tecnolog,0,2,0,2
tecnologia,0,2,0,2
tecnologico,0,4,0,4
tecnology,4,0,4,8
tecover,0,6,0,6
tectonic,0,9,1,10
tectonics,0,2,1,3
ted,26,76,83,185
teddy,9,43,42,94
teddyloid,1,0,0,1
teded,0,1,0,1
tedious,15,0,5,20
tediously,1,0,3,4
tedius,1,0,0,1
tedward,0,5,0,5
tee,9,26,38,73
teebs,0,0,7,7
teeeensy,0,0,5,5
teeeeth,0,0,1,1
teef,0,0,1,1
teefies,2,0,0,2
teehee,0,3,4,7
teel,0,2,0,2
teemed,0,1,0,1
teeming,0,0,6,6
teen,45,94,174,313
teenage,24,54,79,157
teenaged,0,0,5,5
teenager,35,31,109,175
teenagers,21,12,56,89
teenecoblogs,0,1,0,1
teenhood,0,0,3,3
teenies,2,0,0,2
teenpeople,0,1,0,1
teens,60,70,86,216
teensy,0,0,5,5
teenth,0,5,0,5
teenvogues,2,0,0,2
teenwolf,0,1,0,1
teeny,1,2,9,12
tees,0,6,15,21
teese,0,0,1,1
teespring,0,1,2,3
teeth,149,267,409,825
teething,0,3,12,15
teeths,4,3,2,9
teeting,4,0,0,4
teevee,0,1,2,3
teew,0,1,0,1
tefiti,0,1,0,1
teflon,0,3,1,4
tegan,0,1,1,2
tegen,0,3,0,3
tego,0,66,4,70
teh,12,6,16,34
tehdi,0,1,0,1
tehno,0,2,0,2
tehnologi,0,0,1,1
tehuacan,0,0,2,2
tehy,0,0,2,2
tehyre,1,0,0,1
tei,0,0,2,2
teigan,0,0,2,2
teigen,0,0,1,1
teilweise,0,4,0,4
teint,0,5,1,6
teinte,0,9,2,11
teir,0,0,1,1
teirra,0,0,4,4
tej,0,14,1,15
tek,0,9,0,9
teka,0,0,2,2
tekashi,1,0,0,1
teken,0,1,0,1
tekers,0,7,0,7
teki,0,3,0,3
tekiiwhaokuraou,0,1,0,1
tekken,1,12,6,19
tekker,0,0,5,5
tekkers,32,23,27,82
tekkerz,0,7,5,12
teknik,0,1,1,2
tekrarlayin,0,2,0,2
tekrijgen,0,2,0,2
tekstury,0,0,3,3
tekutaka,0,2,0,2
tel,3,7,6,16
tela,0,5,0,5
telant,0,2,0,2
telapath,1,0,0,1
telara,0,2,0,2
tele,0,7,9,16
telecast,0,1,0,1
telecom,0,1,3,4
telecommunication,0,0,2,2
telecommunications,0,0,13,13
telecoms,0,1,0,1
telecronista,0,5,0,5
teledyski,0,1,0,1
telef,0,1,0,1
telefon,0,1,0,1
telefonnummer,0,1,0,1
telegrams,0,0,1,1
telegraph,0,0,1,1
telegu,0,3,0,3
telekinesis,1,0,0,1
telekom,0,0,1,1
telemetry,0,0,18,18
telemundo,0,0,1,1
telenovela,0,1,0,1
telenovelas,0,0,3,3
telepathic,0,0,5,5
telepathically,2,0,1,3
telepathy,1,1,0,2
telephone,0,8,50,58
telephones,0,0,1,1
telephoto,0,0,2,2
teleport,10,14,18,42
teleportation,0,18,12,30
teleported,3,9,5,17
teleporter,1,5,18,24
teleporters,0,3,2,5
teleporting,0,4,1,5
teleprompter,20,2,8,30
teleprompters,0,1,0,1
telescope,4,6,5,15
telescopic,1,0,0,1
telethia,0,1,0,1
telethon,0,0,22,22
telethons,4,0,0,4
teletransporto,0,1,0,1
teletubbie,0,0,2,2
teletubbies,1,6,8,15
teletubby,0,3,0,3
teletubies,1,0,3,4
televangelist,1,0,0,1
televis,0,5,0,5
televisa,0,1,0,1
televise,0,0,1,1
televised,5,1,10,16
television,38,44,122,204
televisiones,0,1,0,1
televisivas,0,1,0,1
telewizja,0,2,0,2
telinga,0,0,1,1
telk,0,2,0,2
tell,1249,1282,3242,5773
telle,0,0,4,4
telled,0,0,1,1
tellement,3,18,2,23
teller,2,18,53,73
tellers,0,0,7,7
telles,0,0,4,4
tellez,0,0,2,2
tellin,9,6,11,26
telling,310,125,698,1133
tellinh,0,0,1,1
telll,0,1,2,3
tellll,0,1,0,1
tellme,0,2,0,2
tellmryouloveme,0,0,1,1
tells,108,64,257,429
telltale,15,3,0,18
telly,6,13,5,24
tellytubby,0,2,0,2
telm,0,0,2,2
telomeres,0,0,2,2
telsa,0,0,6,6
telstar,0,0,10,10
telusur,0,0,1,1
tely,0,0,2,2
tem,2,64,16,82
tema,5,101,7,113
temaa,0,2,0,2
temaaaaso,0,1,0,1
temaki,0,0,1,1
temarary,0,3,0,3
temas,2,16,2,20
temaso,0,9,0,9
temasoo,0,3,0,3
temasoooo,0,1,0,1
temat,0,5,0,5
tematu,0,2,0,2
tematy,0,2,0,2
tematyce,0,3,0,3
temazo,0,14,0,14
temazoo,0,1,0,1
temazooo,0,1,0,1
temazoooo,1,1,0,2
temazooooo,0,1,0,1
temazoooooo,0,1,0,1
temazoooooooooooooooo,0,1,0,1
temblar,0,3,0,3
tembling,1,0,0,1
temblo,0,1,0,1
temblor,0,1,0,1
temd,0,1,0,1
temember,0,1,0,1
temibles,0,0,2,2
temix,2,0,0,2
temler,0,3,0,3
temmie,0,0,3,3
temon,0,3,0,3
temonn,0,4,0,4
temor,0,9,0,9
temos,0,2,6,8
temp,4,9,16,29
tempah,7,0,0,7
tempatnya,0,0,1,1
tempe,0,1,7,8
temped,0,0,1,1
tempeh,0,3,0,3
temper,5,13,7,25
tempera,0,0,3,3
temperament,3,0,2,5
temperamental,0,0,5,5
temperance,1,0,2,3
temperature,19,13,49,81
temperatures,4,8,16,28
tempered,2,0,2,4
tempering,1,1,2,4
temperment,0,0,1,1
tempero,0,1,0,1
temperpedic,0,0,1,1
tempery,0,0,1,1
tempest,3,0,6,9
templar,0,2,3,5
templars,3,8,12,23
template,11,6,17,34
templates,0,0,2,2
temple,66,10,40,116
templers,0,0,2,2
temples,0,2,2,4
tempo,10,10,15,35
tempoh,0,0,1,1
temporada,0,19,0,19
temporal,3,0,0,3
temporally,1,0,0,1
temporarily,8,9,14,31
temporary,16,4,46,66
tempos,0,4,3,7
temprano,0,2,0,2
tempry,0,0,2,2
temps,7,16,5,28
tempt,0,1,5,6
temptation,4,0,16,20
temptations,2,0,6,8
tempted,9,1,76,86
tempting,2,0,4,6
tems,8,6,4,18
temsil,0,1,0,1
temsilen,0,1,0,1
temu,0,7,1,8
temuera,2,1,0,3
temui,0,3,0,3
temura,1,0,0,1
temus,0,3,0,3
ten,84,178,334,596
tenacious,1,2,16,19
tenacity,0,0,4,4
tencent,0,4,0,4
tenchi,0,1,0,1
tend,80,25,240,345
tendances,0,3,0,3
tendant,0,0,1,1
tended,4,0,6,10
tendencia,1,21,0,22
tendencias,1,26,0,27
tendencies,5,14,21,40
tendency,1,1,26,28
tendensias,0,2,0,2
tendenza,0,2,0,2
tender,29,5,12,46
tenderised,0,0,1,1
tenderloin,2,0,0,2
tenderness,0,0,9,9
tenders,10,3,1,14
tending,6,18,4,28
tendinitis,0,7,0,7
tendonitis,7,0,1,8
tendr,3,16,0,19
tendra,2,0,0,2
tendran,0,3,0,3
tendre,0,3,0,3
tendria,0,4,0,4
tendrian,1,0,0,1
tends,13,4,44,61
tendu,0,0,2,2
tene,0,1,0,1
teneis,0,3,0,3
teneit,0,6,0,6
tenemos,0,18,2,20
tenen,0,1,0,1
tenencias,0,1,0,1
tener,0,56,5,61
tenerlos,0,1,0,1
tenerte,0,5,0,5
tenervi,0,5,0,5
tenes,0,1,0,1
tenfold,1,0,0,1
tenga,0,18,7,25
tengan,0,10,3,13
tengas,0,1,0,1
tenggara,0,0,1,1
tengo,6,90,6,102
tengono,0,2,0,2
tenha,0,5,0,5
tenho,1,14,0,15
tenia,0,18,0,18
teniamos,0,2,0,2
tenian,0,1,0,1
tenias,0,1,0,1
tenido,0,7,0,7
teniendo,0,4,0,4
tenis,0,0,2,2
tenminste,0,1,0,1
tennager,4,0,0,4
tennant,1,2,1,4
tennehill,0,0,6,6
tennement,0,0,4,4
tennesee,0,1,0,1
tennessee,4,8,34,46
tennis,14,25,60,99
tenny,0,1,0,1
tennyson,0,0,2,2
tenons,0,0,1,1
tenor,0,0,3,3
tenou,0,4,0,4
tenpenny,0,1,0,1
tens,8,7,42,57
tense,46,0,20,66
tenshi,0,0,1,1
tensile,0,0,2,2
tensing,0,0,2,2
tension,19,11,72,102
tensions,0,2,6,8
tent,8,0,15,23
tentaci,0,0,1,1
tentacion,1,2,0,3
tentacle,3,2,3,8
tentacles,0,4,0,4
tentando,0,2,0,2
tentative,0,1,5,6
tentatively,2,0,0,2
tentativeness,0,0,1,1
tentcion,0,0,1,1
tenterden,0,2,0,2
tentez,0,0,4,4
tenth,1,6,5,12
tenths,0,1,0,1
tentoin,0,0,6,6
tents,1,0,15,16
tenue,0,0,1,1
tenues,0,1,0,1
tenuous,0,1,0,1
tenze,0,0,1,1
teo,1,25,0,26
teong,0,0,1,1
teori,0,0,2,2
teoria,0,0,8,8
teories,0,1,0,1
teotihuac,0,0,2,2
teotihuacan,0,1,3,4
teouble,0,0,1,1
tep,0,0,1,1
tepid,0,0,3,3
tepip,0,0,1,1
tepki,0,6,0,6
tepper,0,0,3,3
tequarius,1,0,0,1
teque,0,0,2,2
tequila,5,15,5,25
tequilla,0,4,0,4
ter,0,37,34,71
tera,2,3,1,6
terabithia,0,2,0,2
terabyte,0,3,0,3
terabytes,1,0,0,1
teraform,0,0,4,4
teraforming,0,0,4,4
teragon,0,0,6,6
terai,0,0,1,1
terainium,0,0,2,2
terajoule,0,0,1,1
terajoules,0,0,2,2
terapi,0,2,0,2
terapii,0,2,0,2
terapist,0,0,1,1
terapy,0,6,0,6
teraz,0,18,0,18
tercer,0,4,0,4
tercera,0,1,0,1
tercertriplete,0,5,0,5
tercos,0,1,0,1
terd,0,1,2,3
terdggsgewrjd,0,7,0,7
terecht,0,0,1,1
terelle,5,0,0,5
teremoana,0,0,1,1
terence,0,1,0,1
terendin,0,1,0,1
teres,0,4,0,4
teresa,8,15,12,35
terets,0,0,2,2
teria,0,1,0,1
terible,1,2,0,3
terima,0,13,0,13
teritama,0,0,3,3
teriyaki,0,1,1,2
terlallu,3,0,0,3
terlalu,0,0,2,2
terlihat,0,1,0,1
term,88,31,256,375
termed,3,0,0,3
termin,1,2,1,4
termina,0,3,0,3
terminal,16,5,13,34
terminally,2,0,6,8
terminals,0,0,8,8
terminan,0,3,0,3
terminar,0,9,0,9
terminate,3,1,1,5
terminated,0,0,2,2
terminates,0,0,1,1
terminating,0,0,1,1
termination,3,0,2,5
terminator,11,11,9,31
terminatrix,0,0,2,2
termine,0,3,0,3
terminen,0,3,0,3
terming,3,0,0,3
terminologies,3,0,0,3
terminology,15,0,11,26
termites,4,2,1,7
termocouple,0,1,0,1
termopilas,0,2,0,2
terms,58,32,253,343
tern,6,1,0,7
ternding,0,1,0,1
ternelle,6,0,0,6
ternit,0,2,0,2
ternura,0,1,0,1
ternyata,0,1,0,1
teroris,0,3,0,3
terorism,0,1,0,1
terorist,0,5,0,5
terorists,0,1,0,1
terpenting,0,0,2,2
terpercaya,0,0,1,1
terpisah,0,0,1,1
terr,0,2,0,2
terra,0,2,1,3
terrace,0,0,4,4
terracotta,0,0,1,1
terraform,0,0,1,1
terraforming,2,0,2,4
terraiffic,0,1,0,1
terrain,0,8,12,20
terrance,1,1,0,2
terraria,9,0,2,11
terrarium,0,2,0,2
terrariums,0,0,6,6
terrble,6,0,0,6
terre,0,5,0,5
terrel,0,0,1,1
terrell,3,0,1,4
terremoto,0,3,0,3
terrence,0,3,5,8
terreno,0,4,0,4
terrerorism,0,0,4,4
terrestorial,0,2,0,2
terrestrial,3,1,3,7
terri,0,2,6,8
terribad,1,0,0,1
terrible,1073,13,234,1320
terribleness,1,0,0,1
terribles,2,0,0,2
terribly,49,1,39,89
terribur,0,1,0,1
terrier,3,3,4,10
terriers,0,8,0,8
terrific,8,8,28,44
terrified,55,25,104,184
terrifies,1,2,5,8
terrifing,1,1,0,2
terrify,3,3,2,8
terrifying,136,2,48,186
terrifyingly,3,0,7,10
terrill,0,0,2,2
terrioties,0,1,0,1
terrist,1,0,0,1
territorial,0,0,10,10
territories,1,5,9,15
territorio,0,1,0,1
territorios,1,0,0,1
territority,0,0,2,2
territory,14,22,35,71
terroist,3,0,0,3
terror,68,52,94,214
terrorim,2,0,0,2
terrorise,5,0,0,5
terrorising,0,3,1,4
terrorism,86,68,93,247
terrorisom,0,0,3,3
terrorist,170,189,162,521
terroristic,1,1,0,2
terrorists,131,73,78,282
terrorize,0,0,2,2
terrorized,1,0,1,2
terrorizes,0,0,1,1
terrorizing,2,0,11,13
terrors,2,2,9,13
terrribleeee,1,0,0,1
terrror,5,0,0,5
terrrorists,0,2,0,2
terrrrible,0,2,0,2
terrrrrriiiiiibllllleeeeeeeeeeeeeeeeeeeee,0,0,1,1
terry,46,44,208,298
terryfing,3,0,0,3
terryfold,0,4,0,4
terryfying,0,4,0,4
terrys,0,0,1,1
tersirat,0,0,1,1
tertiary,3,0,0,3
terug,0,1,0,1
terus,0,4,0,4
teruteru,0,1,0,1
terza,0,5,0,5
tes,0,55,26,81
tescilli,0,2,0,2
tesco,12,25,36,73
tescos,0,1,0,1
tesla,52,138,147,337
teslahydra,0,1,0,1
tesops,0,0,4,4
tesoros,0,0,1,1
tess,0,5,22,27
tessa,3,17,13,33
tessellate,7,0,0,7
tessellation,0,1,0,1
tesseract,0,0,2,2
tessie,0,0,2,2
test,240,271,715,1226
testable,0,0,1,1
testament,10,0,15,25
teste,0,1,1,2
tested,28,31,88,147
testen,0,6,0,6
testent,0,3,0,3
tester,3,0,5,8
testerday,0,0,4,4
testers,7,6,3,16
testesteron,0,1,0,1
testicals,0,1,0,1
testicle,3,2,2,7
testicles,6,19,9,34
testified,1,0,0,1
testifies,14,0,0,14
testify,15,3,10,28
testifying,0,0,1,1
testimonia,0,5,0,5
testimonial,0,0,5,5
testimonials,0,0,1,1
testimonies,0,0,3,3
testimony,5,1,39,45
testing,54,38,125,217
testings,0,0,5,5
testis,1,0,0,1
testor,3,0,0,3
testosterone,5,1,36,42
tests,33,18,94,145
testy,1,8,0,9
tesuda,0,1,0,1
teswlt,0,1,0,1
tetanus,0,1,0,1
tetap,0,0,1,1
tetas,0,3,0,3
tether,0,1,0,1
tethered,0,0,2,2
tethering,0,0,2,2
tetikliyor,0,2,0,2
tetracycline,1,0,0,1
tetraflouride,0,5,0,5
tetrahedron,1,3,1,5
tetrahedrons,2,2,1,5
tetris,4,3,1,8
tetszik,0,4,0,4
teu,0,6,0,6
teufel,0,0,2,2
teva,0,0,2,2
teven,0,1,0,1
tevens,0,1,0,1
tew,2,3,8,13
tewi,0,1,0,1
tex,0,0,13,13
texan,2,0,2,4
texans,0,1,1,2
texas,84,75,176,335
texmex,0,0,3,3
text,63,77,181,321
textbook,3,5,15,23
textbooks,5,1,4,10
textbox,0,0,1,1
texted,1,4,8,13
textile,0,0,1,1
textiles,4,0,0,4
texting,8,11,14,33
textless,0,0,1,1
texto,0,0,2,2
textopolis,0,0,2,2
texts,17,1,14,32
textura,0,6,0,6
texture,20,17,146,183
textured,3,1,54,58
textures,14,3,74,91
texus,0,1,0,1
teyana,1,3,0,4
teyla,0,0,1,1
tez,0,8,0,8
tf,126,246,169,541
tfa,4,0,6,10
tfatk,0,0,2,2
tfc,0,0,2,2
tfcgy,1,0,0,1
tfdyhibffhh,0,2,0,2
tfen,0,7,0,7
tfest,2,0,0,2
tff,0,1,0,1
tfk,0,0,2,2
tfl,56,8,60,124
tforget,0,0,1,1
tforgetyoutroots,0,0,2,2
tfs,0,0,37,37
tfw,4,8,13,25
tg,2,8,38,48
tgbuygy,0,0,2,2
tge,5,10,19,34
tgen,0,0,2,2
tget,0,0,2,2
tgey,0,0,2,2
tgfc,0,1,0,1
tgi,5,0,1,6
tgif,0,0,1,1
tgis,0,1,2,3
tgns,0,0,5,5
tgod,2,2,0,4
tgr,0,0,2,2
tgsnt,0,1,0,1
tgt,0,0,4,4
tgts,0,0,1,1
th,458,1128,1160,2746
tha,19,24,55,98
thaaaaaaank,1,0,0,1
thaaaaaat,0,0,1,1
thaaaaat,0,2,0,2
thaaaaats,2,0,0,2
thaaaaatttt,0,1,0,1
thaaaanks,0,1,7,8
thaaaat,0,0,4,4
thaaanks,2,0,0,2
thaaat,1,0,3,4
thaad,5,2,11,18
thaanks,0,0,5,5
thaankyou,0,2,0,2
thab,0,2,0,2
thabk,0,8,1,9
thabks,0,2,1,3
thad,2,1,2,5
thae,0,4,1,5
thaf,1,0,0,1
thag,0,0,3,3
thai,24,24,46,94
thaiahgase,0,0,1,1
thailan,0,1,0,1
thailand,10,26,39,75
thailands,0,1,0,1
thair,0,1,1,2
thais,0,0,1,1
thak,0,0,4,4
thaka,0,2,0,2
thalaivaa,0,2,0,2
thalamus,3,0,0,3
thales,0,1,0,1
thalia,0,8,0,8
tham,1,0,0,1
thames,9,7,10,26
thamesmead,0,1,0,1
thamkyou,0,3,0,3
than,2307,819,10166,13292
thanatophobia,1,0,0,1
thancc,0,1,0,1
thancks,0,0,2,2
thandie,0,2,0,2
thandiwey,1,0,0,1
thang,6,9,29,44
thangs,0,1,2,3
thanh,0,1,0,1
thank,1061,2261,7872,11194
thanked,0,3,13,16
thankeyou,0,0,8,8
thankful,42,16,123,181
thankfull,0,1,6,7
thankfully,17,18,74,109
thankfulness,0,0,1,1
thankies,0,0,2,2
thanking,4,5,30,39
thankkkqqqquueaahh,0,0,5,5
thankmelater,0,1,0,1
thankq,0,0,5,5
thankqqqq,0,1,0,1
thanks,527,37,6800,7364
thanksgiving,7,9,26,42
thankss,0,0,4,4
thanksss,0,1,0,1
thankssss,0,0,2,2
thanksssss,0,0,1,1
thanksssssss,0,1,0,1
thanksx,0,1,0,1
thanku,0,2,4,6
thankuuuuuu,0,1,0,1
thankx,0,0,2,2
thankyou,21,30,170,221
thankyoukevin,0,1,0,1
thankyousomuch,0,4,0,4
thankyoutraceeiloveyou,0,0,2,2
thankyouuuuuuuu,0,5,0,5
thankyouverymuch,0,0,1,1
thankz,0,1,0,1
thanmy,0,0,6,6
thanniversary,0,0,1,1
thannks,0,0,1,1
thanos,0,12,7,19
thanqqqq,0,1,0,1
thanqqqqq,0,0,3,3
thans,1,0,0,1
thanx,8,12,54,74
thanynk,0,1,0,1
thanyou,0,1,0,1
thaon,0,0,1,1
thar,6,1,3,10
thararawrai,0,3,0,3
thare,0,0,1,1
thargoid,5,7,6,18
thargoids,5,2,14,21
thas,1,1,8,10
thass,0,1,1,2
thassa,0,0,2,2
thasss,0,0,2,2
that,27862,19869,76827,124558
thata,0,3,0,3
thatai,0,2,0,2
thataintrih,0,0,1,1
thataylaa,0,2,12,14
thatbeakfoot,0,2,0,2
thatbis,0,0,1,1
thatcher,7,8,2,17
thatchers,5,0,0,5
thatchure,0,5,0,5
thatd,0,1,6,7
thatey,0,0,1,1
thatguy,0,1,0,1
thathairtho,0,1,0,1
thati,3,0,0,3
thatl,1,0,0,1
thatll,4,0,0,4
thatname,0,1,0,1
thatns,0,0,1,1
thatoneblondkid,0,2,2,4
thatphototho,0,2,0,2
thatpoppy,0,0,2,2
thatr,0,0,2,2
thats,639,510,1250,2399
thatsaproblem,0,1,0,1
thatsdirty,0,0,1,1
thatshowloveworks,0,0,5,5
thatsmycheck,0,0,1,1
thatsss,0,0,1,1
thatsunday,0,0,4,4
thatsweezer,0,0,2,2
thatswhenyouknowybntakinover,0,1,0,1
thatt,0,0,3,3
thatttttttt,0,0,1,1
thatwastgreat,0,1,0,1
thatyoutub,0,1,0,1
thatz,0,1,0,1
thaught,0,0,13,13
thaw,2,1,0,3
thawed,3,0,0,3
thaws,0,2,0,2
thax,7,0,0,7
thay,7,6,24,37
thayer,0,0,1,1
thaz,2,0,0,2
thbak,3,0,0,3
thc,1,3,2,6
thd,0,2,3,5
the,81447,68391,234368,384206
thea,0,1,0,1
theads,0,0,1,1
theae,5,0,0,5
theamaazing,1,0,1,2
theamed,0,5,3,8
thear,0,1,0,1
thearter,0,3,0,3
theat,0,0,2,2
theater,44,44,141,229
theaterised,0,0,5,5
theaters,13,27,71,111
theathers,0,0,1,1
theatre,36,22,184,242
theatres,9,8,17,34
theatric,1,0,0,1
theatrical,6,1,26,33
theatrics,6,0,0,6
theb,3,0,0,3
thebakeey,0,1,0,1
theban,0,0,5,5
thebans,0,0,4,4
thebe,0,0,1,1
thebes,3,2,10,15
thebest,1,1,0,2
thebestever,0,0,1,1
thebestforyou,0,0,1,1
thebestsinger,0,0,1,1
thebitblock,0,0,4,4
thebomb,0,0,1,1
thebookswerebetter,0,1,0,1
thebrunoeffect,0,0,1,1
thec,0,3,0,3
thecoldneverbotheredmeanyway,0,2,0,2
thecount,0,0,1,1
thed,0,1,1,2
thedarkertheberrythesweeterthejuiceboo,0,0,1,1
thedeuce,0,1,0,1
thee,8,21,60,89
theee,0,1,0,1
theeee,1,0,1,2
theeeee,3,0,0,3
theeeeeeeee,0,0,2,2
theeeeeeeeeeeeee,1,0,0,1
theeeeeeeeeeeeeeeee,0,7,0,7
theeeeeem,0,0,1,1
theeeeeese,0,1,0,1
theeeeese,0,0,7,7
theeese,0,1,0,1
theellenshow,0,0,2,2
theepicnessisreal,0,1,0,1
theere,0,2,0,2
thees,4,0,0,4
theese,0,1,27,28
theesssee,0,1,0,1
theeta,0,6,0,6
theeth,0,1,5,6
theexampleoftalented,0,1,0,1
thefake,0,1,0,1
thefatrat,0,1,0,1
thefloorislava,0,1,0,1
theft,16,26,35,77
thefuckenmubthatsmygirlbynoldzajelena,0,2,0,2
thefuckenmubtomthatsnotehatslooklikebynoldzajelena,0,1,0,1
thefuckkk,0,0,1,1
theg,0,0,5,5
thegabbieshow,2,5,2,9
thegabbieshows,0,0,1,1
thegabbyshow,0,0,1,1
thegoat,0,0,1,1
thegoodplace,0,0,1,1
theh,0,2,0,2
thehamsterdance,0,1,0,1
thehaters,0,0,1,1
thei,1,0,0,1
theif,1,2,2,5
theifs,0,1,0,1
theiore,0,1,0,1
their,3436,1529,9151,14116
theirs,44,14,98,156
theirselfs,0,1,0,1
theis,0,0,3,3
theistic,0,0,1,1
theists,0,5,0,5
theive,5,0,0,5
theives,0,7,0,7
thejoshuathreetour,0,1,0,1
thejoshuatreetour,0,1,0,1
thejwhshje,0,1,0,1
thek,3,3,4,10
thekla,0,0,1,1
thelastgospelofthekingdom,0,0,3,3
thelike,0,1,0,1
thelisttv,0,0,2,2
thell,2,0,0,2
thelma,1,0,0,1
thelogicase,0,0,2,2
them,4125,2521,12307,18953
thema,1,0,0,1
themad,0,1,0,1
theman,0,0,1,1
thematchaflavored,0,0,2,2
thematic,0,1,5,6
thematics,1,0,0,1
themauryshowofficial,0,0,1,1
themazerunner,0,1,0,1
themd,0,2,0,2
theme,108,236,410,754
themed,29,258,149,436
themepark,0,0,1,1
themes,23,12,75,110
themesciran,0,0,1,1
themixing,0,3,0,3
themm,0,2,1,3
themmm,0,0,1,1
themmmmm,0,5,2,7
themmmmmm,0,0,1,1
themode,0,1,0,1
themoreyouknow,1,2,1,4
thempadme,0,0,1,1
thems,0,0,6,6
themseleves,0,0,1,1
themself,7,1,8,16
themselfes,1,0,0,1
themselfs,2,0,2,4
themselve,0,1,0,1
themselves,355,76,746,1177
themthe,0,5,0,5
themyscira,3,5,1,9
then,3242,1681,8191,13114
thenanny,0,1,0,1
thenbigntin,0,1,0,1
thenews,1,0,0,1
thenit,0,1,0,1
thenn,1,0,0,1
thenomadbarber,0,1,0,1
thenselves,5,0,0,5
theo,1,44,14,59
theocracy,0,0,2,2
theocratic,6,0,0,6
theoctoberedit,0,0,5,5
theodd,0,16,9,25
theoddonesout,0,1,0,1
theodds,0,0,1,1
theodore,0,6,3,9
theologian,0,0,8,8
theological,0,0,3,3
theology,0,0,4,4
theon,2,0,2,4
theonion,0,0,1,1
theonlyquez,0,1,0,1
theood,0,0,1,1
theooooooo,0,0,1,1
theophilis,1,0,0,1
theor,0,2,1,3
theorectal,1,0,0,1
theorem,3,5,6,14
theoretical,12,1,43,56
theoretically,3,1,19,23
theorie,0,1,5,6
theories,34,21,84,139
theorise,0,0,3,3
theorised,0,0,1,1
theorising,0,5,0,5
theorist,4,4,14,22
theorists,12,7,20,39
theorize,2,3,5,10
theorized,0,1,1,2
theorizer,0,1,2,3
theorizing,3,0,1,4
theory,231,260,574,1065
theorys,0,1,1,2
theoryyy,0,1,0,1
theotherway,0,0,3,3
theought,1,0,0,1
theoverreatinapplebitch,1,0,0,1
theprettyway,0,1,0,1
thepunisher,1,1,0,2
ther,22,1,10,33
therapeutic,5,1,32,38
theraphosinae,0,1,0,1
theraphy,0,0,11,11
therapies,4,0,2,6
therapist,36,20,66,122
therapists,9,0,9,18
theraputic,0,2,0,2
theraputics,0,0,2,2
therapy,59,42,197,298
therd,0,1,0,1
there,5488,3965,14664,24117
thereabouts,0,0,2,2
thereafter,2,0,8,10
therealsamsmith,0,0,1,1
therealsullyg,0,0,1,1
thereby,14,2,11,27
theredrangerisinstrangerthingsseason,0,0,1,1
theree,1,0,1,2
thereee,0,0,1,1
therefor,3,0,13,16
therefore,70,27,186,283
therein,0,0,6,6
thereis,0,0,1,1
thereligionofpeace,0,0,1,1
theremins,0,1,0,1
thereof,1,1,11,13
thereoy,0,2,0,2
thereportoftheweek,2,3,4,9
therepy,0,0,1,1
therer,1,0,0,1
theres,74,108,255,437
theresa,55,24,41,120
therest,0,0,3,3
therethe,0,0,1,1
therez,0,1,0,1
therfore,5,0,6,11
theripast,0,0,1,1
therir,0,0,1,1
thermal,5,10,7,22
therman,1,4,0,5
thermite,3,0,3,6
thermo,0,0,2,2
thermocouple,0,1,0,1
thermodynamically,0,0,1,1
thermoelectric,0,1,0,1
thermometer,0,8,9,17
thermometers,0,1,0,1
thermopylae,0,0,3,3
thermos,0,0,4,4
thermostat,0,1,2,3
thermyscira,0,0,1,1
theroize,0,0,1,1
theron,0,1,3,4
therory,1,0,2,3
theros,0,0,1,1
theroux,0,6,3,9
theroy,5,0,4,9
therpist,0,0,2,2
therpy,0,0,2,2
therr,0,1,4,5
therre,6,0,0,6
thers,0,4,1,5
thersals,0,1,0,1
theruiner,0,0,2,2
thery,0,4,0,4
thes,1,0,5,6
these,3387,2377,9518,15282
theseee,0,7,8,15
theseeee,0,5,0,5
theseeeee,0,0,4,4
theses,9,12,34,55
theseshashtagsarebothlongandkindaannoying,0,1,0,1
thesetup,0,1,0,1
thesheepcult,0,1,0,1
theshitstormiscoming,2,0,0,2
theshowmustgoon,0,0,4,4
thesis,2,51,26,79
theslayisreal,0,0,1,1
theslayisrealhunty,0,0,1,1
thespian,0,3,0,3
thessalhydra,1,2,2,5
thessalonians,13,0,5,18
thesselhydra,0,0,1,1
thestral,1,3,1,5
thestrals,0,5,1,6
theswedishway,0,0,1,1
thet,1,1,3,5
theta,2,0,1,3
thetinateam,0,1,0,1
thets,0,0,1,1
theu,0,0,2,2
theunderdogs,0,2,0,2
theundertaker,0,1,0,1
thevoice,0,0,1,1
thewalkingdead,0,1,0,1
thewin,0,1,0,1
theworld,0,1,0,1
they,11795,6862,28850,47507
theybare,0,0,3,3
theycan,0,0,2,2
theyd,1,0,5,6
theyll,1,1,5,7
theyneedtheirownshow,0,0,1,1
theynwere,1,0,0,1
theyr,0,2,1,3
theyre,36,36,150,222
theys,0,0,1,1
theyslayedthou,0,0,1,1
theyve,0,0,11,11
theyyyy,3,0,0,3
theze,0,0,1,1
thgallium,0,5,0,5
thh,0,3,0,3
thhannnn,0,0,1,1
thhe,0,1,8,9
thhee,0,1,0,1
thhhh,0,0,2,2
thhhhaaatt,0,2,0,2
thhhhhiiiiinnnnng,0,0,1,1
thhii,1,0,0,1
thhis,2,0,0,2
thhouse,0,0,1,1
thhrrooougghh,0,6,0,6
thi,3,6,15,24
thia,2,0,5,7
thiago,0,0,13,13
thic,0,6,0,6
thicc,16,63,7,86
thiccc,0,6,0,6
thicccc,0,5,0,5
thiccccc,0,2,0,2
thiccccccccc,0,2,0,2
thicccccccccc,0,3,0,3
thiccccccccccccc,0,2,0,2
thiccccccccccccccccccccccccccccccccccccccccccccccccccccccc,0,1,0,1
thiccest,0,0,3,3
thicck,0,3,0,3
thicckkk,0,1,0,1
thiccness,0,0,1,1
thick,188,2,166,356
thicke,0,1,3,4
thicken,0,2,11,13
thickened,0,0,6,6
thickening,0,5,7,12
thickens,0,0,1,1
thicker,6,8,48,62
thickest,1,0,0,1
thickkkk,0,2,0,2
thickness,3,7,18,28
thickwit,1,0,0,1
thid,9,0,1,10
thie,0,1,0,1
thief,14,7,23,44
thiefes,0,2,0,2
thiefs,1,0,3,4
thier,33,7,44,84
thierry,1,9,0,10
thiers,0,1,0,1
thies,1,0,0,1
thiesman,0,1,0,1
thievery,1,0,2,3
thieves,29,13,28,70
thievin,6,0,1,7
thieving,3,0,1,4
thig,0,1,6,7
thigh,4,28,61,93
thighmou,0,0,2,2
thighs,6,3,58,67
thight,2,0,0,2
thihs,0,0,1,1
thiiiid,0,0,1,1
thiiiiiiink,0,1,0,1
thiiiiiiis,0,1,0,1
thiiiiiing,0,0,1,1
thiiiiis,0,1,0,1
thiiiiiss,0,1,0,1
thiiiis,1,1,2,4
thiiiissss,4,0,0,4
thiiiisssssssssssssssssss,1,0,0,1
thiiis,0,0,1,1
thiiisss,0,1,0,1
thiing,0,0,3,3
thiings,0,0,1,1
thiinnkkk,1,0,0,1
thiis,0,0,8,8
thiisss,0,1,0,1
thijs,0,0,1,1
thiller,0,1,0,1
thim,0,0,11,11
thimb,0,2,0,2
thin,145,3,116,264
thindercat,0,0,3,3
thine,5,4,11,20
thing,2148,1480,6566,10194
thingd,0,1,0,1
thingee,0,1,0,1
thinger,1,0,0,1
thingg,1,0,0,1
thinggg,0,0,2,2
thingggg,0,0,1,1
thinggssssss,0,0,1,1
thingie,0,0,9,9
thingies,1,2,3,6
thinging,0,2,0,2
thingking,0,0,1,1
things,1651,737,5244,7632
thingss,0,0,1,1
thingsthatmakeugohmmm,3,0,0,3
thingthinghtingthingthing,0,0,2,2
thingy,31,30,41,102
thingys,1,0,0,1
think,4128,2891,13572,20591
thinkabada,0,1,0,1
thinkabout,0,0,1,1
thinked,0,0,4,4
thinker,8,4,9,21
thinkers,0,0,4,4
thinki,1,0,0,1
thinkin,4,4,28,36
thinking,494,342,1577,2413
thinkingum,0,0,4,4
thinkkkk,0,1,0,1
thinkmi,0,0,1,1
thinkng,0,0,1,1
thinkoutloud,0,0,2,2
thinkpads,0,0,1,1
thinks,349,302,639,1290
thinkwhat,0,0,3,3
thinkyouknowmusic,0,14,0,14
thinling,0,0,1,1
thinly,7,0,7,14
thinner,3,16,41,60
thinness,1,0,7,8
thinnest,6,1,0,7
thinning,1,3,4,8
thins,0,2,14,16
thint,0,0,1,1
thinx,0,1,0,1
thir,0,2,0,2
thira,0,0,7,7
third,123,145,438,706
thirdly,1,0,8,9
thirds,7,6,21,34
thirdstory,0,9,4,13
thire,0,0,2,2
thirion,3,0,0,3
thirlwall,4,3,0,7
thirst,6,3,16,25
thirsty,23,10,27,60
thirteen,2,3,42,47
thirteenth,3,5,2,10
thirties,0,0,7,7
thirty,17,4,19,40
this,28469,29368,88742,146579
thisa,0,2,0,2
thisade,0,0,4,4
thisbe,0,2,0,2
thiscommentwillgetnolikes,0,1,0,1
thise,7,3,1,11
thisfamilyisforever,0,1,0,1
thisis,0,4,0,4
thisnis,0,1,0,1
thisnsong,0,0,1,1
thisprincesssavesherself,0,0,1,1
thiss,0,13,16,29
thissa,0,2,0,2
thisso,0,0,1,1
thissong,0,0,1,1
thissongdeservedit,0,0,1,1
thisss,2,12,33,47
thissss,3,12,6,21
thisssss,0,4,12,16
thissssss,0,1,1,2
thisssssss,0,0,1,1
thissssssss,0,0,1,1
thisssssssss,0,0,1,1
thissssssssss,0,5,0,5
thist,0,0,2,2
thisty,0,3,0,3
thisvideo,1,0,0,1
thiszszzzssss,0,1,0,1
thiught,0,2,1,3
thiw,0,1,0,1
thix,0,2,0,2
thiz,3,1,1,5
thizx,0,2,0,2
thizz,0,3,0,3
thk,1,1,3,5
thkng,1,0,0,1
thks,3,0,0,3
thkse,0,0,4,4
thlip,0,3,0,3
thm,7,6,2,15
thmart,0,0,1,1
thn,0,0,11,11
thnaks,0,0,1,1
thneed,0,1,0,1
thng,0,0,1,1
thnk,0,1,10,11
thnks,2,5,3,10
thnku,0,0,1,1
thnkx,0,0,2,2
thnx,1,7,13,21
thnxx,0,0,7,7
tho,370,1060,1275,2705
thocc,0,1,0,1
thodugh,0,1,0,1
thoe,1,6,7,14
thoery,0,1,0,1
thoes,8,2,14,24
thoght,0,1,2,3
thoh,0,5,0,5
thoight,0,0,1,1
tholuo,0,0,3,3
thom,8,38,30,76
thomas,14,83,83,180
thomases,0,0,1,1
thomasin,0,1,0,1
thombnail,0,1,0,1
thombstone,0,1,0,1
thome,0,0,1,1
thompson,22,19,10,51
thoms,0,0,2,2
thomson,0,0,6,6
thon,0,3,1,4
thong,0,9,13,22
thongs,4,13,19,36
thontrending,0,1,0,1
thontrendingcongrats,0,1,0,1
thoo,6,9,10,25
thooo,1,11,18,30
thoooo,3,21,8,32
thooooo,0,14,1,15
thoooooo,0,2,0,2
thooooooo,0,1,2,3
thooooooooo,0,0,3,3
thoooooooooo,0,2,0,2
thoooooooose,0,1,0,1
thooooooose,0,1,0,1
thoooooose,0,0,1,1
thoose,0,3,8,11
thoot,0,1,0,1
thooth,3,0,0,3
thoouugghhh,0,0,1,1
thor,22,21,44,87
thorax,0,0,1,1
thorburnt,1,0,0,1
thorgan,1,7,1,9
thorium,0,0,3,3
thorn,1,0,1,2
thornaby,0,0,2,2
thornazi,1,0,0,1
thornberry,0,0,1,1
thorne,6,22,14,42
thornes,0,1,0,1
thorns,0,0,2,2
thornton,0,1,4,5
thorny,0,2,0,2
thoros,9,4,0,13
thorough,4,3,62,69
thoroughly,2,5,94,101
thorpe,0,10,1,11
thorts,0,0,2,2
thorugh,0,0,5,5
thorwing,0,0,1,1
thory,1,1,0,2
thos,4,6,10,20
thosd,0,0,2,2
those,2389,1793,6310,10492
thosegoodoldays,0,0,1,1
thoses,5,2,8,15
thot,24,58,212,294
thoth,2,0,0,2
thots,6,18,10,34
thotted,0,0,5,5
thotties,0,0,6,6
thottish,0,0,1,1
thotty,1,1,0,2
thottywise,0,1,0,1
thoty,0,1,0,1
thou,26,27,53,106
thoufh,1,0,0,1
thoug,0,0,2,2
thougghhh,0,0,2,2
though,1038,813,4223,6074
thoughhh,0,0,7,7
thoughhhh,0,1,0,1
thoughhhhh,0,0,4,4
thoughmatt,0,0,1,1
thoughs,0,2,0,2
thought,1727,2261,4748,8736
thoughtful,1,0,54,55
thoughtfulness,0,0,6,6
thoughtless,1,1,6,8
thoughtout,0,0,2,2
thoughts,203,81,668,952
thoughtsandprayers,0,0,3,3
thoughty,0,0,8,8
thougt,1,4,2,7
thougth,1,0,0,1
thound,0,2,0,2
thounge,0,0,1,1
thounsands,0,0,1,1
thourgh,1,0,0,1
thousand,59,69,180,308
thousands,102,40,222,364
thousandth,0,2,0,2
thousens,1,0,0,1
thouth,0,0,3,3
thouugh,0,1,0,1
thouuuuu,4,0,0,4
thow,0,1,1,2
thowsands,1,0,0,1
thoyght,0,4,0,4
thoz,0,1,0,1
thp,0,0,1,1
thps,1,0,0,1
thq,2,1,5,8
thr,9,27,11,47
thrak,0,1,1,2
thrash,0,0,3,3
thrashed,6,0,10,16
thrasher,1,0,0,1
thrashing,11,0,5,16
thrawn,0,1,1,2
thread,10,9,38,57
threadbanger,4,6,6,16
threadbangers,1,0,0,1
threaded,4,4,6,14
threading,0,0,2,2
threadlocker,0,0,1,1
threadripper,0,0,1,1
threads,3,0,4,7
threadveins,0,0,3,3
threat,61,27,99,187
threatbanger,0,1,0,1
threaten,6,4,23,33
threatened,24,3,45,72
threatening,29,15,33,77
threatens,2,2,5,9
threath,0,6,0,6
threathened,0,0,4,4
threats,22,6,31,59
thred,0,1,0,1
thredup,0,1,0,1
three,285,260,1039,1584
threeeee,0,2,0,2
threeeeeee,0,1,0,1
threehundred,0,1,0,1
threenager,0,6,7,13
threenagers,1,0,0,1
threes,4,0,0,4
threescore,28,0,0,28
threesome,0,6,3,9
threesomes,0,1,2,3
threeway,6,0,38,44
threre,0,1,0,1
threshold,5,1,8,14
threstrals,0,1,0,1
threw,113,103,205,421
threwout,1,0,0,1
thrice,1,1,9,11
thrices,0,1,0,1
thrie,0,0,1,1
thrift,8,7,38,53
thrifted,0,4,9,13
thrifting,12,3,27,42
thrifty,0,0,1,1
thrill,1,8,23,32
thrilled,5,0,92,97
thriller,24,23,44,91
thrilling,1,0,38,39
thrills,0,5,7,12
thrive,1,2,31,34
thrives,0,0,6,6
thriving,3,9,17,29
thro,1,0,2,3
throat,55,32,73,160
throated,0,0,1,1
throating,5,0,0,5
throats,11,3,18,32
throb,0,0,3,3
throbbe,0,1,0,1
throbbing,2,1,5,8
throbs,0,0,1,1
throe,0,1,2,3
throes,0,0,1,1
throne,20,22,20,62
thrones,228,3,111,342
thronesesque,5,0,0,5
throoooouuuggghhh,0,1,0,1
throphies,0,1,0,1
throphy,0,2,0,2
throts,3,0,0,3
throttle,1,2,6,9
throttled,1,0,0,1
throu,0,0,3,3
througgghhhhhh,0,2,0,2
through,1143,688,4004,5835
throughly,0,0,6,6
throughout,112,48,393,553
throughput,0,0,4,4
throughs,0,1,5,6
throught,0,2,11,13
throughting,0,0,1,1
througout,1,1,0,2
througt,0,1,0,1
throuple,0,0,1,1
throw,223,234,422,879
throwable,1,0,0,1
throwaway,4,0,15,19
throwback,7,18,66,91
throwbackcringe,0,6,0,6
throwbacks,0,1,3,4
throwdown,0,1,4,5
throwed,0,0,1,1
thrower,0,1,3,4
throwin,2,2,0,4
throwing,91,67,185,343
thrown,86,35,135,256
throws,22,36,77,135
throwup,0,0,1,1
thru,65,59,127,251
thrue,3,0,0,3
thrus,0,1,0,1
thrush,3,0,10,13
thrust,3,1,7,11
thrusters,0,1,0,1
thrusting,1,0,1,2
thrusts,1,2,2,5
thruth,0,0,3,3
thry,0,0,7,7
ths,4,16,17,37
thsi,2,0,2,4
thsis,0,2,0,2
thsn,0,0,1,1
thsnks,0,6,0,6
thst,0,1,8,9
thsts,0,0,1,1
tht,22,35,71,128
thta,0,2,0,2
thtas,0,2,0,2
thte,0,3,0,3
ththeoddout,0,0,1,1
thts,0,6,2,8
thu,8,0,0,8
thubnail,0,1,0,1
thucked,1,0,0,1
thucydides,0,1,0,1
thud,2,4,2,8
thudding,0,0,2,2
thug,43,34,131,208
thugga,2,7,14,23
thuggaaaaa,0,4,0,4
thugger,9,31,19,59
thuggers,0,2,0,2
thuggerthugga,0,1,0,1
thuggin,0,0,3,3
thugging,0,0,4,4
thuggish,2,0,4,6
thuglife,0,0,6,6
thugs,39,4,14,57
thugspawn,0,0,1,1
thugspawns,0,0,1,1
thugz,0,1,0,1
thuis,0,6,3,9
thuisland,0,0,1,1
thule,8,0,19,27
thum,0,1,0,1
thumb,58,65,68,191
thumbail,0,3,0,3
thumbanil,2,0,3,5
thumbaround,0,4,0,4
thumbb,0,0,1,1
thumbed,3,4,0,7
thumbedit,0,0,3,3
thumbelina,0,1,2,3
thumbing,0,0,4,4
thumbmail,0,3,0,3
thumbnail,162,690,387,1239
thumbnaili,0,3,0,3
thumbnaillllll,0,1,0,1
thumbnails,11,15,29,55
thumbprint,0,1,0,1
thumbs,189,219,423,831
thumbsdown,0,1,4,5
thumbsing,0,1,0,1
thumbsup,0,1,0,1
thumk,2,0,0,2
thumnail,0,12,1,13
thumnbail,0,0,1,1
thump,4,1,3,8
thumped,0,0,5,5
thumping,0,1,6,7
thumps,0,1,2,3
thums,1,0,0,1
thunda,0,1,0,1
thunder,14,39,41,94
thunderbirds,0,0,6,6
thunderbolt,5,0,5,10
thunderbolts,2,0,0,2
thundercat,2,14,43,59
thundercats,0,0,4,4
thundercunt,0,2,0,2
thunderdome,3,0,0,3
thunderf,0,6,1,7
thunderfoot,0,1,0,1
thunderfuck,2,1,0,3
thunderkid,0,1,0,1
thunderous,0,1,2,3
thunders,0,1,0,1
thundersmackdown,0,1,0,1
thunderstorm,2,0,3,5
thunderstorms,0,0,1,1
thunderstruck,4,0,0,4
thunderthighs,6,0,0,6
thunderup,0,1,0,1
thunk,1,0,1,2
thurber,0,5,0,5
thurly,1,0,0,1
thurman,0,3,0,3
thurmonds,0,0,1,1
thurs,1,1,0,2
thursday,16,37,82,135
thursdayism,1,0,0,1
thursdays,2,4,8,14
thurso,0,0,5,5
thurston,0,0,1,1
thursty,2,7,0,9
thurzzzdays,0,1,0,1
thus,76,30,189,295
thuuuuugggggggggeeeeeeeeeeeerrrrrrrrrrrrrrr,0,1,0,1
thw,1,7,4,12
thwaites,0,1,2,3
thwarted,0,0,1,1
thwe,0,4,0,4
thwir,2,0,0,2
thx,26,69,136,231
thxmaswiltshire,0,8,0,8
thxs,0,0,5,5
thy,29,14,45,88
thyanks,0,0,6,6
thye,1,0,0,1
thyme,0,2,4,6
thyr,0,2,0,2
thyroid,5,4,7,16
thyroxine,5,0,0,5
thyself,0,1,7,8
ti,17,122,39,178
tia,3,13,6,22
tiabkcilc,0,0,2,2
tiaka,0,0,1,1
tiamou,0,0,3,3
tian,0,5,9,14
tiana,0,2,4,6
tiananmen,1,1,0,2
tiano,0,0,1,1
tiara,6,11,0,17
tiarra,0,0,5,5
tibble,0,3,0,3
tibbleslimeees,0,3,0,3
tibbleslimes,0,6,0,6
tiberlake,0,1,0,1
tibet,1,2,1,4
tibia,1,0,0,1
tibury,1,0,4,5
tic,2,2,6,10
tica,0,23,0,23
tical,1,0,0,1
ticaret,0,3,0,3
ticas,2,0,0,2
tick,10,3,22,35
ticked,4,4,5,13
tickeled,0,0,1,1
ticker,1,0,2,3
ticket,54,62,89,205
ticketed,0,0,2,2
ticketing,0,0,2,2
tickets,46,84,194,324
tickin,0,1,0,1
ticking,13,11,6,30
tickle,3,3,26,32
tickled,1,0,3,4
tickler,0,3,0,3
tickles,3,2,12,17
tickling,4,4,10,18
ticklish,1,2,0,3
ticks,1,6,8,15
tickshot,0,1,0,1
tico,0,26,13,39
ticos,1,9,1,11
tictaks,0,4,0,4
tid,0,0,2,2
tidal,4,5,16,25
tiday,0,5,0,5
tidbit,0,0,7,7
tidbits,0,0,8,8
tiddie,0,1,0,1
tiddies,0,9,0,9
tiddy,1,0,0,1
tide,8,29,38,75
tidepool,0,1,0,1
tidepoolporcupine,0,1,0,1
tidepools,0,5,0,5
tides,3,0,7,10
tidetell,0,0,1,1
tidied,0,0,2,2
tidies,0,0,1,1
tidy,0,0,40,40
tidying,2,0,19,21
tie,49,91,218,358
tied,49,15,75,139
tiege,0,2,1,3
tiem,0,0,2,2
tiembla,0,1,0,1
tiempo,29,30,8,67
tiempos,1,27,0,28
tien,6,5,6,17
tiene,2,196,27,225
tienen,0,60,8,68
tienes,1,32,7,40
tiens,3,0,0,3
tier,3,1,54,58
tierbreaker,3,0,0,3
tierd,1,0,0,1
tiered,0,0,8,8
tierna,0,2,0,2
tiernas,0,1,0,1
tierno,0,1,1,2
tiernooooo,0,1,0,1
tierra,0,41,10,51
tierras,0,0,1,1
tiers,2,1,1,4
ties,18,3,45,66
tiest,0,1,0,1
tiesta,0,0,1,1
tiesto,1,25,25,51
tifa,1,0,1,2
tiff,7,18,23,48
tiffanies,0,0,4,4
tiffany,5,14,18,37
tiffs,0,3,1,4
tifo,0,4,0,4
tifosi,0,1,0,1
tifoso,0,1,0,1
tig,0,0,8,8
tiger,19,29,91,139
tigermist,0,0,3,3
tigers,1,5,9,15
tiges,0,1,0,1
tigger,0,2,3,5
tight,156,0,154,310
tightejust,0,1,0,1
tighten,1,3,8,12
tightened,0,0,12,12
tightening,0,2,1,3
tightens,0,0,2,2
tighter,2,9,22,33
tightest,0,1,10,11
tightly,11,0,4,15
tightrope,0,2,1,3
tights,23,19,30,72
tightturn,1,0,0,1
tighty,0,2,0,2
tih,0,0,6,6
tihar,0,0,1,1
tihngs,0,1,0,1
tihs,0,12,0,12
tiiii,0,0,4,4
tiiiiiiggeeerrr,0,1,0,1
tiiiiny,0,0,1,1
tiiimmeee,0,0,1,1
tiiimmmmmeee,0,3,0,3
tiis,0,1,0,1
tiits,0,3,0,3
tijan,4,0,0,4
tijd,0,5,0,5
tijdens,0,0,1,1
tijuana,0,4,1,5
tik,0,1,3,4
tikal,0,0,6,6
tike,0,0,3,3
tikes,0,0,3,3
tiki,4,1,3,8
tikka,1,0,0,1
tikki,0,0,3,3
tiksi,0,4,3,7
til,43,30,310,383
tila,0,0,3,3
tilapia,1,0,0,1
tilburry,0,0,6,6
tilbury,1,13,33,47
tilda,0,0,3,3
tilde,0,1,7,8
tile,0,1,1,2
tileable,1,0,0,1
tiles,2,4,6,12
tileson,1,0,0,1
tilessssss,0,5,0,5
tilian,0,0,7,7
tiling,0,0,10,10
tilki,0,10,0,10
till,185,248,685,1118
tillamook,0,1,0,1
tillbury,0,0,11,11
tillekeratne,0,0,1,1
tiller,7,30,15,52
tillergang,0,0,1,1
tillerson,3,2,7,12
tillerszn,0,0,1,1
tilling,0,0,3,3
tilll,0,4,0,4
tilllller,0,1,0,1
tillman,9,4,5,18
tills,1,0,0,1
tilly,3,3,6,12
tilos,0,1,0,1
tilt,7,4,7,18
tilted,2,10,14,26
tilting,4,1,15,20
tilts,4,2,0,6
tilty,1,0,0,1
tim,145,154,493,792
tima,0,6,0,6
timbaland,0,1,3,4
timber,1,3,2,6
timberlake,2,36,25,63
timberlame,0,2,0,2
timberland,0,0,1,1
timberlands,0,2,0,2
timbiriche,0,0,1,1
timbre,0,0,2,2
timbs,0,0,7,7
timbuk,0,0,2,2
time,4279,2946,14639,21864
timea,0,0,1,1
timecode,1,1,0,2
timecodes,0,6,0,6
timecop,0,0,6,6
timed,16,0,43,59
timee,0,1,0,1
timeee,0,0,2,2
timeeeeee,0,0,2,2
timeeeeeeee,0,1,0,1
timeforspooks,2,0,0,2
timeframe,0,0,9,9
timekeeping,0,1,0,1
timelapse,4,0,1,5
timelapses,0,0,1,1
timeless,9,16,39,64
timeline,46,18,62,126
timelines,16,1,24,41
timeloop,0,0,1,1
timely,8,3,11,22
timeout,0,2,0,2
timepoint,1,0,0,1
timer,3,35,53,91
timeraider,0,0,1,1
timers,8,0,4,12
times,863,461,2970,4294
timescale,1,0,0,1
timeshare,0,0,1,1
timesssss,0,0,1,1
timestamp,0,1,2,3
timestamps,2,0,0,2
timetag,4,0,0,4
timetravel,0,1,0,1
timewarner,0,4,0,4
timewise,0,0,4,4
timex,0,1,0,1
timey,0,0,2,2
timezone,0,0,3,3
timezones,0,0,5,5
timh,0,1,1,2
timhortons,0,3,0,3
timid,3,0,2,5
timing,66,18,192,276
timings,0,0,1,1
timm,0,0,4,4
timmeee,0,0,3,3
timmverse,1,0,0,1
timmy,1,10,1,12
timo,3,10,2,15
timothy,15,8,8,31
timpson,0,0,5,5
timpsons,0,0,5,5
tims,1,6,4,11
timshark,0,1,0,1
timsharp,1,0,0,1
timtam,0,1,6,7
timtams,0,3,6,9
timtom,2,3,1,6
timtoms,1,1,0,2
timw,0,0,1,1
tin,7,30,27,64
tina,3,41,29,73
tinaaa,0,0,1,1
tinck,0,1,0,1
tinctures,0,0,4,4
tinder,49,83,98,230
tinders,1,0,0,1
tindrum,0,0,5,5
tine,1,5,1,7
tineist,0,0,1,1
tinerciler,0,1,0,1
tinercileri,0,2,0,2
tinfoil,0,1,3,4
ting,35,120,43,198
tinge,1,0,11,12
tingggggggggg,0,2,0,2
tinggi,0,0,1,1
tinglation,0,0,1,1
tingle,1,4,6,11
tingled,1,0,0,1
tingles,3,23,54,80
tinglex,1,0,0,1
tingling,1,8,6,15
tingls,0,0,1,1
tingly,0,5,6,11
tings,4,4,7,15
tinha,1,14,3,18
tinham,0,1,0,1
tini,0,1,0,1
tinierme,2,0,0,2
tiniest,2,11,9,22
tink,0,3,1,4
tinker,1,4,5,10
tinkerbell,5,4,3,12
tinkering,0,0,2,2
tinkles,0,0,2,2
tinkly,0,0,1,1
tinko,0,2,0,2
tinks,0,0,8,8
tinky,0,1,0,1
tinned,1,1,0,2
tinnie,7,0,0,7
tinnitus,0,5,3,8
tinnnnyyy,0,0,1,1
tinny,0,2,2,4
tinpot,0,5,1,6
tins,0,0,7,7
tint,19,14,44,77
tinte,0,0,3,3
tinted,2,1,20,23
tintin,0,3,1,4
tinting,0,12,2,14
tintintalks,0,3,0,3
tints,2,3,3,8
tiny,111,132,346,589
tinyer,0,0,1,1
tinyyyy,0,1,0,1
tio,0,15,1,16
tiofloren,0,1,0,1
tion,0,2,0,2
tios,3,1,0,4
tip,75,72,250,397
tipa,0,4,0,4
tipe,0,1,0,1
tipica,0,2,0,2
tipico,1,0,0,1
tipini,0,2,0,2
tipinize,0,1,0,1
tipo,2,25,2,29
tipograf,0,3,0,3
tipos,0,5,1,6
tipped,0,1,15,16
tippee,0,0,6,6
tipper,0,0,4,4
tippette,1,0,0,1
tipping,4,1,14,19
tippy,0,0,4,4
tips,59,86,388,533
tipsy,26,1,58,85
tipsyness,0,0,4,4
tiptoes,1,0,0,1
tipton,0,2,0,2
tiptop,0,7,0,7
tipuji,0,3,0,3
tique,0,5,0,5
tiquitos,0,1,0,1
tir,0,8,0,8
tirade,5,1,2,8
tirades,1,0,1,2
tiramisu,1,5,0,6
tiran,0,11,0,11
tirana,0,0,1,1
tirando,0,1,5,6
tirar,0,4,0,4
tirarme,0,1,0,1
tirarse,6,0,0,6
tirato,0,1,0,1
tirava,0,1,0,1
tirazo,0,3,0,3
tire,18,34,37,89
tired,466,4,345,815
tiredness,1,0,3,4
tiredofthewhiterapper,0,1,0,1
tirelen,0,2,0,2
tireless,4,0,1,5
tireme,0,0,1,1
tireo,4,0,0,4
tires,14,13,32,59
tiresome,1,0,2,3
tiri,11,8,0,19
tiribe,0,1,0,1
tirin,0,3,0,3
tiring,13,2,34,49
tirion,0,0,1,1
tirme,0,3,0,3
tiro,5,10,0,15
tirod,0,0,1,1
tirods,0,0,1,1
tiros,0,2,0,2
tirs,0,0,4,4
tis,11,12,17,40
tisalina,1,0,0,1
tisanes,0,0,5,5
tisdale,0,0,9,9
tish,0,1,0,1
tisie,1,0,0,1
tisis,0,1,0,1
tisk,0,6,0,6
tiss,1,0,0,1
tisse,0,1,0,1
tissi,0,2,0,2
tissot,10,33,19,62
tissue,16,9,21,46
tissues,1,3,17,21
tist,0,0,3,3
tit,14,24,9,47
titan,8,21,30,59
titanfall,1,12,6,19
titanic,10,40,60,110
titanium,9,5,10,24
titano,0,2,0,2
titans,2,27,21,50
titantron,0,0,1,1
titch,5,0,0,5
titel,0,2,0,2
titi,1,0,0,1
tities,0,1,0,1
title,293,525,768,1586
titled,4,20,47,71
titles,37,20,74,131
titling,0,0,2,2
tito,1,1,3,5
titolari,0,5,0,5
titor,0,2,1,3
titre,0,1,3,4
titres,0,5,1,6
titriyor,0,3,0,3
tits,50,74,69,193
titsassesanddicks,1,0,0,1
tittes,0,0,1,1
tittie,1,1,0,2
titties,10,12,17,39
tittiez,0,0,1,1
titting,0,2,0,2
tittle,1,6,2,9
tittles,0,0,2,2
titts,0,0,1,1
titty,10,11,2,23
tittys,0,0,2,2
titulado,0,4,0,4
titulajes,0,1,0,1
titular,0,0,5,5
titulo,0,12,0,12
titulos,0,1,0,1
titus,6,4,1,11
tiu,1,1,0,2
tive,0,1,0,1
tivesse,0,6,0,6
tivibu,0,1,0,1
tivoli,0,0,1,1
tix,0,5,5,10
tixt,0,0,1,1
tiyon,0,0,1,1
tiz,0,8,0,8
tizums,0,0,1,1
tizz,0,0,2,2
tizzle,0,1,1,2
tj,4,30,27,61
tjat,1,0,0,1
tje,5,0,2,7
tjena,0,1,0,1
tjetra,0,1,0,1
tji,0,1,0,1
tjis,0,1,0,1
tjkirk,0,0,1,1
tjlw,0,1,0,1
tjmaxx,0,0,4,4
tjo,0,0,1,1
tjp,0,3,0,3
tjrs,0,2,0,2
tjust,0,0,1,1
tk,7,17,23,47
tkam,0,0,14,14
tkamb,0,0,2,2
tkatchev,0,1,0,1
tkc,1,3,0,4
tkd,0,1,0,1
tke,0,1,0,1
tklw,0,0,1,1
tkm,1,6,4,11
tkmaxx,0,0,6,6
tkmb,0,3,0,3
tko,1,7,0,8
tkowo,0,1,0,1
tkp,0,4,0,4
tks,0,2,8,10
tksolie,0,3,0,3
tkt,0,2,0,2
tku,0,2,0,2
tl,5,13,14,32
tla,0,0,2,2
tlaking,0,0,1,1
tlaxcalans,0,0,7,7
tlc,19,6,14,39
tld,6,6,6,18
tldrs,0,0,3,3
tldw,0,1,1,2
tleave,0,1,0,1
tlf,0,5,0,5
tlga,0,0,3,3
tlike,4,0,2,6
tlj,8,0,3,11
tlk,0,1,2,3
tlking,0,0,3,3
tll,0,0,1,1
tlld,0,0,4,4
tlm,0,0,3,3
tm,6,12,9,27
tmak,0,1,0,1
tmartin,5,2,0,7
tmartn,8,2,3,13
tmau,5,0,0,5
tmbn,0,1,0,1
tmf,0,0,2,2
tmha,0,0,3,3
tmi,17,11,6,34
tmj,0,1,8,9
tmm,0,2,0,2
tmnt,0,1,5,6
tmobile,1,6,1,8
tmr,0,4,6,10
tms,0,1,2,3
tmt,1,2,14,17
tmw,1,0,0,1
tmxv,0,0,3,3
tmz,9,16,12,37
tn,2,3,6,11
tna,0,1,0,1
tne,1,0,0,1
tney,0,0,1,1
tng,10,13,47,70
tnhmb,0,0,1,1
tnie,0,1,0,1
tniej,0,2,0,2
tnksss,0,1,0,1
tnt,5,12,2,19
tntwgs,1,0,0,1
tnx,0,3,12,15
to,47865,35890,148801,232556
toa,0,0,2,2
toached,0,0,1,1
toad,2,4,7,13
toadette,3,0,0,3
toadjer,0,2,0,2
toads,1,1,0,2
toady,0,0,1,1
toally,0,1,0,1
toast,15,29,53,97
toasted,5,6,36,47
toaster,3,15,6,24
toasters,3,5,4,12
toasting,0,1,2,3
toasty,0,1,0,1
tob,0,3,0,3
tobacco,1,4,9,14
tobago,0,1,10,11
tobeeas,0,4,0,4
tober,0,1,0,1
tobey,1,0,1,2
tobi,0,0,1,1
tobias,0,5,6,11
tobie,0,4,0,4
tobillo,0,4,0,4
tobit,0,0,3,3
toblerone,0,3,0,3
tobs,0,5,0,5
tobuscus,0,1,0,1
toby,9,35,10,54
tobys,3,0,0,3
tobyyy,0,1,0,1
toca,0,9,0,9
tocaba,1,1,0,2
tocado,0,1,1,2
tocan,0,1,0,1
tocando,0,2,0,2
tocar,0,5,0,5
tocarla,0,0,1,1
tocaste,0,1,0,1
toccato,0,1,0,1
toch,2,5,2,9
toching,0,3,0,3
tochuleta,0,4,0,4
tock,6,2,0,8
tockets,0,0,2,2
toco,0,4,1,5
tocos,0,0,1,1
tocou,0,1,0,1
tod,4,2,0,6
toda,2,67,9,78
todaaaaaa,0,1,0,1
todaaaaaaaay,0,1,0,1
todaaaayyy,0,1,0,1
todaaay,0,1,0,1
todaeee,0,1,0,1
todally,0,2,0,2
todas,3,66,11,80
todat,0,0,1,1
todav,0,15,0,15
todavia,0,1,5,6
today,637,646,2331,3614
todaypeople,0,0,1,1
todays,14,8,41,63
todayyyyy,0,5,0,5
todd,4,8,11,23
toddaaaaaay,0,1,0,1
toddler,23,19,81,123
toddlers,13,9,10,32
toddwhite,0,0,1,1
todita,0,4,0,4
todler,8,0,0,8
todlers,0,3,0,3
todo,15,277,36,328
todos,22,215,38,275
todrick,0,1,0,1
toe,26,61,73,160
toed,0,0,1,1
toegeungiri,0,1,0,1
toen,0,7,4,11
toenail,1,0,4,5
toenails,1,3,1,5
toeneemt,1,0,0,1
toepassen,0,1,0,1
toes,20,39,98,157
toetoo,0,3,0,3
toews,0,1,0,1
toeycheer,0,0,1,1
tof,0,8,3,11
toffs,0,0,1,1
tofind,0,0,4,4
tofo,0,2,0,2
tofu,3,19,24,46
tofuuuuu,0,1,0,1
toga,1,0,0,1
togeat,0,1,0,1
togeather,1,0,0,1
togeda,3,0,0,3
togedemauro,4,0,0,4
togeher,0,0,1,1
togepi,0,0,1,1
togerher,0,1,0,1
togetha,0,2,0,2
together,568,639,2702,3909
togetherness,2,0,0,2
togetherrr,0,1,0,1
togetherrrr,0,4,1,5
togetherrrrrrr,0,0,1,1
togethet,0,0,1,1
togethr,0,0,2,2
togever,0,1,0,1
togevz,0,4,0,4
toggles,0,2,0,2
togheter,1,0,34,35
toghether,0,0,1,1
toghetr,0,0,1,1
toghter,0,0,1,1
togliere,6,0,0,6
togs,0,2,1,3
togther,0,0,1,1
toh,2,2,2,6
tohers,2,0,0,2
tohle,0,3,0,3
tohok,0,1,0,1
tohoshinki,0,1,0,1
tohs,0,0,1,1
tohuh,1,0,0,1
toi,2,53,11,66
toil,0,0,1,1
toilet,393,0,237,630
toiletries,0,0,10,10
toilets,34,21,25,80
toilette,0,1,1,2
toilletenrolle,0,6,0,6
toilte,0,1,0,1
toiltettes,0,3,0,3
toilts,1,0,0,1
toinen,0,1,0,1
toinks,0,0,2,2
toisan,0,0,2,2
toity,0,0,2,2
tojer,0,5,0,5
tok,0,2,3,5
tokaido,0,0,3,3
tokay,0,3,0,3
toke,1,5,0,6
token,4,7,12,23
tokenized,2,0,2,4
tokens,0,0,2,2
toker,0,0,1,1
tokes,0,0,1,1
tokidoki,0,1,0,1
tokio,6,8,5,19
tokiyo,0,4,0,4
tokophobia,0,0,3,3
tokre,0,1,0,1
tokyo,4,43,48,95
tol,0,0,2,2
tolarate,0,0,3,3
told,620,276,1190,2086
toldy,0,0,1,1
toledo,0,0,1,1
tolerable,4,2,3,9
toleranance,3,0,0,3
tolerance,15,0,36,51
tolerances,0,0,2,2
tolerant,10,1,13,24
tolerate,12,11,31,54
tolerated,2,2,4,8
tolerates,1,3,0,4
tolerating,0,0,1,1
tolgono,0,1,0,1
toliet,0,0,2,2
tolit,0,3,0,3
tolite,0,0,2,2
tolive,0,0,1,1
tolkien,0,1,0,1
toll,13,11,35,59
tolle,5,2,3,10
tollerance,0,0,3,3
tolls,0,0,2,2
tolong,2,3,0,5
tolstoy,0,0,3,3
tolto,0,1,0,1
toluca,0,2,0,2
tom,340,1021,1562,2923
toma,0,17,6,23
tomada,0,0,2,2
tomadrid,0,0,1,1
tomago,0,0,2,2
tomahawk,0,3,1,4
tomahtoes,0,1,0,1
tomamos,0,2,0,2
tomar,0,7,1,8
tomara,0,1,0,1
tomarlo,0,1,0,1
tomarrow,0,1,0,1
tomarse,0,4,0,4
tomarte,5,0,0,5
tomas,1,3,4,8
tomate,0,1,0,1
tomato,11,19,43,73
tomatoe,0,1,0,1
tomatoes,24,15,21,60
tomatos,1,2,0,3
tomatto,1,0,0,1
tomb,50,28,78,156
tombe,0,1,0,1
tomboy,0,0,2,2
tomboys,0,0,1,1
tombraider,0,0,3,3
tombraiderish,0,0,1,1
tombstone,0,5,6,11
tombstonedeath,0,0,1,1
tombstones,1,0,0,1
tomcats,0,0,4,4
tome,2,2,3,7
tomen,0,1,0,1
tomenosuke,0,0,20,20
tomes,0,0,1,1
tomfoolery,0,1,0,1
tomgirl,1,0,0,1
tomi,0,8,1,9
tomita,0,0,7,7
tomlin,4,0,2,6
tomlinson,0,2,0,2
tomlison,0,1,0,1
tomm,0,0,1,1
tommaso,0,1,0,1
tommee,0,0,5,5
tommen,0,0,1,1
tommies,0,1,0,1
tommmmaaaaatoooooeeeeee,0,0,1,1
tommmmm,0,0,7,7
tommmmmy,0,0,2,2
tommmy,0,0,2,2
tommorow,2,13,4,19
tommorowland,0,1,0,1
tommrow,0,0,1,1
tommy,58,80,172,310
tommys,3,2,3,8
tommytorres,0,0,1,1
tomo,2,3,0,5
tomoroooooow,0,0,7,7
tomorroooooooo,1,0,0,1
tomorrooooooooooooow,1,0,0,1
tomorrooooow,1,1,1,3
tomorrow,139,185,359,683
tomorrowland,5,4,7,16
tomorrows,0,0,6,6
tomorrrow,0,1,0,1
tomou,0,3,0,3
tompetty,0,6,2,8
tompettyrip,0,1,0,1
tomro,1,0,0,1
toms,15,15,41,71
tomsbookclub,0,0,4,4
tomsee,0,2,0,2
tomsk,0,1,0,1
tomska,3,7,19,29
tomu,0,0,1,1
tomy,0,1,1,2
ton,83,95,211,389
tonaaaaah,0,2,0,2
tonada,0,1,0,1
tonal,0,0,7,7
tonalidad,0,1,0,1
tonally,1,0,0,1
tonded,0,0,2,2
tone,107,55,334,496
toned,9,4,70,83
toneladas,0,0,1,1
toner,8,12,17,37
toners,0,0,5,5
tones,16,11,84,111
toney,0,0,3,3
tong,3,9,0,12
tonga,0,3,0,3
tongan,0,3,1,4
tongga,0,0,3,3
tonght,0,0,1,1
tonglen,0,1,0,1
tongs,0,1,6,7
tongue,72,58,133,263
tongued,0,0,1,1
tongues,9,1,5,15
toni,14,15,42,71
tonic,0,2,10,12
tonight,136,108,277,521
tonightshow,0,0,5,5
tonightttt,0,0,1,1
toning,0,0,9,9
tonish,0,0,3,3
tonite,0,3,0,3
tonk,5,3,0,8
tonks,0,0,4,4
tonlog,0,0,1,1
tonmala,0,1,0,1
tonne,0,2,8,10
tonner,0,1,0,1
tonnes,5,6,17,28
tonns,0,0,4,4
tono,1,3,0,4
tonoke,0,3,0,3
tonque,0,0,1,1
tons,30,28,144,202
tonsillitis,6,0,2,8
tonsils,7,0,0,7
tonta,0,3,0,3
tonto,0,7,0,7
tonton,0,1,0,1
tontonan,0,4,0,4
tontos,0,15,0,15
tony,116,163,245,524
tonys,0,5,0,5
tonytoetap,0,4,0,4
tonyvtoons,0,3,0,3
tonyvtoonz,0,2,0,2
tonyvtunes,0,1,0,1
too,3391,1930,12033,17354
toob,0,0,5,5
toocold,0,1,8,9
toodles,0,0,1,1
toof,0,3,0,3
toofaced,0,0,13,13
tooggettthherrrrr,0,1,0,1
toogoodatgoodbyes,0,0,1,1
took,537,439,1447,2423
tookes,0,2,0,2
tookie,0,0,1,1
tooks,0,1,0,1
tool,57,105,155,317
toolbag,0,5,0,5
toolbox,1,0,0,1
toolchests,0,1,0,1
toolmaker,1,0,0,1
tools,37,37,161,235
toolset,6,0,0,6
toolzerian,0,1,0,1
toomuchhastags,0,1,0,1
toomuchmouth,0,0,3,3
toon,2,2,12,16
toons,1,8,9,18
toonsquash,0,1,0,1
toonyvtoon,0,1,0,1
tooo,14,13,29,56
toooaaaaooooaaaawn,0,0,2,2
toooddayyyyy,0,1,0,1
tooodos,0,2,0,2
toooo,8,20,29,57
toooon,0,0,1,1
tooooo,8,11,17,36
tooooodo,0,1,0,1
toooook,0,1,0,1
toooooo,10,13,12,35
tooooooo,0,10,5,15
toooooooioi,0,1,0,1
toooooooo,1,6,3,10
toooooooooo,0,1,0,1
tooooooooooo,0,0,1,1
tooooooooooooo,0,0,1,1
toooooop,0,1,0,1
tooooop,0,7,0,7
toooop,0,7,0,7
tooootally,0,0,2,2
toor,0,1,0,1
toosy,0,0,12,12
toot,0,15,4,19
tootally,1,0,0,1
tooter,0,5,0,5
tooth,43,38,135,216
toothbrush,2,14,32,48
toothbrushes,1,0,1,2
toothed,1,0,2,3
toothless,0,2,2,4
toothpaste,4,10,14,28
toothpick,1,0,0,1
tooths,3,0,0,3
toothy,1,0,0,1
tooting,1,0,0,1
tootise,0,0,1,1
toots,0,0,1,1
tootsie,2,1,1,4
toounge,0,1,0,1
tooyl,0,0,3,3
top,308,17,3610,3935
topassby,0,0,8,8
topaz,0,0,7,7
topcoat,0,1,3,4
tope,0,1,0,1
toped,0,0,1,1
topez,0,1,0,1
topfreegiftcardsin,0,0,5,5
topgolf,0,2,0,2
topgun,1,0,0,1
tophatter,0,3,1,4
topher,0,5,0,5
topic,83,76,481,640
topical,1,0,2,3
topics,37,3,133,173
topilet,0,0,1,1
topkek,0,2,0,2
toplad,0,0,2,2
toplanalim,0,1,0,1
toplari,0,0,1,1
toplay,0,0,1,1
topless,0,0,17,17
topmanager,0,0,7,7
topo,1,5,3,9
topography,1,0,1,2
topological,0,0,1,1
topologically,0,3,0,3
topology,0,3,3,6
topos,2,0,8,10
topp,0,1,0,1
topped,1,6,21,28
toppeople,1,0,0,1
topper,0,3,6,9
toppers,0,11,9,20
topping,1,10,12,23
toppings,1,4,2,7
topple,3,1,3,7
toppled,0,0,5,5
toppp,0,0,1,1
toppy,0,0,1,1
topraklar,0,1,0,1
tops,18,19,151,188
topshop,12,15,24,51
topsisimo,0,1,0,1
topsy,0,3,6,9
toptop,0,0,1,1
topu,0,0,1,1
topzera,0,1,0,1
toque,0,11,1,12
toquen,0,2,0,2
toques,0,1,0,1
tor,0,11,12,23
torah,0,0,1,1
torally,0,1,0,1
torani,0,0,5,5
torbutrol,0,0,2,2
torch,6,10,42,58
torchbearer,0,2,0,2
torched,0,2,0,2
torches,13,1,8,22
torching,0,4,0,4
torchured,0,1,0,1
tord,0,3,0,3
tore,23,13,25,61
toree,0,1,0,1
torei,2,0,0,2
toretto,0,0,1,1
torey,0,2,0,2
tori,10,15,24,49
torie,1,0,0,1
toriel,0,0,1,1
tories,0,7,3,10
toriko,0,2,0,2
torilla,0,4,0,4
torino,0,1,0,1
toriyama,0,0,1,1
torkers,1,0,0,1
torku,0,2,0,2
tormbone,0,0,2,2
torment,2,5,33,40
tormented,4,0,7,11
tormenting,0,2,4,6
tormentors,0,0,1,1
tormund,3,3,9,15
torn,46,6,54,106
tornado,10,25,8,43
tornadoe,0,1,0,1
tornadoes,3,1,3,7
tornados,5,0,8,13
tornatene,0,2,0,2
tornato,0,3,0,3
torner,0,3,0,3
torni,0,5,0,5
tornou,0,0,4,4
tornska,0,1,0,1
toro,5,5,9,19
toroidal,2,0,0,2
toronto,17,42,65,124
toros,0,0,2,2
torpedo,0,1,0,1
torpedoes,0,0,3,3
torpedos,0,0,1,1
torque,3,2,12,17
torqued,0,0,5,5
torr,0,0,2,2
torrance,1,5,0,6
torrei,0,1,15,16
torrent,4,7,7,18
torrenting,1,0,0,1
torres,31,7,19,57
torri,2,1,0,3
torrie,0,0,1,1
torso,4,9,8,21
torsos,0,3,0,3
torta,0,6,2,8
torte,0,2,3,5
tortellini,0,6,0,6
tortie,1,2,0,3
tortilla,6,4,11,21
tortillas,5,4,10,19
tortoise,0,5,0,5
tortola,0,0,3,3
tortuous,0,0,2,2
torture,42,26,55,123
tortured,29,5,10,44
torturer,2,0,0,2
torturing,15,7,4,26
torturous,0,1,11,12
torv,0,6,0,6
torwards,0,0,1,1
torwart,0,6,0,6
torwartecke,0,0,4,4
tory,10,3,10,23
tos,11,4,20,35
tosh,4,9,1,14
toshi,0,6,0,6
toshtoshh,0,0,1,1
tosic,0,1,0,1
toss,25,27,32,84
tossed,9,0,19,28
tosser,6,6,2,14
tossers,7,2,8,17
tosses,3,0,1,4
tossing,6,1,9,16
tost,1,0,0,1
tostesze,0,3,0,3
tostito,0,0,1,1
tostitos,0,1,1,2
tosun,0,0,1,1
tot,2,11,14,27
totaal,1,0,0,1
total,149,126,325,600
totalbiscuit,1,1,0,2
totaled,0,0,3,3
totalement,1,2,0,3
totaless,0,1,0,1
totalidad,0,1,0,1
totalitarian,3,0,5,8
totality,7,0,6,13
totally,476,468,1579,2523
totallyappropriate,0,0,1,1
totallyvget,0,0,3,3
totalmente,0,15,1,16
totalnie,0,5,0,5
totals,0,0,4,4
totaly,11,2,6,19
tote,0,5,10,15
totenham,0,0,8,8
totes,2,3,11,16
tothousand,0,1,0,1
totil,0,1,0,1
toting,1,0,6,7
totinos,0,2,4,6
totm,0,0,7,7
toto,1,0,1,2
totoo,0,5,1,6
totoro,4,10,0,14
totos,0,1,0,1
tots,0,13,2,15
tott,0,4,0,4
tottally,1,2,1,4
tottaly,0,1,1,2
tottely,0,0,2,2
tottenham,32,28,30,90
tottenhamtillidie,0,3,0,3
totti,0,0,3,3
totural,0,1,0,1
toturial,0,1,0,1
tou,1,6,4,11
toub,0,1,0,1
toucan,0,1,0,1
touch,187,184,535,906
touchable,0,0,3,3
touchdolls,0,0,1,1
touchdown,7,2,24,33
touche,0,0,3,3
touched,57,49,155,261
touches,15,26,67,108
touchid,3,0,3,6
touchidless,0,0,2,2
touchin,0,2,0,2
touching,13,1,292,306
touchs,1,0,0,1
touchscreen,1,5,12,18
touchscreens,0,1,2,3
touchups,0,0,2,2
touchwiz,0,0,5,5
touchwood,2,0,0,2
touchy,2,0,7,9
touei,0,1,0,1
tough,223,0,238,461
toughen,0,0,1,1
tougher,1,3,19,23
toughest,0,1,4,5
toughfull,0,0,1,1
toughness,0,0,2,2
tought,7,3,14,24
toughter,0,0,3,3
toughts,0,0,1,1
tougt,0,0,1,1
touhou,3,0,0,3
toujorus,0,2,0,2
toujours,0,23,13,36
toulouse,0,0,5,5
toumani,0,1,0,1
toung,0,0,1,1
tounge,3,6,4,13
tounghe,0,1,0,1
toungue,0,1,0,1
toupee,0,4,3,7
toupward,0,8,0,8
touque,0,0,1,1
tour,86,476,666,1228
tourbus,0,0,2,2
toure,0,10,1,11
toured,0,0,4,4
tourette,0,1,1,2
tourettes,2,0,4,6
tourguide,0,1,0,1
touring,3,0,33,36
tourism,7,3,18,28
tourist,10,23,35,68
touristic,0,0,2,2
tourists,5,19,16,40
touristy,0,2,1,3
tourn,0,0,1,1
tournament,1,29,51,81
tournaments,0,1,1,2
tourneau,0,2,0,2
tourrrr,0,0,5,5
tours,0,1,52,53
tourtured,0,1,0,1
toury,0,2,0,2
tous,0,10,14,24
tousent,0,0,2,2
tousey,0,0,2,2
tout,0,39,36,75
toute,0,2,4,6
toutes,0,2,5,7
toutlememe,0,0,7,7
toutorial,2,0,0,2
toutou,0,1,3,4
toutrial,0,1,0,1
touuuur,0,1,0,1
touz,0,0,1,1
touzani,1,47,21,69
touzanie,0,1,0,1
touzanii,0,1,0,1
touzanis,0,1,0,1
touzanitv,0,1,0,1
tov,0,6,0,6
tova,0,0,4,4
tove,0,1,0,1
toveren,0,1,0,1
tovg,0,0,4,4
tovget,0,0,3,3
tow,20,16,45,81
toward,59,7,112,178
towards,240,88,528,856
towatch,0,0,2,2
towbar,0,12,0,12
towbars,0,0,6,6
towed,1,3,0,4
towel,11,24,91,126
towelet,0,3,0,3
towelett,0,1,0,1
towelettes,0,0,1,1
towelhead,0,0,1,1
towell,3,0,0,3
towels,15,15,27,57
tower,92,111,118,321
towers,12,9,28,49
towet,0,1,0,1
towie,5,0,6,11
towing,1,6,2,9
towl,0,0,1,1
town,186,190,475,851
townhall,1,0,0,1
townhouse,1,0,4,5
townhouses,0,0,1,1
townies,0,1,0,1
towns,16,16,23,55
townsend,4,10,8,22
townsent,0,1,0,1
townshend,0,0,14,14
township,3,0,0,3
townsville,0,0,3,3
tox,0,12,0,12
toxic,65,23,100,188
toxically,0,0,7,7
toxicity,6,0,2,8
toxics,0,0,1,1
toxin,5,3,5,13
toxins,0,5,8,13
toxoplasmosis,0,1,0,1
toy,81,76,232,389
toyboy,0,3,0,3
toyed,0,0,1,1
toygasm,4,0,0,4
toyko,0,0,1,1
toyos,0,0,1,1
toyota,12,28,26,66
toyotas,0,1,1,2
toys,79,40,205,324
toyshop,0,0,4,4
toytime,1,0,0,1
toyture,0,0,2,2
tozawa,0,3,0,3
tozawaaaaa,0,4,0,4
tozier,0,6,2,8
tp,25,16,41,82
tpain,10,0,0,10
tpb,0,0,1,1
tpf,0,0,7,7
tpicals,0,4,0,4
tpliwo,3,3,0,6
tpost,0,3,0,3
tpp,0,3,9,12
tpth,0,0,3,3
tpwards,0,0,1,1
tq,0,5,1,6
tqid,0,0,3,3
tqm,0,2,0,2
tr,10,128,33,171
tra,0,8,0,8
traaaaaaaash,0,1,0,1
traaaash,0,2,0,2
traaaasshhhhh,0,1,0,1
traah,0,2,0,2
trabaja,0,0,1,1
trabajado,0,0,1,1
trabajadores,0,0,2,2
trabajando,0,0,2,2
trabajo,2,28,2,32
trabajos,1,1,0,2
trabalhando,0,1,0,1
trabalho,0,11,0,11
trabalhos,0,4,0,4
trabants,0,0,1,1
trabirds,0,0,1,1
trabolta,0,2,0,2
trabuco,0,1,0,1
tracc,0,1,0,1
trace,3,0,29,32
traceable,0,0,3,3
traced,5,0,1,6
tracee,0,9,45,54
traceeellisross,0,1,0,1
tracer,0,1,1,2
traceroot,0,0,4,4
traceroute,4,0,2,6
tracers,4,0,0,4
traces,0,0,3,3
traceur,0,0,1,1
tracey,0,5,0,5
tracheotomy,5,0,0,5
traci,3,3,3,9
tracing,0,0,1,1
track,144,270,787,1201
tracked,4,1,9,14
tracker,0,7,47,54
trackie,0,0,1,1
trackies,0,1,4,5
tracking,12,2,48,62
trackkk,0,1,0,1
tracklist,0,14,3,17
tracks,60,34,206,300
trackskarina,0,0,1,1
trackstand,0,0,1,1
tracksuit,1,3,7,11
tracktion,1,0,0,1
tracky,4,0,0,4
tract,0,0,3,3
traction,1,1,7,9
tractor,35,20,52,107
tractors,3,0,3,6
tracts,0,1,0,1
tracy,2,12,16,30
trad,0,0,1,1
trade,44,44,122,210
tradectory,0,0,4,4
traded,6,0,18,24
tradektry,0,0,3,3
trademans,0,0,1,1
trademark,21,11,8,40
trademarked,0,1,5,6
trademarking,0,0,6,6
trademarks,5,0,1,6
trader,6,13,27,46
traders,0,0,12,12
trades,0,0,4,4
tradesman,4,0,0,4
tradgedy,3,0,0,3
tradici,0,1,0,1
tradicional,0,2,0,2
trading,5,11,58,74
tradional,0,0,1,1
tradition,6,12,51,69
traditional,21,24,120,165
traditionalists,1,0,0,1
traditionally,0,7,10,17
traditionary,0,0,1,1
traditions,1,0,23,24
traditonal,1,0,0,1
tradu,0,2,1,3
traduc,0,1,0,1
traducci,0,0,1,1
traduccion,0,2,0,2
traducen,0,1,0,1
traducida,2,1,0,3
traducido,0,8,0,8
traducion,0,0,1,1
traduciones,0,1,0,1
traductions,0,3,0,3
traductor,2,3,1,6
traduscanla,0,1,0,1
tradutora,0,4,0,4
traduz,0,5,0,5
traduzcan,0,2,0,2
traduzione,0,7,0,7
traduzir,0,1,0,1
tradzik,0,4,0,4
tradzikiem,0,2,0,2
trae,26,15,71,112
traeger,0,0,4,4
traen,0,10,1,11
traer,0,4,0,4
trafalgar,0,2,2,4
traffic,31,21,74,126
trafficante,0,0,1,1
traffick,0,0,1,1
trafficked,0,2,0,2
trafficker,1,0,0,1
traffickers,0,0,4,4
trafficking,5,0,5,10
trafford,7,34,39,80
trafi,0,4,0,4
trafilam,0,2,0,2
trafocular,0,1,0,1
traga,6,0,0,6
tragandose,0,1,0,1
tragarse,0,4,0,4
tragedies,20,6,38,64
tragedy,68,36,135,239
tragedys,1,1,0,2
traggered,0,1,0,1
tragic,92,0,45,137
tragically,3,1,2,6
tragicznym,0,2,0,2
tragity,2,0,0,2
trago,0,4,0,4
tragos,0,5,0,5
tragus,0,1,9,10
trah,0,2,0,2
trai,0,4,1,5
traidor,0,0,1,1
traidores,0,5,0,5
traiga,0,2,0,2
traigan,0,2,0,2
traigas,0,7,0,7
traight,0,1,0,1
trail,27,19,47,93
trailblazer,0,4,5,9
trailer,469,469,1387,2325
trailerr,0,0,1,1
trailers,64,31,175,270
trailertrashistan,0,0,2,2
trailet,0,0,1,1
trailing,3,0,1,4
trailler,0,0,1,1
trailor,0,1,0,1
trails,7,3,43,53
traimz,0,1,0,1
train,165,211,625,1001
trainable,0,0,7,7
traine,0,0,5,5
trained,43,29,137,209
trainee,0,4,2,6
trainees,4,0,0,4
trainer,9,17,44,70
trainers,34,17,37,88
traingel,0,4,0,4
training,110,61,271,442
trainings,0,0,1,1
trainline,0,8,0,8
trainnings,0,1,0,1
trainnnnnnnnnnnnnn,0,1,0,1
trainor,0,5,3,8
trains,22,34,82,138
trainsmartkeepitreal,0,0,2,2
trainwreck,0,1,10,11
trait,12,5,25,42
traitor,29,28,31,88
traitorous,7,0,4,11
traitors,11,9,19,39
traits,7,0,16,23
trajectory,2,3,6,11
trajes,0,4,0,4
trajo,0,1,0,1
trak,0,4,4,8
tralalala,0,0,1,1
traler,0,1,0,1
tralier,1,0,1,2
traliers,0,4,0,4
tralior,0,0,1,1
tralirw,0,0,1,1
tram,6,0,3,9
trama,0,3,6,9
tramad,0,1,0,1
tramatic,1,0,0,1
tramp,10,13,8,31
trampa,0,5,3,8
trample,13,0,5,18
trampled,9,5,6,20
tramplien,0,0,5,5
trampling,1,6,2,9
trampolin,0,2,0,2
trampoline,12,19,13,44
trampolines,0,5,3,8
trampolining,0,0,12,12
tramps,4,8,0,12
tramwaju,0,2,0,2
tran,0,3,19,22
tranactions,0,0,1,1
tranca,0,2,0,2
trance,2,11,14,27
trancilicious,0,1,0,1
trandin,0,1,0,1
tranding,0,1,0,1
trane,0,1,0,1
tranexamic,0,0,4,4
tranfer,0,1,0,1
tranformers,0,1,2,3
trang,0,5,0,5
trangender,0,0,6,6
trangendered,0,3,0,3
tranger,0,0,1,1
tranges,0,0,7,7
trangle,0,0,1,1
tranh,0,10,0,10
tranhumanism,0,1,0,1
tranlate,0,0,1,1
tranmere,6,11,0,17
trannie,1,0,0,1
trannies,3,1,0,4
tranny,27,8,36,71
trannys,0,3,5,8
tranq,0,0,4,4
tranquilidad,0,1,0,1
tranquility,0,0,1,1
tranquilizer,0,0,1,1
tranquillamente,1,0,0,1
tranquilo,0,0,1,1
trans,15,29,72,116
transacci,0,1,0,1
transaction,3,0,14,17
transactions,28,2,40,70
transage,0,1,0,1
transar,0,3,0,3
transatlantic,0,0,8,8
transatomic,0,0,1,1
transcend,0,1,11,12
transcended,2,2,0,4
transcendence,0,0,2,2
transcendent,0,0,12,12
transcendental,0,2,1,3
transcender,0,1,0,1
transcends,0,0,10,10
transcibe,1,0,0,1
transcode,0,0,3,3
transcoded,0,3,0,3
transcoding,0,0,7,7
transcribe,0,0,8,8
transcribing,0,0,3,3
transcript,3,3,3,9
transcription,0,0,2,2
transdimensional,0,0,1,1
transducer,0,0,2,2
transefer,0,0,6,6
transelvana,1,0,0,1
transends,0,3,0,3
transexual,0,4,0,4
transexuals,1,1,1,3
transfat,1,0,0,1
transfats,0,1,0,1
transfer,29,41,99,169
transferable,0,0,3,3
transfered,0,0,1,1
transfereging,0,0,5,5
transferred,2,0,16,18
transferring,2,4,9,15
transfers,2,1,9,12
transferts,0,2,0,2
transferwindow,0,0,7,7
transfigurable,0,0,2,2
transfiguration,2,0,4,6
transfigurator,0,0,2,2
transfigured,0,0,2,2
transfixed,0,0,4,4
transform,6,9,23,38
transformation,8,7,51,66
transformations,0,3,7,10
transformative,0,0,1,1
transformed,8,3,21,32
transforment,2,0,0,2
transformer,5,19,11,35
transformers,32,156,42,230
transforming,1,5,14,20
transformings,0,0,3,3
transforms,1,1,7,9
transfusion,0,0,4,4
transfusions,3,0,3,6
transgender,20,43,37,100
transgendered,1,2,0,3
transgenderism,1,1,2,4
transgenders,0,5,7,12
transgenerational,0,0,1,1
transgressions,0,0,3,3
transgressor,0,0,1,1
transhumanis,0,1,0,1
transhumanism,1,0,2,3
transici,0,1,2,3
transient,0,0,3,3
transients,0,0,6,6
transigen,0,3,0,3
transistor,2,0,0,2
transit,0,6,13,19
transition,29,31,110,170
transitional,0,0,13,13
transitionary,0,0,2,2
transitioned,2,1,12,15
transitioning,0,9,10,19
transitions,0,2,44,46
transitive,0,0,1,1
translatable,0,0,3,3
translate,19,49,64,132
translated,12,8,34,54
translater,0,0,1,1
translates,1,7,9,17
translating,3,5,18,26
translation,21,36,44,101
translations,0,7,1,8
translator,3,5,10,18
translators,0,0,1,1
translete,0,1,1,2
transliteration,0,1,0,1
translucent,9,1,25,35
translucentsy,0,0,3,3
translucid,0,1,0,1
transluminescent,0,0,2,2
transmafia,0,0,1,1
transmigration,0,0,1,1
transmisi,0,3,0,3
transmisogyny,3,0,0,3
transmission,0,12,10,22
transmissions,0,0,2,2
transmit,0,8,5,13
transmite,0,2,1,3
transmites,0,1,0,1
transmition,0,0,2,2
transmitir,0,2,0,2
transmits,0,0,1,1
transmitted,3,4,4,11
transmitter,4,0,8,12
transmitters,0,0,1,1
transmutation,0,0,2,2
transmutations,0,0,1,1
transmute,0,1,0,1
transmuting,1,0,2,3
transnigger,0,0,1,1
transonic,0,0,1,1
transparency,0,0,14,14
transparent,6,13,52,71
transpenine,0,4,0,4
transphobe,3,0,0,3
transphobia,0,1,0,1
transphobic,3,1,8,12
transpired,2,0,0,2
transplant,36,49,46,131
transplantation,6,1,6,13
transplanted,9,4,16,29
transplanting,1,5,2,8
transplants,6,7,10,23
transplats,0,0,1,1
transpooper,3,0,0,3
transpooperlivesmatter,3,0,0,3
transport,19,6,84,109
transporta,0,2,0,2
transportable,1,1,0,2
transportation,1,7,34,42
transportational,0,0,1,1
transportations,0,0,1,1
transported,4,0,17,21
transporter,1,2,0,3
transporters,0,0,1,1
transportin,0,0,1,1
transporting,0,3,8,11
transports,2,0,15,17
transpose,0,2,0,2
transposes,0,0,1,1
transracial,1,0,1,2
transracials,1,0,0,1
transsexual,1,0,1,2
transturtle,1,0,0,1
transvestite,2,4,1,7
transvestites,1,0,0,1
transwoman,1,0,0,1
transylvania,1,5,4,10
trap,45,78,95,218
trapasando,0,1,0,1
traped,0,1,0,1
trapeze,2,0,0,2
trapezoid,6,0,0,6
trapgang,0,1,0,1
traphomonia,0,0,1,1
traphouse,1,1,0,2
traping,0,1,0,1
traplord,0,1,0,1
trapp,0,0,1,1
trappe,0,4,0,4
trapped,41,0,42,83
trappen,0,1,0,1
trapper,0,0,2,2
trappin,1,1,1,3
trapping,1,0,0,1
trappings,0,0,3,3
trappist,0,1,1,2
traps,13,21,18,52
trapson,0,2,3,5
trapsoul,1,1,8,10
trapt,0,0,1,1
tras,1,1,0,2
trascendental,0,0,1,1
trasero,0,2,0,2
trasformar,0,1,0,1
trasformi,5,0,0,5
trasfulaaaaacchhh,0,1,0,1
trash,245,406,494,1145
trashbag,0,0,3,3
trashcan,2,7,0,9
trashed,11,4,14,29
trashes,1,0,0,1
trashh,1,1,0,2
trashhhh,1,0,0,1
trashhhhh,2,1,0,3
trashhhhhhhh,0,1,0,1
trashiest,0,4,0,4
trashing,16,0,6,22
trashsm,0,0,3,3
trashtalkin,0,1,0,1
trashy,15,10,16,41
trashyard,1,0,0,1
trasmettono,0,1,0,1
trasportando,0,1,0,1
trasss,0,1,0,1
trata,0,0,2,2
tratado,0,5,0,5
tratamientos,2,0,0,2
tratando,0,3,0,3
tratar,2,0,0,2
tratas,0,1,0,1
traulantla,0,1,0,1
trauma,15,20,76,111
traumas,3,0,3,6
traumatic,16,3,40,59
traumatised,0,2,9,11
traumatising,3,0,0,3
traumatize,1,0,0,1
traumatized,5,1,18,24
traumatizes,1,0,0,1
traumatizing,4,0,6,10
traumhaft,0,1,0,1
traurig,0,2,0,2
traus,0,2,0,2
trav,0,8,0,8
trava,0,1,0,1
travagghiari,0,1,0,1
travail,0,3,1,4
travaill,0,2,0,2
travaille,0,2,4,6
travailleur,0,4,0,4
traveco,0,1,0,1
travel,52,113,331,496
travelblogbeauty,0,0,2,2
traveled,5,2,18,25
traveler,4,5,11,20
travelers,0,1,14,15
traveling,31,21,91,143
travelled,5,1,32,38
traveller,0,0,5,5
travellers,1,1,0,2
travelling,15,8,95,118
travels,2,3,51,56
traver,0,0,1,1
travers,0,4,1,5
traversa,0,4,0,4
traverse,0,5,4,9
traversed,0,0,2,2
traverser,0,1,0,1
traversing,0,0,3,3
travesty,7,2,12,21
travi,0,8,0,8
travis,11,563,73,647
travler,0,1,0,1
travolgente,0,6,0,6
travolta,36,41,78,155
travoltas,1,0,1,2
travolti,1,0,0,1
travolting,1,0,1,2
travon,1,0,0,1
travota,0,1,0,1
travotti,1,0,0,1
travy,0,5,1,6
traxxas,0,0,1,1
tray,17,24,60,101
trayecto,0,0,1,1
trayectoria,0,1,0,1
traynor,0,0,1,1
trays,1,10,47,58
trayvon,4,0,4,8
trazer,0,3,0,3
trb,0,0,6,6
trc,0,0,1,1
trcs,0,0,1,1
trdendlerinde,0,3,0,3
tre,4,23,22,49
treachery,6,0,1,7
treacle,6,5,4,15
tread,1,2,4,7
treadbanger,0,1,0,1
treading,1,8,2,11
treadmill,2,1,6,9
treanding,0,10,1,11
treason,12,0,5,17
treasonous,2,3,1,6
treasure,19,57,104,180
treasured,0,0,3,3
treasures,0,1,15,16
treasuring,0,0,1,1
treasury,0,0,4,4
treat,84,68,335,487
treatable,0,0,1,1
treated,64,13,139,216
treaters,1,0,0,1
treates,1,0,0,1
treaties,4,0,9,13
treating,28,8,65,101
treatise,0,0,1,1
treatment,55,35,197,287
treatments,8,6,50,64
treats,48,39,107,194
treatsas,0,0,3,3
treaty,11,2,10,23
treba,0,1,0,1
trebble,0,0,6,6
trebec,7,0,0,7
treble,9,7,25,41
trebol,0,2,0,2
trece,0,1,0,1
trecee,0,0,2,2
treck,0,0,1,1
treding,0,5,0,5
tredmill,0,2,0,2
tree,84,104,230,418
treeat,0,0,1,1
treeeeending,0,1,0,1
treeeendinggggg,0,4,0,4
treeeesh,0,3,0,3
treeenndd,0,1,0,1
treehouse,0,2,14,16
treendssiingnngng,0,3,0,3
treennding,0,4,0,4
trees,44,18,87,149
treestar,0,1,0,1
treested,1,0,0,1
tregal,0,0,2,2
treinta,0,0,2,2
trejo,0,1,0,1
trek,100,37,191,328
trekked,0,0,1,1
trekken,1,0,1,2
trekker,2,0,0,2
trekkers,5,0,0,5
trekki,0,1,0,1
trekkie,0,1,0,1
trekle,0,0,2,2
treks,0,0,2,2
trellis,0,0,5,5
trello,0,0,1,1
trem,0,1,0,1
tremble,0,2,11,13
trembles,6,0,0,6
trembling,8,1,0,9
treme,0,1,0,1
tremen,0,1,0,1
tremenda,0,9,0,9
tremendo,0,23,3,26
tremendous,5,0,34,39
tremendously,1,0,28,29
tremendus,0,1,0,1
tremors,2,0,3,5
tren,0,2,0,2
trenaunay,0,0,1,1
trench,4,27,6,37
trenchcoats,0,0,2,2
trenches,0,2,11,13
trend,122,138,234,494
trendaaviis,0,1,0,1
trendddinnggggg,0,1,0,1
trendde,0,10,0,10
trende,0,14,0,14
trended,0,2,1,3
trender,0,1,0,1
trendibgbggngn,0,1,0,1
trendier,0,0,6,6
trendies,0,0,2,2
trendiest,1,0,0,1
trendiiiiiiinnnnngggggg,0,1,0,1
trendiiiiiinnnnnngggg,0,4,0,4
trendiiiing,0,1,0,1
trendiiinngg,0,0,1,1
trendiingg,0,0,1,1
trendimiz,0,3,0,3
trendin,5,13,9,27
trendinde,0,7,0,7
trendinden,0,2,0,2
trendine,0,8,0,8
trendinf,0,7,0,7
trending,963,5015,1996,7974
trendingdavehax,0,1,0,1
trendingg,0,4,1,5
trendinggg,0,21,0,21
trendingggg,0,11,1,12
trendinggggg,0,11,0,11
trendingggggg,0,1,0,1
trendinggggggg,0,1,0,1
trendingggggggg,0,4,0,4
trendingggggggggg,0,1,0,1
trendinggggggggggggggggg,0,2,0,2
trendings,3,1,0,4
trendinh,0,4,1,5
trendinnggg,0,1,0,1
trendlendi,0,2,0,2
trendlenmi,0,2,0,2
trendlerde,0,29,0,29
trendlerdeki,0,2,0,2
trendlere,0,2,0,2
trendlerinde,0,3,0,3
trendlerine,0,7,0,7
trendning,1,0,0,1
trends,45,43,129,217
trendsetter,0,0,1,1
trendsetters,2,0,0,2
trendte,0,3,0,3
trendung,4,0,0,4
trendy,8,0,101,109
trendz,0,1,0,1
trenica,1,0,0,1
trenidng,0,7,0,7
trennnndingggg,0,0,3,3
trensformation,0,0,1,1
trent,11,24,61,96
trenton,0,0,1,1
trepass,0,0,5,5
tres,2,38,10,50
tresa,1,0,0,1
trespass,0,2,7,9
trespassing,3,4,0,7
tresses,0,0,2,2
tresure,0,0,2,2
treue,0,0,1,1
treulich,0,0,6,6
trev,0,0,9,9
trevejo,1,2,0,3
trever,0,0,12,12
trevi,0,0,2,2
trevino,0,5,0,5
trevis,0,0,6,6
trevoh,0,3,0,3
trevolta,0,1,0,1
trevor,21,50,74,145
trevors,0,2,0,2
trew,0,1,1,2
trews,0,0,4,4
trex,0,8,2,10
trey,4,13,11,28
treyarch,0,0,2,2
trf,0,1,0,1
trffcv,0,4,0,4
trg,0,0,1,1
trhatsong,0,1,0,1
trhou,0,1,0,1
trhough,0,3,0,3
tri,5,8,13,26
triad,0,2,0,2
triads,0,0,1,1
triagle,1,0,0,1
trial,15,6,57,78
trialer,0,0,1,1
trialers,0,0,1,1
trials,15,34,41,90
triamcinolone,0,0,3,3
triangle,9,18,40,67
triangles,7,4,2,13
triangualr,2,0,0,2
triangular,0,3,0,3
trianline,0,4,0,4
triathlete,0,0,6,6
triathlon,4,3,0,7
trib,0,1,0,1
tribal,1,4,2,7
tribalistic,0,0,1,1
tribe,7,2,38,47
tribes,17,2,12,31
tribiani,0,1,0,1
tribite,0,0,5,5
triboro,0,0,1,1
tribulation,0,0,35,35
tribulations,3,0,7,10
tribune,0,0,2,2
tribute,22,52,398,472
tributer,0,1,0,1
tributes,5,0,11,16
tributo,0,1,0,1
tricep,0,0,2,2
tricermetops,0,0,1,1
triche,0,1,0,1
trichotilllomanie,1,0,0,1
tricia,0,0,2,2
trick,55,167,214,436
tricked,10,8,13,31
trickery,3,0,11,14
trickier,0,0,4,4
trickin,1,0,0,1
tricking,0,4,9,13
trickle,2,0,0,2
trickles,2,0,0,2
tricks,23,49,68,140
trickshot,0,8,2,10
trickshots,0,24,10,34
tricksies,0,0,7,7
trickster,1,0,0,1
tricksters,0,0,1,1
tricky,4,2,24,30
tricolore,0,1,0,1
tricopter,0,0,1,1
trident,1,4,0,5
trie,0,1,0,1
tried,566,264,1287,2117
tries,185,5,176,366
triest,0,1,0,1
trife,1,0,0,1
trifecta,0,0,5,5
triffic,0,0,5,5
trifft,0,1,4,5
trifle,0,1,0,1
trifling,5,0,0,5
triforce,0,27,1,28
trig,0,0,1,1
triganometry,1,0,0,1
trigeminal,3,0,1,4
trigender,4,0,1,5
triger,0,2,0,2
trigger,33,47,122,202
triggerd,0,3,0,3
triggered,81,125,141,347
triggereddddd,0,0,1,1
triggeredddddd,0,0,3,3
triggeredlol,0,4,0,4
triggering,14,8,17,39
triggerman,1,0,0,1
triggers,7,9,36,52
triggrered,0,1,0,1
trigonometry,0,1,1,2
trigun,0,2,0,2
trigured,0,0,4,4
trihard,0,13,0,13
triibute,0,0,3,3
triion,0,1,0,1
trik,0,0,4,4
trike,0,5,12,17
trikes,0,4,0,4
triks,0,1,0,1
trileeeeeer,0,1,0,1
trilingual,4,5,1,10
trilion,0,3,0,3
trill,0,1,1,2
trilla,0,0,2,2
trilled,0,0,6,6
trillion,9,19,22,50
trillions,6,2,32,40
trillmusic,0,0,1,1
trills,0,1,0,1
trilogies,0,0,2,2
trilogy,25,19,59,103
trilogyofpainislikeaeulogytome,0,0,1,1
trim,23,19,46,88
trimester,5,0,18,23
trimmed,3,1,8,12
trimmer,0,0,1,1
trimming,11,4,24,39
trimmings,1,0,3,4
trims,3,0,9,12
trina,0,4,0,4
trindg,0,1,0,1
trine,0,0,2,2
trinessa,1,0,0,1
tring,3,1,1,5
trini,1,2,1,4
trinidad,0,10,25,35
trinidaden,0,1,0,1
trinidadian,0,2,0,2
trinitario,0,1,0,1
trinity,4,13,22,39
trinitygay,0,0,3,3
trink,0,0,2,2
trinkets,0,3,0,3
trio,1,11,26,38
triology,0,0,2,2
triomphe,0,1,0,1
trip,85,98,488,671
tripe,8,19,27,54
triple,21,43,61,125
tripled,0,0,1,1
tripleh,0,1,0,1
triples,0,0,1,1
triplets,0,4,6,10
tripod,7,12,11,30
tripods,0,2,1,3
tripoli,5,0,0,5
tripophobia,0,1,2,3
tripophobic,0,0,1,1
tripped,31,2,22,55
trippen,1,1,0,2
trippi,0,1,0,1
trippier,0,18,6,24
trippiest,3,2,0,5
trippin,6,19,9,34
tripping,16,26,33,75
tripple,1,5,3,9
trippy,6,24,25,55
trips,18,2,62,82
trired,0,0,1,1
tris,2,2,9,13
trisecting,0,0,1,1
trish,0,2,0,2
trisha,0,4,2,6
trismegistus,2,0,0,2
trisolarians,0,1,0,1
triss,1,0,0,1
trisss,2,0,0,2
tristan,0,5,10,15
tristar,1,0,4,5
triste,3,18,1,22
tristesse,0,0,1,1
tristeza,0,5,1,6
tristi,0,0,2,2
tristian,1,0,0,1
triston,2,0,0,2
tristram,0,0,1,1
trite,7,0,7,14
triton,3,10,9,22
tritons,0,0,1,1
triump,1,0,0,1
triumph,0,2,12,14
triumphant,0,0,1,1
triumphs,0,0,2,2
triune,0,0,4,4
triunfa,0,4,0,4
triunfaba,0,2,0,2
triunfan,0,0,1,1
triunfando,0,1,0,1
triunfar,0,2,0,2
triunfe,0,4,0,4
triunfen,0,1,0,1
triunfo,0,4,0,4
trivago,0,5,0,5
trival,1,0,0,1
trivia,0,0,6,6
trivial,2,0,25,27
triviality,0,0,3,3
trivializing,0,0,3,3
trivially,1,0,2,3
triwizard,0,2,2,4
trix,2,13,9,24
trixie,0,6,1,7
trixya,0,1,0,1
trl,9,15,11,35
trnding,0,1,0,1
troch,0,4,0,4
troche,0,5,0,5
trofye,1,0,0,1
trogans,0,0,1,1
trogloditas,0,1,0,1
troglodyte,0,0,4,4
troglodytes,1,0,0,1
trohm,0,5,0,5
troi,0,5,2,7
troika,0,1,2,3
troisi,6,0,0,6
trojan,7,0,8,15
trok,0,1,0,1
trolear,0,1,0,1
troleen,0,5,0,5
troll,70,70,113,253
trolland,0,1,0,1
trolled,0,18,13,31
trollest,0,1,0,1
trolley,1,10,3,14
trollface,0,1,0,1
trollin,0,0,1,1
trolling,33,22,56,111
trollis,2,0,0,2
trollogy,0,2,0,2
trolls,32,34,75,141
trolly,0,0,1,1
troma,0,0,3,3
trombone,3,2,1,6
tromp,0,1,1,2
trompa,5,0,0,5
tromper,0,2,0,2
trompeta,0,1,0,1
trompetazo,0,1,0,1
trompetista,0,1,0,1
trompoline,0,1,0,1
troms,5,20,8,33
tromsoe,0,3,0,3
tron,2,10,3,15
troncazo,0,4,0,4
tronco,0,9,0,9
troncofilo,0,4,0,4
tronding,0,1,0,1
trong,0,11,0,11
tronnor,0,1,0,1
tronska,0,4,3,7
troomp,0,0,3,3
troomtroom,0,0,1,1
troomtroomprankst,0,1,0,1
trooooop,0,1,0,1
trooooouble,0,0,6,6
troooop,0,0,1,1
troooopz,0,1,0,1
trooop,0,1,0,1
troop,2,2,8,12
troopa,0,0,6,6
trooper,3,18,14,35
troopers,2,6,16,24
troopie,0,0,1,1
troops,14,3,35,52
troopz,7,0,13,20
trop,0,77,23,100
trope,3,1,14,18
tropes,10,0,10,20
tropez,0,2,0,2
trophie,0,0,2,2
trophies,1,0,32,33
trophy,23,50,125,198
trophyless,6,0,0,6
trophys,7,0,1,8
tropic,0,3,11,14
tropicais,0,1,0,1
tropical,2,13,32,47
tropicales,0,3,0,3
tropicalhouse,0,0,1,1
tropicana,0,1,1,2
tropiclean,0,0,1,1
tropico,0,1,1,2
tropics,0,0,1,1
tropies,0,0,1,1
tropipa,0,0,1,1
troppo,0,11,0,11
tropps,0,0,1,1
tropske,0,0,1,1
tros,0,1,0,1
trosers,0,1,0,1
trot,4,0,0,4
trots,1,1,1,3
trotser,0,1,0,1
trotted,0,0,2,2
trotter,0,3,2,5
trotters,0,0,4,4
trotzdem,0,6,0,6
trouble,166,11,230,407
troubled,36,0,8,44
troublemaker,0,0,1,1
troubles,5,1,24,30
troubleshoot,0,0,2,2
troublesome,2,0,3,5
troubling,4,5,9,18
trough,8,4,34,46
troughs,0,0,1,1
trought,0,0,5,5
trouper,0,0,8,8
troupes,0,0,1,1
trouple,0,0,1,1
trouser,0,0,11,11
trousers,25,53,165,243
trousesrs,0,2,0,2
trout,0,2,6,8
troutman,5,0,0,5
trouv,0,1,1,2
trouve,5,29,5,39
trouver,0,3,1,4
trouves,0,2,0,2
trouvez,0,2,0,2
trouwens,0,3,1,4
trouxa,0,1,0,1
trovalta,0,0,1,1
trovato,0,1,0,1
trove,0,0,1,1
troveranno,0,2,0,2
trovo,0,1,0,1
trow,0,5,2,7
trowing,0,0,6,6
trowse,0,0,5,5
troy,28,71,111,210
troydan,0,1,0,1
troydinhi,0,5,0,5
troye,2,8,9,19
troyed,0,0,2,2
troyeeeee,0,3,0,3
troyeislife,0,3,0,3
troyeislove,0,3,0,3
troyes,1,0,1,2
troyler,0,6,7,13
troyyyy,0,2,0,2
trozo,0,1,0,1
trrrrrrue,0,1,0,1
trrrrttassaaaassssssshhhhhhhhh,0,2,0,2
trsiler,0,0,5,5
trsusted,0,3,0,3
trt,0,1,1,2
trtr,0,1,0,1
tru,5,9,17,31
truby,0,0,5,5
truc,1,0,0,1
truce,4,5,6,15
trucje,0,1,0,1
trucjes,0,2,2,4
truck,25,56,131,212
trucker,1,0,5,6
truckers,1,0,0,1
truckfuls,0,0,3,3
truckin,0,0,1,1
trucking,0,0,11,11
truckload,0,0,1,1
trucks,24,14,41,79
truckstop,0,0,1,1
trucos,0,5,0,5
trucs,0,1,0,1
truculent,1,0,0,1
trudat,0,0,1,1
trudeau,2,3,0,5
trudna,0,2,0,2
trudne,0,4,0,4
trudno,0,0,1,1
true,362,1,3245,3608
truee,0,4,1,5
trueee,0,0,2,2
trueeee,0,1,0,1
trueeeee,1,0,0,1
truefan,0,1,3,4
truegeordie,2,0,1,3
trueheartbeat,0,0,1,1
truelove,0,0,2,2
truely,2,1,30,33
trueman,1,0,0,1
truer,3,3,13,19
trues,0,4,0,4
trueself,1,0,0,1
truest,6,7,8,21
truestorybro,0,3,0,3
truf,0,5,0,5
truffle,6,2,7,15
truffles,4,6,4,14
truh,1,0,0,1
truise,0,1,0,1
trujillo,0,2,0,2
truley,1,0,0,1
truller,0,0,4,4
trullllllly,0,0,1,1
trully,0,2,8,10
truly,286,112,1201,1599
truman,12,8,11,31
trumet,0,1,0,1
trumos,0,0,2,2
trump,1557,981,1834,4372
trumpage,0,0,1,1
trumpaholics,3,0,0,3
trumpamerica,0,0,3,3
trumpanzee,1,3,3,7
trumpanzees,1,2,1,4
trumpazees,0,0,1,1
trumpdoesn,0,1,0,1
trumpees,0,1,0,1
trumper,1,1,0,2
trumpers,5,1,0,6
trumpesque,0,0,1,1
trumpet,4,41,49,94
trumpeter,2,2,12,16
trumpets,0,1,6,7
trumpettes,0,0,7,7
trumpfakish,7,0,0,7
trumpflakes,0,5,0,5
trumpfor,0,0,1,1
trumpholes,1,0,0,1
trumpians,0,1,0,1
trumpie,0,0,1,1
trumplethinskin,0,1,0,1
trumplets,1,0,0,1
trumpm,0,1,0,1
trumpppp,0,1,0,1
trumps,51,29,57,137
trumpster,0,1,0,1
trumpsterfire,1,0,0,1
trumpsters,0,1,0,1
trumpstupidfuckingcrook,1,0,0,1
trumpsupporter,0,2,0,2
trumptard,0,0,1,1
trumptards,5,4,5,14
trumpturds,0,0,2,2
trumpublicans,0,0,1,1
trumpy,1,10,10,21
truncated,1,0,0,1
trunchable,0,0,1,1
trunchbull,0,3,1,4
truned,0,1,0,1
trung,0,6,0,6
trunk,4,18,36,58
trunks,10,8,5,23
truong,0,1,0,1
trurly,0,0,1,1
truro,5,0,9,14
trusnami,0,1,0,1
truss,0,0,1,1
trusss,0,2,0,2
trust,189,180,616,985
trustable,0,1,0,1
trusted,19,9,45,73
trustfunds,0,0,1,1
trusting,6,0,34,40
trustingod,0,3,0,3
trusts,0,2,3,5
trustworthy,1,1,13,15
trusty,0,0,1,1
truth,391,258,677,1326
truthers,0,1,0,1
truthful,13,0,31,44
truthfully,1,0,16,17
truthfulness,0,0,3,3
truthly,0,0,2,2
truthmovement,0,1,0,1
truthness,1,0,0,1
truths,8,0,29,37
trutjh,0,1,0,1
trutv,0,0,1,1
truu,0,0,2,2
truueee,0,0,1,1
truueeee,0,0,2,2
truueeeeee,0,3,0,3
truuu,0,1,0,1
truuue,0,0,1,1
truuuu,0,0,1,1
truuuuu,0,1,0,1
truuuuue,0,0,1,1
truuuuuee,1,0,0,1
truuuuuu,0,1,0,1
trvpgirldallas,0,1,0,1
trwnding,0,3,0,3
try,1206,1580,4755,7541
tryagainmilk,0,0,1,1
tryanna,0,1,0,1
tryed,2,10,7,19
tryeng,0,1,0,1
tryhard,1,0,3,4
tryhards,0,1,0,1
tryied,2,0,1,3
tryign,0,0,1,1
tryin,15,13,39,67
tryina,0,0,2,2
trying,1442,682,3047,5171
tryining,0,0,1,1
tryinv,1,0,0,1
tryn,1,1,1,3
tryna,100,65,146,311
tryng,0,1,0,1
trynna,8,5,2,15
tryo,0,0,1,1
tryout,1,2,1,4
tryphobia,1,0,1,2
trypophobia,3,25,7,35
trypophobic,0,0,1,1
trys,6,1,17,24
trysicle,0,0,1,1
tryy,0,0,1,1
trz,0,2,0,2
trzeba,0,2,0,2
trzech,0,2,0,2
trzne,0,2,0,2
trzy,0,0,2,2
trzyma,0,3,1,4
ts,8,25,52,85
tsa,4,1,2,7
tsach,0,5,0,5
tsaline,1,0,0,1
tsar,5,4,5,14
tsars,0,1,0,1
tsavage,0,1,0,1
tsc,0,0,1,1
tsch,0,1,0,1
tsew,0,6,0,6
tshabeka,0,1,0,1
tshandy,0,0,1,1
tshi,1,0,0,1
tshirt,14,17,38,69
tshirts,6,4,32,42
tsk,2,3,0,5
tslob,0,0,1,1
tsm,6,30,24,60
tsol,0,6,0,6
tsong,0,10,9,19
tsongga,0,0,2,2
tsonggas,1,0,0,1
tsongggo,0,1,0,1
tsonggo,2,4,6,12
tsonggos,1,0,0,1
tsongo,0,4,0,4
tsongos,0,0,1,1
tsp,1,0,0,1
tssk,2,0,0,2
tsst,0,2,0,2
tstop,0,1,0,1
tsuki,0,1,0,1
tsum,0,8,2,10
tsunami,14,20,11,45
tsunamimob,0,0,1,1
tsunamis,1,0,1,2
tsundere,0,12,0,12
tsupseudogamush,0,1,0,1
tswifts,0,1,0,1
tt,13,53,53,119
ttae,0,2,0,2
ttaecheoreom,0,0,1,1
ttaeme,0,2,0,2
ttalks,0,1,0,1
ttarawa,0,0,1,1
ttc,4,0,1,5
ttd,3,0,0,3
tte,3,3,0,6
tted,1,0,0,1
tteolgwo,0,1,0,1
tteonagago,0,1,0,1
tter,0,0,2,2
tteundaraneun,0,1,0,1
ttfu,0,0,1,1
ttg,0,1,11,12
ttgp,0,0,6,6
tthe,0,1,0,1
tthen,3,0,0,3
tthey,1,0,0,1
tthis,0,0,3,3
tties,0,0,1,1
ttito,0,1,0,1
ttk,3,0,0,3
ttntt,0,1,0,1
tto,0,1,0,1
ttoi,0,1,0,1
ttott,0,0,1,1
ttre,0,0,3,3
tts,0,0,1,1
ttt,0,2,0,2
tttt,2,0,0,2
ttttrending,0,1,0,1
ttttrrreewnnndddiiinnnggg,0,1,0,1
ttttrumps,0,0,4,4
tttttt,0,5,0,5
tttyg,0,0,1,1
ttut,0,0,1,1
ttutt,1,0,0,1
tty,0,3,3,6
ttyl,0,0,1,1
ttyytyu,0,1,0,1
tu,25,509,105,639
tua,3,4,6,13
tuan,0,2,0,2
tuangkan,0,0,1,1
tuareg,0,1,0,1
tuataria,0,1,0,1
tub,20,16,44,80
tuba,0,0,1,1
tubbies,0,0,1,1
tubby,1,2,8,11
tube,75,78,252,405
tubeless,0,5,0,5
tubeman,0,0,4,4
tubemediadown,0,0,2,2
tuber,1,11,47,59
tuberculosis,2,1,0,3
tubers,24,7,57,88
tubes,12,15,16,43
tubetards,0,0,1,1
tubetech,0,0,3,3
tubig,0,0,1,1
tubing,6,9,10,25
tubo,0,1,1,2
tubs,1,0,8,9
tubular,0,0,1,1
tuch,0,1,0,1
tuche,1,0,0,1
tuchel,2,0,0,2
tuck,11,8,16,35
tucked,11,4,16,31
tucker,0,41,5,46
tuckerrrrrrr,2,0,0,2
tuckerrrrrrrrrrrrr,0,1,0,1
tuckers,0,1,0,1
tucking,1,3,7,11
tucks,0,0,6,6
tucson,0,1,3,4
tuddy,0,5,0,5
tude,0,3,1,4
tudes,0,0,1,1
tudifu,0,2,0,2
tudo,0,24,5,29
tudooo,0,3,0,3
tudyk,0,2,0,2
tue,0,0,1,1
tuer,0,0,1,1
tuerie,0,2,0,2
tuesday,46,18,89,153
tuesdays,1,0,8,9
tuesgays,0,3,0,3
tuf,5,4,0,9
tufer,0,1,0,1
tuff,2,3,13,18
tuffer,0,2,0,2
tufff,0,0,1,1
tuffish,0,1,0,1
tuffs,4,0,0,4
tufiti,0,3,0,3
tufts,0,0,3,3
tufu,0,0,1,1
tug,2,3,33,38
tuga,0,4,0,4
tugboat,0,0,3,3
tugboats,0,0,3,3
tugged,0,1,4,5
tugger,0,1,0,1
tugging,0,6,3,9
tugh,0,3,0,3
tugs,0,0,7,7
tugybbtuyutgbgggyvc,0,0,2,2
tuh,0,2,2,4
tuhhhh,0,1,0,1
tuhle,0,3,0,3
tui,0,1,0,1
tuiiiisssssss,0,0,2,2
tuil,0,0,1,1
tuileries,0,0,1,1
tuin,0,0,1,1
tuition,9,9,11,29
tujamo,1,0,0,1
tujy,0,0,2,2
tuk,0,0,4,4
tukin,0,7,0,7
tularosa,0,3,7,10
tuli,0,1,0,1
tulip,0,0,1,1
tulips,1,1,0,2
tulisa,5,1,0,6
tullo,5,0,0,5
tulloch,0,8,0,8
tully,0,0,1,1
tullys,0,2,0,2
tulo,2,14,5,21
tulong,0,1,0,1
tulos,2,17,5,24
tuloy,0,0,1,1
tuloyna,0,0,1,1
tulsa,1,5,2,8
tulum,0,0,1,1
tum,0,1,13,14
tumaba,0,0,4,4
tumba,0,2,0,2
tumbar,0,1,0,1
tumble,0,1,3,4
tumbled,0,0,1,1
tumbler,4,1,2,7
tumbleweed,1,1,0,2
tumbling,1,1,10,12
tumblr,16,18,28,62
tumbnail,11,0,2,13
tumbr,1,0,0,1
tumbs,0,1,0,1
tume,1,2,0,3
tumigil,2,0,0,2
tummies,1,0,0,1
tummy,16,14,94,124
tummys,0,0,1,1
tumnail,0,1,0,1
tumor,14,0,29,43
tumors,3,0,3,6
tumour,2,0,7,9
tumours,5,6,3,14
tump,0,2,1,3
tumps,0,0,1,1
tums,4,4,0,8
tumultuous,0,0,1,1
tun,0,27,1,28
tuna,12,30,36,78
tunaandsweetcorn,0,1,0,1
tunak,0,4,2,6
tunamayo,0,1,0,1
tunas,0,0,5,5
tunde,0,1,0,1
tundercats,0,1,0,1
tune,89,151,375,615
tuneage,0,0,1,1
tunechi,0,0,5,5
tuned,32,19,41,92
tunein,0,0,1,1
tuners,0,0,1,1
tunes,16,13,49,78
tung,0,1,1,2
tungle,0,0,1,1
tungsten,2,6,3,11
tunic,3,0,0,3
tuning,4,3,18,25
tunisia,2,0,3,5
tunna,0,4,0,4
tunned,0,0,1,1
tunnel,11,37,61,109
tunneling,0,1,1,2
tunnelling,0,9,0,9
tunnels,2,0,1,3
tuns,0,1,0,1
tuo,0,6,0,6
tuoi,0,3,0,3
tuong,0,1,0,1
tupac,11,11,47,69
tupe,0,0,1,1
tur,1,0,0,1
turan,0,1,0,1
turanland,0,5,0,5
turban,0,1,15,16
turbine,0,3,1,4
turbines,2,0,12,14
turbo,4,26,17,47
turbocharger,0,6,0,6
turbodick,0,1,0,1
turboprop,0,0,2,2
turbulence,1,0,0,1
turbulent,1,1,4,6
turco,0,1,0,1
turd,38,14,43,95
turdclimber,0,2,0,2
turdinator,0,3,0,3
turds,4,3,10,17
turducken,0,1,0,1
turdvolta,0,0,3,3
ture,1,1,11,13
turgenev,0,0,17,17
turgenevs,0,0,2,2
turin,0,1,2,3
turing,1,5,8,14
turismo,0,0,1,1
turista,0,5,0,5
turistes,0,0,3,3
turk,0,4,0,4
turkce,0,1,0,1
turkey,15,70,47,132
turkeyy,0,5,0,5
turki,0,1,0,1
turkish,12,32,18,62
turkishkebab,0,1,0,1
turkiye,0,5,0,5
turkiyede,0,2,0,2
turkiyemizi,0,1,0,1
turkiyenin,0,1,0,1
turkkish,2,0,0,2
turkle,0,0,6,6
turkler,0,9,0,9
turks,7,3,13,23
turky,1,0,0,1
turlington,0,1,0,1
turlock,0,0,12,12
turmeric,1,0,10,11
turmite,0,1,0,1
turmoil,4,0,11,15
turmp,0,0,4,4
turn,498,407,1000,1905
turnaround,0,0,1,1
turnbuckle,1,0,0,1
turnd,0,1,0,1
turne,0,4,0,4
turned,292,199,693,1184
turnen,0,1,0,1
turner,8,12,19,39
turners,0,0,1,1
turnin,1,2,1,4
turning,103,83,279,465
turnip,0,0,1,1
turnoff,1,0,1,2
turnout,4,0,0,4
turnover,0,0,9,9
turns,122,92,335,549
turnt,2,3,17,22
turntable,0,0,4,4
turntables,0,0,1,1
turnuvalar,0,3,0,3
turok,0,1,0,1
turorial,0,0,2,2
turorials,0,1,0,1
turp,0,1,0,1
turqu,0,4,0,4
turquise,2,0,0,2
turquoise,24,0,22,46
turrend,0,1,0,1
turret,6,1,0,7
turrets,1,0,0,1
turrible,2,2,0,4
turritopsis,4,0,0,4
turro,0,2,0,2
turstdhhaaaaahhyy,0,0,1,1
turt,0,1,0,1
turtels,1,3,0,4
turtle,24,30,60,114
turtled,5,0,0,5
turtledove,1,0,0,1
turtleheads,0,0,1,1
turtleneck,0,6,6,12
turtles,28,35,71,134
turtorial,0,1,0,1
turvey,0,0,2,2
turvy,0,0,4,4
turw,0,1,0,1
tus,0,51,9,60
tuscon,0,0,1,1
tush,0,0,2,2
tushy,0,0,1,1
tusi,0,1,0,1
tusk,0,1,0,1
tussauds,0,4,1,5
tut,0,42,28,70
tuta,0,2,0,2
tutar,0,2,0,2
tutched,0,1,0,1
tutelage,0,1,1,2
tuto,0,8,2,10
tutor,0,4,23,27
tutoria,2,1,3,6
tutorial,148,503,955,1606
tutoriales,0,3,0,3
tutoriallllll,1,0,0,1
tutorials,44,86,623,753
tutorialstutorials,0,0,1,1
tutoriel,0,0,6,6
tutoring,0,4,5,9
tutors,0,0,4,4
tuts,0,3,9,12
tutsytut,0,8,0,8
tutta,5,1,0,6
tutte,5,11,0,16
tutti,2,5,3,10
tuttminx,0,1,0,1
tutto,1,13,2,16
tutu,3,3,1,7
tutulmami,0,3,0,3
tuturial,2,0,0,2
tututu,0,1,0,1
tutututu,0,1,0,1
tutuyor,0,2,0,2
tuuucccckkkeeeerrrrr,0,2,0,2
tuuune,0,1,0,1
tuuuuuuuuuurrible,1,0,0,1
tuve,7,2,0,9
tuviera,0,8,0,8
tuvieron,0,6,0,6
tuviste,0,1,0,1
tuvo,0,7,2,9
tux,1,5,4,10
tuxedo,8,2,1,11
tuy,0,4,0,4
tuyo,0,1,0,1
tuzani,0,1,0,1
tv,388,461,1141,1990
tvb,0,0,1,1
tve,0,1,0,1
tvee,1,0,0,1
tvfilthyfrank,0,1,0,1
tvh,0,0,1,1
tvp,0,0,3,3
tvs,0,5,10,15
tvshow,0,0,1,1
tvt,0,1,1,2
tvtropes,0,1,0,1
tvxq,2,7,23,32
tvxqforever,0,1,0,1
tvxqhasreturned,0,0,1,1
tw,0,24,10,34
twaddle,0,1,5,6
twaimz,1,1,0,2
twain,2,2,16,20
twan,0,2,3,5
twang,0,0,1,1
twangy,1,2,0,3
twans,0,0,1,1
twarz,0,16,0,16
twarzy,0,14,0,14
twas,1,0,7,8
twat,64,62,34,160
twats,31,7,11,49
twatt,2,1,0,3
twce,0,0,1,1
twd,9,17,7,33
tweak,1,1,6,8
tweaked,6,0,0,6
tweakin,1,1,0,2
tweaking,1,0,7,8
tweaks,1,0,4,5
twee,0,1,3,4
tweed,10,2,5,17
tweeeeeets,1,0,0,1
tweek,0,1,1,2
tweeker,0,2,0,2
tween,4,1,3,8
tweens,0,3,4,7
tweest,2,0,1,3
tweet,51,50,115,216
tweeted,17,15,18,50
tweeter,0,2,1,3
tweeters,0,0,1,1
tweeting,5,2,23,30
tweets,23,21,21,65
tweezers,0,1,1,2
twek,1,0,0,1
tweked,0,0,1,1
twele,0,4,0,4
twelfth,0,1,1,2
twelth,0,0,4,4
twelve,13,9,39,61
twelvie,1,0,0,1
twelvies,0,1,0,1
twente,0,1,0,1
twenties,12,1,15,28
twentieth,3,0,5,8
twenty,15,36,40,91
twentyfive,0,0,1,1
twentyone,0,1,0,1
twentyonepilots,2,0,0,2
tweny,1,0,0,1
twere,0,4,0,4
twerk,11,22,7,40
twerked,0,1,2,3
twerkin,2,3,3,8
twerking,17,15,24,56
twerkn,0,0,1,1
twerks,0,2,0,2
twi,0,0,6,6
twice,192,222,576,990
twicecoaster,0,0,1,1
twicee,0,1,0,1
twiceee,0,1,0,1
twiceeeee,0,0,1,1
twicefriend,0,1,1,2
twicefriendisreal,0,0,1,1
twiceinargentina,0,1,0,1
twiceland,0,0,2,2
twicelandknight,0,0,1,1
twicelover,0,0,2,2
twicely,0,0,1,1
twiceshow,0,2,0,2
twicetagram,1,1,2,4
twicexgot,0,0,1,1
twiddling,0,0,1,1
twig,0,1,4,5
twiggy,0,1,1,2
twigs,0,4,2,6
twiiter,0,0,1,1
twikey,0,5,0,5
twil,0,1,2,3
twiley,0,1,0,1
twili,0,0,1,1
twilight,28,35,81,144
twin,41,112,138,291
twine,0,1,0,1
twink,2,0,2,4
twinkie,0,1,0,1
twinkies,0,6,2,8
twinkle,0,4,9,13
twinkles,0,1,5,6
twinks,0,2,0,2
twinky,0,0,1,1
twinning,1,3,14,18
twinnn,0,1,0,1
twins,28,202,160,390
twinsies,0,0,4,4
twinsss,0,1,0,1
twinssss,0,3,2,5
twinssssssssssssssss,2,0,0,2
twinty,0,2,0,2
twinzies,0,3,0,3
twirk,0,0,2,2
twirl,0,2,0,2
twirled,0,1,0,1
twirling,0,0,5,5
twirlling,0,0,3,3
twirls,0,1,0,1
twisler,0,0,1,1
twist,52,121,174,347
twisted,81,12,60,153
twistedly,1,0,0,1
twister,0,2,1,3
twisters,0,3,0,3
twistes,0,0,1,1
twisties,0,2,3,5
twisting,8,6,20,34
twistout,0,0,1,1
twists,6,3,23,32
twisty,0,5,10,15
twit,1,2,9,12
twitards,0,2,0,2
twitch,1,13,45,59
twitches,1,0,5,6
twitching,1,0,6,7
twitchtv,0,0,1,1
twitlonger,3,0,0,3
twits,1,2,0,3
twitt,0,0,1,1
twitter,88,170,360,618
twitters,3,0,0,3
twix,0,2,1,3
twixt,0,0,1,1
twixtor,4,0,0,4
twizzlers,0,4,0,4
twl,0,0,1,1
twlight,0,0,1,1
two,1231,1008,4349,6588
twod,0,1,0,1
twofacesnake,0,3,0,3
twofor,0,1,0,1
twogether,0,3,0,3
twoich,0,4,0,4
twoim,0,6,0,6
twoj,0,2,0,2
twoja,0,1,0,1
twoje,0,8,0,8
twojego,0,3,0,3
twon,0,1,0,1
twoo,0,1,0,1
twooo,0,1,2,3
twooooo,0,3,0,3
twoooooo,0,6,0,6
twooooooo,0,3,0,3
twooooooooo,0,4,0,4
twopenneth,0,0,1,1
tword,0,4,0,4
twords,1,0,1,2
tworzy,0,3,0,3
twoti,0,0,4,4
tws,0,6,0,6
twt,2,0,1,3
twtitter,0,0,6,6
tx,4,18,38,60
txh,0,4,0,4
txt,0,0,7,7
txting,0,0,1,1
ty,80,144,196,420
tyc,1,0,0,1
tych,0,9,0,9
tycho,0,1,0,1
tychons,0,1,0,1
tycoon,5,8,15,28
tydack,0,1,0,1
tydollarsign,0,1,0,1
tydzien,0,2,0,2
tye,4,2,4,10
tyga,2,5,2,9
tyhera,0,0,2,2
tyiizccv,0,1,0,1
tying,6,4,4,14
tyke,0,0,1,1
tylar,0,1,0,1
tyle,0,7,0,7
tylenols,0,2,0,2
tyler,61,217,341,619
tylerr,0,0,1,1
tylerre,0,0,1,1
tylerrer,0,0,1,1
tylerrr,0,3,0,3
tylerrrr,0,0,1,1
tylerrrrr,0,1,0,1
tylerrrrrr,0,0,3,3
tylers,1,4,3,8
tyling,0,0,1,1
tylko,0,46,1,47
tyller,0,2,0,2
tylor,0,3,0,3
tym,0,35,2,37
tyman,1,0,0,1
tyme,0,0,1,1
tymi,0,2,0,2
tyna,0,1,0,1
tyne,0,1,0,1
tynemouth,0,0,1,1
tyon,0,0,1,1
tyota,0,1,0,1
tyotinkas,0,1,0,1
typ,0,6,2,8
typa,3,1,1,5
typan,0,1,0,1
type,432,421,1360,2213
typecast,1,0,2,3
typed,6,9,19,34
typeface,0,0,6,6
typer,0,3,0,3
typers,0,0,1,1
types,93,53,296,442
typeset,0,0,1,1
typewriter,0,1,1,2
typewriters,0,0,1,1
typhoons,1,0,0,1
typical,197,0,228,425
typically,33,0,80,113
typing,19,18,59,96
typist,0,0,1,1
typo,1,8,5,14
typography,0,0,7,7
typos,1,0,3,4
typu,0,2,0,2
tyra,5,6,0,11
tyrace,0,2,0,2
tyranical,0,0,1,1
tyranitar,0,0,5,5
tyrannical,0,0,9,9
tyrannically,0,0,4,4
tyrannosaurus,0,0,1,1
tyranny,1,1,13,15
tyrant,0,0,8,8
tyrants,0,1,11,12
tyrany,0,4,0,4
tyre,8,3,17,28
tyred,0,0,1,1
tyrees,6,1,0,7
tyregrease,0,2,0,2
tyrell,3,5,18,26
tyres,1,0,6,7
tyrese,32,27,51,110
tyrestrech,0,1,0,1
tyrian,0,6,0,6
tyrion,13,13,8,34
tyron,2,0,6,8
tyrone,6,12,19,37
tyrus,0,3,0,3
tysen,0,1,0,1
tyshawnlee,0,0,3,3
tysilio,0,1,0,1
tysm,0,9,13,22
tyson,33,30,42,105
tyt,1,0,4,5
tytrgdfgfhjkyygfsuygyhgtfyt,0,1,0,1
tytu,0,1,0,1
tyty,1,0,1,2
tyueeugutyuyriyhiuioyuuyyuyhiimihhghhhhhhhhhhhhhhhhhhhhhhhhhhhhhhhhhhhhhhhhhhhhhhhhhhhhhhhhhhhhhhhhhhhhhhhhhhhhhhhhhhhhhhhhhhhhhhhhhhhhhhhhhhhhhhhhhhhhhhhhhhhhhhhhhhhhhhhhhhhhhhhhhhhhhhhhhhhhhhhhhhhhhhhhhhhhhhhhhhhhhhhhhhhhhhhhhhhhhhhhhhhhhhhhhhhhhhhhhhhhhhhhhhhhhhhhhhhhhhhhhhhhhhhhhhhhhhhhhhhhhhhhhhhhhhhhhhhhhhhhhhhhhhhhhhhhhhhhhhhhhhhhhhhhhhhhhhhhhhhhhhhhhhhhhhhhhhhhhhhhhhhhhhhhhhhhhhhhhhhhhhhhhhhhhhhhhhhhhhhhhhhhhhhhhhhhhhhhhhhhhhhhhhhhhhhhhhhhhhhhhhhhhhhhhhhhhhhhhhhhhhhhhhhhhhhhhhhhhhhhhhhhhhhhhhhhhhhhhhhhhhhhhhhhhhhhhhhhhhhhhhhhhhhhhhhhhhhhhhhhhhhhhhhhhhhhhhhhhhhhhhhhhhhhhhhhhhhhhhhhhhhhhhhhhhhhhhhhhhhhhhhhhhhhhhhhhhhhhhhhhhhhhhhhhhhhhhhhhhhhhhhhhhhhhhhhhhhhhhhhhhhhhhhhhhhhhhhhhhhhhhhhhhhhhhhhhhhhhhhhhhhhhhhhhhhhhhhhhhhhhhhhhhhhhhhhhhhhhhhhhhhhhhhhhhhhhhhhhhhhhhhhhhhhhhhhhhhhhhhhhhhhhhhhhhhhhhhhhhhhhhhhhhhhhhhhhhhhhhhhhhhhhhhhhhhhhhhhhhhhhhhhhhhhhhhhhhhhhhhhhhhhhhhhhhhhhhhhhhhhhhhhhhhhhhhhhhhhhhhhhhhhhhhhhhhhhhhhhhhhhhhhhhhhhhhhhhhhhhhhhhhhhhhhhhhhhhhhhhhhhhhhhhhhhhhhhhhhhhhhhhhhhhhhhhhhhhhhhhhhhhhhhhhhhhhhhhhhhhhhhhhhhhhhhhhhhhhhhhhhhhhhhhhhhhhhhhhhhhhhggggggggggggggggggggggggggggggggggggggggggggggggggggggggggggggggggggggggggggggggggggggggggggggggggggggggggggggggggggggggggggggggggggggggggggggggggggggggggggggggggggggggggggggggggggggggggggggggggggggggggggggggggggggggggggggggggggggggggggggggggggggggggggggggggggggggggggggggggggggggggggggggggggggggggggggggggggggrgnfhghfuyfhdzifdgfddddddddddddddddddddddddddddddddddddddddddddddddddddddddddddddddddddddddddddddddddddddddddddddddffffffffffffffffffffgggggggffffffffffffffggggfffgfgffgfggggggggggggggggggggggggfffffffffffffffffffffffffffffffffffffff,0,1,0,1
tyuzu,1,1,0,2
tyvm,0,1,0,1
tyycg,0,3,0,3
tzar,1,0,0,1
tzeentch,0,0,1,1
tzle,0,0,1,1
tzone,4,0,0,4
tzu,0,1,0,1
tzutu,0,0,1,1
tzuyoda,0,1,0,1
tzuyu,9,60,34,103
tzuyuuuu,0,1,0,1
ua,1,1,12,14
uaaaaaaau,0,1,0,1
uaaaaahh,0,0,6,6
uaaaaalll,0,5,0,5
uac,0,3,0,3
uae,0,7,10,17
uaena,0,1,0,1
uaenarmy,0,1,0,1
uah,0,0,4,4
uai,0,1,0,1
uaing,3,0,0,3
uar,0,1,0,1
uart,0,0,2,2
uashduah,1,0,0,1
uat,0,3,0,3
uau,0,4,8,12
uausuusuauau,0,1,0,1
uauuu,0,1,0,1
ub,10,49,24,83
ubam,0,1,0,1
ubber,5,0,4,9
ube,0,5,1,6
ubelievable,0,0,1,1
ubeliveable,0,0,1,1
uber,190,146,482,818
ubering,0,1,0,1
ubermech,2,0,0,2
ubers,8,6,9,23
ubi,0,3,23,26
ubicar,0,1,0,1
ubicrap,4,0,0,4
ubiera,0,2,0,2
ubiesen,0,7,0,7
ubiosft,0,0,5,5
ubiquinol,0,0,1,1
ubiquitous,0,0,2,2
ubiquitously,0,0,1,1
ubiquity,2,0,0,2
ubiseptic,4,0,0,4
ubishit,0,4,0,4
ubisioft,0,1,0,1
ubisoft,93,35,117,245
ubiti,0,1,0,1
ubrella,0,0,1,1
ubs,0,4,5,9
ubsoft,0,0,3,3
ubsy,0,1,0,1
ubtil,1,0,0,1
ubuntu,0,4,7,11
uc,1,5,7,13
ucas,1,0,0,1
ucbgtbugyn,0,0,2,2
uccide,0,1,0,1
ucfyfyfcifszdfytdgfdythvulguilgukcydjxfhshhsydgxfgzzxxbxhfgdhfggfyfyfdtddurrkudydyjfyfgugfyfcvcfgghtitiyuyiyk,0,1,0,1
uch,0,1,4,5
ucha,0,9,0,9
ucham,0,14,0,14
uchbeacuse,0,1,0,1
uchechi,1,0,0,1
uchi,0,5,10,15
uchiha,0,1,0,1
uchimura,0,0,10,10
uchis,0,1,0,1
uci,0,2,2,4
ucideboy,3,0,0,3
uck,0,0,8,8
ucked,0,0,4,4
uckers,0,3,0,3
uckin,0,1,0,1
ucking,0,1,3,4
ucks,0,0,6,6
ucl,5,2,35,42
ucla,2,0,18,20
ucmj,0,0,1,1
ucs,0,2,2,4
ucsf,0,0,3,3
ucuple,0,0,1,1
ucvbzvnkvdviw,0,0,1,1
uczucie,0,3,0,3
uczulic,0,0,1,1
uczy,0,1,0,1
ud,11,9,22,42
uda,0,1,0,1
udah,0,3,1,4
udaya,0,0,1,1
udder,0,2,0,2
udders,2,0,0,2
udh,0,1,1,2
udhr,0,0,5,5
udompanich,0,0,1,1
udon,0,0,17,17
udost,0,4,0,4
udp,0,4,16,20
uds,0,6,0,6
ue,0,6,3,9
uearss,0,0,4,4
uebdndis,0,2,0,2
uefa,7,4,5,16
uefalona,2,4,6,12
uefas,0,3,0,3
ueh,0,2,0,2
uelas,0,1,2,3
uelo,0,2,0,2
uemura,0,0,1,1
uenala,0,0,8,8
uesd,0,0,1,1
uesyesyeysyysnuahs,0,1,0,1
ueue,0,4,4,8
uf,0,6,0,6
ufc,50,58,104,212
uff,0,9,5,14
ufff,0,3,4,7
uffff,0,3,0,3
ufffff,0,13,0,13
uffffff,0,1,1,2
uffffffff,0,0,1,1
ufghh,0,1,0,1
ufo,0,12,15,27
ufoda,0,3,0,3
ufos,1,0,4,5
uft,0,5,0,5
ufugpj,0,1,0,1
ufyhybhhfyhyhfffbhhhybbbfbfbfb,0,0,2,2
ufyruruururufhg,0,2,0,2
ug,1,9,2,12
uga,0,1,0,1
uganda,0,2,11,13
ugandan,0,7,0,7
ugandans,1,0,0,1
ugc,0,2,0,2
ugdgdjj,0,0,1,1
uge,0,0,3,3
uggg,0,0,3,3
ugggggggggeeeee,0,0,1,1
uggggggh,0,0,2,2
uggggghhhh,0,1,0,1
uggggh,0,0,2,2
ugggghhhh,0,0,2,2
ugggh,6,1,1,8
uggghh,0,0,1,1
uggghhh,1,4,0,5
uggghhhh,0,4,4,8
uggh,0,2,4,6
ugghghghhghg,0,0,1,1
ugghh,3,1,1,5
ugghhh,1,0,0,1
uggly,0,0,1,1
uggs,1,7,6,14
ugh,171,216,440,827
ughghhhhhh,0,0,1,1
ughh,4,13,31,48
ughhh,25,9,34,68
ughhhh,3,5,7,15
ughhhhh,1,9,4,14
ughhhhhh,3,5,3,11
ughhhhhhh,0,2,1,3
ughhhhhhhh,0,3,0,3
ughhhhhhhhh,0,0,6,6
ughhhhhhhhhhh,0,1,0,1
ughhhhhhhhhhhhhhhhhh,0,0,1,1
ughhhhhhhhhhhhhhhhhhhhhhhhhhhhhhhh,0,0,5,5
ughthoseeyes,0,0,4,4
ugk,1,1,0,2
uglie,0,1,1,2
uglier,7,9,13,29
uglies,0,2,0,2
ugliest,7,46,25,78
ugliness,0,0,5,5
uglu,1,0,0,1
ugly,922,13,160,1095
uglyass,0,1,0,1
uglybook,3,0,0,3
uglyer,1,1,0,2
uglyhow,0,0,1,1
ugo,0,3,0,3
ugtu,0,2,0,2
ugu,0,1,0,1
ugwemubwem,0,1,0,1
ugwemuhwem,0,1,0,1
uh,88,99,159,346
uhaul,0,1,0,1
uhc,0,0,1,1
uhd,1,0,8,9
uhdtv,0,0,2,2
uhfbeuhbgrfh,0,0,1,1
uhg,1,0,1,2
uhggggg,2,0,0,2
uhgly,0,1,0,1
uhh,25,20,49,94
uhhh,14,37,12,63
uhhhh,5,15,9,29
uhhhhh,10,7,2,19
uhhhhhh,1,0,1,2
uhhhhhhh,0,0,2,2
uhhhhhhhh,0,0,5,5
uhhhhhhhhhh,0,2,0,2
uhhhhhhhhhhhhhhhhhhhhhhhhhhhhhot,0,1,0,1
uhhhhhhmmmmmm,0,0,1,1
uhhhhmazing,0,0,1,1
uhhhhmmm,0,0,3,3
uhhhm,0,0,1,1
uhhhmaaaazzzzing,0,0,2,2
uhhi,0,6,0,6
uhhm,0,0,2,2
uhl,0,2,0,2
uhm,12,16,21,49
uhmazing,0,0,1,1
uhmean,6,0,0,6
uhmericuh,0,1,0,1
uhmm,0,2,3,5
uhmmm,0,0,3,3
uhoh,0,1,0,1
uhohohoho,0,1,0,1
uhre,0,0,1,1
uhu,0,2,0,2
uhudhuff,0,0,2,2
uhuh,0,1,0,1
uhuhuhu,0,1,0,1
uhuhuhuhuh,0,1,0,1
uhul,1,0,0,1
uhuu,0,0,3,3
uhuuu,0,0,1,1
uhuuuuyyy,0,0,1,1
ui,8,14,3,25
uicide,0,3,0,3
uicideboy,6,8,0,14
uicideboys,1,0,0,1
uiero,0,0,4,4
uigi,1,0,0,1
uisoft,0,0,1,1
uit,0,8,2,10
uita,0,1,0,1
uitat,0,1,0,1
uitdaging,0,1,0,1
uiteraard,0,0,1,1
uitgeven,0,1,0,1
uitkomen,0,3,0,3
uitlacht,0,1,0,1
uitleggen,0,0,1,1
uje,0,2,0,2
uji,0,3,1,4
ujrza,0,3,0,3
uk,295,453,981,1729
uke,0,4,4,8
ukeep,0,0,1,1
ukelele,1,3,4,8
ukeleles,0,1,0,1
ukg,0,0,2,2
ukh,0,8,0,8
ukip,0,5,3,8
ukireland,5,0,0,5
ukmec,0,0,1,1
uknow,0,3,4,7
uknown,1,0,0,1
ukochanego,0,2,0,2
ukraina,0,0,3,3
ukraine,3,9,24,36
ukrainian,2,0,6,8
ukrainians,0,0,3,3
ukrayini,0,1,0,1
ukry,0,3,0,3
ukryj,0,2,0,2
ukrywa,0,2,0,2
uks,1,0,0,1
uku,0,6,22,28
ukulele,4,14,50,68
ukuleles,0,8,0,8
ukulelescreamo,0,7,0,7
ukus,0,0,3,3
ukwturiweu,0,1,0,1
ula,0,0,7,7
ulaaaaaan,0,1,0,1
ulacak,0,1,0,1
ulan,0,2,0,2
ulbidaron,0,1,0,1
ulcer,9,13,25,47
ulcerative,0,2,1,3
ulcers,15,13,57,85
ulds,4,0,0,4
ulefone,0,0,1,1
ulennnnn,0,1,0,1
ulet,0,0,1,1
ulexite,0,0,1,1
uli,0,0,1,1
ulicorn,0,1,0,1
ulicy,0,2,0,2
ulimited,0,2,0,2
ulit,0,1,1,2
uljima,0,1,0,1
ulkemi,0,1,0,1
ull,1,1,3,5
ullmann,0,0,1,1
ulloa,0,0,6,6
ullshit,0,2,0,2
ulma,0,2,0,2
ulna,2,1,0,3
ulo,0,1,0,1
ulrich,0,1,0,1
ulser,0,0,7,7
ulsers,0,4,0,4
ult,0,0,8,8
ulta,8,41,60,109
ulterior,0,0,4,4
ultima,0,4,3,7
ultimamente,0,1,0,1
ultimas,0,6,0,6
ultimate,56,97,133,286
ultimately,37,2,102,141
ultimatum,0,1,1,2
ultimo,0,10,0,10
ultimos,0,1,0,1
ultra,52,66,174,292
ultraboosts,0,4,0,4
ultrafast,0,0,1,1
ultralight,0,0,4,4
ultraman,1,1,1,3
ultramode,0,1,0,1
ultramusicten,0,2,0,2
ultraq,0,1,0,1
ultras,12,4,2,18
ultrasharp,0,1,0,1
ultrasound,9,0,10,19
ultrasounds,4,0,0,4
ultratumba,0,1,0,1
ultraviolet,0,0,4,4
ultrawide,0,3,22,25
ultrawides,0,1,3,4
ultrawinde,0,1,0,1
ultraxxx,0,0,2,2
ultrazord,0,0,1,1
ultron,0,1,6,7
uluru,0,1,0,1
ulyanov,0,0,1,1
ulysses,0,2,4,6
um,76,238,158,472
uma,4,95,17,116
umad,0,1,0,1
umami,0,25,0,25
umanati,6,0,0,6
umar,0,3,0,3
umarim,0,1,0,1
umaru,0,8,6,14
umas,0,2,0,2
umaygad,0,0,2,2
umb,3,1,0,4
umbeliveble,0,3,0,3
umbelivebul,0,1,0,1
umber,0,0,2,2
umberella,0,1,0,1
umbilical,0,0,1,1
umbra,0,0,3,3
umbrella,12,28,21,61
umbrellas,0,2,3,5
umbreon,0,0,2,2
umbrian,0,0,2,2
umbridge,0,1,6,7
umcomfortable,1,0,0,1
umderstand,0,0,1,1
ume,0,0,3,3
umen,0,0,1,1
umeshu,0,0,7,7
umf,0,1,0,1
umgemuhgem,0,1,0,1
umidigi,0,0,1,1
umiem,0,8,0,8
uming,0,0,1,1
umiti,0,0,1,1
umji,0,5,9,14
umkay,5,0,0,5
umm,37,58,55,150
ummah,0,0,6,6
ummc,0,0,3,3
ummh,0,1,0,1
ummhumm,0,1,0,1
ummm,28,55,50,133
ummmm,16,35,21,72
ummmmahhh,0,0,1,1
ummmmm,4,17,6,27
ummmmmm,0,5,3,8
ummmmmmm,1,3,2,6
ummmmmmmm,0,0,1,1
ummmmmmmmm,0,1,0,1
ummmmmmmmmm,0,2,0,2
ump,1,7,1,9
umpa,3,2,0,5
umph,0,2,1,3
umpire,2,4,0,6
umpteenth,0,0,1,1
umptious,0,0,1,1
ums,0,0,1,1
umsetzung,0,1,0,1
umteen,0,0,1,1
umtiti,1,13,18,32
umu,0,1,0,1
umukhiya,0,0,2,2
umvc,0,0,2,2
umwelt,0,1,0,1
un,207,1259,244,1710
una,62,491,83,636
unabashed,0,1,0,1
unabashedly,0,2,4,6
unabbreviated,0,0,1,1
unable,60,0,67,127
unabridged,0,0,2,2
unacceptable,12,5,29,46
unacceptably,0,0,4,4
unaccountable,0,0,2,2
unachievable,0,0,4,4
unacknowledged,0,0,1,1
unadulterated,0,0,2,2
unaffected,1,0,0,1
unaffiliated,0,0,1,1
unaffordable,1,0,1,2
unai,0,1,0,1
unalienable,0,0,3,3
unaligns,0,0,1,1
unalloyed,0,0,1,1
unaltered,0,0,1,1
unam,4,2,0,6
unambiguous,0,2,0,2
unamerican,5,0,3,8
unan,0,2,0,2
unana,0,0,1,1
unanimously,0,1,0,1
unannounced,0,3,3,6
unanswerable,0,0,1,1
unanswered,3,0,9,12
unanticipated,0,0,1,1
unapologetic,0,0,6,6
unapologetically,0,0,21,21
unappealing,1,0,7,8
unappreciative,0,0,1,1
unappropriate,1,0,0,1
unarevelavent,0,0,1,1
unarmed,9,4,22,35
unarwhal,0,0,1,1
unas,1,10,8,19
unashamed,1,0,2,3
unashamedly,1,0,4,5
unassimilatable,0,0,1,1
unassisted,0,0,5,5
unassuming,2,0,12,14
unathletic,0,7,0,7
unatrualy,0,0,2,2
unattended,5,0,0,5
unattractive,10,4,21,35
unauthentic,3,3,0,6
unavailable,0,11,6,17
unavoidable,7,0,5,12
unaware,13,3,29,45
unawares,0,0,1,1
unawoken,4,0,0,4
unaxdd,5,0,0,5
unbalance,0,1,0,1
unbalanced,4,0,6,10
unbalancing,0,0,1,1
unban,2,4,0,6
unbanned,0,3,0,3
unbearable,10,3,18,31
unbearably,1,0,2,3
unbeatable,0,0,7,7
unbeaten,2,0,6,8
unbeelieveable,0,2,0,2
unbeknownst,0,0,1,1
unbeleivable,0,3,1,4
unbeliable,0,0,1,1
unbelievable,128,1,104,233
unbelievably,20,0,85,105
unbelieveable,0,0,6,6
unbelieveble,0,0,1,1
unbelievers,0,0,1,1
unbeliveably,0,0,2,2
unbeliveble,0,0,5,5
unbelivebly,0,0,2,2
unbent,2,0,0,2
unbias,0,0,5,5
unbiased,10,1,34,45
unbilievable,0,0,1,1
unbleached,0,0,4,4
unblemish,0,0,2,2
unblemished,4,0,1,5
unblended,0,3,0,3
unblock,0,2,7,9
unblocked,0,0,1,1
unbomboclaatruly,0,1,0,1
unbored,2,0,0,2
unboring,0,0,4,4
unborn,8,12,25,45
unbothered,0,3,8,11
unbox,6,11,3,20
unboxing,14,33,64,111
unboxingg,0,1,0,1
unboxings,4,0,6,10
unboxtherapy,0,0,2,2
unbreakable,0,6,9,15
unbridgeable,0,0,3,3
unbroken,3,1,4,8
unbuckled,0,1,0,1
unbureaucratic,0,0,1,1
unburnt,0,0,4,4
unbutton,0,3,0,3
unbuyest,0,0,1,1
unc,0,1,0,1
uncalibrated,0,0,1,1
uncalled,15,4,10,29
uncanny,0,6,10,16
uncaring,2,0,3,5
unceasing,0,0,1,1
uncensored,1,11,7,19
uncensoreminem,0,1,0,1
unceremoniously,0,0,2,2
uncertain,0,0,7,7
uncertainties,0,0,4,4
uncertainty,5,0,6,11
uncesored,0,2,0,2
uncessary,0,3,0,3
unchained,0,2,0,2
unchanged,0,0,1,1
unchanging,0,0,2,2
uncharismatic,1,0,0,1
uncharted,6,7,15,28
unchecked,0,0,6,6
uncircumcised,1,1,0,2
uncivil,0,0,3,3
uncivilised,2,0,0,2
uncivilized,0,1,6,7
uncle,103,73,114,290
unclean,3,15,2,20
unclear,3,22,3,28
uncles,7,1,14,22
unclips,0,0,1,1
unco,0,0,3,3
uncomfertable,0,0,6,6
uncomfort,5,0,0,5
uncomfortable,275,15,165,455
uncomfortably,4,0,7,11
uncomftable,0,0,6,6
uncomfy,0,1,0,1
uncommon,2,0,23,25
uncommonly,1,0,0,1
uncomplicated,0,0,2,2
uncompressed,0,3,30,33
uncompromising,0,0,1,1
unconcious,0,0,2,2
unconciously,0,0,1,1
unconditional,2,0,9,11
unconditionallay,0,0,10,10
unconditionally,0,0,32,32
unconfirmed,0,2,5,7
unconnected,0,0,5,5
unconscious,17,12,23,52
unconsciously,0,0,13,13
unconsciousness,0,1,1,2
unconsented,0,0,2,2
unconsious,0,1,0,1
unconstitutional,5,0,11,16
unconstrained,0,0,1,1
uncontained,0,0,1,1
uncontested,0,0,4,4
uncontrollable,1,2,7,10
uncontrollably,0,1,4,5
unconventional,7,0,3,10
unconventionality,0,0,2,2
unconvinced,0,0,1,1
unconvincing,0,0,2,2
uncooked,1,0,3,4
uncool,11,5,1,17
uncoordinated,0,0,7,7
uncorrect,0,1,0,1
uncorrectable,1,0,0,1
uncorrupted,0,0,15,15
uncounciously,0,0,2,2
uncountable,1,0,2,3
uncouth,0,0,1,1
uncover,0,0,1,1
uncoverd,0,0,1,1
uncovered,2,0,5,7
uncovering,0,0,3,3
uncreative,4,4,4,12
uncritically,2,0,0,2
uncross,0,0,2,2
uncry,0,1,0,1
uncultured,1,7,1,9
uncut,7,5,4,16
und,5,69,26,100
undaroo,0,0,2,2
undead,8,13,22,43
undealt,0,0,1,1
undebatable,4,0,0,4
undecided,9,7,17,33
undecisive,0,0,5,5
undeclared,0,0,3,3
undectecable,0,0,2,2
undefeatable,0,0,1,1
undefeated,10,13,6,29
undeleteble,0,2,0,2
undemocratic,0,0,5,5
undenderstand,1,0,0,1
undeniable,2,6,18,26
undeniably,1,2,2,5
undenying,0,0,1,1
under,502,326,1119,1947
underactive,5,0,3,8
underage,33,19,26,78
underaged,0,1,3,4
underappreciated,2,0,5,7
underarm,5,2,12,19
underarms,7,5,12,24
underated,0,5,2,7
underbelly,1,0,1,2
underbody,0,0,1,1
underboob,3,0,2,5
underboobs,0,0,1,1
undercard,2,2,12,16
underclass,2,0,0,2
undercoated,0,0,1,1
undercoating,0,2,0,2
undercooked,0,1,0,1
undercover,4,5,16,25
undercovers,1,0,0,1
undercurrent,0,0,7,7
undercut,0,0,1,1
underdeveloped,1,0,3,4
underdog,6,0,3,9
underdogs,0,1,5,6
undereducated,1,0,0,1
underestimate,0,4,23,27
underestimated,0,1,20,21
underestimates,0,1,1,2
underestimating,1,1,1,3
underexposed,0,1,0,1
undereye,0,1,17,18
undereyes,1,0,7,8
underformed,0,1,0,1
underfunded,0,1,7,8
underfunding,1,0,0,1
underglow,0,1,0,1
undergo,3,0,9,12
undergoing,3,0,1,4
undergone,2,0,7,9
undergrad,0,0,1,1
undergraduate,1,0,2,3
underground,13,8,106,127
undergrounds,0,0,3,3
underhand,0,0,1,1
underhanded,1,0,1,2
underlaying,0,0,2,2
underlies,0,0,2,2
underlined,2,0,1,3
underling,0,0,2,2
underlining,0,0,4,4
underlying,13,3,38,54
undermarked,0,0,6,6
undermarkef,4,0,0,4
undermine,3,1,22,26
undermined,2,0,1,3
undermines,0,0,4,4
undermining,3,1,6,10
underneath,29,18,78,125
underpaid,0,0,5,5
underpants,5,11,15,31
underpass,0,0,1,1
underperform,0,0,1,1
underperformed,4,0,8,12
underpieces,0,0,1,1
underplayed,0,2,0,2
underpower,0,0,1,1
underpowered,0,5,4,9
underrate,0,0,4,4
underrated,22,122,219,363
underrating,0,0,1,1
underrepresented,0,0,1,1
underrrated,0,0,1,1
unders,0,1,0,1
undersaturated,0,0,1,1
undersells,0,0,2,2
underserved,0,0,1,1
underserving,1,0,0,1
undershirt,0,0,1,1
undershorts,0,3,0,3
underside,1,0,2,3
understa,1,0,0,1
understan,1,0,1,2
understand,983,528,2321,3832
understandable,12,2,47,61
understandably,1,0,5,6
understandddddd,0,0,1,1
understanded,0,0,1,1
understander,0,4,0,4
understanding,107,23,241,371
understandings,0,0,2,2
understando,0,0,1,1
understands,19,8,53,80
understandsthe,0,1,0,1
understans,2,0,0,2
understated,0,1,17,18
understatement,7,2,10,19
understeer,1,0,0,1
understend,0,0,1,1
understood,54,35,147,236
understudy,0,0,1,1
undertake,0,2,4,6
undertaken,0,0,3,3
undertaker,10,11,3,24
undertaking,0,0,3,3
undertale,10,29,13,52
undertaletheory,0,1,0,1
undertone,2,2,41,45
undertoned,0,1,0,1
undertones,6,5,31,42
undertow,3,0,1,4
underused,1,0,0,1
underutilized,1,0,1,2
undervlogs,1,0,9,10
underwars,0,0,2,2
underwater,27,42,58,127
underway,0,0,9,9
underwear,29,43,46,118
underweight,0,0,18,18
underwent,1,0,2,3
underwhelmed,2,1,3,6
underwhelming,2,2,26,30
underwhere,0,3,0,3
underwood,0,0,10,10
underworld,0,2,3,5
underwritten,0,3,0,3
underye,0,0,4,4
undeserved,1,0,2,3
undeserving,1,0,4,5
undesided,0,0,2,2
undesirable,7,0,3,10
undesirables,2,0,0,2
undestand,7,0,0,7
undetectable,1,0,5,6
undetected,0,0,1,1
undeveloped,0,0,3,3
undiagnosed,1,0,5,6
undid,0,1,7,8
undie,0,0,4,4
undies,0,5,16,21
undifined,0,1,0,1
undigested,0,0,2,2
undignified,0,2,0,2
undiplomatic,1,0,0,1
undisclosed,1,0,0,1
undiscovered,0,0,4,4
undisputed,0,7,0,7
undisputedly,0,0,5,5
undisturbed,0,0,4,4
undivided,6,0,1,7
undo,5,3,3,11
undocumented,0,0,19,19
undoing,0,2,3,5
undon,0,0,1,1
undone,2,0,12,14
undoubtably,0,0,1,1
undoubtedly,11,0,23,34
undrcover,2,0,0,2
undress,2,0,2,4
undressed,5,0,0,5
undressing,0,1,0,1
undrstanding,0,0,6,6
undsrstand,0,0,1,1
undulating,0,0,2,2
unduly,0,0,7,7
unduplicated,0,0,4,4
undying,0,0,4,4
une,6,79,52,137
unearned,0,0,2,2
unease,4,0,7,11
uneasy,1,2,12,15
uneaten,1,0,0,1
unedited,4,7,29,40
uneducated,15,6,13,34
uneeded,0,0,3,3
unelever,0,1,0,1
unemloyment,0,0,1,1
unemployed,5,3,19,27
unemployment,6,3,19,28
unen,0,2,0,2
unencrypted,0,0,3,3
unencumbered,0,0,2,2
unending,0,2,1,3
unenforceable,1,0,0,1
unenforced,0,1,0,1
unengaged,1,0,2,3
unenjoyable,5,0,0,5
unenlightened,1,0,0,1
unenthused,0,0,2,2
unenthusiastic,0,6,3,9
unequal,0,0,3,3
unequally,0,0,1,1
unequivocal,0,0,4,4
unequivocally,0,0,1,1
unercover,0,0,1,1
unergonomic,0,0,4,4
unerring,0,0,1,1
unersetzlich,0,0,4,4
unesco,0,0,6,6
unesecities,0,0,1,1
unethical,11,0,3,14
uneun,0,1,0,1
uneven,14,0,26,40
unevenly,0,0,1,1
uneventful,0,0,6,6
unexamined,0,0,1,1
unexceptionable,1,0,0,1
unexciting,0,3,0,3
unexpectable,0,0,1,1
unexpected,11,0,105,116
unexpectedly,11,0,20,31
unexpectedness,0,0,1,1
unexplainable,0,0,7,7
unexplained,1,0,1,2
unexplored,4,0,1,5
unf,0,0,1,1
unfailing,0,0,5,5
unfailingly,0,0,1,1
unfair,59,10,70,139
unfairly,6,1,22,29
unfairness,1,2,1,4
unfalsifiable,0,0,3,3
unfamiliar,5,0,4,9
unfathomable,1,2,1,4
unfathomably,0,0,7,7
unfazed,0,2,1,3
unfeeling,1,0,2,3
unfertilized,0,0,1,1
unfettered,0,0,2,2
unfff,2,0,0,2
unfiltered,1,0,1,2
unfinished,21,6,35,62
unfit,13,0,26,39
unfitly,0,0,2,2
unfitting,2,0,0,2
unfixable,0,1,0,1
unflagged,0,0,5,5
unflappable,0,0,1,1
unflattering,2,0,1,3
unflavored,1,0,0,1
unflinching,0,0,2,2
unfocused,8,0,2,10
unfold,2,5,10,17
unfolded,0,0,1,1
unfolding,1,0,6,7
unfolds,0,1,23,24
unfollow,0,0,1,1
unfollowed,3,0,8,11
unfollowing,0,0,4,4
unforeseen,0,0,5,5
unforgetable,0,6,0,6
unforgettable,0,0,19,19
unforgivable,1,0,1,2
unforgivably,0,0,1,1
unforgiveable,0,0,1,1
unforgiving,0,1,13,14
unfortinately,0,0,5,5
unfortunaly,0,0,4,4
unfortunate,60,1,46,107
unfortunatelly,5,0,3,8
unfortunately,153,25,295,473
unfortunatly,2,0,7,9
unforunately,0,0,5,5
unfounded,1,0,1,2
unfreezed,0,1,0,1
unfriend,0,2,0,2
unfriended,1,1,2,4
unfriending,0,0,4,4
unfrozen,1,0,0,1
unfuck,1,0,0,1
unfuckables,0,1,0,1
unfuckingskippable,2,0,0,2
unfuckwithable,0,1,0,1
unfulfilled,1,0,1,2
unfun,1,0,0,1
unfunnier,0,0,1,1
unfunny,53,21,31,105
ung,1,2,2,5
unga,0,10,0,10
ungendered,0,0,2,2
ungentlemanly,0,2,0,2
ungle,0,0,1,1
ungly,0,1,0,1
ungodly,16,0,1,17
ungoverned,0,0,2,2
ungraceful,0,0,1,1
ungrateful,15,7,14,36
ungratefull,0,1,0,1
ungreatful,5,1,0,6
ungulates,1,0,0,1
unh,0,0,1,1
unhack,0,0,1,1
unhappiness,0,0,1,1
unhappy,24,0,37,61
unhappyness,0,0,6,6
unharmed,6,5,2,13
unharmful,2,0,0,2
unhealthier,0,0,3,3
unhealthily,1,0,8,9
unhealthy,75,0,81,156
unhear,3,7,0,10
unheard,1,7,28,36
unhelpful,0,1,1,2
unhhhh,0,8,0,8
unhhhhh,0,1,0,1
unhinged,0,4,6,10
unholy,14,1,2,17
unhonest,0,0,1,1
unhrc,0,1,0,1
uni,86,41,323,450
unibrow,0,0,5,5
unica,0,9,0,9
unicef,0,2,15,17
unico,0,18,0,18
unicode,1,0,16,17
unicoen,0,1,0,1
unicons,0,1,0,1
unicorn,28,142,86,256
unicorns,7,4,31,42
unicos,0,3,0,3
unicycle,0,4,0,4
unida,0,10,0,10
unidad,0,5,0,5
unidays,0,0,9,9
unidet,0,0,1,1
unidimensional,0,0,1,1
unido,0,3,0,3
unidos,0,34,16,50
unidosporpuertorico,0,0,7,7
unidyne,0,0,2,2
unieron,1,0,0,1
unif,0,1,0,1
unifed,0,1,0,1
unification,0,4,1,5
unified,0,1,19,20
uniform,28,24,52,104
uniformative,3,0,0,3
uniforme,0,3,0,3
uniformed,0,0,2,2
uniforms,1,6,10,17
unify,1,1,5,7
unifying,1,0,10,11
unik,0,0,2,2
unikly,0,0,2,2
uniko,0,1,0,1
unilad,0,0,3,3
unilaterally,0,1,0,1
unilever,0,4,0,4
unilievur,0,1,0,1
unimaginable,2,0,1,3
unimaginably,0,0,1,1
unimaginative,6,2,6,14
unimaginatively,0,0,4,4
unimpacted,0,0,1,1
unimpeachable,1,0,0,1
unimployment,0,3,0,3
unimportant,8,0,1,9
unimpressed,0,2,14,16
unimpressive,0,0,2,2
unincorporated,0,1,0,1
uninformed,14,0,9,23
uninhabitable,0,5,3,8
uninspired,19,0,11,30
uninspiring,1,0,6,7
uninstall,0,3,3,6
uninstalled,7,0,1,8
uninstalling,5,0,0,5
uninsured,1,0,0,1
unintelligent,47,0,6,53
unintelligible,0,0,4,4
unintended,2,0,1,3
unintentional,1,0,10,11
unintentionally,1,4,16,21
uninterested,0,0,10,10
uninteresting,7,0,11,18
uninterrupted,0,0,9,9
unintuitive,0,0,1,1
uninvited,2,0,6,8
union,38,42,72,152
unionbay,0,0,2,2
unionized,0,0,3,3
unions,4,6,16,26
uniq,6,0,0,6
uniqe,0,0,1,1
uniqlo,0,3,0,3
uniqness,0,0,1,1
unique,22,0,763,785
uniquely,0,0,6,6
uniquement,4,0,0,4
uniqueness,2,0,21,23
unironic,1,0,0,1
unironically,2,6,2,10
unis,1,0,0,1
unisex,5,0,1,6
unison,0,3,10,13
unit,28,37,101,166
unitato,0,1,0,1
unite,27,27,43,97
united,259,234,507,1000
unitedi,0,0,1,1
unites,0,0,1,1
unitetheleague,0,1,0,1
uniting,2,3,7,12
unito,0,1,0,1
units,19,16,33,68
unity,52,29,95,176
univers,0,2,5,7
universal,12,52,109,173
universally,8,7,8,23
universals,0,1,0,1
universe,125,163,432,720
universes,4,3,20,27
universities,4,1,9,14
university,73,25,222,320
universo,0,10,0,10
universum,0,5,0,5
univision,0,0,3,3
unix,1,0,1,2
unjust,5,0,7,12
unjustly,0,0,2,2
unkempt,1,0,0,1
unkept,0,0,2,2
unkind,4,0,8,12
unkindly,0,0,3,3
unknowable,1,0,2,3
unknowingly,3,3,16,22
unknown,27,1,55,83
unknownly,0,0,1,1
unknowns,1,0,0,1
unlaced,1,0,0,1
unlawful,0,0,5,5
unleash,2,0,6,8
unleashed,1,0,3,4
unleashes,0,0,1,1
unleashing,3,0,0,3
unlegend,0,2,0,2
unless,243,66,470,779
unlicense,0,0,4,4
unlicensed,4,0,6,10
unlikable,0,2,2,4
unlike,75,42,239,356
unlikeability,0,3,0,3
unlikeable,5,0,6,11
unliked,6,3,3,12
unlikely,37,0,40,77
unlikes,1,1,1,3
unlimited,10,14,40,64
unlimitedatmcard,0,0,1,1
unlist,0,1,0,1
unlisted,1,0,0,1
unlistenable,1,0,1,2
unload,0,3,8,11
unloaded,0,1,5,6
unloading,0,0,2,2
unlock,70,31,79,180
unlockable,1,0,3,4
unlocked,6,7,32,45
unlocking,3,2,3,8
unlocks,2,2,8,12
unlovable,0,0,4,4
unloved,0,0,3,3
unloving,0,0,1,1
unloyal,0,1,0,1
unluckily,0,0,3,3
unlucky,10,8,42,60
unluckyyyy,1,0,0,1
unlv,0,0,3,3
unm,1,0,0,1
unmanifested,0,0,1,1
unmanned,2,0,0,2
unmarried,0,1,7,8
unmask,0,1,0,1
unmasked,6,0,1,7
unmasking,0,0,9,9
unmatched,0,0,2,2
unmatured,0,0,1,1
unmentionable,0,0,1,1
unmissable,0,1,0,1
unmistakable,5,0,1,6
unmixed,0,0,1,1
unmmm,0,2,0,2
unmoneti,0,1,0,1
unmosaic,0,3,0,3
unmotivated,0,0,8,8
unmotivatedadulthumor,0,2,0,2
unmusical,0,0,3,3
unmute,0,0,3,3
unn,0,1,4,5
unnamed,0,6,8,14
unnathe,0,0,1,1
unnatural,32,3,30,65
unnaturally,0,0,4,4
unncessarey,1,0,0,1
unneccesary,1,0,0,1
unnecessarily,35,0,8,43
unnecessary,114,0,95,209
unneeded,2,0,6,8
unnerved,0,0,2,2
unnerving,1,0,4,5
unnessacary,1,0,0,1
unnessary,6,0,4,10
unnie,0,0,3,3
unnies,0,1,0,1
unnoticeable,0,1,0,1
unnoticed,1,0,6,7
uno,13,93,25,131
unobjectionable,1,0,0,1
unobtrusive,0,0,1,1
unocero,0,6,0,6
unofficiai,0,0,1,1
unofficial,0,5,7,12
unofficially,2,0,2,4
unopened,0,0,1,1
unordinary,0,1,0,1
unorganised,0,0,3,3
unorganized,2,0,1,3
unoriented,0,0,1,1
unoriginal,49,0,14,63
unoriginality,0,0,2,2
unorigional,0,1,0,1
unoringal,0,1,0,1
unos,6,35,14,55
unpack,5,1,8,14
unpacked,0,2,1,3
unpacking,1,1,8,10
unpacks,0,0,4,4
unpaid,0,0,1,1
unpatical,1,0,0,1
unpatriotic,1,6,0,7
unpause,0,0,2,2
unpayable,0,0,3,3
unpersuadable,4,0,0,4
unphotogenic,2,0,0,2
unplanned,4,2,11,17
unplay,0,1,0,1
unplayable,10,0,0,10
unpleasant,24,0,11,35
unpleasantness,4,0,1,5
unplug,2,0,3,5
unplugged,4,3,7,14
unplugging,0,0,5,5
unpolarized,0,0,1,1
unpolished,0,0,7,7
unponsable,3,0,0,3
unpopular,5,0,21,26
unpowered,0,0,1,1
unprecedented,0,0,13,13
unpredictability,2,0,0,2
unpredictable,6,0,13,19
unpredicted,2,0,0,2
unprepared,3,1,9,13
unprescribed,0,0,1,1
unpresidential,4,0,0,4
unpretentious,1,0,0,1
unpreventable,0,0,1,1
unprincipled,0,0,2,2
unproblematic,0,0,7,7
unproductive,4,5,1,10
unprofessional,12,6,22,40
unprotected,10,0,4,14
unprovable,0,0,7,7
unproven,1,0,1,2
unpublished,0,0,5,5
unpunished,14,6,3,23
unpure,0,0,3,3
unqualified,10,0,4,14
unquestionably,4,0,9,13
unquestioned,0,0,1,1
unrated,4,0,0,4
unrationalness,0,0,1,1
unravel,0,5,2,7
unraveled,0,1,1,2
unraveling,3,0,1,4
unravels,2,0,1,3
unreachable,1,0,5,6
unreached,0,0,1,1
unread,1,0,3,4
unreadable,0,0,4,4
unready,4,1,0,5
unreal,15,57,75,147
unrealistic,36,1,33,70
unrealistically,7,1,6,14
unreall,0,2,0,2
unreasonable,8,0,8,16
unreasonably,0,0,2,2
unrecognizable,2,1,0,3
unrecognized,2,1,2,5
unredeemable,1,0,0,1
unregisterd,0,0,1,1
unregistered,0,0,4,4
unregulatable,0,0,1,1
unregulated,1,0,2,3
unrelatable,1,0,3,4
unrelated,9,15,86,110
unreleased,5,1,17,23
unrelenting,0,0,1,1
unreliable,2,0,5,7
unremarkable,0,0,4,4
unremorseful,0,1,0,1
unremoveabe,0,0,3,3
unrendered,0,1,0,1
unrepeatable,0,0,5,5
unrepentant,4,0,6,10
unreported,6,4,0,10
unrepresentative,3,0,0,3
unrequited,0,0,2,2
unresolved,7,0,0,7
unrespectful,0,1,0,1
unresponsive,3,0,0,3
unrest,0,0,1,1
unrested,3,0,0,3
unrighteous,0,3,0,3
unrivaled,8,0,1,9
unrolled,0,2,0,2
unruly,1,2,5,8
unrung,0,0,1,1
uns,0,13,1,14
unsafe,8,2,29,39
unsalted,0,0,2,2
unsatisfied,1,0,3,4
unsatisfy,0,3,0,3
unsatisfying,6,0,7,13
unsaturated,0,0,1,1
unsaved,0,0,2,2
unsavory,0,0,6,6
unsavoury,0,5,0,5
unscary,1,0,1,2
unscathed,0,0,3,3
unscented,0,0,2,2
unscientific,0,0,1,1
unscratched,1,0,0,1
unscripted,1,1,3,5
unsecured,1,0,7,8
unsee,1,15,7,23
unseee,0,1,0,1
unseen,11,4,13,28
unself,0,0,1,1
unselfish,0,0,4,4
unsend,0,1,0,1
unsensitive,0,0,1,1
unsent,0,2,0,2
unseperable,0,0,1,1
unser,0,0,1,1
unsere,0,6,0,6
unserious,0,0,1,1
unsettled,2,0,1,3
unsettling,23,1,4,28
unsevux,0,0,4,4
unshadowed,0,0,2,2
unshakeable,4,0,4,8
unsharpened,0,1,0,1
unshaven,5,0,0,5
unsightly,0,0,1,1
unsinging,0,1,0,1
unskilled,8,0,8,16
unskillful,0,0,1,1
unskipable,0,1,0,1
unskippable,3,7,1,11
unsocial,0,0,3,3
unsold,0,0,2,2
unsolicited,9,0,2,11
unsolvable,0,1,0,1
unsolved,83,102,52,237
unsophisticated,1,0,0,1
unsound,1,0,0,1
unspeakable,0,1,1,2
unspoken,0,0,2,2
unsponsored,0,0,3,3
unsprung,0,1,0,1
unstable,18,3,13,34
unstaples,1,0,0,1
unsteady,0,0,1,1
unstopabble,0,0,3,3
unstopable,0,0,1,1
unstoppable,3,5,15,23
unstoppably,0,0,2,2
unsub,4,21,8,33
unsubbbbbbed,0,2,0,2
unsubbed,17,10,15,42
unsubbing,6,4,9,19
unsubed,0,4,0,4
unsubing,1,0,0,1
unsubs,5,0,0,5
unsubscibed,2,0,0,2
unsubscribe,21,35,27,83
unsubscribed,41,15,48,104
unsubscribing,13,15,31,59
unsubsrcibed,1,0,0,1
unsubstantiated,1,0,5,6
unsuccessful,4,0,2,6
unsuccessfully,0,0,1,1
unsucribe,1,0,0,1
unsung,1,0,1,2
unsupervised,0,1,0,1
unsupported,2,0,1,3
unsupportive,0,0,3,3
unsure,20,1,25,46
unsurpasable,4,0,0,4
unsurprising,0,0,2,2
unsurprisingly,7,1,3,11
unsuscribe,1,0,1,2
unsuscribed,1,2,0,3
unsuspected,0,0,2,2
unsuspecting,0,2,1,3
unsustainable,0,1,5,6
unsweetened,0,0,4,4
unsympathetic,0,0,1,1
unt,1,1,0,2
untag,0,0,2,2
untagging,0,0,2,2
untalented,8,5,4,17
untamed,6,0,3,9
untapped,1,0,1,2
untenable,0,1,0,1
untensed,0,0,1,1
unter,0,1,0,1
unterschieden,0,2,0,2
unterstand,0,0,1,1
untertitel,0,0,1,1
untestable,0,0,3,3
untethered,0,0,3,3
unthinkable,2,0,6,8
unthinking,1,0,1,2
unti,0,0,1,1
untidy,0,0,2,2
untie,0,0,1,1
untied,2,8,2,12
until,702,489,1948,3139
untill,12,20,24,56
untimely,1,0,6,7
untitled,0,0,1,1
untl,0,1,0,1
unto,50,23,89,162
untold,1,2,9,12
untouchable,2,2,19,23
untouched,1,5,9,15
untrained,3,1,7,11
untraveled,0,0,1,1
untravelled,0,0,1,1
untreatable,2,0,3,5
untrimmed,4,0,1,5
untrollable,0,0,1,1
untrue,5,6,12,23
untrusting,5,0,0,5
untrustworthy,1,0,1,2
untuk,0,3,0,3
untukmu,0,1,0,1
unturnable,2,0,0,2
untvoord,0,4,0,4
untypical,0,0,1,1
unu,0,3,0,3
unum,0,1,0,1
ununun,0,0,1,1
unusable,1,3,0,4
unusably,0,0,1,1
unused,6,0,5,11
unuseed,0,0,1,1
unusual,19,0,79,98
unusually,1,0,17,18
unuted,0,1,0,1
unutterably,0,0,4,4
unuttuk,0,2,0,2
unuttunuz,0,1,0,1
unvalued,1,0,0,1
unveil,0,3,0,3
unveiled,0,0,4,4
unveiling,0,1,7,8
unvergessen,0,7,0,7
unvergleichlich,0,0,4,4
unverified,0,0,2,2
unverifieddd,0,1,0,1
unvetted,0,0,6,6
unviverse,0,0,1,1
unwanted,9,7,16,32
unwantedly,1,0,0,1
unwarranted,0,0,1,1
unwatch,1,0,0,1
unwatchable,14,7,6,27
unwatched,6,0,0,6
unwell,2,0,4,6
unwieldy,0,0,5,5
unwilling,3,0,16,19
unwillingness,1,0,7,8
unwind,0,0,14,14
unwined,0,0,2,2
unwinnable,1,0,0,1
unwisely,1,0,1,2
unwittingly,10,0,2,12
unwomanly,0,0,6,6
unworldly,0,2,0,2
unworthy,4,8,12,24
unwritten,1,0,6,7
unyielding,2,0,0,2
unzip,0,0,7,7
unzipped,0,2,0,2
unzips,0,7,4,11
unzul,1,0,0,1
uo,0,8,14,22
uomo,0,6,0,6
uoo,4,0,0,4
uot,0,0,6,6
uou,1,2,2,5
uoy,4,0,0,4
up,6863,5220,18872,30955
upadhyaya,0,0,3,3
upadk,0,2,0,2
upbeat,4,0,39,43
upboat,0,0,15,15
upbringing,0,1,22,23
upc,0,0,1,1
upchurch,1,0,1,2
upclose,0,1,0,1
upcomimg,0,0,4,4
upcoming,26,37,136,199
update,86,136,321,543
updated,15,72,191,278
updateee,0,4,0,4
updateeeee,0,0,3,3
updates,35,13,141,189
updating,3,2,12,17
updatr,0,0,6,6
updo,0,1,0,1
updred,0,0,1,1
upend,0,0,4,4
upended,0,0,1,1
upfront,1,3,4,8
upgly,0,1,0,1
upgood,0,0,2,2
upgradable,0,0,6,6
upgrade,34,40,112,186
upgradeable,0,0,2,2
upgraded,7,8,32,47
upgrades,2,3,12,17
upgrading,5,5,24,34
upheaval,0,0,1,1
upheld,0,0,3,3
uphill,9,5,2,16
uphold,3,0,9,12
upholding,1,2,7,10
upholstry,0,0,1,1
upi,0,0,2,2
upim,0,2,0,2
upisnotjump,4,0,0,4
upj,0,2,2,4
upkeep,1,0,3,4
uplay,0,0,4,4
uplesson,0,0,2,2
uplift,2,6,5,13
uplifted,0,0,5,5
uplifting,14,1,51,66
uplines,0,1,0,1
upload,130,133,389,652
uploaded,82,135,260,477
uploader,2,1,10,13
uploades,0,1,0,1
uploadin,1,0,0,1
uploading,34,47,232,313
uploads,14,54,57,125
uplode,0,0,5,5
upmost,0,0,2,2
upokarzala,0,2,0,2
upon,135,70,330,535
upp,5,5,2,12
upped,6,0,12,18
upper,29,14,71,114
uppercut,0,0,1,1
uppercuts,0,0,5,5
upperhand,0,0,5,5
upperlid,1,0,0,1
uppermost,0,0,4,4
uppers,0,3,0,3
uppets,0,0,4,4
upping,1,0,1,2
uppity,0,0,1,1
uppn,0,1,0,1
uppp,1,5,2,8
upppp,3,0,9,12
uppppp,1,4,1,6
upppppp,3,0,0,3
upppppppp,0,5,0,5
uppppppppppppppppppppp,0,2,0,2
upraised,1,0,0,1
upreal,1,0,0,1
upright,3,1,0,4
uprising,0,6,10,16
upriver,4,0,0,4
uproar,1,1,0,2
uproariously,0,0,2,2
uprooted,0,5,0,5
uprooting,1,0,0,1
ups,50,43,196,289
upscale,2,2,6,10
upsest,0,0,1,1
upset,157,65,356,578
upsets,1,3,10,14
upsetted,1,0,0,1
upsetti,0,0,3,3
upsetting,1,10,48,59
upsettingly,2,0,0,2
upshot,0,0,1,1
upshur,0,0,1,1
upside,147,1,88,236
upsidedown,1,0,0,1
upsidedowned,0,2,0,2
upsides,0,1,0,1
upsizing,0,1,0,1
upskirt,0,0,1,1
upstage,0,0,1,1
upstaged,0,5,2,7
upstairs,3,5,29,37
upstanding,0,0,5,5
upstate,0,0,3,3
upstream,0,4,0,4
upswing,0,0,2,2
uptake,0,0,4,4
uptight,0,2,5,7
upto,0,2,5,7
upton,0,0,1,1
uptop,0,2,0,2
uptown,0,1,0,1
upturned,0,0,6,6
upvote,9,8,8,25
upvoted,0,1,0,1
upvotes,7,1,0,8
upward,3,3,13,19
upwards,7,6,7,20
upwind,0,0,2,2
uq,0,0,1,1
ur,540,1028,2496,4064
ura,0,0,3,3
uranium,3,5,8,16
uranus,3,4,5,12
uravarageconsumer,0,0,4,4
uraverageconsumer,0,4,0,4
uravg,0,0,1,1
uravgconsumer,3,0,10,13
uravggamer,0,1,0,1
uravrgconsumer,0,3,0,3
uraya,0,4,0,4
uraz,0,2,0,2
urazy,0,2,0,2
urban,11,23,108,142
urbana,0,4,1,5
urbanexplorer,0,0,1,1
urbano,0,2,2,4
urbanwildlife,1,0,0,1
urbervilles,0,0,6,6
urchin,7,27,21,55
urchins,7,8,15,30
urdu,2,7,3,12
ure,10,7,14,31
urethra,2,2,0,4
urethral,0,2,0,2
ureydi,0,1,0,1
urg,0,0,1,1
urge,45,17,43,105
urged,0,1,4,5
urgency,3,0,4,7
urgent,11,2,28,41
urgente,0,3,0,3
urgentlyy,0,1,0,1
urges,0,0,5,5
urgggg,0,0,6,6
urgghhhhhhhhhhh,0,1,0,1
urgh,18,4,15,37
urghh,0,1,0,1
urghhh,7,1,8,16
urghhhhhhhhhhhhhhh,0,1,0,1
urging,0,0,9,9
urgot,4,0,0,4
urgullo,0,1,0,1
urh,0,4,13,17
urhbx,0,0,2,2
urho,0,1,1,2
urhood,0,0,6,6
uri,0,4,2,6
uriage,0,0,9,9
uriah,4,0,0,4
urichin,0,1,0,1
urie,9,18,13,40
uries,0,1,1,2
urinal,0,1,0,1
urinals,0,1,0,1
urinary,0,0,3,3
urinate,0,0,2,2
urinated,1,0,0,1
urinating,1,0,0,1
urine,6,3,2,11
urined,0,1,0,1
uris,9,0,0,9
urjfuhd,0,2,0,2
urkel,0,0,1,1
urkle,0,0,1,1
urks,0,0,1,1
url,14,7,10,31
urmila,0,1,0,1
urn,0,0,1,1
urnge,0,1,0,1
uroczee,0,0,1,1
urope,0,0,1,1
uros,0,2,0,2
urquattro,0,0,1,1
urquhart,0,5,0,5
urr,0,1,0,1
urrently,0,0,6,6
urrhhnnnaa,0,0,2,2
urri,0,0,1,1
urricane,0,2,0,2
urrichassconsumer,0,0,4,4
urrr,5,0,0,5
urrrggggggghhhh,0,0,1,1
urrrrggghhhh,0,6,0,6
urs,1,1,17,19
ursa,0,0,1,1
urself,11,6,28,45
urselfs,0,0,2,2
urselves,3,0,1,4
ursi,0,0,1,1
ursla,1,0,0,1
urslef,0,0,1,1
ursula,12,3,14,29
uruchamia,0,3,0,3
uruguay,0,11,12,23
uruguayo,0,9,0,9
urunge,0,1,0,1
urvhair,0,1,0,1
urwa,0,3,0,3
us,2084,1570,7301,10955
usa,165,190,312,667
usaba,0,1,0,1
usability,4,0,2,6
usable,1,0,2,3
usada,7,4,3,14
usado,0,2,0,2
usaf,1,0,7,8
usafa,0,0,1,1
usage,10,10,85,105
usahlah,0,0,1,1
usain,0,0,1,1
usainbolt,1,0,0,1
usally,1,1,4,6
usando,0,4,0,4
usar,0,5,0,5
usarlo,0,1,0,1
usars,0,2,0,2
usas,0,0,1,1
usaste,0,1,0,1
usausausausausausa,0,4,0,4
usb,11,24,64,99
usbc,0,1,5,6
usc,0,1,4,5
uscoot,0,1,0,1
usd,6,15,27,48
usda,4,0,2,6
use,1377,1684,4647,7708
useabe,0,3,0,3
useable,4,0,0,4
used,1020,920,3268,5208
usedd,0,0,1,1
usedddd,0,1,0,1
useful,28,2,342,372
usefull,4,0,3,7
usefully,0,0,5,5
usefulness,3,0,0,3
usei,0,0,1,1
useles,0,6,0,6
useless,265,17,78,360
uselessly,1,0,1,2
usen,0,1,0,1
usenmeden,0,1,0,1
user,21,24,109,154
userid,0,0,1,1
username,7,16,24,47
usernameeeee,0,1,0,1
usernames,2,0,0,2
users,44,37,65,146
uses,123,121,328,572
useth,0,0,1,1
useumppun,0,1,0,1
usf,9,0,4,13
usfl,2,0,0,2
ushally,0,0,8,8
usher,18,59,90,167
ushered,0,0,2,2
ushering,0,0,2,2
ushers,1,3,3,7
usi,0,0,1,1
usian,0,0,3,3
usica,0,1,0,1
usin,0,1,1,2
using,534,624,1952,3110
usingbackgrounds,0,1,0,1
usko,0,1,0,1
usless,0,0,3,3
uslim,1,0,0,1
usmnt,0,0,1,1
usn,1,0,0,1
uso,0,8,0,8
usp,0,0,2,2
usr,0,0,1,1
usrael,0,5,0,5
uss,5,9,4,18
ussas,0,1,0,1
usshheeerrrr,0,1,0,1
ussi,0,3,1,4
ussr,7,14,7,28
usss,0,6,0,6
ussssssssssssssss,0,1,0,1
ussual,0,0,1,1
ussy,1,9,0,10
usta,0,2,0,2
ustad,0,0,1,1
ustawieniach,0,3,0,3
ustawka,0,3,0,3
usted,1,1,0,2
usteded,0,1,0,1
ustedes,0,55,7,62
ustinov,0,3,0,3
usual,255,2,482,739
usually,493,15,835,1343
usualy,0,0,1,1
usuario,0,1,0,1
usuesim,0,2,0,2
usulca,0,4,0,4
usum,0,0,12,12
usurname,0,0,3,3
usurp,0,0,4,4
usurped,3,0,0,3
usury,1,2,0,3
uszczaj,0,2,0,2
uszczy,0,0,1,1
uszy,0,2,0,2
ut,2,2,9,13
utah,0,4,17,21
utapau,1,0,0,1
utb,7,11,11,29
utbers,0,1,0,1
utc,6,0,0,6
utd,55,39,129,223
ute,0,7,0,7
utensil,0,1,0,1
utensils,0,5,3,8
uterus,0,2,26,28
uteruses,0,0,3,3
utf,1,0,5,6
utg,0,0,10,10
uthman,0,0,4,4
utific,0,0,1,1
utift,0,0,6,6
utiful,1,11,1,13
utili,0,1,0,1
utilis,0,1,0,1
utilisais,3,0,0,3
utilise,1,12,5,18
utiliser,4,0,0,4
utilises,0,4,0,4
utilitarianism,0,0,1,1
utilities,0,0,1,1
utility,4,2,7,13
utilizan,0,3,0,3
utilizando,0,1,0,1
utilizara,0,1,0,1
utilizarse,0,2,0,2
utilization,0,0,1,1
utilize,3,1,5,9
utilized,0,4,5,9
utilizes,0,0,4,4
utilizing,1,5,4,10
utiog,0,0,7,7
utis,0,0,5,5
utk,0,0,1,1
utmost,1,9,23,33
utopia,1,0,12,13
utopian,2,0,5,7
utorrent,0,3,0,3
utp,4,0,0,4
utqiagvik,0,3,0,3
utra,1,0,0,1
utrecht,0,0,4,4
utrudnia,0,2,0,2
utrzymywa,0,2,0,2
utrzymywania,0,2,0,2
uts,0,1,0,1
utt,0,2,0,2
utter,56,42,86,184
utterance,0,0,2,2
uttered,6,0,3,9
uttering,5,0,0,5
utterly,58,0,57,115
utters,0,1,0,1
utu,0,0,1,1
utuado,0,1,2,3
utube,5,7,6,18
utubeonkarothenaskquestion,0,1,0,1
utuber,0,1,6,7
utubers,0,0,17,17
utura,0,3,0,3
utuut,0,0,1,1
utv,0,0,6,6
utw,0,7,0,7
utworze,0,1,0,1
uty,0,0,2,2
utys,0,0,1,1
uu,0,1,5,6
uuggghhhhh,0,1,0,1
uuggh,0,1,0,1
uugghh,0,1,1,2
uughhhh,0,1,0,1
uuhh,6,0,0,6
uuhhh,0,3,1,4
uuhhhhh,0,0,1,1
uuhlegal,0,1,0,1
uumm,1,5,0,6
uummm,0,0,1,1
uun,0,5,0,5
uunderstand,0,0,1,1
uur,1,1,0,2
uurgh,1,0,0,1
uusing,0,1,0,1
uuu,0,3,11,14
uuuggghhh,1,0,0,1
uuugh,1,4,7,12
uuughhhh,0,1,0,1
uuuh,0,10,2,12
uuuhhh,0,2,0,2
uuuhhhh,0,0,1,1
uuuhhhhhh,0,1,0,1
uuupp,0,0,1,1
uuutuuu,0,0,1,1
uuuu,2,6,5,13
uuuuggghhhh,0,0,1,1
uuuugghhh,0,1,0,1
uuuuh,0,34,0,34
uuuuhhhhh,0,1,0,1
uuuum,0,1,0,1
uuuummm,0,3,0,3
uuuuu,1,2,5,8
uuuuuaul,0,0,1,1
uuuuugh,0,0,1,1
uuuuuh,0,1,0,1
uuuuummm,0,1,0,1
uuuuummmmm,1,0,0,1
uuuuuppp,0,1,0,1
uuuuuu,0,1,5,6
uuuuuugly,1,0,0,1
uuuuuup,1,0,0,1
uuuuuuppp,0,0,2,2
uuuuuuu,0,1,4,5
uuuuuuuu,0,1,2,3
uuuuuuuuu,0,1,0,1
uuuuuuuuuu,0,0,1,1
uuuuuuuuuuuu,0,0,1,1
uuuuuuuuuuuummmmmmmmmmmmmmmmm,0,0,15,15
uuuuuuuuuuuuummmmmmmmmm,0,0,8,8
uuuuuuuuuuuuuuuuuuuu,0,0,2,2
uuuuuuuuuuuuuuuuuuuuh,0,1,0,1
uuuuuuyyyy,1,0,0,1
uv,3,4,29,36
uva,0,0,2,2
uvb,0,0,2,2
uve,0,2,3,5
uven,0,1,0,1
uvinerse,0,1,0,1
uvuvevwe,0,1,0,1
uvuvwevwevwe,0,2,0,2
uw,0,0,11,11
uwe,1,2,6,9
uwielbiam,0,12,0,12
uwoow,0,3,0,3
uwu,0,8,1,9
uwuenaaaakkk,0,1,0,1
ux,0,1,2,3
uxsidjhdjdhddjodos,0,0,5,5
uy,0,5,4,9
uyandirin,0,2,0,2
uyfbfbfbfffbfffbfbffbffffbfbfbbbybygbufyfbbygbbfbbbgbybyfbffbhfbryfgbfbfyubybgbfbgghbbytyubfbhryuybrhhybgbgbbyubfbgbfbfbgggbbfbgbbbrgybhfybbgfbuu,0,0,2,2
uygur,3,0,0,3
uyo,0,1,0,1
uyor,0,1,0,1
uyy,0,1,0,1
uyyy,1,0,0,1
uzbekistan,2,5,0,7
uzbflag,1,0,0,1
uzi,2,18,16,36
uzis,1,0,0,1
uzumaki,0,1,0,1
va,21,235,78,334
vaak,0,3,0,3
vaaya,0,0,1,1
vab,3,0,0,3
vabbe,0,1,0,1
vablo,0,3,0,3
vac,0,17,13,30
vaca,0,1,4,5
vacancy,4,0,0,4
vacant,1,0,0,1
vacate,0,0,5,5
vacated,0,0,6,6
vacation,21,13,99,133
vacations,3,2,10,15
vacay,0,0,1,1
vacca,0,1,0,1
vaccarello,0,0,4,4
vaccinated,0,0,1,1
vaccination,0,0,3,3
vaccinations,0,0,1,1
vaccine,1,0,2,3
vaccined,0,0,1,1
vaccines,9,2,2,13
vaccum,7,0,0,7
vacherie,0,0,1,1
vachon,0,0,1,1
vacilarse,0,1,0,1
vacilaste,0,3,0,3
vacinity,0,0,3,3
vacio,1,0,0,1
vacuation,0,3,0,3
vacum,0,2,0,2
vacume,0,2,0,2
vacuous,2,4,11,17
vacuum,29,0,37,66
vacuuming,6,0,0,6
vacuums,0,0,6,6
vada,1,2,0,3
vade,0,1,0,1
vader,22,14,24,60
vaders,0,1,0,1
vadia,0,2,0,2
vadim,0,0,16,16
vag,2,2,7,11
vagabondd,0,0,1,1
vaganus,0,1,0,1
vagas,2,4,0,6
vageena,0,0,1,1
vagena,0,2,0,2
vagene,0,11,0,11
vagiene,0,0,1,1
vagina,37,29,36,102
vaginal,3,2,7,12
vaginas,9,2,4,15
vagisil,0,1,0,1
vago,0,1,0,1
vagrant,2,0,0,2
vague,34,2,10,46
vaguealley,0,1,0,1
vaguely,8,2,9,19
vai,0,68,6,74
vaias,0,2,0,2
vail,0,0,4,4
vain,13,8,24,45
vaina,0,4,1,5
vainas,0,4,0,4
vaincus,4,0,0,4
vainglorious,0,0,1,1
vainish,0,1,0,1
vainly,0,0,2,2
vainquished,0,0,1,1
vains,1,1,0,2
vais,0,2,0,2
vaivenes,0,3,0,3
vaj,0,0,1,1
vajazzle,0,0,1,1
vajcos,0,1,0,1
vakantie,0,1,0,1
vakarian,3,0,0,3
vakas,0,1,0,1
val,0,7,2,9
valak,1,5,0,6
valakadyn,0,1,0,1
valaki,0,4,0,4
valar,0,7,0,7
valaria,0,3,0,3
valarian,0,1,0,1
valavane,0,0,1,1
valbin,0,1,0,1
valcano,0,7,0,7
valderrama,0,6,0,6
valdes,0,1,0,1
valdez,2,0,0,2
valdivia,0,11,0,11
valdr,0,7,0,7
vale,6,35,1,42
valeera,0,0,4,4
valen,1,4,0,5
valencia,0,9,6,15
valendo,0,3,0,3
valens,0,2,0,2
valent,0,5,0,5
valentime,0,9,5,14
valentimes,0,1,5,6
valentin,0,7,2,9
valentina,57,33,82,172
valentine,7,0,6,13
valentines,0,5,2,7
valentino,0,7,1,8
valentinos,0,0,1,1
valenzuela,0,4,0,4
valer,0,5,0,5
valera,0,0,1,1
valeria,5,1,0,6
valerian,0,5,3,8
valerie,0,1,1,2
valery,0,1,0,1
vales,0,5,0,5
valeska,0,2,0,2
valet,0,5,10,15
valeu,0,9,0,9
valga,0,2,0,2
valhalla,0,2,2,4
valiant,0,2,1,3
valid,25,16,89,130
validado,0,0,4,4
validate,6,0,5,11
validated,2,0,6,8
validates,2,0,2,4
validating,0,1,9,10
validation,5,0,1,6
valide,0,0,1,1
validity,3,0,9,12
valido,0,2,0,2
valiente,0,1,0,1
valieron,0,4,0,4
valio,0,7,0,7
valirio,0,1,0,1
valiryans,1,0,0,1
valium,0,2,3,5
valiya,0,0,1,1
valk,0,1,0,1
valklyrie,0,1,0,1
valkyrie,2,0,0,2
valkyries,0,1,0,1
valla,6,15,0,21
valladolid,0,0,5,5
vallas,0,1,0,1
valledupar,0,2,0,2
vallenato,0,4,0,4
valley,31,37,52,120
valleys,0,0,5,5
valli,0,2,24,26
valling,0,0,3,3
vally,0,0,1,1
valobasha,0,0,4,4
valobeshe,0,0,2,2
valonqar,0,0,2,2
valor,0,4,1,5
valore,0,1,0,1
valoren,0,4,0,4
valores,7,5,0,12
valorize,0,0,1,1
valour,1,0,0,1
valse,0,0,1,1
valt,0,1,0,1
valtar,0,2,0,2
valter,0,0,2,2
valuable,13,8,85,106
valuables,3,0,0,3
valuation,2,4,0,6
value,65,42,285,392
valued,4,1,5,10
values,23,11,113,147
valve,11,10,13,34
valverde,1,24,6,31
valverdi,1,0,0,1
valves,5,0,0,5
valyria,0,7,7,14
valyrian,0,3,5,8
valyrians,4,0,0,4
vam,0,2,0,2
vamo,0,12,2,14
vamos,7,117,7,131
vamosss,0,3,0,3
vamossuscribete,0,5,0,5
vamp,0,3,2,5
vamped,0,3,4,7
vampie,0,0,2,2
vampire,16,87,67,170
vampires,1,2,3,6
vampiric,0,1,0,1
vampirism,0,1,0,1
vampiro,0,8,0,8
vamps,0,0,4,4
vampurr,0,0,1,1
vampy,0,3,40,43
van,38,306,172,516
vana,2,0,2,4
vanaf,0,6,4,10
vanagon,0,2,0,2
vanaman,2,0,7,9
vanas,0,0,2,2
vanausselstaute,1,0,0,1
vance,1,3,0,4
vancouver,12,18,49,79
vandal,0,7,3,10
vandalised,1,0,0,1
vandalism,8,1,6,15
vandals,0,0,2,2
vandel,0,0,1,1
vandelori,1,0,0,1
vandenberg,0,1,0,1
vandeneycken,7,0,0,7
vander,0,4,0,4
vanderbilt,0,1,0,1
vandermeer,1,2,3,6
vanderwaal,1,17,28,46
vanderwall,0,0,2,2
vandewaal,0,0,1,1
vane,0,0,1,1
vaneers,0,1,0,1
vanellope,0,0,1,1
vanellopes,0,0,1,1
vanessa,4,53,105,162
vanezsula,0,0,2,2
vang,0,0,1,1
vangelis,2,7,6,15
vangs,0,0,1,1
vanguard,1,0,1,2
vanilla,21,48,114,183
vanish,7,0,3,10
vanished,1,4,12,17
vanishes,2,0,2,4
vanishing,3,0,0,3
vanishingly,0,0,2,2
vanities,19,1,0,20
vanity,18,12,21,51
vanityfair,0,1,0,1
vannacht,0,1,0,1
vannata,0,0,7,7
vannessa,0,1,3,4
vanosgaming,0,1,0,1
vanossgaming,0,2,0,2
vanquish,0,3,0,3
vanronaldo,0,1,0,1
vans,16,12,30,58
vanss,0,0,3,3
vant,0,1,0,1
vantablack,0,0,1,1
vantaggio,0,1,0,1
vanteillaquist,0,1,0,1
vantilat,0,4,0,4
vantrausselstaufe,1,0,0,1
vantrop,1,0,0,1
vao,0,4,0,4
vape,0,21,2,23
vapes,4,1,0,5
vapid,6,0,1,7
vaping,1,6,0,7
vapmire,0,1,0,1
vapor,2,2,8,12
vaporize,0,0,1,1
vaporized,3,0,6,9
vapors,7,0,0,7
vaporu,0,3,0,3
vaporware,3,0,0,3
vaporwave,0,1,3,4
vapour,0,7,0,7
vaquera,0,2,0,2
vaquero,1,0,0,1
vaqueros,0,2,0,2
var,0,42,4,46
vara,0,2,0,2
varaynmirovich,0,1,0,1
varchie,1,9,0,10
vardara,0,1,0,1
vardir,0,2,0,2
vardy,4,8,7,19
vargas,0,7,0,7
variability,0,0,4,4
variable,8,1,48,57
variables,6,1,26,33
variably,0,0,1,1
varian,4,19,7,30
variance,0,0,3,3
variant,0,0,6,6
varianta,0,1,0,1
variantcomics,0,0,3,3
variants,0,0,1,1
variar,0,2,0,2
varias,0,9,0,9
variation,1,2,12,15
variations,0,0,5,5
variaty,0,0,1,1
varie,0,1,1,2
varieble,0,0,1,1
varied,7,5,7,19
varies,3,0,6,9
varietal,0,0,2,2
varieties,2,0,8,10
variety,16,11,114,141
varios,0,1,1,2
various,34,9,127,170
varma,4,0,0,4
varniman,1,0,0,1
varnish,0,4,7,11
varsa,0,7,0,7
varsity,0,4,0,4
varvelde,6,0,0,6
vary,2,2,21,25
varya,0,1,0,1
varying,10,0,14,24
varys,0,3,0,3
vas,3,22,11,36
vasa,0,0,1,1
vasanti,0,0,3,3
vascular,0,1,1,2
vase,0,3,8,11
vasectomies,0,3,0,3
vaseline,0,11,14,25
vases,0,0,6,6
vash,0,1,0,1
vasse,0,0,1,1
vassi,0,7,0,7
vassy,7,55,35,97
vast,28,4,72,104
vaster,0,0,1,1
vastly,0,0,33,33
vasyl,0,0,1,1
vat,3,17,11,31
vatanseverim,0,1,0,1
vatar,0,0,2,2
vate,0,0,5,5
vatermelon,0,1,0,1
vatic,0,2,0,2
vatican,1,7,15,23
vats,3,0,3,6
vattinni,0,1,0,1
vaughn,0,3,17,20
vault,6,11,39,56
vaulting,2,2,1,5
vaults,0,0,2,2
vaux,2,0,0,2
vauxhall,0,1,4,5
vav,0,0,1,1
vawesome,0,0,1,1
vay,0,1,0,1
vaya,1,97,5,103
vayan,0,9,5,14
vaynerchuk,1,2,0,3
vaynermedia,0,13,0,13
vazge,0,3,0,3
vb,37,25,142,204
vbe,0,1,0,1
vbfr,1,0,0,1
vblog,0,0,3,3
vblogs,0,0,2,2
vbr,0,0,2,2
vbros,0,0,1,1
vbrxudavkla,0,0,1,1
vc,1,36,2,39
vcc,0,1,0,1
vcjd,8,8,10,26
vck,0,1,0,1
vclue,0,0,1,1
vcr,3,0,0,3
vcrs,0,4,3,7
vcrvhbd,0,1,0,1
vcs,0,20,0,20
vcsefraihbl,0,1,0,1
vcu,0,1,0,1
vd,2,11,3,16
vdeo,0,0,8,8
vdo,0,2,8,10
vdpost,0,0,1,1
vdsl,0,0,1,1
ve,3262,2415,12504,18181
vea,0,8,4,12
veamos,0,0,1,1
vean,0,14,2,16
veas,0,2,0,2
veast,0,1,0,1
veat,0,1,0,1
veces,1,29,4,34
vecino,0,7,0,7
vecinos,0,8,0,8
veckatimist,0,0,4,4
vecros,0,0,4,4
vector,0,0,9,9
vectorial,0,0,1,1
vectors,7,0,1,8
vectorscope,0,0,2,2
ved,1,5,2,8
veda,0,0,4,4
vedder,0,0,1,1
vedeos,0,0,2,2
veder,0,1,0,1
vedere,1,14,0,15
vederlo,0,5,0,5
vedic,0,1,0,1
vedim,0,0,2,2
vedio,5,38,30,73
vedioes,0,0,6,6
vedios,0,0,28,28
vedo,12,0,59,71
vee,1,3,3,7
veedo,4,0,0,4
veeeeeeery,0,0,1,1
veeeeery,0,0,3,3
veeeersioon,0,0,1,1
veeeery,1,0,5,6
veeeeryyyyyyy,0,0,1,1
veel,2,21,19,42
veemale,0,1,0,1
veer,5,0,3,8
veered,0,0,3,3
veering,2,0,0,2
vees,0,2,0,2
veg,6,1,50,57
vega,1,0,13,14
vegaaaaaannnnn,0,0,1,1
vegaaaan,0,2,0,2
vegag,0,0,1,1
vegan,132,161,648,941
veganer,0,0,2,2
veganism,9,3,87,99
veganize,0,1,2,3
veganized,0,0,1,1
vegans,14,30,71,115
vegara,1,0,0,1
vegas,157,229,311,697
vegasproud,0,0,1,1
vegasstongertogether,0,1,0,1
vegasstrong,1,2,9,12
vegatarians,0,0,1,1
vege,0,5,0,5
vegemite,6,9,12,27
vegen,0,1,0,1
vegentarian,0,1,0,1
vegeta,0,1,1,2
vegetaables,0,1,0,1
vegetable,1,11,60,72
vegetables,12,17,65,94
vegetal,0,2,0,2
vegetarain,0,0,4,4
vegetarian,25,55,90,170
vegetarianism,0,0,7,7
vegetarians,6,10,11,27
vegetation,0,0,7,7
vegetative,0,0,1,1
vegeterian,0,0,11,11
vegg,0,0,1,1
veggie,8,5,20,33
veggiemite,0,1,0,1
veggies,20,3,56,79
veggieshite,0,1,0,1
veggimite,0,0,1,1
veggy,0,0,4,4
vegi,0,1,0,1
vegiemite,1,0,0,1
vegify,0,3,0,3
vegimite,0,1,1,2
vegitarian,0,0,1,1
vegitartian,0,1,0,1
vegiterian,0,1,0,1
vegtables,0,0,1,1
veh,0,5,0,5
vehazzz,0,4,0,4
vehemently,0,0,2,2
veheremently,0,0,2,2
vehicle,31,16,70,117
vehicles,9,6,54,69
vehicular,0,2,4,6
vehle,0,1,0,1
vei,0,1,0,1
veia,0,5,0,5
veiculos,0,1,0,1
veido,0,5,0,5
veil,11,13,30,54
veiled,3,0,7,10
veilen,0,2,0,2
veill,0,1,0,1
veille,0,0,1,1
veiller,0,1,0,1
veils,0,0,2,2
vein,1,0,8,9
veins,10,5,57,72
veiny,0,5,0,5
veio,0,7,1,8
veis,0,12,1,13
veitnam,0,4,0,4
veiw,0,5,4,9
veiwer,0,0,4,4
veiws,3,7,10,20
veiwsss,0,1,0,1
veja,0,0,1,1
vejam,0,1,0,1
vejo,0,3,1,4
vekoma,0,1,3,4
vel,0,48,5,53
vela,0,3,0,3
velaria,1,0,0,1
velcro,65,850,123,1038
velcroed,0,5,0,5
velcroing,0,0,5,5
veld,0,3,1,4
veledi,0,1,0,1
velen,0,4,0,4
velez,0,0,2,2
velha,2,1,0,3
velhas,0,4,0,4
velho,0,3,0,3
veliki,0,1,0,1
veljan,0,3,0,3
velma,0,3,10,13
veloce,0,1,0,1
velocidade,0,0,3,3
velociraptor,0,0,3,3
velocity,1,1,21,23
velour,0,2,4,6
veloute,0,0,1,1
velverde,1,0,7,8
velvet,6,43,58,107
velveteen,0,0,1,1
velvetizer,0,3,2,5
velvety,0,3,4,7
vem,1,8,2,11
vemos,0,11,3,14
vemqvem,0,1,0,1
ven,0,49,10,59
venas,0,5,0,5
venator,0,1,0,1
vencha,0,1,0,1
vencido,0,1,0,1
vend,0,0,1,1
vendatta,0,1,0,1
vende,0,8,1,9
vender,0,2,1,3
vendetta,2,7,4,13
vendiendo,0,2,0,2
vendieron,0,1,0,1
vending,5,3,1,9
vendiste,0,3,0,3
vendo,0,3,0,3
vendome,0,0,1,1
vendor,0,1,4,5
vendors,0,0,6,6
vendre,0,4,0,4
vendredi,0,0,3,3
vendu,0,0,2,2
veneers,5,6,7,18
venellope,0,1,0,1
venerable,0,0,3,3
venero,0,2,0,2
venetian,0,1,0,1
venez,0,1,0,1
venezolana,0,2,0,2
venezolano,0,4,4,8
venezueeela,0,2,0,2
venezuela,8,56,35,99
venezuelaaaaa,0,2,0,2
venezuelan,3,1,11,15
venezuelans,0,0,1,1
venga,0,7,0,7
vengaboys,0,0,3,3
vengan,0,4,1,5
venganza,0,2,0,2
vengative,0,0,2,2
vengeance,4,1,18,23
vengence,0,1,2,3
vengo,0,4,0,4
venha,0,2,0,2
venham,0,1,0,1
veni,0,5,1,6
venice,1,0,9,10
venimos,0,0,2,2
venir,0,7,2,9
veniste,0,1,0,1
venit,0,3,0,3
venite,0,1,0,1
venkysout,0,0,5,5
venli,0,3,0,3
venmo,1,15,1,17
venn,1,7,2,10
venom,3,4,6,13
venomoth,0,0,2,2
venomous,11,3,15,29
venoms,0,0,2,2
venoss,0,2,0,2
vent,13,17,22,52
venta,2,2,1,5
ventas,2,4,0,6
vente,0,1,0,1
vented,0,0,4,4
venti,0,0,1,1
ventilation,0,0,2,2
ventilator,6,0,0,6
venting,5,0,5,10
ventress,1,0,0,1
ventriloquising,0,1,0,1
ventriloquism,0,2,13,15
ventriloquist,0,9,20,29
ventriloquists,3,0,0,3
ventrolowhwkquism,0,1,0,1
vents,0,2,8,10
ventura,1,14,13,28
venture,7,3,21,31
ventured,0,0,1,1
venturing,3,0,6,9
venu,1,0,0,1
venue,25,0,46,71
venues,0,0,7,7
venugopala,0,0,1,1
venus,2,16,13,31
venusproject,0,0,2,2
venz,0,0,2,2
veo,8,30,1,39
veodo,4,0,0,4
veoq,0,4,0,4
ver,6,250,66,322
vera,6,13,12,31
veracity,0,0,1,1
veracruz,0,0,4,4
veramente,0,1,0,1
veran,0,7,0,7
veranderd,0,1,0,1
veranderde,0,0,1,1
veranica,0,1,0,1
verano,0,1,0,1
verascht,0,1,0,1
verassen,0,1,1,2
veratrum,6,0,0,6
verb,1,9,1,11
verbage,0,0,1,1
verbal,8,1,25,34
verbalise,7,0,0,7
verbalize,0,0,1,1
verbalizing,0,0,1,1
verbally,13,2,13,28
verbatim,0,0,8,8
verbessern,0,1,0,1
verbiage,2,0,0,2
verbied,0,0,1,1
verbindung,1,0,0,1
verbindungsversuch,1,0,0,1
verbruiken,0,1,0,1
verbundene,1,0,0,1
verce,0,0,1,1
verdad,4,72,9,85
verdade,0,7,0,7
verdadeira,0,5,1,6
verdadeiro,0,4,0,4
verdadera,0,4,0,4
verdaderamente,0,4,3,7
verdadero,1,10,4,15
verdaderos,0,2,0,2
verdal,0,0,3,3
verde,2,1,0,3
verdeo,0,1,0,1
verder,0,2,0,2
verdi,0,0,4,4
verdict,3,0,3,6
verdien,0,12,1,13
verdienen,0,2,0,2
verdient,0,1,0,1
verdum,0,25,0,25
verdun,0,0,5,5
vere,0,0,5,5
verece,0,1,0,1
veredicto,0,1,0,1
vereerd,0,1,0,1
vereert,0,0,1,1
verein,0,3,0,3
veremos,2,11,0,13
verenigde,0,0,7,7
veres,0,1,0,1
verg,0,51,1,52
verga,0,20,1,21
vergaaaaaaaa,0,8,0,8
vergara,0,2,0,2
vergarrrrrra,0,2,0,2
vergarrrrrrrrrrra,0,0,2,2
vergarrrrrrrrrrrrrrra,0,2,0,2
vergas,0,11,0,11
vergatanazo,0,1,0,1
vergaze,0,4,0,4
vergazo,0,6,0,6
verge,11,14,33,58
verges,0,4,0,4
vergin,0,0,1,1
verging,5,0,0,5
vergognosi,0,1,0,1
verguenza,0,9,0,9
verheiratete,0,1,0,1
verhofstad,0,1,6,7
verhuisd,0,0,1,1
veri,0,5,0,5
verifiable,0,0,5,5
verification,3,0,3,6
verified,1,24,22,47
verifies,0,0,3,3
verify,4,3,17,24
verifying,0,0,1,1
verilmeli,0,2,0,2
verily,0,0,13,13
verin,0,7,0,7
verirrt,0,1,0,1
verison,0,2,0,2
veritas,0,1,3,4
veritasium,1,1,1,3
verizon,2,5,18,25
verjaardag,0,1,0,1
verjaardags,0,1,0,1
verkwan,0,4,3,7
verla,0,6,0,6
verle,0,7,0,7
verles,0,8,0,8
verliefd,0,1,0,1
verliest,0,1,0,1
verlisfy,0,4,0,4
verlo,4,32,1,37
verlos,0,5,0,5
verme,0,1,0,1
vermealen,0,1,0,1
vermelho,0,1,0,1
vermesinin,0,2,0,2
vermette,0,0,1,1
vermi,0,1,0,1
vermiculture,0,1,0,1
vermin,3,0,4,7
vermisst,0,1,0,1
vermiyor,0,0,1,1
vermont,0,0,4,4
vern,4,0,0,4
vernacular,4,0,1,5
verne,0,1,1,2
vernichtet,0,0,1,1
vernis,0,4,3,7
vernon,1,7,10,18
veronica,6,28,24,58
veronicas,0,0,2,2
veronika,0,3,0,3
verpool,0,1,0,1
verra,0,1,1,2
verras,0,5,2,7
verrati,0,4,0,4
verratti,0,0,2,2
verre,0,1,0,1
verrie,0,0,1,1
verrrrrrry,0,2,0,2
verrrrrry,0,0,4,4
verrrrry,0,0,8,8
verry,1,10,20,31
vers,2,9,6,17
versa,10,15,20,45
versace,0,7,5,12
versacee,0,1,0,1
versao,0,5,0,5
versatil,0,1,0,1
versatile,1,16,55,72
versatilidad,1,0,0,1
versatility,0,4,12,16
verse,128,176,277,581
versed,1,1,9,11
verseeeeeeeeeeeeeeeeeeeeeeeeeeeee,0,1,0,1
verses,6,12,39,57
vershin,0,1,0,1
versi,2,16,5,23
versio,0,1,0,1
version,355,589,1570,2514
versionando,0,3,0,3
versiones,0,0,2,2
versions,38,11,130,179
versitn,1,0,0,1
verslaan,0,1,0,1
versleten,0,1,0,1
verso,0,1,0,1
verson,3,0,1,4
versos,0,2,0,2
versoza,0,2,0,2
verstehe,0,3,0,3
verstehst,0,3,0,3
versuch,0,3,0,3
versuri,0,0,2,2
versus,14,24,49,87
vert,1,6,9,16
vertalen,0,0,7,7
verte,0,5,0,5
vertebrae,0,0,5,5
vertebrates,1,0,0,1
vertex,1,0,2,3
vertical,2,24,31,57
vertically,15,7,9,31
verticaly,0,0,3,3
vertices,1,0,0,1
verticies,0,1,0,1
verticle,1,0,3,4
vertigo,0,2,14,16
veru,0,0,1,1
verum,0,1,0,1
verve,0,5,5,10
vervelho,0,1,0,1
vervepipe,0,0,4,4
verwacht,0,1,1,2
very,2297,189,10787,13273
verybeige,0,2,0,2
verybody,0,2,0,2
verycool,0,0,1,1
verydice,0,0,27,27
verygood,0,4,0,4
veryimportant,7,0,0,7
verynices,1,0,0,1
veryone,1,1,0,2
veryyy,0,1,2,3
veryyyyyyy,0,0,1,1
veryyyyyyyy,0,0,1,1
verzamel,0,2,0,2
verzinnen,0,1,0,1
ves,0,19,4,23
vesa,0,0,1,1
vesectomy,0,1,0,1
veses,0,5,0,5
vespa,0,1,0,1
vespas,0,5,0,5
vespertine,1,2,2,5
vespucci,0,0,4,4
vessel,0,4,21,25
vesselam,0,2,0,2
vessels,2,3,18,23
vest,3,7,22,32
vested,6,0,0,6
vesteng,0,0,1,1
vestibular,0,1,1,2
vestida,0,1,0,1
vestidinho,0,1,0,1
vestido,5,4,1,10
vestidos,0,1,0,1
vestiere,0,2,0,2
vestirse,0,1,0,1
vests,1,0,2,3
vestuario,1,0,0,1
vesture,6,0,1,7
vesuvio,0,1,0,1
vet,18,38,145,201
vete,50,6,3,59
vetements,1,1,0,2
veteran,12,5,54,71
veterans,15,1,31,47
veterinarian,0,1,0,1
veterinarians,1,0,0,1
veterinary,3,0,3,6
vetinam,0,0,1,1
vetkez,0,3,0,3
veto,5,1,0,6
vetoed,10,0,0,10
vets,0,0,55,55
vetsforequality,0,0,2,2
vette,1,2,5,8
vety,0,0,1,1
veulent,0,2,0,2
veurs,0,0,2,2
veut,0,2,0,2
veux,1,6,0,7
vever,0,0,1,1
vevo,15,19,35,69
vevorio,0,0,2,2
vewer,0,1,0,1
vewis,0,0,1,1
vews,1,0,0,1
vewy,0,6,9,15
vex,0,0,1,1
vexed,0,3,0,3
vexes,0,0,1,1
vey,4,15,8,27
veya,0,3,0,3
veyr,0,0,3,3
vez,6,107,10,123
vezes,0,6,0,6
vft,0,0,1,1
vfx,1,2,16,19
vg,14,1,12,27
vga,0,0,2,2
vgaojk,0,1,0,1
vgcw,0,0,1,1
vgd,0,3,0,3
vghs,0,2,0,2
vgrsion,0,3,0,3
vh,0,5,14,19
vha,0,2,0,2
vhdl,0,0,1,1
vhdurbworbwijrneisn,0,1,0,1
vhs,10,19,23,52
vhwvbb,1,0,0,1
vi,2,56,12,70
via,54,26,178,258
viability,0,0,13,13
viable,10,0,21,31
viably,1,0,2,3
viado,0,2,0,2
viaduct,0,0,2,2
viagens,0,0,4,4
viagra,8,6,1,15
viaje,0,0,1,1
vials,1,1,0,2
viana,0,0,5,5
viascience,0,0,1,1
vib,0,0,5,5
vibe,84,163,556,803
vibed,0,1,0,1
vibee,0,3,1,4
vibeeee,0,1,0,1
vibeessss,0,1,0,1
viber,0,0,2,2
vibes,79,428,559,1066
vibesss,0,3,0,3
vibessss,0,2,1,3
vibesssssssss,0,1,0,1
vibesswmaarii,3,0,0,3
vibetrapxedm,0,1,0,1
vibey,0,1,0,1
vibez,1,3,5,9
vibezzz,0,0,1,1
vibezzzzz,0,1,0,1
vibin,2,0,0,2
vibing,1,6,18,25
vibra,0,6,0,6
vibrams,0,1,0,1
vibrancy,0,1,0,1
vibrando,0,0,1,1
vibrant,0,0,39,39
vibrantly,1,0,3,4
vibrar,0,0,1,1
vibrate,0,2,5,7
vibrated,2,0,3,5
vibrates,0,0,3,3
vibrating,6,0,26,32
vibration,7,3,7,17
vibrations,3,3,9,15
vibrato,3,1,1,5
vibrator,0,13,7,20
vibrators,0,4,0,4
vibratory,0,0,1,1
vibrio,0,0,5,5
vic,12,12,36,60
vicar,0,4,3,7
vicari,0,1,0,1
vicarious,2,0,0,2
vicariously,2,0,18,20
vice,18,59,80,157
vicecampioni,0,1,0,1
viceeeeeeeeeeeeee,3,0,0,3
viceland,0,4,4,8
vicepresident,0,0,2,2
vicerys,0,4,0,4
vices,4,0,3,7
viceversa,1,0,1,2
vici,1,1,1,3
viciada,0,1,0,1
viciado,0,1,0,1
viciante,0,1,0,1
vicianteeeeeee,0,1,0,1
viciantes,0,1,0,1
viciei,0,5,0,5
vicinity,4,0,2,6
vicious,25,0,6,31
viciously,6,0,0,6
vick,0,6,4,10
vickie,0,3,0,3
vicks,0,2,0,2
vicky,1,3,14,18
vicodin,0,0,1,1
victim,148,0,174,322
victime,0,4,0,4
victimhood,4,0,7,11
victimise,0,0,1,1
victimization,0,0,2,2
victimize,0,0,3,3
victimized,2,0,6,8
victims,152,63,240,455
victiom,4,0,0,4
victor,5,13,10,28
victore,3,0,0,3
victoria,64,80,447,591
victoriaaaa,0,0,4,4
victorian,0,1,2,3
victorians,0,0,1,1
victorias,8,13,0,21
victories,0,0,3,3
victorious,2,6,9,17
victors,0,0,2,2
victory,12,8,59,79
vid,275,664,1531,2470
vida,46,83,4,133
vidaaa,0,1,1,2
vidaaaaa,0,2,0,2
vidal,0,25,7,32
vidas,0,20,0,20
vidclip,0,3,0,3
vidcon,2,9,10,21
vidconaus,0,0,2,2
viddddd,0,0,1,1
viddddds,0,0,3,3
viddeoclip,0,2,0,2
viddo,0,0,6,6
vide,2,14,17,33
videa,0,1,5,6
videazo,0,1,0,1
videeeeeoooooo,0,0,1,1
videeeeoooo,0,1,0,1
videeo,2,0,0,2
videi,0,0,1,1
videio,0,1,0,1
videios,0,0,1,1
videitos,0,1,0,1
vident,0,1,0,1
video,5116,8347,26190,39653
videoantesdelacama,0,1,0,1
videoblocks,0,2,10,12
videoception,0,0,3,3
videoclip,1,7,8,16
videoclips,0,0,8,8
videod,0,1,0,1
videoe,0,0,4,4
videoed,0,2,0,2
videoes,1,0,6,7
videofact,0,0,1,1
videogame,6,11,37,54
videogames,4,2,10,16
videographer,0,0,4,4
videography,1,0,12,13
videoiiii,0,1,0,1
videoing,0,4,0,4
videoioooo,0,0,3,3
videoish,3,0,0,3
videojuegos,0,2,0,2
videolar,0,6,0,6
videolara,0,2,0,2
videology,0,0,1,1
videon,0,2,0,2
videonun,0,16,0,16
videoo,0,5,8,13
videooo,1,3,4,8
videoooo,0,3,8,11
videooooo,0,1,1,2
videoooooo,0,5,7,12
videooooooo,0,1,0,1
videooooooooo,0,0,2,2
videooooooos,0,0,2,2
videooooossss,4,0,0,4
videoposter,0,0,1,1
videos,1507,1715,11872,15094
videosalso,0,0,1,1
videosdarling,1,0,0,1
videoskskksj,0,0,1,1
videoss,0,1,0,1
videosss,0,0,6,6
videossss,0,0,7,7
videosssss,0,0,3,3
videossssss,0,5,1,6
videosssssss,0,0,3,3
videossssssss,0,1,0,1
videosssssssss,0,0,1,1
videosu,0,1,0,1
videosuyla,0,3,0,3
videotape,0,0,6,6
videotaped,1,0,0,1
videotapes,1,0,0,1
videote,0,2,0,2
videoton,0,0,1,1
videoyu,0,8,0,8
videp,0,1,0,1
videro,0,0,3,3
vides,0,1,6,7
videssss,0,5,0,5
videyo,0,0,1,1
vidgreat,0,0,5,5
vidi,0,0,1,1
vidic,0,2,0,2
vidideo,0,1,0,1
vidieo,1,3,1,5
vidio,0,9,20,29
vidioes,0,0,27,27
vidioever,0,0,1,1
vidion,0,0,2,2
vidior,0,1,0,1
vidios,0,1,8,9
vidiose,0,1,0,1
vidme,0,0,2,2
vido,0,2,2,4
vidoe,7,7,5,19
vidoeos,0,1,1,2
vidoes,3,9,17,29
vidos,0,1,3,4
vidrio,0,1,0,1
vids,137,199,1131,1467
vidson,0,0,5,5
vidsss,0,0,4,4
vidssss,0,0,1,1
vidssssssssssssssss,0,0,1,1
vidy,0,0,6,6
vidya,1,0,15,16
vidz,0,0,6,6
vie,10,12,9,31
viedeo,1,1,0,2
viedeos,1,0,0,1
viedio,0,1,0,1
viedo,4,4,7,15
viedooooo,0,0,2,2
viedos,0,1,2,3
viedosta,0,1,0,1
vieillis,0,1,0,1
vieira,0,4,6,10
vieja,1,15,1,17
viejito,0,2,0,2
viejo,0,11,13,24
viejos,0,7,0,7
viel,2,5,6,13
vielen,0,4,0,4
vien,0,0,11,11
viendo,0,22,1,23
viene,0,21,5,26
vienes,0,8,0,8
vienna,1,5,69,75
vienne,0,0,4,4
viennent,0,6,0,6
viennese,0,0,1,1
viennnnn,0,0,3,3
viens,4,2,0,6
vient,0,3,2,5
vientos,0,1,0,1
vieo,0,0,1,1
vieques,2,1,2,5
viera,0,6,3,9
vieram,0,0,2,2
vieran,0,2,0,2
vierem,0,2,0,2
viernes,0,1,0,1
vieron,0,3,1,4
vies,0,4,0,4
viet,6,3,5,14
vietam,0,2,0,2
vietnam,38,33,47,118
vietnamese,9,20,21,50
vietnamita,0,2,0,2
vietnammes,0,1,0,1
vietnamses,0,0,1,1
vietsub,0,1,0,1
vietto,0,2,0,2
vieuwglugeluvs,0,1,0,1
view,164,261,515,940
viewbot,0,0,2,2
viewbotter,0,2,0,2
viewcount,0,3,0,3
viewe,0,1,0,1
viewed,10,5,52,67
vieweer,0,0,1,1
viewer,32,34,145,211
viewerbase,0,0,5,5
viewers,72,40,278,390
viewership,18,0,21,39
viewersnya,0,0,1,1
viewfinder,3,0,3,6
viewing,12,10,94,116
viewings,0,0,1,1
viewnya,0,1,0,1
viewpoint,0,0,25,25
viewpoints,0,0,4,4
views,462,1238,1458,3158
viewsss,0,3,3,6
viewssss,0,1,0,1
viewssssss,0,1,0,1
viewtiful,0,0,1,1
vieww,0,1,0,1
viewwsss,0,1,0,1
viewz,0,3,1,4
vig,0,0,1,1
vigentes,0,0,1,1
vigil,0,5,8,13
vigilance,0,0,1,1
vigilant,1,0,9,10
vigilante,3,0,1,4
vigilantes,0,0,3,3
vigils,4,0,0,4
vigin,0,2,1,3
vigina,0,0,1,1
vigliaccheria,0,1,0,1
vignette,0,2,6,8
vignettes,0,0,1,1
vigo,2,0,0,2
vigor,0,0,1,1
vigorously,1,0,4,5
vigorusly,0,0,1,1
vii,1,4,9,14
viii,1,3,1,5
viiibesssss,0,4,0,4
viiiiiiiibessssssss,0,1,0,1
viiiirrgooo,0,1,0,1
vijf,0,0,1,1
vik,0,0,1,1
vikander,11,8,31,50
viking,0,13,4,17
vikingos,0,1,0,1
vikings,6,4,9,19
viktor,0,4,0,4
viktoria,0,0,1,1
viktoriamodesta,0,0,4,4
viktorya,0,1,0,1
vil,1,7,0,8
vila,0,2,0,2
vilanch,0,2,0,2
vile,40,3,17,60
vilely,0,0,1,1
vileneuve,0,0,1,1
vilified,0,5,0,5
vilify,0,0,10,10
vill,0,2,2,4
villa,7,15,29,51
villafa,0,0,2,2
village,17,10,46,73
villager,0,2,0,2
villagers,1,0,0,1
villages,2,0,8,10
villain,15,18,62,95
villainous,0,0,2,2
villains,7,5,21,33
villainsupply,0,0,2,2
villainy,0,1,0,1
villajes,0,0,4,4
villalba,0,0,2,2
villalobos,0,1,0,1
villan,0,0,1,1
villano,0,0,1,1
villanueva,0,2,1,3
villanueve,0,0,3,3
villar,0,0,3,3
villasenor,0,0,1,1
ville,0,0,11,11
villeda,0,2,0,2
villeneueve,0,0,1,1
villeneuve,2,1,35,38
villeng,0,4,0,4
villenueve,0,0,9,9
villi,0,0,1,1
villiage,2,0,0,2
villian,0,1,7,8
villians,0,0,2,2
villified,0,0,4,4
villy,0,0,2,2
vilmpje,0,1,0,1
viloence,0,0,4,4
vilolin,0,2,0,2
vilote,1,0,0,1
vilu,0,1,0,1
vim,0,14,0,14
vimeos,0,0,6,6
vimpelofelipeneto,0,1,0,1
vimpelogustavo,0,1,0,1
vimtos,0,1,0,1
vin,2,9,2,13
vinaigrette,0,4,0,4
vinatage,0,0,1,1
vinay,0,0,1,1
vinca,0,1,0,1
vince,37,66,88,191
vinceent,0,1,0,1
vincemcmahon,0,1,2,3
vincent,32,47,70,149
vincente,0,0,1,1
vincents,0,1,0,1
vincer,0,0,1,1
vinceranno,0,5,0,5
vincere,1,14,1,16
vinceremo,0,2,1,3
vinci,4,4,16,24
vinciamo,5,0,0,5
vincim,0,5,0,5
vinco,0,1,0,1
vind,1,23,7,31
vindaloo,0,0,2,2
vinde,0,0,1,1
vinden,0,7,2,9
vindicators,5,5,0,10
vindictive,1,0,5,6
vindictively,1,0,0,1
vindictus,0,0,1,1
vindt,0,2,3,5
vine,12,32,67,111
vineers,0,0,5,5
vineet,0,1,0,1
vinegar,18,9,62,89
vinegars,0,0,3,3
viner,5,4,3,12
vinergar,1,0,0,1
viners,2,0,1,3
vines,5,18,12,35
vinesauce,1,3,0,4
vineyard,0,3,6,9
vingarrr,0,1,0,1
vinger,0,0,5,5
vinho,0,1,0,1
viniendo,0,1,0,1
viniera,0,3,0,3
vinieron,0,0,2,2
viniger,1,0,0,1
vinigga,1,0,0,1
vining,0,0,1,1
viniste,0,7,0,7
vinito,0,0,1,1
vinn,4,0,0,4
vinnegar,0,1,0,1
vinnie,3,5,0,8
vinny,1,9,3,13
vino,0,7,0,7
vinsky,0,1,0,1
vintage,7,14,44,65
vintagy,0,0,1,1
vinte,0,1,0,1
vinted,0,1,0,1
vinto,0,2,1,3
vinyl,4,25,63,92
vinyls,2,5,1,8
vinz,0,2,0,2
vio,1,10,1,12
vioce,0,2,1,3
viode,0,0,1,1
viol,0,4,0,4
viola,1,2,3,6
violado,0,1,0,1
violanth,1,0,0,1
violar,0,5,0,5
violarlo,0,1,0,1
violaron,0,1,0,1
violate,3,8,9,20
violated,11,6,5,22
violates,0,1,3,4
violating,3,0,6,9
violation,2,1,16,19
violations,7,1,3,11
violator,0,0,1,1
violators,2,1,4,7
violence,180,34,235,449
violencia,0,15,0,15
violent,208,2,62,272
violenta,0,4,0,4
violentamente,0,4,0,4
violently,23,1,8,32
violento,0,4,0,4
violet,13,22,18,53
violets,1,10,4,15
violetta,0,1,1,2
violette,0,1,0,1
violin,6,34,71,111
violine,0,1,0,1
violinist,1,0,4,5
violinista,0,0,1,1
violins,0,0,4,4
violo,0,1,0,1
violoniste,0,0,1,1
vip,3,6,13,22
viper,0,3,5,8
vipers,0,1,1,2
vipes,0,2,0,2
vips,0,6,7,13
vipsqaud,0,2,0,2
vipsquad,1,3,3,7
viral,31,79,77,187
virales,0,3,0,3
viralized,0,0,2,2
virall,0,1,0,1
viraria,0,1,0,1
virem,2,0,0,2
virer,0,1,0,1
virera,0,3,0,3
virgang,0,0,1,1
virgen,0,1,5,6
virgenes,0,0,2,2
virgil,0,0,8,8
virgils,0,1,0,1
virgin,26,66,79,171
virginia,12,8,10,30
virginians,0,0,1,1
virginity,11,10,15,36
virgins,3,1,16,20
virgo,0,1,5,6
virgos,0,3,1,4
virius,0,0,1,1
virj,0,0,6,6
virtical,0,0,1,1
virtual,15,14,50,79
virtualboy,0,2,0,2
virtually,8,6,40,54
virtue,10,16,25,51
virtues,2,0,11,13
virtuoso,0,0,2,2
virtuous,0,0,2,2
viruis,0,0,1,1
virus,14,20,63,97
viruses,9,2,8,19
viry,0,2,0,2
vis,2,5,6,13
visa,6,14,22,42
visable,2,0,0,2
visage,1,12,3,16
visas,0,1,3,4
visca,0,78,2,80
viscabarca,0,4,0,4
viscaelbarca,0,6,0,6
visceral,9,0,2,11
viscerys,0,5,0,5
visciousness,0,0,4,4
viscosity,0,0,3,3
viscous,0,0,1,1
vise,3,1,1,5
viseart,0,0,2,2
viseo,0,1,0,1
visera,0,1,0,1
viserion,6,0,2,8
viserys,2,24,20,46
vishis,0,2,0,2
visi,0,1,0,1
visibilidade,0,4,0,4
visibility,1,2,9,12
visibilizar,1,0,0,1
visible,21,0,70,91
visibly,0,0,3,3
visine,0,5,0,5
vision,50,21,117,188
visionaire,0,0,2,2
visional,0,0,3,3
visionaria,0,1,0,1
visionary,3,10,9,22
visioning,1,0,0,1
visions,5,2,18,25
visit,68,182,601,851
visita,0,14,0,14
visitaaas,0,1,0,1
visitar,0,1,0,1
visitare,0,2,0,2
visitas,1,17,0,18
visite,0,2,3,5
visited,19,32,136,187
visiten,0,1,0,1
visites,0,1,0,1
visitgreece,0,0,5,5
visiting,20,40,74,134
visitor,4,2,16,22
visitors,5,0,5,10
visits,5,14,36,55
visivelmente,0,1,0,1
visor,3,2,1,6
visors,0,1,1,2
visqueen,2,0,0,2
vist,0,1,0,1
vista,5,4,4,13
vistas,0,7,0,7
vistazo,1,5,0,6
viste,0,7,0,7
vistes,0,4,0,4
visto,0,26,7,33
vistosa,0,4,0,4
visuais,0,0,5,5
visual,31,60,232,323
visuales,0,1,0,1
visualise,0,0,4,4
visualiser,0,0,4,4
visualising,0,0,2,2
visualizaciones,0,1,0,1
visualizate,0,0,2,2
visualization,2,1,6,9
visualize,0,2,12,14
visualized,0,0,1,1
visualizer,0,0,3,3
visualizes,2,0,0,2
visualizing,1,1,7,9
visually,10,3,73,86
visualmente,1,1,0,2
visuals,35,42,157,234
visualss,0,0,1,1
vit,3,9,1,13
vita,1,14,7,22
vital,7,0,32,39
vitale,0,0,7,7
vitalumiere,0,0,4,4
vitam,0,1,0,1
vitamers,3,0,0,3
vitamin,27,6,72,105
vitamine,0,0,2,2
vitamins,1,12,43,56
vitar,0,2,0,2
vitarela,0,0,1,1
vitctims,1,0,0,1
vite,0,5,0,5
vitesse,0,6,0,6
viteyos,0,0,1,1
vitiligo,1,5,1,7
vitimas,0,1,0,1
vito,0,6,0,6
vitocolour,0,4,0,4
vitolo,0,1,0,1
vitrina,0,4,0,4
vitriol,2,0,4,6
vitriolic,0,0,2,2
vittar,4,8,0,12
vitton,5,0,0,5
vittoria,0,16,0,16
vittorio,0,4,0,4
vitty,2,0,0,2
vitus,0,4,0,4
vitussa,0,1,0,1
viu,0,6,0,6
viv,1,2,0,3
viva,8,144,29,181
vivaaa,0,1,0,1
vivaaaaaa,0,3,0,3
vivaaaaaaaaaaaa,0,4,0,4
vivalabam,0,0,1,1
vivamos,0,1,0,1
vivan,0,1,0,1
vivapuertorico,0,0,1,1
vive,0,27,3,30
vivement,0,0,1,1
viven,0,3,0,3
vivencia,0,4,0,4
vivendi,0,0,4,4
vives,0,73,2,75
vivi,0,1,0,1
vivian,0,5,1,6
viviana,0,0,1,1
vivica,1,0,0,1
vivid,2,1,22,25
vividly,0,0,19,19
vividness,0,0,1,1
vividores,0,3,0,3
viviendo,2,9,2,13
vivienne,1,0,4,5
viviergas,0,3,0,3
vivint,0,1,0,1
vivir,0,4,0,4
vivo,6,35,1,42
vivooooo,0,1,0,1
vivre,0,2,2,4
viwe,0,1,0,1
viwers,0,0,1,1
vixen,0,1,5,6
vixens,4,0,0,4
vixey,0,0,1,1
viy,0,0,1,1
viz,1,3,4,8
vizcaya,0,0,1,1
vizier,1,0,1,2
vj,3,2,1,6
vja,0,4,0,4
vk,0,1,2,3
vkook,0,1,2,3
vl,0,1,0,1
vlad,10,12,14,36
vladdy,0,1,0,1
vladimer,6,0,0,6
vladimir,6,6,3,15
vladja,1,0,0,1
vladmir,0,1,0,1
vladtv,5,0,0,5
vlammen,0,1,0,1
vld,0,0,2,2
vlerta,0,1,0,1
vlet,0,0,1,1
vlew,0,1,0,1
vlik,0,1,0,1
vlive,1,0,1,2
vlives,0,0,2,2
vlla,0,1,0,1
vllazni,0,1,0,1
vlods,0,0,3,3
vlog,219,413,2155,2787
vlogang,0,1,0,1
vlogaversery,0,0,2,2
vlogbrother,3,0,2,5
vlogbrothers,1,10,50,61
vlogchristmas,0,0,2,2
vlogcreations,0,1,0,1
vloge,0,0,1,1
vloger,1,1,0,2
vlogers,0,0,2,2
vlogg,0,0,17,17
vlogged,0,1,15,16
vlogger,9,29,64,102
vloggers,6,16,39,61
vlogges,0,0,1,1
vloggg,0,0,1,1
vloggin,0,0,1,1
vlogging,30,50,161,241
vloggingggggg,0,1,0,1
vloggy,0,0,1,1
vloghoes,0,0,1,1
vloging,1,9,10,20
vlogiversary,0,0,2,2
vlogmas,3,59,78,140
vlogmases,0,0,7,7
vlogmass,0,0,1,1
vlogmasssss,0,7,0,7
vlogmastime,0,0,8,8
vlogmaxes,0,0,1,1
vlogoween,0,1,1,2
vlogs,139,334,2098,2571
vlogsquad,0,0,1,1
vlogss,0,3,3,6
vlogsss,2,5,6,13
vlogssss,0,1,5,6
vlogtember,0,0,11,11
vlogtober,0,0,14,14
vlogz,1,0,3,4
vlone,0,5,0,5
vlt,0,4,1,5
vm,4,1,0,5
vma,0,2,1,3
vmas,8,4,0,12
vms,1,0,0,1
vn,0,2,1,3
vnblnvnej,0,1,0,1
vnjvnjivbjifbhui,0,0,1,1
vnzla,0,1,0,1
vo,2,7,2,11
voacls,1,0,0,1
voc,4,59,9,72
voca,0,0,4,4
vocab,0,3,4,7
vocabulary,12,6,64,82
vocacion,0,0,1,1
vocal,32,49,209,290
vocale,0,1,0,1
vocales,0,2,0,2
vocalising,2,0,0,2
vocalist,3,14,27,44
vocalista,2,10,1,13
vocalistm,0,0,7,7
vocalists,2,0,14,16
vocalization,0,0,6,6
vocalizations,0,0,3,3
vocalize,1,0,1,2
vocally,6,0,18,24
vocaloid,0,1,0,1
vocaloids,0,2,0,2
vocals,66,95,295,456
vocation,0,0,5,5
voce,1,22,1,24
voces,0,10,1,11
vochel,0,2,0,2
vocie,2,2,1,5
voclist,0,1,0,1
vocs,0,1,0,1
vodafone,0,8,1,9
vodaphone,0,0,2,2
vodka,32,54,45,131
vodo,0,3,0,3
voel,0,1,0,1
voelen,0,1,1,2
voelt,0,2,0,2
voerbal,0,1,0,1
voetbal,0,48,19,67
voetbaler,0,1,0,1
voetbalicoon,0,1,0,1
voetbalkast,0,0,1,1
voetball,0,1,0,1
voetballen,0,12,2,14
voetballer,0,12,8,20
voetballers,0,1,0,1
voetbalschoen,0,0,2,2
voetbalschoenen,0,15,8,23
voetbalt,0,2,0,2
voetbaltraining,0,1,0,1
voglio,0,13,1,14
vogue,14,22,50,86
vogueing,0,1,5,6
voguing,0,1,0,1
voi,0,9,1,10
voic,0,0,3,3
voicccceee,0,1,0,1
voice,715,1278,3871,5864
voicecrack,0,5,0,5
voicecracks,0,1,0,1
voiced,1,18,29,48
voicee,0,0,1,1
voiceee,0,0,1,1
voiceeee,0,2,1,3
voiceeeee,0,8,0,8
voiceeeeee,0,7,1,8
voiceline,0,0,1,1
voicelines,0,1,0,1
voicemail,1,0,3,4
voicemails,0,0,6,6
voiceover,3,5,29,37
voiceovers,1,0,0,1
voices,52,55,299,406
voicess,0,1,1,2
voici,0,1,0,1
voicing,5,0,12,17
voicings,0,0,3,3
void,8,14,67,89
voids,0,0,4,4
voight,0,0,2,2
voil,0,3,2,5
voila,4,8,5,17
voilaa,0,2,0,2
voilin,0,0,1,1
voip,1,0,1,2
voir,0,12,4,16
voirce,2,0,0,2
vois,0,5,4,9
voise,0,2,1,3
voisine,0,1,0,1
voit,0,6,1,7
voive,1,0,0,1
voivod,0,0,1,1
voix,2,15,0,17
vokalis,0,1,1,2
vol,8,15,12,35
vola,0,2,0,2
volador,0,1,0,1
volaita,0,1,0,1
volando,4,0,0,4
volas,0,1,0,1
volatile,6,1,3,10
volbela,1,0,0,1
volcan,4,0,0,4
volcanic,0,0,13,13
volcano,11,30,18,59
volcanoe,0,2,0,2
volcanoes,0,2,30,32
volcanos,5,0,5,10
voldemort,27,8,8,43
voldemorts,0,4,3,7
voldermort,0,0,4,4
volenteers,0,0,1,1
volete,0,1,0,1
volg,0,11,3,14
volga,0,0,1,1
volged,0,0,1,1
volgende,0,6,0,6
volgers,0,1,0,1
volgger,0,1,0,1
volgs,2,0,4,6
volgt,1,0,0,1
volient,1,0,0,1
volim,0,2,0,2
volin,2,0,0,2
volk,1,0,0,1
volkswagen,0,2,4,6
voll,0,5,6,11
volley,0,1,9,10
volleybal,0,1,0,1
volleyball,4,2,3,9
volleying,0,0,5,5
vollyball,0,0,1,1
volmorts,0,0,1,1
volo,0,2,0,2
vologer,0,1,0,1
vologger,0,0,1,1
voloing,0,0,1,1
volskaya,0,3,0,3
volt,5,5,10,20
volta,0,11,1,12
voltado,0,0,1,1
voltage,2,12,24,38
voltando,1,1,0,2
voltaram,0,1,0,1
volte,1,4,0,5
voltes,0,0,1,1
voltige,0,0,4,4
volting,0,0,2,2
voltoooou,0,1,0,1
voltou,0,5,0,5
voltron,0,16,16,32
volts,3,11,4,18
volume,68,61,111,240
volumen,0,1,0,1
volumes,2,1,22,25
voluntad,0,3,0,3
voluntarily,1,1,4,6
voluntary,2,0,1,3
volunteer,5,6,28,39
volunteered,4,0,5,9
volunteering,0,6,19,25
volunteerism,0,0,1,1
volunteers,0,1,6,7
voluptuous,1,2,3,6
volure,0,2,0,2
volusia,0,0,2,2
volver,6,17,2,25
volvera,0,1,0,1
volveran,0,1,0,1
volvi,1,24,0,25
volvic,0,1,3,4
volviendo,0,5,0,5
volvieron,0,2,0,2
volvio,0,4,0,4
volviooooooooooooo,0,1,0,1
volviste,0,1,0,1
volvo,2,2,1,5
volya,0,0,19,19
vom,1,1,4,6
vome,0,0,1,1
vomit,27,14,39,80
vomitando,0,3,0,3
vomited,3,7,2,12
vomitied,0,2,0,2
vomiting,2,2,16,20
vomito,0,1,0,1
vomits,5,1,0,6
vomitted,0,0,1,1
vomitting,0,0,1,1
von,11,57,24,92
vond,0,1,1,2
vondahard,1,0,0,1
vonetta,0,1,0,1
vonnegut,0,0,1,1
vons,0,0,1,1
vont,0,9,0,9
vontade,0,3,0,3
voo,1,0,0,1
voodoo,1,32,7,40
voodoos,0,3,0,3
voonder,1,0,0,1
vooooooooooottttttttttteeeeeeeeeeeeeee,0,1,0,1
voor,0,42,16,58
vooral,0,2,1,3
voorbeel,0,1,0,1
voorbeeld,1,5,2,8
voorbeelden,0,1,0,1
voorbereiden,1,0,0,1
voorhees,1,3,3,7
voort,1,0,0,1
voozz,0,1,0,1
vopg,0,0,4,4
vor,2,23,7,32
voracious,0,0,4,4
voraciously,0,0,1,1
vorbei,0,1,2,3
vorbis,0,0,1,1
vore,0,6,2,8
vorefags,0,1,0,1
vorhees,0,0,3,3
vorher,0,11,0,11
voricuas,0,1,0,1
vork,0,1,0,1
vorm,0,0,1,1
voronezh,0,1,0,1
vorpahl,0,0,8,8
vorrei,0,5,0,5
vortex,0,1,0,1
vos,0,12,3,15
vosotros,0,8,8,16
vosprung,0,3,0,3
voss,0,0,1,1
vostra,0,1,0,1
vot,0,2,0,2
vota,0,3,0,3
votan,0,4,0,4
votando,0,1,0,1
votar,0,2,0,2
vote,135,240,443,818
voted,112,40,136,288
voteee,0,1,0,1
voteeeeeeee,0,1,0,1
votejames,0,2,0,2
votelibertarian,0,1,0,1
voten,0,3,0,3
voter,8,1,12,21
voters,27,12,30,69
votes,26,9,52,87
voting,34,26,79,139
votings,1,0,0,1
voto,0,1,0,1
votre,0,6,8,14
vou,0,20,0,20
vouch,4,0,14,18
voucher,2,4,9,15
vouchers,0,1,0,1
voudrais,0,2,0,2
vouge,3,2,1,6
vouging,0,1,0,1
voulais,0,1,1,2
voulait,0,2,0,2
vould,0,0,1,1
voulez,0,1,0,1
voulnarable,0,0,3,3
vouloir,0,5,0,5
voulu,0,1,0,1
voulut,0,3,0,3
vous,15,80,215,310
vow,4,6,8,18
vowed,4,0,0,4
vowel,4,6,2,12
vowels,0,1,4,5
vows,1,0,2,3
vox,50,97,142,289
voxel,0,1,0,1
voy,1,36,3,40
voyage,0,0,5,5
voyager,6,7,28,41
voyages,0,0,4,4
voyaging,0,1,0,1
voyeur,0,2,1,3
voyeurism,0,0,3,3
voyeuristic,1,0,1,2
voyez,0,4,0,4
voz,4,126,17,147
vozeir,0,2,0,2
vozer,0,1,0,1
vozes,0,7,0,7
vp,2,5,17,24
vpn,0,7,20,27
vr,9,31,62,102
vraag,0,0,1,1
vraagt,0,0,1,1
vragen,0,2,0,2
vrai,0,11,2,13
vraie,0,5,0,5
vraiment,0,17,2,19
vre,0,7,1,8
vres,0,5,1,6
vrgas,0,1,0,1
vried,0,0,1,1
vriend,0,4,1,5
vrienden,0,4,2,6
vriendin,0,0,1,1
vrier,0,2,0,2
vrije,0,1,0,1
vrm,0,4,0,4
vro,0,0,4,4
vroom,0,2,6,8
vrooo,0,0,1,1
vrouwelijke,0,1,0,1
vrouwen,1,0,0,1
vrr,0,1,0,1
vrv,0,0,7,7
vry,0,0,2,2
vs,261,629,585,1475
vsauc,0,1,0,1
vsauce,7,55,37,99
vsauces,0,2,0,2
vsause,0,3,3,6
vsco,0,1,1,2
vsn,0,1,0,1
vstacks,0,4,0,4
vsuace,0,1,0,1
vsvsbsnzuqkmz,1,0,0,1
vsync,0,0,1,1
vt,0,0,9,9
vtech,0,0,2,2
vtg,0,6,0,6
vthsdb,0,1,0,1
vtol,0,0,4,4
vtrigger,0,0,2,2
vu,3,42,29,74
vudu,0,0,5,5
vue,0,2,0,2
vuela,0,1,0,1
vuelca,0,0,4,4
vuelta,0,9,1,10
vueltas,0,6,0,6
vuelto,0,7,0,7
vuelva,1,15,1,17
vuelvan,1,4,0,5
vuelvas,0,0,1,1
vuelve,0,23,4,27
vuelven,0,2,0,2
vuelvereguetondeantes,0,1,0,1
vuelvo,0,3,1,4
vues,0,8,0,8
vuestro,0,5,0,5
vuestros,0,0,1,1
vuiton,0,1,0,1
vuitton,1,7,11,19
vuj,8,21,45,74
vujanic,0,0,3,3
vula,0,3,5,8
vulas,0,0,2,2
vulberable,0,0,6,6
vulcan,4,0,0,4
vulcano,1,0,0,1
vulcun,0,0,1,1
vulgar,20,1,18,39
vulgarity,2,4,1,7
vulkan,0,5,0,5
vulnerabilities,0,0,10,10
vulnerability,47,10,114,171
vulnerable,67,2,138,207
vulnicura,0,0,6,6
vulpis,0,1,0,1
vulpix,0,1,0,1
vult,2,2,0,4
vulture,6,5,8,19
vultures,5,5,6,16
vulturous,0,0,7,7
vunarable,5,0,0,5
vunerable,0,0,1,1
vuole,0,11,0,11
vur,0,2,0,2
vuracak,0,3,0,3
vuru,0,7,0,7
vut,0,0,1,1
vux,2,0,0,2
vuy,0,1,0,1
vv,0,6,7,13
vvaiting,0,0,4,4
vvas,0,0,4,4
vvays,0,0,4,4
vvd,0,0,27,27
vveeeengeance,2,0,0,2
vvery,0,0,1,1
vvhatever,0,0,4,4
vvhuuhuhuuhuhhuuuhuhuuuuuhhuuuuuhuhuuuuuhuuhuhuuuuuuuhuhuuhuhhuhhuhhuuhuuuuhuhhuuhhhuhuhhuhuhuhuhuuuhuhhhhuhhhuhhuhuuhuuhuhuhuhuhuhhuhh,0,3,0,3
vvill,0,0,8,8
vvitch,0,2,2,4
vvlog,0,0,1,1
vvt,0,0,1,1
vvts,0,0,1,1
vvv,0,4,0,4
vvvgvvhgtvf,0,1,0,1
vvvh,0,1,0,1
vvvv,1,1,0,2
vw,0,0,6,6
vwels,0,0,2,2
vwls,0,9,2,11
vwry,0,0,2,2
vx,1,0,0,1
vy,0,5,4,9
vyb,0,1,0,1
vybe,0,0,2,2
vybes,1,0,0,1
vybz,3,14,8,25
vyera,1,0,0,1
vyfc,0,0,2,2
vying,1,0,1,2
vynil,0,0,3,3
vyxoxo,4,0,0,4
vz,0,1,0,1
wa,11,1482,23,1516
waa,0,10,6,16
waaa,2,4,0,6
waaaa,2,2,0,4
waaaaaa,1,0,0,1
waaaaaaaa,1,1,1,3
waaaaaaaaa,0,1,0,1
waaaaaaaaaaaa,0,3,0,3
waaaaaaaaaaaaa,0,1,0,1
waaaaaaaaaaaaaaaaaaaaaaa,1,0,0,1
waaaaaaaaaaaaaaaaaaaaaaaaaaaaaaaaaaaaaaaaaaaaaaaaaaaaaaaay,0,0,1,1
waaaaaaaaaaaaaaaaaaay,0,0,1,1
waaaaaaaaaaaaaaaaaat,0,1,0,1
waaaaaaaaaaaaaaaaay,0,0,1,1
waaaaaaaaaaaaaait,0,1,0,1
waaaaaaaaaaaaayyyyyyyyyyyyyyyyyyyyyyyyyyyyyyy,0,0,3,3
waaaaaaaaaaaahhhhhhhhh,0,1,0,1
waaaaaaaaaaaaw,0,5,0,5
waaaaaaaaaaay,0,1,3,4
waaaaaaaaaah,0,1,0,1
waaaaaaaaaayyy,0,0,2,2
waaaaaaaaack,0,1,0,1
waaaaaaaaaw,0,0,2,2
waaaaaaaaay,0,1,3,4
waaaaaaaait,0,0,2,2
waaaaaaaay,0,0,7,7
waaaaaaaayy,0,0,1,1
waaaaaaackkkk,0,1,0,1
waaaaaaavy,0,2,0,2
waaaaaaaw,0,0,1,1
waaaaaaay,0,2,4,6
waaaaaah,0,1,0,1
waaaaaaiiiiitttt,0,1,0,1
waaaaaait,0,4,0,4
waaaaaay,0,1,8,9
waaaaah,0,0,1,1
waaaaahhh,0,0,1,1
waaaaaiiiittttt,0,1,0,1
waaaaaiiit,0,0,1,1
waaaaaldooooo,0,1,0,1
waaaaar,0,0,1,1
waaaaay,8,5,7,20
waaaaayyyy,0,0,2,2
waaaaayyyyy,0,0,1,1
waaaah,0,7,0,7
waaaait,0,2,0,2
waaaaooo,0,6,0,6
waaaario,0,1,0,1
waaaat,1,2,0,3
waaaatch,0,1,0,1
waaaay,14,3,24,41
waaaaytago,0,0,1,1
waaaayyvvyyyy,0,2,0,2
waaaayyy,0,4,0,4
waaaayyyy,0,0,1,1
waaah,0,0,8,8
waaahhh,0,3,1,4
waaahhhgood,0,1,0,1
waaaiiiiittttttt,0,4,0,4
waaait,0,4,0,4
waaaitttttttttttt,0,0,1,1
waaalt,0,8,0,8
waaan,0,1,0,1
waaay,7,1,32,40
waaayy,0,0,7,7
waaayyy,0,0,2,2
waaayyyy,0,0,1,1
waaayyyyy,0,1,0,1
waab,0,0,1,1
waad,0,0,1,1
waahhh,0,0,3,3
waahhhh,0,1,0,1
waahhhhhhhhhhhhhhhhhhhh,0,1,0,1
waal,0,0,2,2
waan,0,0,3,3
waannntt,0,0,1,1
waant,0,2,0,2
waaooo,0,0,5,5
waaooows,0,0,4,4
waaouuuhouuuuuuuuuuu,0,1,0,1
waar,1,4,1,6
waarmaken,1,0,0,1
waarmee,0,1,0,1
waarom,0,6,4,10
waarschaanlijk,0,1,0,1
waasland,0,0,1,1
waatttttt,0,1,0,1
waauuu,0,1,0,1
waawwww,0,2,0,2
waay,6,2,0,8
waayey,0,1,0,1
waayy,2,2,0,4
waayyy,2,0,0,2
waayyyyyy,4,0,0,4
wabba,0,5,0,5
wabi,0,0,5,5
wabt,3,0,0,3
wac,0,1,0,1
wach,2,4,4,10
wachaaaaaaaaas,0,2,0,2
wachabi,0,4,0,4
wached,0,0,8,8
waches,0,0,1,1
waching,3,1,2,6
wacho,0,2,0,2
wachowskis,0,1,0,1
wacht,0,1,0,1
wachted,0,1,0,1
wachten,0,1,0,1
wachu,0,1,0,1
wachubby,0,1,0,1
wack,52,66,57,175
wacked,2,0,1,3
wacker,0,0,1,1
wackfreestyle,1,0,0,1
wackin,0,1,0,1
wackkkk,0,1,0,1
wackkkkkkk,0,1,0,1
wacklemore,0,0,1,1
wacko,0,0,7,7
wacky,2,0,34,36
wacom,3,0,2,5
wactch,0,0,4,4
wacth,0,0,4,4
wacthed,0,0,1,1
wacthing,1,0,6,7
wad,1,1,4,6
wadajir,0,1,0,1
wadayya,0,1,0,1
wadda,0,1,0,1
wadding,0,1,0,1
waddles,0,0,4,4
waddup,0,1,0,1
wadduppp,0,4,0,4
wade,26,23,25,74
wadejba,0,6,0,6
waden,0,0,1,1
wades,0,0,4,4
wading,0,2,0,2
wadrobe,0,4,0,4
wadsworth,3,0,0,3
wadu,0,3,0,3
waduhek,0,1,0,1
wadup,0,1,2,3
wae,0,4,0,4
waer,0,0,1,1
waering,1,0,0,1
waf,0,2,0,2
wafer,1,2,4,7
wafers,0,1,0,1
waffen,0,1,0,1
waffle,3,19,10,32
waffled,0,0,1,1
wafflehouse,0,1,0,1
waffles,2,11,9,22
wafflessssss,0,0,1,1
waffling,3,1,7,11
wafflz,0,1,0,1
wafting,0,0,2,2
wafu,0,1,0,1
wag,0,7,4,11
waga,0,3,0,3
wagamama,4,0,0,4
wagamamas,7,0,1,8
wagashi,0,1,0,1
wage,13,3,39,55
waged,0,0,1,1
wagen,0,2,0,2
wager,0,2,1,3
wages,5,0,21,26
wagging,7,5,6,18
waggling,0,1,0,1
waghorn,0,6,0,6
waging,0,1,0,1
waglio,0,5,0,5
wagner,0,0,6,6
wagon,5,14,12,31
wagons,1,0,3,4
wags,0,1,1,2
wagwan,0,12,8,20
wah,7,5,30,42
waha,0,29,2,31
wahahaha,0,1,1,2
wahahahah,0,0,1,1
wahahahahahaa,0,1,0,1
wahahahahahahahahaahahahahahahahahahahahahahahahahahahahahahahahahahahahahahaha,0,1,0,1
wahahahajaha,0,0,1,1
wahap,0,3,0,3
wahawaha,0,1,0,1
wahey,7,1,0,8
wahh,1,1,1,3
wahhh,1,1,7,9
wahhhh,0,1,3,4
wahhhhh,0,9,0,9
wahhhhhh,0,0,1,1
wahhhhhhh,0,3,0,3
wahhhhhhhhh,0,0,2,2
wahid,0,0,2,2
wahlberg,17,8,16,41
wahlbergs,3,0,0,3
wahlburg,0,1,0,1
wahmen,0,3,0,3
wahnsinn,0,1,0,1
wahoo,0,13,0,13
waht,0,3,1,4
wahtsapp,0,0,1,1
wahtshe,0,1,0,1
wai,0,3,0,3
waif,7,0,0,7
waifu,7,2,12,21
waifus,1,0,0,1
waight,2,0,0,2
waiiiiiit,2,0,0,2
waiiiiiitttt,0,4,0,4
waiiiit,0,4,1,5
waiiiitt,0,2,0,2
waiiiittiiingg,0,1,0,1
waiiit,0,0,1,1
waiiitttt,0,2,0,2
waiiittttt,0,1,0,1
waiit,1,0,1,2
waikanae,0,8,0,8
waikiki,0,9,0,9
wail,6,5,2,13
wailing,13,3,0,16
waiponolanestreet,0,0,1,1
waist,24,7,58,89
waisted,0,0,26,26
waisting,0,0,3,3
waistline,0,0,14,14
waists,0,0,9,9
wait,1068,2714,4591,8373
waite,2,3,10,15
waited,94,44,131,269
waiten,0,1,0,1
waiter,0,11,16,27
waiters,0,1,1,2
waithe,2,0,0,2
waitig,0,1,0,1
waitin,0,14,19,33
waitinf,0,1,0,1
waiting,439,985,1157,2581
waitingfor,0,1,0,1
waitingg,0,1,0,1
waitinggggg,0,6,0,6
waitingggggggggggggggggg,0,5,0,5
waititi,4,1,10,15
waititing,0,1,0,1
waitm,0,1,0,1
waitnin,0,1,0,1
waitress,3,9,18,30
waitrose,2,3,7,12
waits,17,15,22,54
waitstaff,0,0,1,1
waitt,0,3,1,4
waittt,0,5,0,5
waitttiiinnnn,0,0,1,1
waitttt,3,4,0,7
waittttt,1,3,0,4
waitttttt,0,4,0,4
waittttttttt,0,1,0,1
waittttttttttttt,0,1,0,1
waitwait,0,2,0,2
waitwhat,0,1,0,1
waiver,0,0,3,3
wajar,0,1,0,1
wajarlah,0,0,1,1
wak,2,1,0,3
waka,0,5,0,5
wakanda,0,0,3,3
wake,214,148,387,749
waked,0,2,0,2
wakefield,0,0,4,4
waken,0,0,4,4
waker,2,2,0,4
wakes,18,6,14,38
wakeup,3,2,1,6
wakey,0,0,2,2
wakfu,0,0,1,1
wakin,0,1,0,1
waking,29,16,57,102
wakka,2,0,2,4
wakker,0,0,1,1
wakki,1,0,0,1
wakkk,0,2,0,2
waky,0,0,1,1
wal,8,17,21,46
wala,0,4,2,6
walahi,0,2,2,4
walang,0,6,1,7
walau,0,1,0,1
walberg,1,0,0,1
walcott,0,12,18,30
walcz,0,4,0,4
walcze,0,2,0,2
walczy,0,4,1,5
waldau,0,0,1,1
walden,0,4,0,4
waldmeister,0,0,6,6
waldo,7,21,14,42
waldorf,0,8,6,14
wale,3,1,1,5
wales,10,10,82,102
walet,0,1,0,1
walgreens,1,5,14,20
walhberg,5,0,5,10
walk,294,404,735,1433
walkable,3,0,0,3
walked,107,57,170,334
walken,0,3,1,4
walker,29,56,66,151
walkers,28,15,25,68
walki,0,0,2,2
walkie,0,6,1,7
walkin,0,2,27,29
walking,260,173,468,901
walkman,0,0,3,3
walkn,1,2,0,3
walks,35,41,207,283
walkthemoon,1,0,0,1
walkthrough,1,0,0,1
walkthroughs,1,0,0,1
walkway,1,0,2,3
wall,160,212,394,766
walla,0,4,0,4
wallace,9,16,34,59
wallah,0,0,3,3
wallahi,0,6,8,14
wallahy,0,4,0,4
wallart,0,1,0,1
wallberg,0,0,1,1
wallcome,0,1,0,1
walled,2,0,1,3
waller,0,6,1,7
wallet,13,18,49,80
wallets,1,9,18,28
walleye,0,1,0,1
wallfisch,0,0,2,2
wallflower,0,2,5,7
wallflowers,1,2,1,4
wallhugging,0,0,1,1
walli,0,1,0,1
wallibees,0,1,0,1
wallington,0,0,5,5
wallis,0,0,6,6
wallkig,0,0,4,4
walll,0,4,0,4
wallll,0,1,0,1
walllllll,0,1,0,1
wallllssss,0,4,0,4
wallmart,0,3,0,3
walloping,0,0,1,1
wallow,1,0,0,1
wallowa,13,9,16,38
wallowing,0,0,3,3
wallpaper,3,52,42,97
wallpapers,1,6,3,10
wallper,0,3,0,3
walls,62,53,79,194
wallstreet,0,1,0,1
wallstrom,0,0,1,1
walltable,0,5,0,5
wally,0,5,0,5
walmart,61,94,128,283
walmat,0,1,0,1
walmazon,0,1,0,1
walnut,5,1,8,14
walnuts,1,5,2,8
walp,0,0,1,1
walrus,7,4,1,12
walsh,0,1,5,6
walt,9,18,8,35
walter,17,30,29,76
walters,1,4,2,7
walthall,2,0,0,2
walther,1,1,5,7
walton,9,0,5,14
waltrip,0,2,0,2
waltz,0,0,13,13
waltzing,0,0,3,3
waluigi,3,4,9,16
waluiiiigi,0,1,0,1
walves,0,0,7,7
wam,0,3,0,3
wambo,1,0,0,1
wamen,3,2,2,7
wampas,0,1,0,1
wampsn,0,0,7,7
wan,60,0,14,74
wana,18,8,32,58
wanabes,0,2,0,2
wanagsan,0,1,0,1
wand,37,27,111,175
wanda,24,27,39,90
wandel,0,2,0,2
wander,13,9,27,49
wandered,1,4,10,15
wanderers,7,0,7,14
wandereth,0,0,4,4
wandering,7,9,31,47
wanderlai,5,0,0,5
wanderlei,0,4,1,5
wanderlust,0,4,4,8
wanders,0,0,1,1
wanderwaal,0,0,1,1
wandless,0,0,3,3
wandow,0,1,0,1
wands,4,7,1,12
waned,1,0,0,1
waneer,0,1,0,1
wanelo,0,5,0,5
wang,8,7,2,17
wangjangel,0,0,4,4
wangjangling,0,4,1,5
wangly,0,2,0,2
waning,1,0,0,1
wank,18,5,6,29
wankaaaaaaaaaaaaaaaaaaaaaaaaaaaaaa,3,0,0,3
wankchester,2,0,0,2
wanked,0,0,1,1
wankel,0,1,0,1
wanker,25,41,6,72
wankers,8,18,2,28
wanking,0,2,5,7
wanks,4,0,3,7
wankstain,0,3,8,11
wankstains,0,0,1,1
wankstein,0,0,3,3
wanlked,0,0,1,1
wanma,0,0,2,2
wann,1,9,0,10
wanna,654,910,1801,3365
wannabe,34,27,38,99
wannabees,0,7,0,7
wannabegamer,0,0,2,2
wannabes,5,5,6,16
wannagethuckfinned,0,0,1,1
wannah,0,0,1,1
wanneer,0,0,1,1
wannn,0,2,0,2
wannna,1,0,0,1
wannt,3,3,0,6
want,3399,3858,9445,16702
wanta,0,0,1,1
wantd,0,0,4,4
wanted,613,527,2286,3426
wantedddd,0,0,1,1
wantedto,0,0,7,7
wanti,0,2,0,2
wantibg,0,0,6,6
wantin,0,5,2,7
wanting,136,62,375,573
wants,423,22,1665,2110
wantvto,0,5,0,5
wany,0,1,0,1
wao,0,3,3,6
waoh,0,5,0,5
waoo,0,1,1,2
waooo,0,4,0,4
waoooo,0,1,1,2
waoooooooooooooooooooooooooooooooooooooooooooooooooo,0,0,1,1
waoouuu,0,5,0,5
waoow,0,0,1,1
waouh,0,3,0,3
waow,0,8,4,12
wap,10,21,43,74
wapo,2,0,0,2
wapp,0,0,2,2
wapping,0,0,3,3
waps,3,2,0,5
war,586,248,542,1376
warbble,0,0,1,1
warbly,0,0,1,1
warbringer,0,0,1,1
warburton,0,1,0,1
warch,0,0,1,1
warching,0,0,2,2
warcliff,1,0,1,2
warcraft,0,0,6,6
ward,4,3,31,38
wardclif,0,0,1,1
wardcliff,1,0,1,2
warden,5,0,0,5
wardens,0,0,3,3
wardo,0,0,7,7
wardrobe,22,16,212,250
wardrobes,0,0,11,11
wardrobing,0,0,4,4
wards,1,0,4,5
ware,12,0,23,35
warehouse,1,10,25,36
warehouses,1,2,3,6
waren,0,1,0,1
wareor,0,5,0,5
wares,1,0,3,4
warewolf,0,1,0,1
warf,0,1,1,2
warfafe,0,0,1,1
warfar,0,5,0,5
warfare,10,27,23,60
warframe,9,1,2,12
warg,1,0,0,1
wargame,1,0,0,1
wargaming,0,0,2,2
warhammer,1,0,1,2
warhead,8,5,0,13
warheads,10,4,3,17
wariat,0,1,0,1
waring,0,2,0,2
wario,3,0,6,9
warka,0,5,0,5
warlock,3,7,6,16
warlord,1,8,2,11
warlords,0,0,4,4
warm,30,3,528,561
warmed,5,2,56,63
warmer,19,4,21,44
warmers,0,1,0,1
warmest,1,5,1,7
warmfuzzies,0,0,1,1
warming,45,36,122,203
warmly,0,0,12,12
warmongerers,1,0,0,1
warmongering,1,5,12,18
warmongers,0,0,5,5
warms,2,7,20,29
warmth,11,0,46,57
warmtoned,0,0,1,1
warmup,0,5,1,6
warn,30,21,30,81
warned,33,10,46,89
warner,39,39,33,111
warning,48,57,127,232
warnings,0,1,12,13
warnng,0,1,0,1
warns,0,8,4,12
warp,26,5,5,36
warpaint,0,0,1,1
warpath,0,0,1,1
warped,4,6,9,19
warph,0,2,0,2
warping,5,0,1,6
warps,2,0,1,3
warrant,6,0,10,16
warranted,0,3,1,4
warranties,0,2,0,2
warranting,5,0,0,5
warrants,4,2,6,12
warranty,1,4,6,11
warren,8,4,4,16
warrens,0,1,0,1
warrent,1,0,0,1
warrihz,0,1,0,1
warring,0,2,1,3
warrington,5,0,0,5
warrior,11,25,62,98
warriorlord,0,0,4,4
warriors,35,44,69,148
warro,0,1,0,1
warry,0,1,0,1
wars,209,235,460,904
warsaw,0,4,4,8
warship,0,5,0,5
warships,0,0,2,2
warsnop,1,0,0,1
warss,0,0,2,2
warssss,0,0,1,1
warthog,0,1,1,2
wartime,6,0,0,6
warto,0,2,0,2
warts,0,0,10,10
warum,1,11,0,12
warwick,0,2,0,2
wary,2,0,1,3
warzone,4,5,2,11
was,16031,10997,43755,70783
wasabi,4,16,3,23
wasabiends,0,4,0,4
wasatsifcgtsdxvnmbhygftdresxdfgtr,0,1,0,1
wasd,0,0,1,1
wasent,1,0,5,6
wasf,0,1,0,1
wasgatt,1,0,0,1
wasgoing,0,0,1,1
wash,62,94,207,363
washable,0,1,0,1
washboard,0,0,1,1
washed,79,27,109,215
washedup,0,0,1,1
washer,7,7,15,29
washerman,0,0,1,1
washes,8,1,8,17
washing,49,19,63,131
washington,61,25,56,142
washingtonian,0,0,2,2
washito,0,1,0,1
washitos,0,1,0,1
washout,0,3,1,4
washroom,2,9,0,11
washrooms,0,1,1,2
washy,2,4,2,8
wasn,103,56,168,327
wasnt,112,68,169,349
wasoski,0,0,2,2
wasp,5,41,7,53
wasps,16,1,13,30
wasr,1,0,0,1
wass,0,2,4,6
wassabi,2,22,19,43
wassabian,0,0,2,2
wassabians,0,2,0,2
wassabis,0,0,1,1
wassbi,0,1,0,1
wasserman,0,1,0,1
wasss,0,0,5,5
wassssss,2,0,0,2
wasssupppp,0,2,0,2
wassuh,1,0,0,1
wassup,2,13,11,26
wassuppp,0,2,0,2
wast,0,1,6,7
wastage,0,0,1,1
waste,407,6,386,799
wasted,151,8,110,269
wasteful,1,1,9,11
wasteing,6,0,0,6
wasteland,6,0,5,11
wasteman,0,3,12,15
wastenado,1,0,0,1
waster,0,0,1,1
wasters,0,1,0,1
wastes,2,0,1,3
wastin,0,0,5,5
wasting,57,22,77,156
waston,1,0,0,1
wasup,0,0,2,2
wasz,0,4,0,4
wat,41,93,88,222
watamelon,0,5,0,5
watanabe,7,0,26,33
watcg,0,0,1,1
watch,2155,2717,6828,11700
watcha,0,2,0,2
watchable,1,0,15,16
watchcut,2,0,0,2
watchdog,5,2,0,7
watchdogs,0,1,1,2
watched,628,684,2503,3815
watcher,1,2,28,31
watchers,6,1,15,22
watches,69,122,147,338
watchging,0,2,0,2
watchh,0,1,0,1
watchhhhhhh,0,1,0,1
watchhttps,0,0,1,1
watchi,1,0,0,1
watchign,0,0,1,1
watchimg,0,1,0,1
watchin,8,3,37,48
watchind,0,0,2,2
watching,1409,1833,6098,9340
watchingnat,0,0,1,1
watchings,0,0,3,3
watchlist,1,0,0,1
watchman,0,0,8,8
watchmen,2,0,12,14
watchmojo,0,2,0,2
watchn,3,0,0,3
watchpeopledie,0,0,1,1
watchpoint,0,3,4,7
watchs,0,1,1,2
watchtime,0,0,1,1
watchv,0,0,2,2
watchwd,0,0,1,1
watcing,1,1,1,3
wate,0,2,0,2
wated,1,0,4,5
wateeeeeeeeeeeeeeeeeerrrrrr,0,1,0,1
water,680,849,1566,3095
waterballoons,0,0,2,2
waterbirth,0,1,0,1
waterboard,0,0,1,1
waterboarding,0,0,1,1
waterbottle,1,0,0,1
waterboy,0,2,4,6
watercolor,0,1,19,20
watercoloring,0,0,3,3
watercolors,0,0,1,1
watercolour,2,0,4,6
watered,8,6,26,40
watereth,0,0,2,2
waterfall,1,3,27,31
waterfront,1,0,0,1
watergate,2,1,0,3
watergirl,0,6,3,9
waterhosed,1,0,0,1
waterhouse,0,2,0,2
watering,13,22,25,60
wateringly,0,1,0,1
waterline,7,6,18,31
watermalooon,0,1,0,1
watermarble,0,3,1,4
watermarbling,0,2,0,2
watermark,1,1,4,6
watermarked,1,0,0,1
watermelens,0,0,1,1
watermelon,17,47,54,118
watermelone,0,5,0,5
watermelongoals,0,5,0,5
watermelons,2,0,0,2
waterpark,0,8,0,8
waterparks,0,5,8,13
waterpolo,0,1,0,1
waterproof,3,10,44,57
waterproofed,0,1,0,1
waterproofing,0,0,4,4
waterpump,0,4,0,4
waterr,0,0,6,6
waters,14,38,35,87
waterschappen,0,0,1,1
watershed,1,0,0,1
waterson,0,0,7,7
watersports,0,0,1,1
waterspout,0,0,1,1
watertight,0,0,4,4
waterweed,0,0,2,2
waterwipes,8,0,0,8
waterworks,0,1,0,1
watery,2,1,25,28
wateva,1,0,0,1
watever,0,1,1,2
watevr,0,0,1,1
watford,34,39,136,209
watfords,0,0,5,5
watfuck,0,1,0,1
wath,0,2,2,4
wathc,0,0,1,1
wathced,0,0,3,3
wathcing,0,2,6,8
wathever,0,0,3,3
wathhc,0,0,1,1
wathing,0,0,6,6
wathsapp,0,1,0,1
wating,1,1,1,3
watiroses,0,2,0,2
watiti,1,0,1,2
watney,0,2,3,5
watpad,0,2,0,2
watrous,0,0,1,1
wats,4,13,1,18
watsap,0,1,0,1
watse,0,0,2,2
watskeburttttt,0,0,1,1
watsky,0,0,1,1
watson,28,23,23,74
watt,14,7,12,33
wattage,0,1,1,2
watter,0,6,3,9
watters,0,3,1,4
watting,0,1,0,1
wattle,1,0,0,1
wattpad,2,8,1,11
watts,2,7,2,11
watty,0,1,0,1
wau,0,4,0,4
wauddup,0,1,0,1
wauuuw,0,0,3,3
wauw,0,2,0,2
wav,7,10,58,75
wave,83,56,160,299
waved,3,1,3,7
waveeeeeyyyyy,0,3,0,3
waveform,0,0,7,7
waveforms,0,0,2,2
wavelength,1,3,6,10
wavelengths,0,2,3,5
wavelike,0,0,1,1
waver,1,0,0,1
wavering,0,0,1,1
waverly,1,1,0,2
waves,46,16,126,188
wavey,6,10,8,24
waveyy,0,4,0,4
waveyyy,0,2,0,2
waving,10,6,41,57
wavs,0,1,7,8
wavveeeeyyyy,0,1,0,1
wavy,8,33,32,73
wavyy,0,1,0,1
wavyyy,0,5,0,5
wavyyyy,0,14,0,14
wavyyyyy,0,1,0,1
wavyyyyyyy,0,1,0,1
waw,1,28,10,39
wawawa,0,5,1,6
wawawawawawa,0,1,0,1
wawe,0,1,0,1
wawh,0,1,0,1
wawoooo,0,0,1,1
waww,0,3,0,3
wawwww,0,1,0,1
wax,12,39,158,209
waxed,0,0,8,8
waxing,6,2,7,15
waxwing,4,0,0,4
waxworm,1,0,0,1
waxy,0,0,6,6
way,2964,1537,10508,15009
wayans,6,5,6,17
waybackmachine,0,1,0,1
waylon,0,0,1,1
wayment,0,0,2,2
wayne,53,117,102,272
waynes,0,1,0,1
ways,154,57,640,851
wayside,0,0,6,6
waytkt,4,0,0,4
wayward,0,4,2,6
wayy,7,2,26,35
wayyy,11,4,15,30
wayyyy,5,15,27,47
wayyyyy,2,7,17,26
wayyyyyy,6,3,5,14
wayyyyyyy,0,0,3,3
wayyyyyyyy,0,0,6,6
wayyyyyyyyy,0,4,1,5
wayyyyyyyyyy,3,0,0,3
wayyyyyyyyyyyyy,0,0,5,5
wayzatta,0,0,6,6
waz,1,7,6,14
wazoo,1,0,0,1
wazowski,0,2,0,2
wazz,0,1,0,1
wazza,0,2,0,2
wazzup,1,0,0,1
wazzzzzzzzzzzzzzzzzzzuuuuppppppp,0,1,0,1
wb,3,2,10,15
wba,2,0,0,2
wbb,0,0,1,1
wbc,1,0,0,1
wbrozx,0,9,0,9
wbu,0,2,0,2
wc,0,5,28,33
wca,0,2,0,2
wcex,0,0,4,4
wchodz,0,4,0,4
wckd,0,0,1,1
wcw,16,10,15,41
wcx,0,0,7,7
wcze,0,4,0,4
wczesny,0,3,0,3
wczoraj,3,0,0,3
wd,1,6,10,17
wdf,0,1,3,4
wdh,0,1,0,1
wdslm,0,5,0,5
wdw,0,3,8,11
wdym,0,0,4,4
wdzi,0,2,0,2
wdztu,0,0,1,1
we,7216,5500,21840,34556
wea,0,5,0,5
weab,0,1,0,1
weaboo,1,5,7,13
weaboos,0,3,1,4
weadow,0,0,1,1
weak,351,0,232,583
weaked,1,0,0,1
weaken,0,1,13,14
weakened,0,5,8,13
weakening,1,0,0,1
weakens,0,0,6,6
weaker,5,0,30,35
weakess,3,0,0,3
weakest,7,8,28,43
weakk,0,1,0,1
weakkkk,0,1,0,1
weakling,1,0,1,2
weaklings,0,1,2,3
weakly,0,0,1,1
weakmill,0,0,1,1
weakness,31,12,72,115
weaknesses,6,3,29,38
weaks,0,1,0,1
weaksauce,2,0,0,2
weaky,1,0,0,1
wealldo,0,1,0,1
wealth,23,434,99,556
wealthier,2,4,4,10
wealthiest,2,0,7,9
wealthy,13,1,71,85
weaned,0,0,2,2
weaner,3,1,0,4
weaning,0,4,28,32
weapon,101,39,161,301
weaponize,0,1,0,1
weaponized,0,1,2,3
weaponry,8,0,19,27
weapons,148,66,277,491
wear,439,507,1563,2509
wearable,0,4,32,36
wearables,0,5,2,7
weard,0,2,0,2
weareallone,4,0,0,4
wearekratom,0,1,0,1
wearelostking,0,1,0,1
weareone,4,0,0,4
weareonevoice,0,1,0,1
wearer,0,2,9,11
wearers,2,0,1,3
wearethearsenalfc,6,0,0,6
wearethecaribbean,0,1,0,1
wearin,5,1,1,7
wearinfmg,0,0,1,1
wearing,363,782,1321,2466
wears,37,51,144,232
weartest,0,0,6,6
weary,7,1,13,21
weasel,5,3,17,25
weasels,1,0,8,9
weaselton,0,1,0,1
weasely,0,0,1,1
weasley,1,2,2,5
weather,94,53,215,362
weathered,3,0,0,3
weatherman,1,3,1,5
weathers,1,0,0,1
weatherstripping,6,0,0,6
weathervane,0,0,1,1
weatherwars,0,1,0,1
weating,0,0,1,1
weave,10,11,19,40
weaver,4,1,7,12
weavers,1,0,0,1
weaves,3,4,3,10
weaving,13,1,4,18
web,25,11,86,122
webb,0,0,5,5
webber,1,0,2,3
webbing,1,0,0,1
webcam,0,2,0,2
webcams,0,0,7,7
webcast,0,0,4,4
webcomic,0,0,1,1
webdriver,0,4,0,4
webdy,0,1,0,1
webeando,0,1,0,1
webeo,0,6,0,6
webestfriendsinmyhead,0,0,2,2
webmoney,0,0,2,2
webona,0,1,0,1
webos,0,0,1,1
webot,4,0,0,4
webpage,0,2,1,3
webs,4,0,3,7
webseries,0,0,1,1
webside,0,0,5,5
website,111,105,336,552
websites,7,11,58,76
websockets,0,0,4,4
webspins,1,0,0,1
webster,7,2,4,13
websters,0,0,1,1
webtoon,0,3,1,4
webtoons,0,1,0,1
weceju,0,1,0,1
wechat,0,0,3,3
weco,0,2,0,2
wed,2,4,3,9
wedding,70,159,431,660
weddings,0,6,41,47
wede,1,0,0,1
wedenzzday,0,1,0,1
wedge,4,3,8,15
wedged,4,0,5,9
wedges,0,3,0,3
wedgie,0,0,3,3
wedlock,0,0,4,4
wedmak,0,3,0,3
wednesday,31,54,143,228
wednesdays,1,1,11,13
wednezzdays,1,1,0,2
wednezzzday,0,1,0,1
weds,0,0,1,1
wedstrijd,0,1,3,4
wedstrijden,0,1,0,1
wee,21,59,64,144
weeaboo,1,0,1,2
weeaboos,5,2,1,8
weeb,23,9,4,36
weebly,0,0,2,2
weebs,7,2,2,11
weeby,0,4,0,4
weed,76,121,133,330
weeded,1,0,2,3
weeding,0,1,11,12
weeds,5,0,1,6
weedtube,0,1,0,1
weedy,0,0,3,3
weee,3,6,1,10
weeeaaakkk,0,1,0,1
weeed,0,0,1,1
weeeduh,0,3,0,3
weeee,0,2,0,2
weeeeeaaakkk,0,1,0,1
weeeeee,0,1,0,1
weeeeeeee,0,0,6,6
weeeeeeeeee,0,0,5,5
weeeeeeeeeeee,0,0,2,2
weeeeeeeeeeeeedd,0,5,0,5
weeeeeeeeeeeeeeeeeeed,1,0,0,1
weeeeeeeeeeeeeeeeeeeeeeeaaaaaaaaaaaaaaaaaaaaakkk,1,0,0,1
weeeeeeeeeeeeeeeeeeeeeeeeeeeeeeeeeeeeeeeeeeeeeeeeeeeeeeeduuuhh,0,5,0,5
weeeeeeeeendy,0,4,0,4
weeeeeeeuuuuuuuuu,0,0,1,1
weeeeeek,0,3,0,3
weeeeellllll,1,0,0,1
weeeeird,1,0,0,1
weeeji,0,1,0,1
weeek,0,1,0,1
weees,0,0,1,1
weegee,0,0,1,1
weeja,0,1,0,1
week,793,624,2303,3720
weekapaug,0,0,1,1
weekday,1,1,3,5
weekdays,7,0,0,7
weekend,103,76,347,526
weekends,6,2,53,61
weekkk,0,1,0,1
weeklings,0,0,4,4
weekly,19,45,166,230
weekminded,1,0,0,1
weeknd,26,97,54,177
weeknds,1,1,1,3
weeknight,1,0,3,4
weekout,0,0,3,3
weeks,332,187,1020,1539
weeksssssss,0,0,5,5
weel,0,0,1,1
weels,0,0,1,1
ween,1,1,17,19
weened,4,0,14,18
weener,0,7,0,7
weenie,10,0,0,10
weening,0,0,2,2
weensy,0,0,5,5
weep,2,7,2,11
weeping,13,16,3,32
weepy,0,0,1,1
weer,0,5,2,7
weerkkkkkk,0,1,0,1
wees,0,1,1,2
weet,0,10,4,14
weeve,0,0,1,1
weewee,0,2,0,2
weewooweeyweeoweeowowo,0,0,1,1
weex,0,0,1,1
weey,0,1,0,1
weez,0,0,5,5
weezer,32,62,166,260
weezing,1,0,0,1
weezy,4,7,6,17
weezynation,0,0,5,5
weflight,0,0,5,5
wefly,2,3,39,44
weflyrecoverymission,5,0,0,5
weg,0,7,2,9
wegen,0,13,0,13
weggaan,0,1,0,1
wegner,0,5,0,5
weh,0,2,1,3
wehereearly,0,0,2,2
wehn,3,0,0,3
wehrmacht,0,1,0,1
wei,0,2,7,9
weibo,0,0,7,7
weidman,4,4,8,16
weidr,0,0,1,1
weigh,18,15,61,94
weighed,9,1,11,21
weighing,5,2,10,17
weighs,10,6,24,40
weight,319,224,998,1541
weighted,3,1,13,17
weightiness,1,0,0,1
weighting,1,3,7,11
weightless,1,0,9,10
weightlifting,0,2,2,4
weightloss,0,0,7,7
weights,6,8,21,35
weightt,0,0,1,1
weighty,1,0,0,1
weigth,0,0,1,1
weigthless,0,0,1,1
weil,0,3,1,4
weiland,0,1,6,7
weilong,0,0,1,1
weilrd,0,0,2,2
wein,0,0,1,1
weiner,11,47,41,99
weinergate,2,0,0,2
weiners,0,4,0,4
weinestein,0,1,0,1
weins,0,0,7,7
weinsien,0,2,0,2
weinstain,1,4,0,5
weinstein,229,148,403,780
weinsteincase,1,0,0,1
weinsteined,1,1,0,2
weinsteins,0,7,7,14
weinstien,2,3,4,9
weinstine,0,1,0,1
weintstein,0,1,0,1
weir,3,0,4,7
weird,1829,109,964,2902
weirdass,0,1,1,2
weirdbye,0,0,1,1
weirdddd,1,0,0,1
weirddddd,7,0,0,7
weirded,0,2,9,11
weirder,0,17,12,29
weirdest,32,31,36,99
weirding,2,1,0,3
weirdly,36,2,36,74
weirdmageddon,1,0,6,7
weirdness,1,0,29,30
weirdo,36,14,43,93
weirdoes,0,3,0,3
weirdos,21,11,34,66
weirdossssss,1,0,0,1
weirds,1,0,0,1
weirdy,0,0,2,2
weired,0,0,4,4
weis,0,0,11,11
weisman,0,0,1,1
weiss,9,0,9,18
weissman,0,2,0,2
weistein,0,1,5,6
weisz,0,5,1,6
weiter,0,8,0,8
weitzman,1,0,3,4
wejoow,0,1,0,1
weknowwhatyouwatch,0,0,1,1
wel,2,32,14,48
welbeck,2,22,4,28
welbz,0,4,0,4
welch,0,3,9,12
welcom,0,6,0,6
welcome,18,3,1031,1052
welcomed,2,4,20,26
welcomes,0,1,1,2
welcoming,2,5,11,18
welcoome,0,0,1,1
weld,2,0,0,2
welder,2,2,1,5
welders,0,1,0,1
welding,2,1,2,5
weldone,0,2,0,2
welfare,29,6,23,58
welker,0,2,3,5
well,2122,2095,8644,12861
wella,0,0,3,3
wellard,1,0,1,2
wellbeing,1,0,6,7
wellbutrin,0,0,1,1
wellcome,0,4,2,6
wellcupheadandhispalmugman,0,1,0,1
welldone,0,1,5,6
welled,1,1,6,8
wellens,0,2,0,2
wellensittich,0,0,1,1
weller,33,61,24,118
wellers,3,3,0,6
wellick,0,0,1,1
wellies,0,0,2,2
welling,2,0,2,4
wellingborough,0,0,1,1
wellington,1,8,5,14
wellkyum,0,1,0,1
welll,0,2,3,5
welller,0,1,0,1
welllll,5,0,1,6
wellllll,0,1,0,1
welllllll,0,0,6,6
wellness,7,7,7,21
wellp,0,0,1,1
wells,7,5,8,20
welove,5,0,0,5
welovebenjamin,0,2,0,2
welovejanet,0,1,0,1
weloveyou,0,0,1,1
weloveyoucamila,0,5,0,5
welp,28,62,47,137
welsh,4,9,12,25
welshman,0,0,3,3
weltanschauungskrieg,2,0,0,2
welterweights,5,0,0,5
welvendagreat,0,1,0,1
welwyn,0,0,3,3
wemadeit,0,0,1,1
wembely,1,0,0,1
wembley,8,33,36,77
wembly,0,1,1,2
wemen,0,2,0,2
wemisschester,0,0,1,1
wemustloveall,3,0,0,3
wen,11,15,39,65
wenatchee,0,0,6,6
wench,4,4,4,12
wenda,0,0,2,2
wendell,0,4,5,9
wenderfull,0,0,1,1
wendigo,0,0,3,3
wendover,4,29,26,59
wendower,0,3,0,3
wendy,85,130,272,487
wendys,0,3,5,8
wendywilliamsshow,0,0,4,4
wenever,0,1,2,3
wenger,71,149,169,389
wengerinforever,0,1,0,1
wengerout,0,6,2,8
wengers,1,5,3,9
wengie,0,16,5,21
wengies,0,2,0,2
wengiiiieeee,0,2,0,2
wenig,0,5,0,5
wenige,0,1,0,1
wenji,0,1,0,1
wenkar,0,6,0,6
wenn,6,3,15,24
wenny,0,1,0,1
weno,0,6,0,6
went,1049,656,2565,4270
wented,0,2,0,2
wentte,1,0,0,1
wentworth,1,0,8,9
wentz,7,6,11,24
wenuses,0,0,1,1
weny,0,1,0,1
weon,0,8,0,8
weonnn,0,5,0,5
weopons,1,1,0,2
wep,0,0,2,2
wepaaa,1,0,1,2
wepon,1,0,0,1
wept,3,6,0,9
wer,2,24,10,36
werbung,0,0,6,6
werchter,0,0,6,6
werd,0,2,3,5
werde,0,13,0,13
werden,0,7,0,7
werdum,51,76,69,196
werdums,8,5,5,18
were,3075,1724,8248,13047
werebear,0,1,0,1
wered,0,3,0,3
wereden,0,0,5,5
wereing,2,0,0,2
wereld,0,6,6,12
wereldklasse,0,1,0,1
weren,13,8,41,62
werent,11,10,30,51
wereren,2,0,0,2
weres,1,4,4,9
werever,0,0,1,1
werewolf,3,8,14,25
werfen,0,2,0,2
werfum,0,0,1,1
werid,0,3,0,3
weridos,1,0,0,1
wering,0,1,0,1
werk,1,7,4,12
werkd,1,0,0,1
werke,4,0,2,6
werken,1,0,1,2
werkin,0,0,1,1
werkkkkk,0,1,0,1
werm,0,1,0,1
wern,0,2,0,2
werner,0,0,1,1
wernt,0,2,3,5
werrkkkk,0,0,1,1
werry,6,0,0,6
wers,0,6,0,6
wersja,0,3,0,3
wertyuiopasdfghjklzxcvbnm,0,1,0,1
wery,0,0,3,3
wes,8,44,60,112
weshalb,0,0,3,3
wesker,2,0,0,2
wesleeeyyyyy,0,1,0,1
wesley,6,10,4,20
wesome,0,1,0,1
wesson,0,1,0,1
wesssssssstside,0,4,0,4
west,114,88,299,501
westandwithlasvegas,0,4,0,4
westboro,5,0,0,5
westbro,0,0,2,2
westbrom,3,0,0,3
westbrook,6,15,7,28
westdoor,9,0,0,9
wester,0,0,1,1
westerlands,0,4,0,4
westerly,0,3,0,3
western,66,28,144,238
westerner,6,0,0,6
westerners,4,0,6,10
westernmost,0,0,5,5
westerns,0,1,0,1
westeros,11,8,12,31
westerosi,0,0,1,1
westfield,5,7,2,14
westie,0,0,1,1
westinghouse,4,8,0,12
westley,0,1,0,1
westminster,0,3,2,5
westolle,1,0,0,1
weston,1,1,2,4
westphal,0,0,1,1
westport,0,0,2,2
westray,0,2,6,8
westrijd,0,1,0,1
westros,0,2,0,2
wests,0,0,3,3
westward,0,0,3,3
westwick,0,1,0,1
westwood,6,0,0,6
westworld,0,3,20,23
westy,0,1,0,1
wet,198,12,214,424
weta,0,3,3,6
wetbacks,0,5,0,5
weten,1,2,0,3
wetende,0,0,1,1
wethear,0,1,0,1
wether,7,4,51,62
wetheredsville,0,0,2,2
wetherspoons,0,0,1,1
wetlands,0,1,0,1
wetsuit,0,0,1,1
wetter,1,8,1,10
wetting,0,0,4,4
wettle,0,0,1,1
wetttt,0,2,0,2
wettttttttttttt,0,1,0,1
wetware,0,0,5,5
wetzel,0,0,2,2
weve,1,5,10,16
wew,3,11,4,18
wewannaknow,0,2,0,2
wewantjenback,0,1,0,1
wewe,0,2,0,2
weweweeewew,0,4,0,4
wewillflyagain,0,1,0,1
wewillstandtall,0,0,4,4
wework,0,0,1,1
wewtal,0,1,0,1
wexex,0,0,2,2
wexford,2,0,0,2
wexler,1,0,0,1
wey,0,25,0,25
weyland,0,5,0,5
wf,1,1,0,2
wfhhhhh,0,1,0,1
wfnkfnsdknfkjsfn,0,0,1,1
wfp,0,1,0,1
wfpb,0,0,3,3
wft,0,0,2,2
wgen,0,0,1,1
wgere,0,1,0,1
wgho,0,1,0,1
wgm,0,0,1,1
wgu,0,0,3,3
wh,8,16,12,36
wha,3,124,9,136
whaa,0,0,6,6
whaaaa,0,2,0,2
whaaaaa,0,1,0,1
whaaaaaaa,1,0,0,1
whaaaaaaaaaaaaaaaaaaaaaaa,0,1,0,1
whaaaaaaaaaaaaaaaaaaaaaat,0,1,0,1
whaaaaaaaaaaaaaaaaat,0,0,2,2
whaaaaaaaaaaaaaat,2,1,0,3
whaaaaaaaaaaaaadafuq,0,1,0,1
whaaaaaaaaaaaaahhhh,2,0,0,2
whaaaaaaaaat,0,1,0,1
whaaaaaaaaattttttttttt,0,1,0,1
whaaaaaaaat,2,0,0,2
whaaaaaaahaaaaaat,0,2,0,2
whaaaaaaat,2,2,0,4
whaaaaaat,1,1,3,5
whaaaaaatttt,0,1,0,1
whaaaaahhh,2,0,0,2
whaaaaat,0,4,2,6
whaaaaats,0,0,1,1
whaaaaattt,0,3,0,3
whaaaaattttt,1,0,0,1
whaaaamen,0,0,2,2
whaaaat,0,15,5,20
whaaaatt,0,0,1,1
whaaaattt,0,1,0,1
whaaaatttt,0,0,1,1
whaaah,0,1,0,1
whaaat,2,7,12,21
whaaats,0,0,1,1
whaat,3,0,0,3
whaatt,0,1,0,1
whach,1,0,2,3
whaching,0,0,1,1
whachu,0,4,1,5
whack,13,16,48,77
whacked,3,1,5,9
whacker,0,1,0,1
whacking,0,0,6,6
whackness,0,1,0,1
whacko,2,0,1,3
whacks,0,0,5,5
whacky,4,1,1,6
whadda,0,2,1,3
whaddaya,0,1,0,1
whaddisay,0,0,2,2
whaddup,0,6,0,6
whaddya,0,0,1,1
whadya,0,1,0,1
whafrcan,0,0,2,2
whaha,1,0,0,1
whahaha,3,0,1,4
whahahah,0,1,0,1
whahahahha,0,1,0,1
whahahahhaahhahahahahahahahahaha,0,0,1,1
whahahhaha,0,0,1,1
whahais,0,1,0,1
whahh,0,1,0,1
whai,0,0,1,1
whait,0,1,0,1
whaittt,0,4,0,4
whalberg,0,0,2,2
whalburg,0,4,5,9
whale,23,83,41,147
whalemart,0,2,0,2
whales,18,37,23,78
whaling,1,2,0,3
wham,0,0,5,5
whamen,0,2,0,2
whamisa,1,0,4,5
whammy,0,1,1,2
whan,0,4,0,4
whang,0,1,0,1
whannt,0,1,0,1
whant,0,3,1,4
whanted,0,0,1,1
whao,0,6,0,6
whares,0,0,2,2
wharf,0,0,8,8
whas,1,5,1,7
whassup,0,0,1,1
whast,0,1,0,1
what,9764,12559,24028,46351
whata,1,2,1,4
whataboutism,0,0,1,1
whataburger,0,5,2,7
whataguy,5,0,0,5
whataoever,0,0,5,5
whatat,0,1,0,1
whataya,0,0,2,2
whatch,1,8,5,14
whatcha,8,4,1,13
whatchall,0,4,0,4
whatched,0,0,1,1
whatches,0,1,0,1
whatchin,2,0,0,2
whatching,0,5,6,11
whatchu,1,6,6,13
whatd,1,0,0,1
whatdad,1,0,0,1
whatdya,0,0,2,2
whatelse,0,0,1,1
whateva,1,0,0,1
whatevaaaaa,0,0,1,1
whateveeeeer,0,0,4,4
whatever,393,219,1143,1755
whateverittakes,0,1,0,1
whatevers,0,0,5,5
whateverz,1,0,0,1
whateves,0,0,1,1
whatevez,0,0,1,1
whatevr,2,0,0,2
whatevs,0,0,2,2
whathever,0,0,1,1
whathg,0,0,4,4
whatis,0,0,1,1
whatishappeningtome,0,0,4,4
whatismyipadress,0,0,1,1
whatley,1,0,0,1
whatnot,13,0,19,32
whats,196,444,379,1019
whatsapp,1,17,20,38
whatsay,0,0,1,1
whatsoever,28,22,104,154
whatstevewouldhavewanted,0,1,0,1
whatstevewouldwant,0,1,0,1
whatsup,0,1,0,1
whatsupdad,0,1,0,1
whatsupmom,0,1,0,1
whatsver,0,0,1,1
whatt,0,6,2,8
whatta,1,3,5,9
whattamean,0,0,6,6
whatthefreak,0,1,0,1
whatthefuck,0,3,0,3
whatthefuckisthatlastname,0,1,0,1
whattt,0,2,7,9
whatttt,0,5,2,7
whattttt,0,7,1,8
whatttttt,0,0,1,1
whattttttt,1,1,1,3
whatwires,0,0,1,1
whavy,0,1,0,1
whaw,0,0,1,1
whay,2,3,1,6
whayhay,3,0,0,3
whcih,1,0,0,1
whe,1,4,2,7
wheat,11,7,29,47
wheater,1,0,0,1
wheather,0,0,1,1
wheaties,0,0,2,2
wheaton,0,1,0,1
wheb,0,0,1,1
whedon,3,3,4,10
whedonmyman,0,1,0,1
whee,0,1,0,1
wheee,0,0,3,3
wheeeeee,0,0,1,1
wheeeeeeee,0,2,0,2
wheeeeeeeen,1,0,0,1
wheeeeeeelllll,1,0,0,1
wheeeennnn,0,1,0,1
wheeeet,0,0,2,2
wheeeey,0,7,0,7
wheel,73,90,162,325
wheelchair,4,7,31,42
wheelchairs,1,0,1,2
wheelchare,0,0,1,1
wheeled,0,0,2,2
wheeler,1,1,0,2
wheelers,0,1,0,1
wheelhouse,0,0,6,6
wheelie,3,16,4,23
wheeling,0,6,2,8
wheellllllll,0,1,0,1
wheelrims,0,1,0,1
wheels,41,25,80,146
wheelset,0,3,2,5
wheelwatch,0,0,1,1
wheeuw,0,1,0,1
wheew,0,1,2,3
wheeze,7,29,5,41
wheezed,0,0,2,2
wheezes,6,0,2,8
wheezing,0,7,2,9
wheezy,0,5,0,5
wheezywaiters,0,1,0,1
whell,0,1,0,1
whelming,1,0,1,2
whelp,1,1,4,6
whem,0,2,15,17
when,7700,6701,20093,34494
whence,1,0,0,1
whend,0,5,0,5
whene,0,0,1,1
whenever,160,140,409,709
wheneveryou,0,0,1,1
whennnnnn,0,0,2,2
whens,5,7,15,27
whensam,0,1,0,1
whent,2,0,1,3
whenver,0,3,0,3
whenyoudatesherlockholmes,0,2,0,2
wher,4,10,1,15
where,2590,5050,6833,14473
whereas,18,3,84,105
whereby,0,0,3,3
whered,2,1,3,6
whereeee,0,0,2,2
whereeeee,0,0,1,1
whereever,0,2,0,2
wherehaveibeen,0,0,2,2
wherein,1,3,5,9
whereisthehairline,0,1,0,1
whereisthetyrencollab,0,2,0,2
whereistracy,0,2,0,2
whereistroye,0,2,0,2
whereof,0,0,3,3
wheres,43,189,35,267
wheresbadnewsbarett,0,2,0,2
wherestheritalin,0,0,1,1
wherever,7,19,64,90
wherew,0,0,2,2
whereyouat,1,0,0,1
wherfs,0,1,0,1
wherr,0,0,2,2
wherrrres,0,1,0,1
whers,0,3,2,5
whet,0,1,0,1
wheter,0,0,3,3
whetever,0,0,1,1
whether,188,73,545,806
whevever,0,2,0,2
whew,2,2,10,14
whey,0,4,3,7
whhaaa,0,1,0,1
whhaaaa,0,1,0,1
whhaaatttttttttttttt,0,0,1,1
whhhhaaaattttt,0,0,1,1
whhhhhhhhhhhy,0,3,0,3
whhhhhhhhhyyyyyy,0,0,1,1
whhhhhhitch,0,0,2,2
whhhhyyyyy,0,0,3,3
whhy,1,0,0,1
whhyyyy,0,0,1,1
whhyyyyy,0,0,2,2
whi,0,1,1,2
which,1614,664,5029,7307
whichever,3,0,9,12
whidbey,0,1,0,1
whie,0,0,1,1
whiff,3,1,4,8
whigger,0,1,0,1
whighamtwinz,0,0,1,1
whights,0,3,0,3
whih,0,0,1,1
whiite,0,1,0,1
while,1199,886,3474,5559
whiles,1,0,0,1
whilest,0,0,4,4
whilling,3,0,0,3
whilst,60,52,210,322
whim,2,0,7,9
whimper,0,0,1,1
whimpered,0,0,1,1
whimpering,0,0,4,4
whimpy,0,0,1,1
whims,2,0,3,5
whimsical,1,0,6,7
whimsy,0,0,6,6
whine,11,13,52,76
whinebags,0,0,5,5
whinehouse,0,5,2,7
whiner,1,4,1,6
whiners,2,1,2,5
whines,2,0,0,2
whiney,13,8,4,25
whinge,0,0,4,4
whinging,7,0,6,13
whingy,6,0,0,6
whining,32,5,40,77
whinnie,0,0,1,1
whinning,0,0,1,1
whinny,0,2,5,7
whintey,0,0,1,1
whiny,36,6,14,56
whiole,1,0,0,1
whip,25,40,58,123
whiplash,4,1,6,11
whipped,11,16,8,35
whippersnapper,0,0,1,1
whipping,10,6,0,16
whips,1,4,8,13
whipsaws,0,0,1,1
whipworms,0,0,1,1
whircliccers,0,0,1,1
whirl,0,4,0,4
whirlwind,2,0,1,3
whirly,0,0,12,12
whis,0,0,4,4
whish,2,1,0,3
whishes,0,0,3,3
whisk,6,2,7,15
whiskception,0,8,0,8
whisker,0,2,0,2
whiskers,6,1,2,9
whiskey,16,8,30,54
whisking,0,1,0,1
whisks,2,0,0,2
whisky,6,4,4,14
whisle,0,1,1,2
whispeerrrrrrrrrr,0,0,1,1
whisper,15,27,58,100
whispered,4,0,22,26
whisperer,2,2,4,8
whisperin,1,0,0,1
whispering,22,19,69,110
whispers,13,21,32,66
whispery,0,1,1,2
whispy,0,6,5,11
whist,0,0,1,1
whisting,0,0,1,1
whistle,10,37,50,97
whistleblow,0,7,0,7
whistled,0,0,3,3
whistler,1,2,7,10
whistlers,0,0,1,1
whistles,1,2,15,18
whistling,10,10,7,27
whit,16,22,15,53
whitacre,1,2,3,6
whitaker,1,0,0,1
whitch,0,1,2,3
white,2033,1198,2638,5869
whitearmor,0,1,0,1
whiteboy,0,3,0,3
whiteboys,0,0,1,1
whitechapel,0,0,2,2
whitecre,0,0,1,1
whited,0,0,6,6
whiteeeeee,0,0,1,1
whitefolks,1,0,0,1
whitehall,0,0,6,6
whitehead,0,4,4,8
whitehouse,1,0,0,1
whiteish,0,1,0,1
whiteley,1,0,0,1
whiteman,1,0,0,1
whiten,0,4,1,5
whitened,3,0,2,5
whitener,0,0,1,1
whiteness,0,2,0,2
whitening,1,4,14,19
whitenoise,0,0,4,4
whiteofficer,0,0,1,1
whitepriviledge,0,1,0,1
whiteprivilege,0,1,0,1
whiter,14,6,5,25
whites,120,32,180,332
whiteshooterslivesmatter,0,1,0,1
whitesonly,5,0,0,5
whitest,5,8,8,21
whitesupremacist,0,0,1,1
whitesupremecist,0,1,0,1
whitetail,0,10,0,10
whitewalkers,2,1,0,3
whitewash,0,2,0,2
whitewashed,3,0,1,4
whitewashing,0,1,0,1
whitey,1,0,17,18
whiteys,0,1,4,5
whith,0,1,11,12
whithered,0,0,6,6
whithout,0,0,1,1
whiticker,1,0,0,1
whities,0,2,0,2
whitish,0,0,4,4
whitman,3,0,1,4
whitney,3,16,41,60
whitneys,4,0,0,4
whitout,0,1,0,1
whitpatches,0,6,0,6
whits,0,0,1,1
whittaker,0,1,5,6
whittier,0,0,2,2
whittle,0,0,6,6
whiz,0,3,5,8
whizzy,2,0,0,2
whlist,0,0,4,4
whn,0,0,1,1
whne,0,1,0,1
who,5592,5580,12163,23335
whoa,47,82,103,232
whoaa,0,1,2,3
whoaaa,0,0,10,10
whoaaaa,0,1,1,2
whoaaaaa,0,1,1,2
whoah,0,3,12,15
whoahh,0,1,0,1
whoas,0,0,3,3
whoawhoaw,1,0,0,1
whocares,0,1,0,1
whodunit,0,0,1,1
whodunnit,0,0,2,2
whoe,0,1,0,1
whoelse,0,1,1,2
whoes,0,1,0,1
whoever,108,69,204,381
whoevers,0,0,1,1
whoie,0,4,0,4
whol,0,1,0,1
whole,765,46,3801,4612
wholefood,0,0,1,1
wholefoods,0,1,1,2
wholeheartedly,6,1,8,15
wholeness,0,0,1,1
wholesale,0,3,3,6
wholesaler,0,0,1,1
wholesome,9,18,33,60
wholesomeness,0,0,4,4
wholly,0,4,14,18
wholock,0,7,0,7
whom,37,14,97,148
whomest,0,1,0,1
whomever,3,3,11,17
whomst,0,1,3,4
whon,0,1,0,1
whoo,0,18,9,27
whooa,0,1,0,1
whooaa,0,1,0,1
whooaaaa,0,2,0,2
whoohoo,0,0,7,7
whoohooo,0,0,1,1
whooo,0,20,7,27
whooohoooo,0,1,0,1
whoooo,3,8,2,13
whooooaaaawhooooaaaheyyyy,1,0,0,1
whoooole,0,0,1,1
whooooo,0,4,6,10
whooooollleeee,0,1,0,1
whooooooo,0,1,2,3
whoooooooo,0,4,3,7
whooooooooaaaaaaahhhhhh,0,1,0,1
whooooooooeee,0,1,0,1
whooooooooooo,0,1,0,1
whooooooooooooooa,0,0,1,1
whooooop,0,1,0,1
whoooop,0,1,1,2
whooop,0,6,0,6
whooosh,3,0,0,3
whooov,0,0,1,1
whoop,28,84,36,148
whooped,5,14,17,36
whoopee,3,0,0,3
whoopen,0,0,1,1
whoopi,6,13,14,33
whoopie,0,3,3,6
whoopin,0,0,4,4
whooping,0,5,12,17
whoops,12,17,29,58
whoopsie,0,2,0,2
whoopssss,0,0,1,1
whoopty,2,0,0,2
whoopy,0,0,4,4
whoos,0,6,0,6
whooty,0,1,0,1
whop,1,0,0,1
whopp,0,1,0,1
whopper,2,3,6,11
whoppers,0,0,6,6
whopping,0,0,3,3
whopps,0,1,0,1
whor,0,2,0,2
whore,93,47,34,174
whorebags,0,1,0,1
whored,7,0,0,7
whoremonger,0,3,0,3
whoremongers,0,3,0,3
whores,50,19,38,107
whoretuba,1,0,0,1
whoring,4,0,4,8
whos,16,119,85,220
whose,57,55,140,252
whosoever,2,6,3,11
whosyscardsysbettersothersgamesysboycoloradvanceds,0,5,0,5
whot,0,0,1,1
whote,1,1,0,2
whou,0,1,0,1
whouaaaaaa,0,0,1,1
whould,5,11,13,29
whovever,1,0,0,1
whovian,0,0,1,1
whovians,1,3,0,4
whoville,0,1,0,1
whowasitgreg,0,1,0,1
whowhich,0,0,2,2
whozzawhatsis,1,0,0,1
whr,0,1,0,1
whre,0,2,0,2
whrel,0,1,0,1
whright,0,1,0,1
whsmith,0,4,2,6
whssk,0,0,1,1
whst,3,1,0,4
wht,2,10,15,27
whta,0,0,1,1
whte,0,0,1,1
whtever,0,0,2,2
whtf,0,0,2,2
whtiacre,0,0,1,1
whtie,0,0,5,5
whu,1,3,0,4
whubba,0,2,0,2
whuduamunnn,2,0,0,2
whur,0,1,0,1
whussa,0,0,2,2
whut,5,4,1,10
whuuaat,0,0,1,1
whuxh,0,1,0,1
whwn,0,3,0,3
why,5835,7022,10283,23140
whyamilikethis,0,0,5,5
whyat,0,3,0,3
whybdoes,0,1,0,1
whybe,0,3,0,3
whybis,0,0,1,1
whyd,3,4,1,8
whydopeoplenotsupportasian,0,0,1,1
whyisthistrending,0,1,0,1
whys,23,21,7,51
whyte,0,3,3,6
whytes,0,8,0,8
whyy,0,3,4,7
whyyy,2,11,6,19
whyyyy,11,7,18,36
whyyyyh,0,1,0,1
whyyyyy,3,8,8,19
whyyyyyy,0,4,11,15
whyyyyyyy,1,2,3,6
whyyyyyyyy,0,3,2,5
whyyyyyyyyy,0,2,5,7
whyyyyyyyyyy,0,2,0,2
whyyyyyyyyyyy,0,5,0,5
whyyyyyyyyyyyyy,0,0,1,1
whyyyyyyyyyyyyyyyyyy,0,1,0,1
whyyyyyyyyyyyyyyyyyyyy,0,1,0,1
wi,5,40,10,55
wiadczenia,0,2,0,2
wiadoma,0,2,0,2
wiadomie,0,2,0,2
wiadomo,0,2,0,2
wiat,0,5,0,5
wiata,0,5,0,5
wiatching,1,0,0,1
wiatczy,0,3,0,3
wiatkiem,0,3,0,3
wiaw,0,0,2,2
wib,0,2,0,2
wibble,0,1,0,1
wibdurivsn,0,0,1,1
wibe,0,2,0,2
wibmer,0,2,0,2
wic,2,0,0,2
wiccan,2,0,0,2
wich,29,15,64,108
wichita,0,0,4,4
wichypepillo,0,0,1,1
wick,14,22,37,73
wicked,57,58,154,269
wickedest,0,0,1,1
wickedly,1,0,4,5
wickedness,6,0,7,13
wickenden,1,1,0,2
wicks,0,0,9,9
wicky,0,0,20,20
wickys,0,8,0,8
wid,1,2,3,6
wida,0,9,0,9
widac,0,2,0,2
widd,2,0,0,2
widdicombe,0,3,0,3
widdit,1,0,0,1
wide,165,0,262,427
wideeee,0,1,0,1
wideleg,0,0,2,2
widely,22,0,24,46
widen,3,1,2,6
widened,0,0,12,12
widening,0,0,1,1
widens,0,4,0,4
wider,14,12,58,84
widespread,6,0,15,21
widest,0,0,6,6
widey,0,0,1,1
widget,0,3,1,4
widgets,0,0,1,1
widh,0,1,1,2
widly,0,1,0,1
widoczne,0,2,0,2
widoq,0,0,1,1
widow,112,4,35,151
widowed,0,0,1,1
widowmaker,2,4,6,12
widows,3,2,9,14
width,1,1,14,16
widz,0,7,3,10
widzi,0,2,0,2
widziec,0,2,0,2
widzieli,0,7,0,7
wie,2,77,10,89
wied,6,29,0,35
wieder,0,6,2,8
wiedz,0,2,0,2
wiedzia,0,2,0,2
wiedzie,0,2,0,2
wiedzmina,0,6,0,6
wieiad,0,0,7,7
wieki,0,3,0,3
wiekszosc,0,2,0,2
wielder,4,0,1,5
wielding,7,0,8,15
wieldman,0,1,0,1
wiele,0,4,0,4
wielk,0,0,1,1
wielka,1,0,0,1
wieloma,0,2,0,2
wielsaog,0,0,1,1
wielu,0,4,0,4
wiem,0,9,0,9
wiemar,0,0,1,1
wiener,2,15,20,37
wienerboat,0,1,0,1
wiens,0,11,2,13
wienstien,3,0,10,13
wierd,15,41,40,96
wierdo,0,1,0,1
wierdos,0,1,0,1
wierzy,0,2,0,2
wiesau,1,0,0,1
wiesel,0,4,0,4
wiesiek,0,3,0,3
wietlenie,0,3,0,3
wietna,0,5,0,5
wietne,0,1,0,1
wietnie,0,3,0,3
wietny,0,9,0,9
wietnych,0,3,0,3
wiews,0,2,5,7
wif,1,2,1,4
wife,256,209,599,1064
wifedont,0,1,0,1
wifeee,0,1,0,1
wifes,4,7,4,15
wifey,2,6,17,25
wifi,45,52,82,179
wifing,1,0,3,4
wifiye,0,1,0,1
wig,112,184,294,590
wigan,4,1,0,5
wigg,3,1,1,5
wigga,0,2,1,3
wigger,7,12,5,24
wiggers,0,0,3,3
wiggggg,0,4,0,4
wigging,0,2,0,2
wiggins,0,0,12,12
wiggle,5,5820,13,5838
wiggled,1,0,0,1
wiggles,0,14,8,22
wigglewiggle,0,8,0,8
wiggling,0,3,8,11
wigglw,0,1,0,1
wiggly,1,3,6,10
wigglytuff,0,0,2,2
wiggs,2,0,0,2
wiggy,0,0,7,7
wighle,0,2,0,2
wight,9,15,11,35
wights,22,5,21,48
wigilijnym,0,2,0,2
wigless,0,0,2,2
wigs,35,44,127,206
wih,0,1,0,1
wihae,0,1,1,2
wihin,1,0,0,1
wihinalways,0,0,1,1
wiht,2,1,2,5
wii,41,29,57,127
wiifly,0,0,5,5
wiig,2,13,16,31
wiiie,0,0,1,1
wiiiiiiii,0,1,0,1
wiiiild,0,0,1,1
wiiilll,0,0,1,1
wiil,4,0,0,4
wiilian,0,0,1,1
wiimote,0,0,5,5
wiith,0,0,6,6
wiithout,0,0,5,5
wiitisjsoe,0,1,0,1
wiiu,0,4,3,7
wij,0,3,0,3
wijnaldum,6,2,4,12
wikander,1,0,0,1
wiki,6,4,18,28
wikileaks,6,4,8,18
wiking,0,0,3,3
wikipedia,13,1,14,28
wiko,2,0,0,2
wikus,0,1,0,1
wil,24,292,228,544
wilborg,0,0,1,1
wilburt,0,0,1,1
wilbury,0,0,5,5
wilburys,0,8,9,17
wild,125,6,504,635
wildasovich,0,0,3,3
wildbeasts,0,0,3,3
wildcard,3,0,4,7
wildcards,0,0,3,3
wildcat,0,5,5,10
wildcats,0,2,1,3
wildderness,0,0,1,1
wilde,0,3,7,10
wilder,6,2,13,21
wilderness,34,6,40,80
wildest,0,2,10,12
wildfire,5,2,3,10
wildfires,1,0,7,8
wildflowers,3,0,18,21
wildiiiin,0,1,0,1
wildin,5,4,0,9
wilding,0,0,5,5
wildlands,6,2,27,35
wildler,0,2,0,2
wildlife,5,13,12,30
wildlings,1,0,1,2
wildly,5,3,16,24
wildness,1,0,0,1
wildnout,0,1,0,1
wilds,1,0,4,5
wildsmiled,0,0,1,1
wildstar,0,1,0,1
wildstarforgovernor,0,1,0,1
wile,0,3,3,6
wilford,0,5,0,5
wilfred,0,0,4,4
wilfully,1,0,0,1
wilh,0,1,0,1
wilhelm,6,9,0,15
wili,0,6,0,6
wilian,0,7,0,7
wilkes,1,0,0,1
wilkinson,0,0,12,12
wilkinsons,0,4,0,4
will,5547,4506,16969,27022
willa,2,0,0,2
willace,1,0,0,1
willam,0,1,3,4
willams,2,0,0,2
willan,0,0,14,14
willburys,0,0,1,1
wille,1,0,0,1
willed,1,0,4,5
willem,0,5,4,9
willemijn,0,0,1,1
willen,1,63,26,90
willful,0,0,5,5
willfully,0,0,19,19
willhelm,1,0,0,1
willi,0,0,1,1
william,20,54,45,119
williams,32,101,139,272
williamson,0,1,0,1
willian,71,33,104,208
williann,0,4,0,4
willie,12,8,16,36
willies,0,0,1,1
willing,56,0,281,337
willingly,12,0,43,55
willingness,0,0,17,17
willis,3,8,11,22
willl,0,1,0,1
willliness,0,0,1,1
willne,0,19,8,27
willodia,0,1,1,2
willow,8,2,10,20
willowwhispers,0,2,0,2
willpower,3,3,3,9
wills,2,1,1,4
willser,0,0,3,3
willy,3,29,15,47
willya,0,1,0,1
willyan,0,0,2,2
wilma,6,0,0,6
wilmer,2,2,4,8
wilming,1,0,0,1
wilmore,1,0,1,2
wilmot,1,0,0,1
wilodia,3,38,42,83
wilodiaaaa,0,1,0,1
wilodiaaaaa,0,0,1,1
wilodiaaaaaaaaaa,0,1,0,1
wilodiashipper,0,1,0,1
wilsh,0,0,4,4
wilshare,1,0,0,1
wilshere,23,22,34,79
wilshire,0,4,6,10
wilshite,4,0,0,4
wilsmslow,0,6,0,6
wilson,10,46,81,137
wilsonfamily,0,0,8,8
wilsonite,0,0,2,2
wilsonnnnn,0,1,0,1
wilsons,0,2,1,3
wilsurvive,0,0,1,1
wilt,0,5,1,6
wilted,0,0,5,5
wiltern,0,0,1,1
wiltshire,3,4,0,7
wily,0,0,1,1
wim,0,1,0,1
wimb,5,0,0,5
wimbledon,0,6,0,6
wimmin,0,1,0,1
wimp,1,0,0,1
wimps,1,4,0,5
wimpy,10,3,3,16
win,253,10,2446,2709
winaar,0,1,0,1
winamp,0,0,1,1
winc,2,0,0,2
wince,1,0,0,1
wincest,0,1,0,1
winchester,0,2,1,3
winchesters,0,1,0,1
wind,64,65,157,286
windbreaker,0,0,2,2
windcomponent,1,0,0,1
winded,0,5,4,9
winders,0,0,5,5
windex,0,1,1,2
windfall,3,0,0,3
windham,1,0,0,1
windhill,0,8,3,11
windhorst,0,5,0,5
windigo,0,0,2,2
winding,0,0,18,18
windkomponente,1,0,0,1
windmill,2,4,3,9
windmills,0,0,6,6
windo,0,1,0,1
windom,1,0,0,1
windooooooow,1,0,0,1
window,97,92,257,446
windowcase,0,0,1,1
windows,89,111,194,394
windowsphone,0,2,0,2
windoze,0,4,0,4
windrammer,1,0,0,1
winds,12,17,26,55
windscreen,0,0,3,3
windshield,5,5,5,15
windsor,1,14,16,31
windsorstore,0,1,0,1
windstar,0,2,0,2
windsurf,0,4,0,4
windu,4,1,4,9
windward,0,0,4,4
windy,1,7,19,27
wine,70,58,297,425
wineeeeee,0,1,0,1
winehouse,8,24,18,50
winemakers,0,0,2,2
wines,0,0,12,12
winesteine,2,0,0,2
winestone,6,0,0,6
winfrey,1,13,6,20
wing,109,73,239,421
wingardium,0,1,0,1
wingate,1,0,0,1
winge,0,1,0,1
winged,12,0,35,47
winger,11,0,15,26
wingers,13,1,20,34
wingggggg,2,0,0,2
winging,3,0,2,5
wingit,2,51,4,57
wingman,0,0,1,1
wingmen,0,0,7,7
wingrove,5,23,1,29
wings,93,66,198,357
wingslmfao,0,1,0,1
wingspan,0,1,0,1
wingy,0,9,0,9
winifred,1,0,0,1
winiing,0,0,1,1
wining,4,1,10,15
wink,9,24,59,92
winked,1,7,9,17
winkes,0,0,3,3
winkie,0,0,2,2
winking,3,3,4,10
winkleman,1,0,7,8
winks,9,0,6,15
winky,0,2,1,3
winless,5,1,0,6
winn,1,4,0,5
winnaar,0,3,0,3
winnable,0,0,4,4
winne,0,1,0,1
winnen,3,153,53,209
winner,48,92,201,341
winners,34,33,33,100
winnie,2,10,13,25
winnin,0,10,0,10
winning,67,2,389,458
winningoverwhining,0,3,0,3
winnings,0,0,6,6
winnipeg,0,1,8,9
winnnen,0,1,0,1
winnner,0,0,2,2
winnnnn,1,0,0,1
winnnnnnn,0,4,0,4
winny,0,1,0,1
wino,1,0,0,1
winona,1,7,4,12
winonaforever,0,1,0,1
winos,0,3,0,3
wins,36,0,356,392
winsford,0,1,0,1
winslate,0,2,0,2
winslet,0,52,17,69
winsssss,0,0,1,1
winstead,1,0,0,1
winstein,0,0,4,4
winston,5,14,10,29
wint,0,0,2,2
wintel,0,0,3,3
winter,73,100,359,532
winterfell,0,1,4,5
winteriscoming,0,14,0,14
winters,8,0,10,18
winterson,0,1,6,7
wintertime,0,2,0,2
wintery,0,0,5,5
wintour,3,2,2,7
winwin,0,1,1,2
winwood,0,1,4,5
winx,1,2,0,3
winy,0,0,3,3
winz,0,0,5,5
wio,0,1,0,1
wip,1,9,0,10
wipe,43,34,90,167
wiped,16,9,18,43
wipeout,0,0,3,3
wiper,0,0,2,2
wipes,28,644,78,750
wiping,11,2,22,35
wipping,0,0,1,1
wippys,0,1,0,1
wir,0,2,11,13
wirbelst,0,1,0,1
wird,0,14,0,14
wire,28,49,58,135
wired,29,24,25,78
wireframe,5,0,0,5
wireless,33,87,130,250
wirelessly,0,0,1,1
wireline,0,0,2,2
wires,14,5,21,40
wirh,0,1,8,9
wirhout,0,0,3,3
wiring,9,0,8,17
wirk,2,0,0,2
wirklich,1,3,0,4
wirks,2,0,0,2
wirkt,0,1,0,1
wirles,0,1,1,2
wirly,1,0,0,1
wirrow,0,3,0,3
wirth,0,0,1,1
wisau,0,0,1,1
wisb,1,0,0,1
wisconsin,1,6,13,20
wisdom,63,46,82,191
wise,14,3,329,346
wiseacre,1,0,0,1
wiseau,8,19,43,70
wiseauish,0,0,1,1
wisecrack,1,0,0,1
wisecracks,0,0,1,1
wiseguy,0,3,0,3
wiseless,0,0,1,1
wisely,3,0,27,30
wiseman,0,0,9,9
wiser,3,2,6,11
wisest,0,0,4,4
wiseu,0,0,1,1
wish,700,1262,3495,5457
wished,13,35,127,175
wishes,15,30,216,261
wishful,6,0,6,12
wishgood,0,0,1,1
wishhhh,0,0,2,2
wishin,0,1,22,23
wishing,26,18,161,205
wishitwasme,0,0,1,1
wishlist,1,2,24,27
wishper,0,0,1,1
wishtrend,0,0,1,1
wishy,2,4,2,8
wisin,1,15,1,17
wisk,0,6,0,6
wiskey,0,5,0,5
wiskseption,0,2,0,2
wislet,0,3,0,3
wisly,0,0,1,1
wisp,0,0,2,2
wisper,3,0,0,3
wispering,0,2,0,2
wispers,0,0,1,1
wisps,0,0,2,2
wispy,0,0,3,3
wissam,3,0,0,3
wisseau,0,0,1,1
wissel,1,0,0,1
wissen,0,2,10,12
wist,0,1,1,2
wistful,0,0,2,2
wit,71,62,111,244
witch,43,51,108,202
witchcraft,5,3,3,11
witched,0,2,0,2
witcher,17,5,27,49
witchers,0,2,0,2
witchery,0,0,2,2
witches,2,7,4,13
witching,0,3,0,3
witcho,1,0,0,1
witchu,0,0,1,1
witchy,0,1,2,3
witdis,1,0,0,1
witehared,0,0,1,1
witg,0,2,2,4
witgout,0,0,4,4
with,13981,10555,39508,64044
witha,0,0,4,4
witham,0,4,0,4
withaout,0,0,1,1
withdraw,0,0,12,12
withdrawal,3,4,29,36
withdrawals,0,9,3,12
withdrawing,0,0,1,1
withdrawl,2,0,0,2
withdrawn,3,2,3,8
withe,6,1,10,17
wither,2,0,1,3
withered,0,0,2,2
withering,0,1,0,1
witherspoon,2,19,23,44
withes,0,0,2,2
withhold,0,1,0,1
withholding,1,0,5,6
within,158,91,501,750
withing,0,5,0,5
withou,0,1,0,1
withour,0,4,0,4
without,1049,791,3045,4885
withouth,0,0,4,4
withoutmusic,0,2,0,2
withoutprejudice,0,0,2,2
withoutt,0,1,0,1
withq,0,1,0,1
withs,0,0,1,1
withstan,0,0,1,1
withstand,7,1,6,14
witht,1,1,1,3
withthis,0,0,1,1
witih,0,0,5,5
witj,0,0,3,3
witless,7,0,0,7
witnesed,0,0,1,1
witness,36,44,79,159
witnessed,12,1,58,71
witnesses,42,12,24,78
witnessing,8,7,24,39
witney,0,0,2,2
witold,1,0,0,1
witout,0,0,1,1
wits,7,0,1,8
witt,2,2,3,7
witted,4,0,7,11
witten,0,0,1,1
witter,1,0,0,1
wittering,0,0,1,1
witth,0,0,1,1
wittiest,0,0,1,1
wittiness,0,0,2,2
wittle,3,0,0,3
witton,0,0,8,8
witty,2,0,63,65
witzig,0,6,0,6
wiv,0,5,11,16
wive,0,1,0,1
wives,9,7,42,58
wiveslol,0,1,0,1
wiw,0,1,0,1
wiwi,0,1,0,1
wix,0,0,7,7
wiz,1,11,10,22
wizard,15,22,32,69
wizarding,1,0,4,5
wizardry,0,2,2,4
wizards,7,4,9,20
wizardtainer,0,1,1,2
wizen,0,0,2,2
wizerd,0,3,0,3
wizkid,0,1,0,1
wizop,0,1,1,2
wizualnym,0,2,0,2
wizyta,0,2,0,2
wizz,0,1,7,8
wizzing,0,3,0,3
wizzop,1,1,0,2
wizzy,0,7,1,8
wjat,0,1,0,1
wjffjdy,0,0,1,1
wjo,0,0,1,1
wjsn,0,0,1,1
wjsvwjwgs,1,0,0,1
wjy,0,1,0,1
wk,1,0,9,10
wkeorhndkspwikwmwlspdjfnfnelowwjn,0,1,0,1
wki,0,6,0,6
wkkwkw,0,1,0,1
wkl,2,0,0,2
wknd,0,1,0,1
wkoooph,0,1,0,1
wkr,0,3,0,3
wkrsq,0,0,1,1
wks,0,0,4,4
wkwk,0,6,0,6
wkwkkwkwwkkwkkwkwkwskwkwkkwkwkwkwkkw,0,1,0,1
wkwkw,2,0,1,3
wkwkwk,0,2,2,4
wkwkwkwk,0,2,0,2
wkwkwkwkw,0,2,0,2
wkwkwland,0,3,0,3
wl,0,6,0,6
wlan,0,2,0,2
wlang,0,1,1,2
wld,4,0,1,5
wlhi,0,1,0,1
wll,0,2,0,2
wllies,1,0,0,1
wlozylas,0,2,0,2
wltx,0,0,2,2
wlw,0,0,3,3
wm,1,3,3,7
wmaf,4,0,0,4
wmania,0,0,1,1
wmbf,0,2,0,2
wmbley,0,0,2,2
wmd,4,0,8,12
wmds,0,5,0,5
wmhd,6,0,0,6
wmn,1,0,0,1
wmu,0,1,0,1
wmyb,0,0,13,13
wn,0,1,0,1
wnat,0,9,1,10
wndr,0,3,0,3
wnes,0,2,0,2
wnie,0,6,1,7
wnjaygrbudl,0,2,0,2
wnn,0,1,0,1
wno,0,4,0,4
wnough,1,0,0,1
wnr,0,1,0,1
wnt,2,2,14,18
wntdau,0,0,2,2
wnyc,0,0,1,1
wnych,0,2,0,2
wo,32,71,67,170
woa,0,8,2,10
woaa,0,0,1,1
woaaaaa,0,0,1,1
woaaaaah,0,1,2,3
woaaahh,0,1,0,1
woaaahhh,0,0,1,1
woaahh,0,1,0,1
woaahhh,0,0,1,1
woah,90,182,271,543
woahahaha,0,1,0,1
woahgan,0,1,0,1
woahh,1,4,4,9
woahhh,0,2,14,16
woahhhh,0,9,3,12
woahhhhh,0,7,0,7
woahhhhhh,0,1,3,4
woahhhhhhhh,0,1,0,1
woahhhhhhhhhh,0,0,1,1
woahhvicky,0,2,0,2
woahvicky,1,2,1,4
woahvickyy,0,2,0,2
woao,0,1,0,1
woaooo,0,0,2,2
woater,0,0,3,3
woaw,0,0,1,1
wobalaba,0,0,3,3
wobble,0,3,11,14
wobbled,0,0,2,2
wobbles,1,0,3,4
wobbling,2,0,0,2
wobbly,0,0,13,13
wobster,0,1,1,2
woburn,0,6,0,6
woc,2,0,10,12
woche,0,2,0,2
wocka,0,2,0,2
woderful,0,0,1,1
woderland,0,0,1,1
wodka,0,0,1,1
wody,0,1,0,1
woe,37,4,6,47
woeful,0,6,1,7
woefully,1,0,2,3
woek,0,4,0,4
woelfel,0,1,0,1
woes,1,0,5,6
woeva,1,0,0,1
wofieraps,0,1,0,1
wogay,0,0,1,1
woggle,0,1,0,1
woh,0,1,2,3
woha,0,1,0,1
wohhh,0,0,1,1
wohhhhaaaaa,0,1,0,1
wohhohoh,0,1,0,1
wohl,0,5,0,5
wohlleben,0,0,2,2
woho,0,1,0,1
wohoo,0,2,11,13
wohooo,0,2,3,5
wohoooooo,0,1,0,1
wohoooooooo,0,1,0,1
woiii,0,2,0,2
woik,6,0,0,6
woild,0,0,1,1
wojcicki,0,1,0,1
wojtek,1,0,0,1
wok,0,1,0,1
woke,96,94,181,371
wokeaf,0,1,0,1
woken,4,6,4,14
wokeness,0,1,0,1
wokes,0,1,0,1
woking,15,0,14,29
wokol,0,3,0,3
wokringscv,0,1,0,1
wold,12,4,3,19
wole,0,2,0,2
woled,0,1,0,1
wolf,142,150,150,442
wolfbane,1,0,0,1
wolfcake,0,5,0,5
wolfdog,4,0,1,5
wolfe,5,4,3,12
wolfen,0,2,0,2
wolfenstein,7,13,12,32
wolfenstien,0,2,0,2
wolferhampton,0,0,1,1
wolfgang,0,3,7,10
wolfhard,2,7,4,13
wolfhound,0,0,1,1
wolfhybrids,0,1,0,1
wolfie,4,15,10,29
wolfieraps,0,1,0,1
wolfietitan,0,1,0,1
wolfman,0,0,1,1
wolfpac,0,0,3,3
wolfs,0,6,0,6
wolfsbane,0,1,4,5
wolfy,2,5,0,7
wolla,0,1,0,1
wollo,0,1,0,1
wolly,4,0,0,4
wolrd,0,1,0,1
wolseley,0,0,2,2
wolud,1,0,0,1
wolverhampton,7,16,30,53
wolverine,15,12,9,36
wolverineeeee,0,3,0,3
wolves,34,94,172,300
wolvesforever,0,7,0,7
wom,0,1,0,1
woma,0,1,0,1
womaaaaaan,0,1,0,1
womah,2,0,0,2
womam,0,5,0,5
womams,0,0,1,1
woman,729,479,1957,3165
womanhood,7,0,1,8
womanizer,0,5,5,10
womanizing,1,0,0,1
womanly,0,0,6,6
womans,9,7,4,20
womanspread,1,0,0,1
womas,1,0,0,1
womb,6,12,24,42
wombat,0,0,1,1
wombats,0,1,0,1
wombs,5,1,0,6
womder,0,1,0,1
women,923,399,1977,3299
womens,12,2,16,30
womenzes,3,0,0,3
womp,0,0,4,4
womwick,0,5,0,5
womyn,1,1,8,10
won,275,317,689,1281
wona,0,0,1,1
wond,0,0,2,2
wonda,0,4,1,5
wondah,2,0,0,2
wondeful,0,0,1,1
wonder,537,776,1358,2671
wonderbolts,0,0,3,3
wonderbooty,0,1,0,1
wonderboy,0,0,8,8
wonderbrow,0,1,1,2
wonderchild,0,2,0,2
wondercurl,0,0,1,1
wondered,44,43,98,185
wonderer,0,0,4,4
wonderfollll,0,1,0,1
wonderful,8,4,1958,1970
wonderfull,3,12,15,30
wonderfulll,0,0,2,2
wonderfullll,0,1,0,1
wonderfullly,0,0,3,3
wonderfully,7,1,66,74
wonderfuly,0,0,1,1
wonderfylllll,0,0,1,1
wonderif,0,0,2,2
wonderin,0,0,5,5
wondering,201,237,788,1226
wonderinggg,0,0,2,2
wonderland,1,18,35,54
wonderlex,0,4,0,4
wonderlust,0,0,2,2
wonderman,0,0,1,1
wonderous,0,0,2,2
wonders,26,24,62,112
wondersuits,0,0,5,5
wonderwall,5,1,9,15
wonderweeks,0,0,1,1
wonderwoman,0,11,9,20
wonderwomen,3,1,0,4
wondor,0,0,2,2
wondrous,0,0,5,5
wong,5,22,20,47
wongfu,2,0,5,7
wongs,2,0,0,2
wonka,2,6,6,14
wonks,0,0,4,4
wonky,4,0,13,17
wonn,0,0,1,1
wonna,1,7,3,11
wonnnnnn,0,0,1,1
wonnnnnnnnnn,0,1,0,1
wonr,0,0,1,1
wont,176,126,325,627
wonton,0,0,2,2
wonwoo,1,1,4,6
woo,9,90,67,166
wooaah,0,0,1,1
wooah,0,1,1,2
wooahhhh,0,6,0,6
wood,46,40,84,170
woodbe,1,0,0,1
woodburn,12,0,39,51
woodbury,0,1,0,1
woodchuck,0,2,0,2
wooded,0,0,6,6
wooden,17,22,80,119
wooder,0,2,0,2
woodhouse,0,0,1,1
woodie,0,1,0,1
woodiej,0,1,0,1
woodland,0,2,0,2
woodlawn,0,0,1,1
woodley,0,0,18,18
woodreuf,0,0,1,1
woodrow,3,2,0,5
woodruff,0,0,6,6
woods,36,26,56,118
woodsen,0,4,7,11
woodshock,0,1,0,1
woodshop,0,0,1,1
woodstock,0,1,5,6
woodsy,0,0,4,4
woodward,3,0,1,4
woodwick,0,0,3,3
woodwinked,0,0,7,7
woodwork,4,3,1,8
woody,22,45,58,125
woodyallenretro,3,0,0,3
woodys,0,4,3,7
woof,0,8,12,20
woofer,0,0,2,2
woofers,0,1,0,1
woogie,0,1,1,2
woogy,0,3,0,3
wooh,0,2,7,9
woohhhooo,0,0,1,1
woohoo,1,21,12,34
woohooo,0,4,5,9
woohoooo,0,1,0,1
woohooooo,0,6,0,6
woohoooooo,0,1,0,1
woohooooooo,0,1,0,1
woohwooooh,0,3,0,3
wookie,0,1,1,2
wookiees,0,0,4,4
wookies,0,4,1,5
wool,10,0,18,28
woolies,0,6,0,6
woolingong,0,1,0,1
woollen,0,0,3,3
woolly,0,1,4,5
woolop,0,1,0,1
woolridge,0,1,0,1
woolwich,0,5,0,5
wooly,0,2,0,2
woon,0,1,0,1
woonie,0,0,1,1
wooo,1,44,28,73
woooaah,0,0,1,1
woooaahhh,0,1,0,1
woooah,0,0,3,3
woooahhhhahahhahhhoooaaaa,0,0,2,2
woooeeehhh,0,4,0,4
woooh,6,2,0,8
wooohhh,0,1,0,1
wooohoo,0,3,2,5
wooohooo,0,1,0,1
wooohoooo,0,0,1,1
wooohooooh,0,1,0,1
woooke,0,1,0,1
wooommaannn,0,1,0,1
woooo,2,26,32,60
wooooaaaaahhh,0,1,0,1
wooooaaaahh,0,4,0,4
wooooahhhh,0,0,1,1
wooooh,0,0,1,1
woooohhh,0,2,0,2
woooohoooo,0,4,1,5
woooohooooo,0,0,1,1
wooooo,7,11,23,41
woooooaaaahhhh,0,4,0,4
woooooah,0,0,1,1
woooooh,0,5,3,8
wooooohhh,0,1,0,1
wooooohoo,1,0,0,1
woooooo,0,10,8,18
wooooooh,0,1,0,1
woooooohooo,0,0,1,1
wooooooo,0,1,9,10
wooooooomangothatshit,0,2,0,2
woooooooo,0,1,6,7
wooooooooah,0,0,4,4
wooooooooo,0,1,2,3
woooooooooo,0,2,0,2
wooooooooooaaa,2,0,0,2
wooooooooooo,0,1,0,1
woooooooooooo,0,7,0,7
woooooooooooooo,0,0,1,1
wooooooooooooooo,0,4,0,4
wooooooooooooooooooooo,0,0,2,2
wooooooooooooooooooooooo,2,0,3,5
wooooooooooooooooooooooooooooooooooo,0,5,0,5
woooooooooooooooooooooooooooooooooooooooiooooooooooiiiooooooooooooooooooooooooooooooooooooooooooooooooooooooooooooooooooooooooooooooooooooooooooooooooooooooooooooooooooooooooooooooooooooooooooooooooo,0,0,2,2
woooooooooooooooooooooooooooooooooooooooooooooooooooo,0,1,0,1
wooooooooooooooooooooooooow,0,3,0,3
woooooooooooooooooooow,0,1,0,1
wooooooooooooooooooow,0,1,0,1
woooooooooooooooow,0,4,0,4
woooooooooooooow,0,0,3,3
wooooooooooooow,0,0,1,1
woooooooooooow,0,1,0,1
wooooooooow,2,0,1,3
woooooooooww,0,2,0,2
woooooooow,0,1,0,1
woooooooppp,0,1,0,1
wooooooow,0,4,0,4
woooooooww,0,1,0,1
woooooow,0,10,2,12
wooooooww,0,4,0,4
wooooorldstaarr,0,1,0,1
wooooow,0,5,11,16
woooooww,0,3,0,3
wooooowww,1,0,0,1
wooooowwww,0,1,0,1
wooooppp,0,1,0,1
woooosh,0,0,1,1
woooot,0,5,2,7
woooouu,0,1,0,1
woooow,1,18,13,32
woooowzah,0,0,1,1
wooop,0,3,0,3
wooopeee,1,0,0,1
woooppp,0,1,0,1
wooosh,0,2,0,2
wooouuuuuuuuuuuuuuuuuuuuuuuuuuwouuuuuuuuuuuuuuuuuuuuuuuuuuuuuuuuu,0,3,0,3
wooow,4,31,33,68
woooww,0,1,0,1
wooowwww,0,0,3,3
woop,5,23,24,52
woopee,0,1,0,1
woopicaca,1,0,0,1
wooppie,0,0,4,4
woopsie,0,1,0,1
woopty,1,0,0,1
woos,0,2,0,2
woosh,0,0,1,1
wooshy,1,0,0,1
woot,4,16,11,31
wootwote,0,0,6,6
woould,1,0,0,1
woouuuuuuuuuuuuuuuuuuuuuuuuuuu,0,0,1,1
woouuuuuuuuuuuuuuuuuuuuuuuuuuuuuuuuuuuuuuuuuuu,0,1,0,1
woouweowowuwywuwuwuwwuwuw,0,1,0,1
woow,3,39,18,60
woowo,0,1,0,1
wooww,0,0,5,5
woowww,0,2,0,2
woowwww,0,0,1,1
woozi,0,10,26,36
woozziiii,0,0,1,1
wop,5,7,14,26
woppp,0,0,2,2
wopppp,0,1,0,1
wops,0,1,0,1
woptober,0,0,1,1
wopwop,0,1,0,1
wor,0,0,13,13
worboys,2,1,0,3
worcestershire,2,8,11,21
worckout,0,0,1,1
worcseshershirshire,0,1,0,1
word,599,559,1053,2211
wordbook,0,3,0,3
worddd,0,0,4,4
worded,10,3,8,21
wordeful,0,2,0,2
worden,0,7,3,10
worder,1,0,0,1
worderful,0,1,0,1
wording,6,2,4,12
wordings,0,0,1,1
wordless,0,4,0,4
wordplay,2,3,11,16
wordpress,0,1,4,5
words,443,339,1191,1973
wordt,0,1,0,1
wordy,0,0,2,2
wore,59,60,291,410
worf,5,3,13,21
worg,0,0,2,2
worgj,0,1,0,1
work,1282,928,5810,8020
workable,1,0,4,5
workaholic,0,0,3,3
workaround,0,0,2,2
workbook,0,0,1,1
workbooks,0,0,3,3
workd,0,0,5,5
workday,0,0,1,1
worke,8,0,0,8
worked,197,89,599,885
worker,17,16,52,85
workers,29,8,44,81
workflow,0,0,4,4
workforce,2,1,5,8
workhard,2,0,0,2
workin,0,3,3,6
working,414,250,1155,1819
workingggggg,0,1,0,1
workings,0,4,3,7
workkkk,0,0,1,1
workload,0,0,3,3
workmanship,0,2,2,4
workmate,0,0,3,3
workoholic,0,0,1,1
workout,14,49,87,150
workouts,0,5,9,14
workplace,7,1,14,22
workplacebullying,0,1,0,1
workplaces,0,0,1,1
works,277,214,1043,1534
worksheets,1,0,0,1
workshop,2,12,27,41
workshops,0,0,1,1
workspace,0,0,6,6
workspaces,0,0,1,1
workstations,0,0,1,1
workwear,0,0,6,6
worl,0,4,1,5
world,1816,1191,5181,8188
worldaass,4,4,0,8
worldclass,0,2,0,2
worldcom,0,0,6,6
worlddddd,0,0,3,3
worlde,0,0,3,3
worlders,1,2,1,4
worldi,0,0,1,1
worldliness,0,0,1,1
worldly,4,0,9,13
worldneed,0,1,0,1
worldpeace,0,0,1,1
worlds,45,43,149,237
worldstar,0,0,8,8
worldur,0,0,1,1
worldview,8,0,8,16
worldviews,2,0,1,3
worldwide,14,8,71,93
worlk,0,0,4,4
worlld,0,0,2,2
worllddddd,0,1,0,1
worm,24,8,16,48
wormed,8,0,0,8
wormhole,1,7,4,12
wormholes,0,3,1,4
worms,52,29,34,115
wormtail,2,2,0,4
wormy,0,0,1,1
worn,51,29,94,174
worng,0,1,7,8
worracunt,0,1,0,1
worrie,0,0,2,2
worried,130,59,288,477
worries,34,15,59,108
worring,0,1,4,5
worrior,0,0,1,1
worrisome,6,0,1,7
worry,165,99,593,857
worryin,0,0,3,3
worrying,30,14,99,143
worryingly,0,0,5,5
worsd,0,1,0,1
worse,753,14,388,1155
worsen,1,0,2,3
worsened,0,0,8,8
worsening,0,0,4,4
worser,3,0,5,8
worset,0,0,1,1
worship,28,26,54,108
worshiped,4,0,2,6
worshiper,1,2,0,3
worshipers,0,0,5,5
worshiping,1,0,3,4
worshipped,1,0,1,2
worshipper,7,6,5,18
worshippers,9,7,6,22
worshipping,8,14,9,31
worships,0,0,5,5
worshit,1,0,0,1
worsis,0,1,0,1
worsnop,2,4,8,14
worssst,1,0,0,1
worst,1330,30,293,1653
worstbest,0,0,1,1
worster,0,1,2,3
worstt,0,4,0,4
worstttttt,0,2,0,2
wort,0,0,1,1
worten,0,1,0,1
worth,315,3,1695,2013
worthajatua,0,1,0,1
worthed,0,1,2,3
worthiness,0,0,5,5
worthington,0,0,4,4
worthit,0,1,2,3
worthless,79,0,23,102
worthwhile,0,0,19,19
worthy,38,0,199,237
worx,0,1,0,1
wory,0,0,2,2
worzil,0,0,1,1
wosent,0,1,0,1
wosing,0,0,1,1
wosint,2,0,0,2
wost,0,2,2,4
wot,3,13,14,30
wotah,0,1,0,1
wotc,0,0,6,6
wote,1,3,36,40
woth,1,5,4,10
wothout,0,1,0,1
wotk,0,1,0,1
woto,0,0,5,5
wots,0,5,5,10
wotsits,0,0,4,4
wou,0,6,1,7
wouaaaah,0,2,0,2
woud,4,4,3,11
woudav,0,0,1,1
woudebt,0,1,0,1
woudl,0,0,2,2
woudn,0,4,2,6
wouhouuuuuuuu,0,3,0,3
woukd,0,2,6,8
woul,2,0,0,2
would,5745,4288,20826,30859
woulda,24,7,28,59
wouldb,0,0,2,2
wouldbt,0,0,1,1
woulden,0,0,1,1
wouldent,0,8,1,9
woulder,2,0,0,2
wouldn,62,31,126,219
wouldnt,58,37,119,214
woulds,0,1,0,1
wouldt,0,0,7,7
wouldv,0,0,1,1
wouldve,14,18,29,61
woulf,1,0,0,1
wouln,0,1,0,1
wouls,0,1,0,1
wound,29,4,63,96
wounded,5,4,14,23
wounder,1,5,6,12
wounderful,0,0,2,2
woundering,0,2,0,2
wounding,0,1,1,2
wounds,13,5,49,67
wount,0,0,5,5
wouuuuuuuuuuuuuuuuuuuuuu,0,0,1,1
wouuuuuuuuuuuuuuuuuuuuuuuuuuuuuuuuu,0,0,1,1
wouuuuuuuuuuuuuuuuuuuuuuuuuuuuuuuuuuuuuuuuuuuuuuuuuu,0,1,0,1
wouw,0,2,0,2
wove,0,1,1,2
woven,0,0,39,39
wovzers,0,0,3,3
wow,790,18,6980,7788
wowa,0,0,5,5
wowah,0,0,1,1
wowarnz,0,2,0,2
wowder,0,1,13,14
wowed,1,1,2,4
wowee,0,0,2,2
woweeeee,1,0,0,1
wowie,0,9,1,10
wowoooooooooo,0,1,0,1
wowoowowowowo,0,1,0,1
wowow,0,1,5,6
wowowo,0,1,0,1
wowowoow,0,2,0,2
wowowoowowow,0,1,0,1
wowowow,0,5,1,6
wowowowoow,0,0,1,1
wowowowow,0,7,1,8
wowowowowo,0,1,0,1
wowowowowoowowowowowowowowowoow,0,1,0,1
wowowowowow,0,3,1,4
wowowowowowow,0,0,1,1
wowowowowowowow,0,0,1,1
wowowowowowowowow,0,3,1,4
wowowowowowowowowow,0,1,0,1
wowowwowoowowowowowooww,0,2,0,2
wows,2,1,1,4
wowsa,0,0,1,1
wowsies,0,2,0,2
wowthat,0,0,1,1
woww,1,10,10,21
wowwie,2,0,0,2
wowwow,0,2,0,2
wowwowowowowow,0,2,0,2
wowww,0,12,13,25
wowwww,1,9,5,15
wowwwww,0,3,0,3
wowwwwwww,0,1,0,1
wowwwwwwwwww,0,1,0,1
wowwwwwwwwwww,0,0,3,3
wowxerz,1,0,0,1
wowza,0,5,11,16
wowzer,0,0,8,8
wowzers,2,8,2,12
wowzies,2,0,0,2
woy,1,8,1,10
woz,1,1,0,2
wozniak,1,0,0,1
wp,0,3,2,5
wpa,12,30,50,92
wpb,0,0,1,1
wps,0,1,0,1
wpuld,2,0,6,8
wpuldnt,0,1,0,1
wqhd,2,0,5,7
wqtching,0,3,0,3
wr,0,6,2,8
wra,0,5,0,5
wraca,0,6,2,8
wracaj,0,2,0,2
wracking,0,0,8,8
wraith,1,8,12,21
wrangler,0,1,0,1
wranglers,1,0,0,1
wrangling,1,2,1,4
wrap,27,30,117,174
wraped,0,1,0,1
wrapped,19,18,57,94
wrappers,0,0,7,7
wrapping,14,13,8,35
wraps,4,2,4,10
wrapt,0,4,0,4
wrasslin,1,0,2,3
wrath,24,3,37,64
wraznie,0,3,0,3
wrd,6,4,0,10
wrds,0,6,4,10
wreak,0,0,2,2
wreaking,6,0,2,8
wreaks,3,0,3,6
wreath,3,1,0,4
wreaths,0,1,0,1
wreck,16,16,57,89
wrecked,6,15,29,50
wrecker,1,3,4,8
wreckerrr,0,1,0,1
wreckers,8,1,0,9
wreckin,0,0,1,1
wrecking,4,17,9,30
wreckless,0,2,0,2
wrecklesseating,0,0,1,1
wrecks,0,6,1,7
wreckt,0,1,0,1
wreek,0,1,0,1
wregret,0,1,0,1
wreked,0,1,0,1
wren,0,2,7,9
wrench,2,2,15,19
wrenches,0,0,1,1
wrenching,2,1,10,13
wreng,0,4,0,4
wresling,0,0,1,1
wresting,0,0,3,3
wrestle,6,9,5,20
wrestled,0,0,1,1
wrestlefest,1,1,0,2
wrestlemania,9,5,29,43
wrestlemanias,0,0,1,1
wrestler,18,3,31,52
wrestlers,1,7,18,26
wrestling,79,33,107,219
wrestmania,0,0,1,1
wreswtling,1,0,0,1
wreszcie,0,2,0,2
wretch,4,0,1,5
wretched,5,1,4,10
wrf,1,0,0,1
wri,0,1,0,1
wried,1,0,0,1
wriggle,0,0,5,5
wriggling,1,0,0,1
wrighnt,0,1,0,1
wright,14,21,35,70
wrighter,0,0,1,1
wrightesque,0,1,0,1
wrillu,0,1,0,1
wring,6,0,0,6
wringing,2,3,4,9
wrinkle,0,3,4,7
wrinkled,2,7,1,10
wrinkles,7,3,16,26
wrinkly,0,1,3,4
wrist,12,36,48,96
wristband,1,3,5,9
wristed,2,0,0,2
wrists,8,6,5,19
wristwatches,0,0,4,4
write,191,213,630,1034
writed,0,0,2,2
writen,7,0,0,7
writeoff,0,0,1,1
writer,23,36,119,178
writers,41,19,91,151
writershelp,0,16,0,16
writes,16,9,33,58
writhing,1,1,2,4
writin,1,0,0,1
writing,129,84,472,685
writings,0,2,4,6
writs,0,0,4,4
writte,0,0,4,4
written,85,68,376,529
writtenn,0,0,1,1
writter,0,0,1,1
writters,0,0,2,2
writting,0,0,2,2
wrks,0,1,0,1
wrld,0,9,4,13
wrm,0,1,0,1
wrods,0,0,1,1
wrong,3156,129,1350,4635
wrongdoers,2,0,0,2
wrongdoing,1,0,3,4
wrongdoings,1,0,0,1
wronge,5,0,3,8
wronged,0,0,3,3
wrongful,7,0,1,8
wrongfully,2,0,0,2
wrongggg,0,1,0,1
wrongly,5,0,3,8
wrongs,2,0,21,23
wrongthink,1,0,0,1
wrost,0,3,0,3
wrote,103,100,304,507
wroth,0,0,4,4
wrow,0,1,0,1
wrs,0,1,0,1
wrth,0,1,0,1
wrung,0,0,1,1
wrungs,0,0,1,1
wrx,0,3,0,3
ws,0,4,7,11
wsac,4,0,0,4
wshh,0,1,0,1
wsiting,0,2,0,2
wsj,4,0,1,5
wsm,0,2,0,2
wspania,0,1,0,1
wspaniala,0,4,0,4
wsparcia,0,2,0,2
wspiera,0,2,0,2
wspierali,0,2,0,2
wspomnienia,0,2,0,2
wss,0,2,0,2
wstania,0,2,0,2
wstrn,0,0,1,1
wstyd,0,2,0,2
wstydze,0,2,0,2
wstydzi,0,4,0,4
wstydzisz,0,2,0,2
wszelkie,3,0,0,3
wszyscy,0,9,0,9
wszystkich,0,6,0,6
wszystkiego,0,2,2,4
wszystkim,0,8,0,8
wszystko,0,12,3,15
wt,5,9,7,21
wta,0,0,1,1
wtaf,8,0,0,8
wtb,0,2,0,2
wtc,6,0,2,8
wtcbuilding,3,0,0,3
wtch,1,1,0,2
wtchng,0,4,0,4
wtd,0,1,1,2
wtedy,0,5,2,7
wter,0,1,0,1
wtf,2517,122,493,3132
wtff,1,2,5,8
wtfff,0,11,2,13
wtffff,2,3,0,5
wtfffff,0,1,0,1
wtfffffare,0,6,0,6
wtffffff,0,7,0,7
wtffffffff,1,1,0,2
wtffffffffffffff,0,0,1,1
wtfs,3,0,3,6
wtg,2,0,2,4
wth,52,72,73,197
wthell,0,0,1,1
wthey,5,0,0,5
wthf,0,1,0,1
wthhh,1,5,0,6
wthjhh,0,1,0,1
wthout,0,0,1,1
wtht,0,6,0,6
wtih,0,2,0,2
wtm,0,0,5,5
wtnv,0,1,0,1
wto,0,0,1,1
wts,4,2,0,6
wtsp,0,4,0,4
wttffff,0,0,1,1
wttttttttf,0,0,1,1
wttttttttttttttfffffff,0,1,0,1
wttzz,0,0,1,1
wtv,1,0,0,1
wu,20,86,60,166
wua,0,1,0,1
wuahahahahahahaha,1,0,0,1
wuahahjajaaj,0,1,0,1
wuality,0,1,0,1
wub,0,0,2,2
wuba,0,4,4,8
wubaluba,0,2,0,2
wubalubadubdub,0,3,0,3
wubba,10,23,21,54
wubbalubba,0,1,0,1
wubbalubbadubdub,1,2,0,3
wubs,0,0,5,5
wud,2,0,12,14
wudbe,0,0,1,1
wudda,0,0,1,1
wuddup,1,0,0,1
wudn,0,0,3,3
wudnt,5,0,2,7
wueba,0,1,0,1
wuebos,0,2,0,2
wueon,0,1,0,1
wuhan,0,0,1,1
wuhu,0,0,1,1
wui,0,0,1,1
wuld,0,0,4,4
wulf,0,2,0,2
wuli,0,1,0,1
wulu,0,4,0,4
wumbo,0,2,0,2
wumo,36,15,73,124
wumoseo,0,0,3,3
wun,0,1,1,2
wunder,0,0,4,4
wunderbar,0,7,0,7
wunderbrow,1,1,15,17
wunderful,0,0,13,13
wundersch,1,9,8,18
wunna,0,1,0,1
wunnuh,0,0,1,1
wunt,0,2,1,3
wuold,0,0,2,2
wuoooh,0,0,1,1
wuow,0,3,0,3
wurde,0,6,1,7
wurlitzer,0,0,2,2
wurm,0,0,6,6
wurst,0,6,7,13
wurts,0,0,4,4
wurtz,5,7,10,22
wurtzbach,0,3,0,3
wurzor,0,12,0,12
wush,0,1,0,1
wuss,1,0,1,2
wusses,0,0,1,1
wusste,0,2,0,2
wussup,0,2,0,2
wussy,3,0,5,8
wuster,0,1,0,1
wut,9,57,15,81
wutang,3,1,4,8
wutduyadink,0,0,1,1
wutface,0,3,0,3
wuts,0,4,0,4
wutt,0,0,1,1
wutttt,0,1,0,1
wuttttt,0,1,0,1
wutup,0,1,0,1
wuuha,0,1,0,1
wuuother,0,0,1,1
wuuu,0,1,0,1
wuuuut,0,0,1,1
wuuuuttiridush,0,1,0,1
wuuuuttt,0,1,0,1
wuuuuuuuu,0,0,1,1
wuv,0,4,3,7
wuwuuuuu,0,1,0,1
wuxi,0,2,0,2
wuz,2,3,3,8
wuznt,0,1,0,1
wv,0,0,4,4
wven,0,0,6,6
wvrything,1,0,0,1
ww,51,42,89,182
wwaaarrrr,0,0,1,1
wwaaw,0,0,1,1
wwasting,3,0,0,3
wwe,98,133,142,373
wwebattleground,0,1,0,1
wwenomercy,0,1,0,1
wwent,0,0,1,1
wwf,16,10,42,68
wwfc,0,7,1,8
wwhat,0,4,0,4
wwhhhyyyyyy,0,1,0,1
wwhulk,0,0,1,1
wwi,0,0,5,5
wwii,5,2,19,26
wwiii,0,6,3,9
wwlll,0,1,0,1
wwo,0,2,0,2
wwoo,0,0,3,3
wwooooaaah,0,1,0,1
wwooooo,0,1,0,1
www,1,15,7,23
wwwaaaahhhh,0,0,2,2
wwwloganpaul,0,9,0,9
wwww,0,1,0,1
wwwwaaaannnttt,0,1,0,1
wwwwhhhyyyyy,0,4,0,4
wwwwoooohhooooo,0,1,0,1
wwwwwaaaaaaaaaaaaaaaaaaaaaaaaaaaaaa,0,1,0,1
wwwwwwooooooowwwwwwww,0,1,0,1
wwyd,1,5,0,6
wxm,0,0,3,3
wy,0,10,0,10
wya,0,10,7,17
wyaaaa,0,1,0,1
wyaaaaa,0,2,0,2
wyatt,4,18,23,45
wybie,0,9,2,11
wybili,0,2,0,2
wyborne,0,4,0,4
wychodz,0,4,0,4
wychodzi,0,6,0,6
wychowa,0,1,0,1
wyclef,0,0,1,1
wycombe,0,0,3,3
wyd,2,1,0,3
wyda,0,3,0,3
wydaje,0,2,0,2
wydawa,0,0,2,2
wyddddd,6,0,0,6
wygadac,0,2,0,2
wygadania,0,2,0,2
wygl,0,22,3,25
wyglada,0,3,0,3
wyglonda,0,3,0,3
wygra,0,1,0,1
wyh,0,0,1,1
wyj,0,12,0,12
wyja,0,3,0,3
wyjdzie,0,1,0,1
wyjezdzie,0,0,1,1
wykonanie,0,0,1,1
wylde,0,1,0,1
wyleczenia,0,2,0,2
wylin,0,5,0,5
wym,0,4,1,5
wymagania,0,2,0,2
wymi,0,2,0,2
wyndham,0,5,0,5
wynn,0,1,0,1
wynonna,0,4,4,8
wynonnaearp,0,4,0,4
wynyard,0,0,5,5
wyobrazic,0,2,0,2
wyoming,1,0,1,2
wypasiony,0,3,0,3
wyrucha,0,4,0,4
wyrzuci,0,2,0,2
wys,0,4,0,4
wyse,0,1,0,1
wysmiewala,0,2,0,2
wyst,0,0,1,1
wysyp,0,2,0,2
wysypana,0,2,0,2
wysz,0,4,0,4
wytrzyma,0,1,0,1
wytrzymalam,0,2,0,2
wytykaj,0,2,0,2
wyw,0,1,0,1
wywiad,0,3,0,3
wywiadu,0,3,0,3
wywiady,0,3,0,3
wywierana,0,2,0,2
wywo,0,2,0,2
wz,0,3,3,6
wzgl,0,2,0,2
wzlot,0,2,0,2
wznowi,0,2,0,2
wzrok,0,2,0,2
xa,0,1,1,2
xaa,0,2,0,2
xactly,7,0,0,7
xaiomi,0,0,1,1
xam,0,0,3,3
xambassadors,0,2,1,3
xams,0,1,0,1
xan,0,3,0,3
xanatos,0,1,0,1
xanax,11,14,26,51
xander,1,0,2,3
xanies,0,0,1,1
xannax,0,2,0,2
xanned,2,0,0,2
xanny,0,1,0,1
xans,1,0,0,1
xanthe,1,0,0,1
xantia,5,0,1,6
xanz,0,1,0,1
xaqdqmpcrfs,0,1,0,1
xaval,0,4,0,4
xavi,1,17,7,25
xavier,6,5,1,12
xayn,0,1,0,1
xb,0,0,8,8
xba,0,0,2,2
xbb,0,1,0,1
xbmc,0,0,1,1
xbot,0,1,0,1
xbox,33,176,128,337
xboxone,0,0,5,5
xbs,0,0,4,4
xbx,0,3,4,7
xc,3,6,5,14
xcape,0,0,1,1
xcdmbf,0,2,0,2
xcode,0,0,1,1
xcom,3,3,1,7
xcx,0,0,2,2
xcxs,0,5,0,5
xd,588,1370,1513,3471
xdbq,0,0,1,1
xdd,7,38,12,57
xddd,8,32,13,53
xdddd,4,9,7,20
xddddd,0,4,4,8
xdddddd,1,4,2,7
xddddddd,0,2,1,3
xdddddddd,0,2,4,6
xddddddddd,1,0,0,1
xddddddddddd,0,1,0,1
xdddddddddddd,0,0,7,7
xddddddddddddd,2,0,0,2
xdddddddddddddddd,0,0,4,4
xddddddddddddddddd,0,0,1,1
xddddddddddddddddddd,0,0,1,1
xdddddddddddddddddfdffff,0,4,0,4
xdefci,0,1,0,1
xdoctober,0,0,1,1
xdxd,0,16,7,23
xdxdxd,0,5,1,6
xdxdxdxd,1,0,2,3
xdxdxdxdxd,1,0,0,1
xdxdxdxdxdota,1,0,0,1
xdxdxdxdxdxdxd,0,2,0,2
xdxdxs,0,0,1,1
xem,0,8,0,8
xena,1,3,7,11
xeno,1,2,0,3
xenoblade,2,4,6,12
xenomania,0,0,2,2
xenomorph,10,5,8,23
xenomorphs,6,2,0,8
xenophobia,1,2,8,11
xenophobic,4,0,0,4
xenophon,0,8,5,13
xenos,1,0,0,1
xeque,0,1,0,1
xequemate,0,1,0,1
xer,1,0,0,1
xereca,0,1,0,1
xerneas,0,1,0,1
xerox,3,4,5,12
xers,0,0,3,3
xerxes,0,0,1,1
xeto,0,3,0,3
xexr,0,0,1,1
xf,0,1,1,2
xfactor,1,6,6,13
xfiles,1,0,5,6
xfldkzorzlf,0,1,0,1
xg,6,0,0,6
xgjcbkdj,2,0,0,2
xgx,1,0,0,1
xhaka,20,13,12,45
xhamster,0,0,2,2
xhannel,0,0,2,2
xhyis,0,0,1,1
xi,3,49,34,86
xia,2,0,1,3
xian,11,0,16,27
xians,4,0,0,4
xiao,0,3,0,3
xiaochao,0,0,2,2
xiaomi,6,7,8,21
xico,5,113,30,148
xicoest,0,0,2,2
xicoo,0,1,0,1
xicostrong,0,1,0,1
xii,4,7,0,11
xiii,0,4,0,4
xiiii,0,4,0,4
xima,0,7,0,7
ximamente,0,1,0,1
ximas,0,0,1,1
ximertracks,0,9,8,17
ximo,0,9,4,13
ximooo,0,6,0,6
ximos,0,4,0,4
xin,0,1,0,1
xinh,0,1,0,1
xinnz,0,0,2,2
xiph,0,0,1,1
xis,0,0,2,2
xit,1,0,0,1
xito,4,25,0,29
xitos,1,6,0,7
xiugqftkawk,0,0,1,1
xiumin,0,0,2,2
xiv,0,1,0,1
xj,0,2,0,2
xk,2,3,0,5
xkcd,0,1,7,8
xkito,0,1,0,1
xkkgg,0,0,1,1
xksoske,0,0,1,1
xkx,0,0,6,6
xl,16,49,118,183
xm,1,0,9,10
xmas,14,19,72,105
xmen,13,16,13,42
xmoji,0,2,0,2
xnxx,0,2,0,2
xo,45,86,393,524
xocrysssy,0,1,0,1
xoesnt,0,4,0,4
xoloitzcuintli,0,0,6,6
xomparing,0,0,1,1
xone,0,6,0,6
xonex,0,4,1,5
xong,0,1,0,1
xoo,0,0,1,1
xooxo,0,1,0,1
xooxoxo,0,0,1,1
xora,0,2,0,2
xoss,0,4,0,4
xotwod,0,4,1,5
xox,9,22,77,108
xoxo,36,53,507,596
xoxoo,0,0,1,1
xoxooh,0,0,1,1
xoxooxoxox,0,0,4,4
xoxox,1,16,35,52
xoxoxo,2,27,43,72
xoxoxox,0,4,9,13
xoxoxoxo,0,0,4,4
xoxoxoxoxo,0,2,0,2
xoxoxoxoxoxo,0,1,0,1
xoxoxoxoxoxox,0,0,5,5
xoxoxoxoxoxoxo,0,0,1,1
xoxoxoxoxoxoxoxo,0,0,6,6
xoxoxoxoxoxoxoxoxoxoxoxoxoxoxoxox,0,0,1,1
xoxx,5,0,3,8
xoxxo,1,0,0,1
xp,3,11,21,35
xpected,0,0,1,1
xpensive,3,14,8,25
xperia,0,6,1,7
xploit,0,3,0,3
xps,3,0,3,6
xptdr,0,4,0,4
xpzxml,0,1,0,1
xq,0,4,0,4
xqc,0,0,1,1
xray,0,0,2,2
xrays,0,0,2,2
xrm,0,0,1,1
xs,7,2,8,17
xse,0,2,0,2
xserve,5,3,5,13
xt,4,0,0,4
xtina,2,3,6,11
xtinas,0,0,1,1
xtr,0,0,2,2
xtra,0,1,0,1
xtrans,0,0,1,1
xtreme,2,0,0,2
xtremely,0,1,0,1
xu,0,0,3,3
xul,0,0,10,10
xv,1,4,4,9
xvi,0,4,0,4
xvideo,0,0,1,1
xvideos,0,6,0,6
xwb,0,0,3,3
xwe,0,1,0,1
xwing,0,1,0,1
xx,239,719,3364,4322
xxi,1,0,0,1
xxiii,0,1,0,1
xxl,2,17,4,23
xxo,0,0,10,10
xxoo,1,0,3,4
xxox,0,0,1,1
xxoxo,0,0,1,1
xxp,0,0,1,1
xxry,0,0,10,10
xxx,127,271,1414,1812
xxxentacion,0,1,0,1
xxxp,0,1,0,1
xxxsamsmithtentacion,0,1,0,1
xxxtenction,0,0,2,2
xxxtent,0,1,0,1
xxxtentacion,7,49,15,71
xxxtentacions,1,0,0,1
xxxtentaction,0,3,0,3
xxxtentcion,0,1,0,1
xxxtention,0,1,0,1
xxxtentocion,0,1,0,1
xxxtentrashion,1,0,0,1
xxxtenttacion,0,0,1,1
xxxx,25,99,389,513
xxxxlooking,0,0,1,1
xxxxx,14,34,153,201
xxxxxx,2,15,36,53
xxxxxxx,1,3,32,36
xxxxxxxx,5,5,23,33
xxxxxxxxx,0,3,18,21
xxxxxxxxxl,1,0,0,1
xxxxxxxxxx,0,1,19,20
xxxxxxxxxxd,0,1,0,1
xxxxxxxxxxoooooooooo,0,0,4,4
xxxxxxxxxxxx,0,6,7,13
xxxxxxxxxxxxxx,4,0,0,4
xxxxxxxxxxxxxxxx,0,0,5,5
xxxxxxxxxxxxxxxxx,0,1,0,1
xxxxxxxxxxxxxxxxxxx,0,0,1,1
xxxxxxxxxxxxxxxxxxxxx,0,0,4,4
xxxxxxxxxxxxxxxxxxxxxxxxxxx,0,7,0,7
xxxxxxxxxxxxxxxxxxxxxxxxxxxxxxxxxxx,0,0,3,3
xxylorpb,1,0,0,1
xy,0,8,6,14
xyhw,0,3,3,6
xylene,0,4,0,4
xylophone,1,0,0,1
xyriel,0,0,2,2
xyz,0,0,5,5
xz,0,2,15,17
xzp,0,1,0,1
xzs,0,4,0,4
ya,415,977,1437,2829
yaa,0,4,8,12
yaaa,2,15,8,25
yaaaa,0,3,3,6
yaaaaa,0,5,0,5
yaaaaaa,0,4,1,5
yaaaaaaa,0,4,0,4
yaaaaaaaa,0,3,1,4
yaaaaaaaaa,0,4,0,4
yaaaaaaaaaaaa,0,1,0,1
yaaaaaaaaaaaaaaaaaaaa,0,1,0,1
yaaaaaaaaaaaaaaaaaaaaaaaaaaaaaaaaaaaaaaaaaaaaaaaaaaaaaaaaaaaaaaaaaaaaaaaaaaaaaaaaaa,0,2,0,2
yaaaaaaaaaaaaaaaaaaaaaaaaaaaaaaaaaaaaaaaaaaaaaaaaaaaaaaaaaaaaaaaaaaaaaaaaaaaaaaaaaaaaaaaaaaaaaaaaaaaaaaaaaaaaaaaaaaaaaaaaaaaaaaaaaaaaaaaaaaaaaaaaaaaaaaaaaaaaaaaaaaaaaaaas,0,7,0,7
yaaaaaaaaaaaaaaaaaaaaaaaaaaaaaaaaaaaaaaaaaaaaaaaaaaaaaaaaaaayyyyy,0,1,0,1
yaaaaaaaaaaaaaaaaaaaaaaaaaaaaaaaaaaaaaaaaaaaaaaaaaas,0,1,0,1
yaaaaaaaaaaaaaaaaaaaaaaaaaaaaaaaaaaaaaaaaaaaaas,0,1,0,1
yaaaaaaaaaaaaaaaaaaaaaaaaaaaaaaaaaaaaaaaaas,0,1,0,1
yaaaaaaaaaaaaaaaaaaaaaaaaaaaaaaaaas,0,0,1,1
yaaaaaaaaaaaaaaaaaaaaaaaaaaaaaaas,0,2,0,2
yaaaaaaaaaaaaaaaaaaaaaaaaaaasss,0,0,1,1
yaaaaaaaaaaaaaaaaaaaaaaaayyyy,1,0,0,1
yaaaaaaaaaaaaaaaaaaaaaasssss,0,1,0,1
yaaaaaaaaaaaaaaaaaaaaay,0,2,0,2
yaaaaaaaaaaaaaaaaaaaayyy,1,0,0,1
yaaaaaaaaaaaaaaaaaaassssssssssssssssssssssss,0,0,1,1
yaaaaaaaaaaaaaaaas,0,2,1,3
yaaaaaaaaaaaaaaaassss,0,1,0,1
yaaaaaaaaaaaaaaaasssssssssss,0,2,0,2
yaaaaaaaaaaaaas,0,2,0,2
yaaaaaaaaaaaaasssssssa,0,3,0,3
yaaaaaaaaaaaaayyyyyyy,0,1,0,1
yaaaaaaaaaaaas,3,2,0,5
yaaaaaaaaaaassssss,0,1,0,1
yaaaaaaaaaaaw,0,0,3,3
yaaaaaaaaaaayyyyyyyyyyyyyyyyyyyyy,0,2,0,2
yaaaaaaaaaas,0,1,0,1
yaaaaaaaaaassss,0,1,1,2
yaaaaaaaaaasssss,0,5,1,6
yaaaaaaaaaasssssssss,0,1,0,1
yaaaaaaaaas,0,14,5,19
yaaaaaaaaasssss,0,5,0,5
yaaaaaaaas,0,8,8,16
yaaaaaaaassss,0,1,0,1
yaaaaaaaassssss,0,1,0,1
yaaaaaaaasssssss,0,1,0,1
yaaaaaaaassssssss,0,1,0,1
yaaaaaaas,2,12,4,18
yaaaaaaasss,0,1,0,1
yaaaaaaassss,0,2,0,2
yaaaaaaasssss,0,2,0,2
yaaaaaaasssssa,0,1,0,1
yaaaaaaasssssss,0,2,0,2
yaaaaaaasssssssssss,1,0,0,1
yaaaaaaawn,0,0,2,2
yaaaaaaay,0,1,1,2
yaaaaaas,0,4,10,14
yaaaaaass,0,1,0,1
yaaaaaasss,0,4,0,4
yaaaaaassss,0,6,3,9
yaaaaaasssss,0,4,1,5
yaaaaaassssss,0,1,1,2
yaaaaaasssssss,0,1,0,1
yaaaaaassssssss,0,0,1,1
yaaaaaasssssssssss,1,0,0,1
yaaaaaawwwwwnnnnnnnnnnn,0,1,0,1
yaaaaaay,0,5,0,5
yaaaaaayy,0,0,1,1
yaaaaaayyyyy,0,1,0,1
yaaaaas,1,25,9,35
yaaaaass,0,2,1,3
yaaaaasss,0,5,1,6
yaaaaassss,0,8,1,9
yaaaaasssss,0,7,4,11
yaaaaassssss,2,0,1,3
yaaaaasssssss,0,2,0,2
yaaaaassssssss,0,1,1,2
yaaaaassssssssssss,0,2,0,2
yaaaaassssssssssssssssssss,0,0,1,1
yaaaaaw,1,0,0,1
yaaaaawn,0,0,1,1
yaaaaay,0,5,8,13
yaaaaayyy,0,1,0,1
yaaaaayyyyyyayayayayayyayayayayayayayyayayayayayayayayyayayayayayayayayayyayayaysysysyy,0,1,0,1
yaaaaaz,0,0,3,3
yaaaah,0,8,1,9
yaaaahhs,0,2,0,2
yaaaas,7,34,15,56
yaaaass,0,2,0,2
yaaaasss,0,9,2,11
yaaaassss,1,1,12,14
yaaaasssss,0,2,0,2
yaaaasssssss,1,0,2,3
yaaaassssssss,0,1,0,1
yaaaasssssssss,0,1,0,1
yaaaay,0,24,20,44
yaaaayyy,0,1,7,8
yaaaayyyy,0,1,0,1
yaaah,2,0,0,2
yaaaooo,0,0,1,1
yaaas,6,28,30,64
yaaass,0,6,4,10
yaaasss,1,19,7,27
yaaassss,1,20,3,24
yaaasssss,0,7,5,12
yaaassssss,1,10,0,11
yaaassssssss,0,0,3,3
yaaasssssssss,0,0,2,2
yaaassssssssssss,1,0,0,1
yaaay,0,18,20,38
yaaayie,0,2,0,2
yaaayyuu,0,1,0,1
yaaayyyy,0,6,0,6
yaaayyyyyy,0,1,0,1
yaaazzz,0,2,0,2
yaaazzzzzz,0,0,1,1
yaabin,0,1,0,1
yaad,0,1,0,1
yaall,0,0,1,1
yaar,0,0,6,6
yaas,0,19,9,28
yaass,3,11,1,15
yaassed,0,0,1,1
yaasss,1,12,0,13
yaassss,0,16,2,18
yaasssss,1,3,0,4
yaassssss,0,7,1,8
yaasssssss,0,2,0,2
yaassssssss,0,1,0,1
yaasssssssss,0,0,1,1
yaatehom,0,1,0,1
yaawwwnnnn,1,0,0,1
yaay,2,4,4,10
yaayaaayayaayz,0,0,2,2
yaayayayaya,0,1,0,1
yaayy,0,0,7,7
yaayyy,1,2,0,3
yaayyyy,0,2,0,2
yaaz,0,0,3,3
yabanc,0,6,0,6
yabanci,0,1,0,1
yabancilar,0,2,0,2
yabba,0,0,1,1
yabbay,0,5,1,6
yabbies,0,0,1,1
yabo,0,2,1,3
yabouca,0,1,0,1
yachi,0,1,0,1
yacht,5,8,11,24
yachts,3,4,0,7
yachty,3,12,16,31
yachtys,1,0,0,1
yacking,0,0,3,3
yada,0,8,20,28
yadda,0,6,0,6
yaeeeeeeeeeee,0,1,0,1
yaeger,0,0,1,1
yag,0,1,0,1
yaga,0,3,0,3
yagami,0,0,6,6
yager,0,0,5,5
yaght,0,0,4,4
yah,49,46,38,133
yahh,1,2,0,3
yahhh,0,3,2,5
yahhhh,0,0,2,2
yahhhhh,0,4,0,4
yahhhhhhhhh,0,1,0,1
yahia,0,0,1,1
yahn,0,5,0,5
yahoo,1,1,1,3
yahoooo,0,0,1,1
yahooooo,0,0,1,1
yahoooooo,0,1,0,1
yahrnam,0,3,0,3
yahshua,0,0,1,1
yahsss,0,1,0,1
yahty,0,0,1,1
yahtzee,0,1,0,1
yahuah,0,0,1,1
yahweh,8,0,1,9
yai,0,0,3,3
yaikkssee,0,3,0,3
yaiy,0,5,0,5
yaiybasic,3,19,2,24
yaiyfetish,0,4,0,4
yaiyinto,0,1,0,1
yaiyintro,0,2,2,4
yaiypoint,3,21,9,33
yaiytube,0,1,0,1
yajuuuu,0,1,0,1
yak,5,10,4,19
yakhbat,0,3,0,3
yakies,1,0,0,1
yakima,0,0,1,1
yakiniku,1,0,0,1
yakkk,0,2,0,2
yaknow,0,1,1,2
yakssss,0,1,0,1
yakt,0,2,1,3
yakult,0,3,0,3
yakutia,0,0,1,1
yakuza,4,1,0,5
yal,0,3,0,3
yalakkk,0,2,0,2
yalanci,0,1,0,1
yalanda,0,1,0,1
yaldabaoth,2,0,0,2
yale,7,8,11,26
yall,186,160,369,715
yalll,0,5,3,8
yalllll,0,0,2,2
yalls,4,0,23,27
yaln,0,6,0,6
yalonda,0,0,1,1
yals,1,0,0,1
yam,0,0,3,3
yamaha,3,0,3,6
yamahas,3,0,0,3
yamashiro,0,0,2,2
yamashita,0,0,2,2
yamatoo,0,2,0,2
yamborghini,0,0,1,1
yamcha,0,1,0,1
yamet,0,3,0,3
yamkee,0,1,0,1
yamma,0,3,0,3
yammering,0,0,1,1
yammi,0,5,0,5
yammin,0,0,1,1
yamr,0,0,2,2
yams,0,3,0,3
yan,2,16,4,22
yana,0,0,3,3
yancey,0,1,3,4
yancy,0,1,0,1
yand,0,1,0,1
yandel,2,21,0,23
yandere,0,3,2,5
yang,6,12,13,31
yangon,0,4,0,4
yani,0,2,0,2
yank,1,1,5,7
yanke,1,5,0,6
yanked,2,0,0,2
yankee,5,102,18,125
yankeecocksucker,0,0,1,1
yankeee,0,1,0,1
yankeeeeeee,0,1,0,1
yankeeland,5,0,0,5
yankees,0,0,3,3
yankey,1,0,0,1
yanking,0,0,6,6
yankke,0,1,0,1
yankovic,3,0,2,5
yankovich,1,0,0,1
yanks,13,4,0,17
yanl,0,5,0,5
yanli,0,2,0,2
yanna,0,0,1,1
yanno,0,0,2,2
yano,0,5,0,5
yanowsky,0,0,1,1
yanque,0,3,0,3
yao,0,2,0,2
yaoi,2,2,2,6
yaooo,1,0,0,1
yaozzzaaaa,0,3,0,3
yap,1,10,8,19
yapaa,0,0,5,5
yapacak,0,1,0,1
yapamiyorlar,0,0,1,1
yapaninda,0,2,0,2
yapard,0,1,0,1
yapas,0,0,1,1
yapay,0,3,0,3
yapdi,0,1,0,1
yapiyorsunzu,0,4,0,4
yapm,0,5,0,5
yappay,0,1,0,1
yapping,7,0,6,13
yaps,0,2,0,2
yapt,0,7,0,7
yapti,0,1,0,1
yar,1,2,2,5
yara,1,20,10,31
yarad,0,0,1,1
yaranaika,0,1,0,1
yard,24,47,45,116
yardbird,0,0,1,1
yardgirl,0,0,4,4
yardimcilari,0,1,0,1
yardley,0,3,0,3
yards,6,10,41,57
yardy,0,3,0,3
yares,0,0,2,2
yark,0,0,1,1
yarn,6,0,3,9
yarra,0,0,3,3
yarrak,0,2,0,2
yarram,0,6,0,6
yarsss,0,1,0,1
yart,0,4,0,4
yas,26,183,75,284
yaself,1,0,6,7
yaseolf,1,0,0,1
yash,0,1,0,1
yasha,0,1,0,1
yasharahla,0,0,3,3
yashaya,0,0,12,12
yashin,0,2,1,3
yashu,0,1,0,1
yashua,0,1,0,1
yasiomusun,0,3,0,3
yasiyonmu,0,3,0,3
yasiyonuz,0,3,0,3
yasmin,19,15,43,77
yasmine,5,0,9,14
yasminelle,0,0,2,2
yasminiq,6,0,0,6
yasqueen,0,3,0,3
yass,5,97,58,160
yassaa,0,1,0,1
yassirdossri,0,5,0,5
yasss,6,188,111,305
yassshhshhshshs,0,1,0,1
yassss,7,125,50,182
yasssss,3,85,22,110
yasssssdd,0,0,1,1
yassssss,1,56,10,67
yasssssss,4,27,9,40
yassssssskajakqkakq,0,1,0,1
yassssssss,3,18,0,21
yasssssssss,0,4,0,4
yassssssssss,1,5,2,8
yasssssssssss,1,3,1,5
yassssssssssss,3,4,0,7
yasssssssssssss,0,0,1,1
yassssssssssssss,0,2,0,2
yasssssssssssssss,0,1,0,1
yassssssssssssssss,0,2,0,2
yasssssssssssssssss,0,1,0,1
yassssssssssssssssss,0,1,4,5
yassssssssssssssssssssss,0,1,0,1
yasssssssssssssssssssssssssss,0,1,0,1
yassssssssssssssssssssssssssssss,0,1,0,1
yassssssssssssssssssssssssssssssssssssssss,0,1,0,1
yasssssssssssssssssssssssssssssssssssssssssss,0,3,0,3
yasssssssssssssssssssssssssssssssssssssssssssssssssssssssh,0,1,0,1
yassssssssssssssssssssssssssssssssssssssssssssssssssssssssssssssssssssssssssssssssssssssssssssssssssssssssssssssssssssssssssssssssssssssssssssssssssss,0,1,0,1
yasssssssssssssssssssssssssssssssssssssssssssssssssssssssssssssssssssssssssssssssssssssssssssssssssssssssssssssssssssssssssssssssssssssssssssssssssssssssssssssssssssssssssssssssssssssssssssssssssssssssssssssssssssssssssssssssssssssss,0,1,0,1
yasuo,0,4,1,5
yat,0,2,4,6
yata,5,2,0,7
yatchy,0,3,10,13
yatchys,0,1,0,1
yates,0,1,0,1
yatmlp,0,3,0,3
yatq,0,0,2,2
yatra,0,0,1,1
yatuhann,0,1,0,1
yau,0,1,0,1
yauo,0,2,0,2
yav,0,1,0,1
yavin,0,0,2,2
yaw,2,5,6,13
yawa,0,1,0,1
yawarushalam,0,0,3,3
yawing,0,0,1,1
yawl,0,0,1,1
yawn,11,65,19,95
yawned,2,7,5,14
yawning,6,1,4,11
yawnn,2,0,0,2
yawns,0,1,1,2
yawnssss,0,0,1,1
yaws,0,0,1,1
yawssssss,0,1,0,1
yaww,0,3,0,3
yay,76,481,599,1156
yaya,0,13,11,24
yayaay,0,0,2,2
yayasss,0,1,0,1
yayay,0,6,0,6
yayaya,0,2,2,4
yayayay,1,12,0,13
yayayaya,0,3,0,3
yayayayay,0,1,0,1
yayayayaya,0,1,0,1
yayayayayay,0,4,0,4
yayayayayaya,1,0,1,2
yayayayayayayayay,0,1,0,1
yayayayayayya,0,1,0,1
yayayayayayyayayayayayayayayayauayyaaya,0,2,0,2
yayayayayyay,0,4,0,4
yayayayyayayayayayayayayayay,0,1,0,1
yayayyayaya,0,9,0,9
yayerrrr,0,1,0,1
yayo,0,1,2,3
yays,0,0,6,6
yayy,3,3,22,28
yayyy,2,26,32,60
yayyyy,0,18,24,42
yayyyyy,0,16,0,16
yayyyyyy,0,9,2,11
yayyyyyyy,0,13,0,13
yayyyyyyyy,0,3,0,3
yayyyyyyyyy,0,1,0,1
yayyyyyyyyyy,0,8,1,9
yayyyyyyyyyyyyyyy,0,1,0,1
yaz,12,12,7,31
yazam,0,7,0,7
yazd,0,1,0,1
yazdim,0,4,0,4
yazik,0,4,0,4
yazin,0,3,0,3
yazz,5,4,4,13
yazzz,0,0,1,1
yazzzzzzz,0,1,0,1
yb,34,30,74,138
yba,0,0,1,1
ybbb,0,0,4,4
ybc,0,1,0,1
ybccbcucybuccbuuccy,0,0,4,4
ybcgthggghbcvby,0,0,2,2
yber,0,3,0,3
ybfhzt,0,1,0,1
ybgbgyggbbhyugbfyn,0,0,2,2
ybtam,0,1,0,1
ych,0,1,0,1
ychannel,0,4,3,7
ychologist,0,0,1,1
ycia,3,0,0,3
ycie,0,10,0,10
yciem,0,2,0,2
ycz,0,4,0,4
yczenia,0,2,0,2
yczenie,0,2,0,2
yczy,0,2,0,2
yd,0,3,5,8
yday,0,3,0,3
yde,0,1,0,1
ydi,0,1,0,1
ydig,0,4,0,4
ye,60,162,107,329
yea,115,208,231,554
yeaa,0,11,0,11
yeaaa,0,14,5,19
yeaaaa,3,8,7,18
yeaaaaa,0,2,0,2
yeaaaaaa,1,1,4,6
yeaaaaaaa,0,1,0,1
yeaaaaaaaaaah,0,0,2,2
yeaaaaaaaaah,0,1,6,7
yeaaaaaaaahhh,0,0,2,2
yeaaaaaaaassssss,0,0,3,3
yeaaaaaah,0,0,2,2
yeaaaaaars,0,0,1,1
yeaaaaah,1,1,0,2
yeaaaaahboi,0,1,0,1
yeaaaaas,0,5,0,5
yeaaaah,4,2,0,6
yeaaaahh,0,1,0,1
yeaaaahhh,0,8,5,13
yeaaaahhhh,0,0,5,5
yeaaaas,0,1,0,1
yeaaah,5,4,0,9
yeaaahh,0,1,0,1
yeaaas,0,2,0,2
yeaaashhhhhhhhh,0,1,0,1
yeaaass,1,0,0,1
yeaaasssss,0,1,0,1
yeaaay,0,1,0,1
yeaah,2,2,0,4
yeaahh,0,0,2,2
yeaahhhhh,0,3,0,3
yeaahhhhhh,0,1,0,1
yeaak,0,4,0,4
yeaas,1,0,0,1
yeaayaeyaeaeh,0,1,0,1
yeach,0,1,0,1
yeaeaeeqsasasasasasasasasasa,0,1,0,1
yeaesassss,0,1,0,1
yeager,0,1,0,1
yeagers,0,0,1,1
yeah,787,921,2071,3779
yeahahahhhh,1,0,0,1
yeahboi,0,1,0,1
yeaheweyeaheeeyeahhhhhh,0,5,0,5
yeahh,3,20,6,29
yeahhh,12,13,11,36
yeahhhh,1,16,9,26
yeahhhhh,0,5,2,7
yeahhhhhh,0,0,4,4
yeahhhhhhh,0,2,2,4
yeahhhhhhhh,5,1,0,6
yeahhhhhhhhh,0,2,0,2
yeahhhhhhhhhhh,0,1,6,7
yeahhhhhhhhhhhhh,0,1,0,1
yeahhssssssss,0,0,1,1
yeahno,0,0,1,1
yeahsees,1,0,0,1
yeap,0,4,3,7
year,1315,852,4555,6722
yearb,0,0,1,1
yearbook,0,1,2,3
yeard,0,0,1,1
yearlong,0,0,1,1
yearly,3,1,14,18
yearn,5,0,6,11
yearning,1,0,1,2
yearns,0,0,1,1
yearold,10,0,0,10
yearrr,0,3,0,3
years,1758,917,5661,8336
yearsandcounting,0,0,1,1
yearscand,0,1,0,1
yearsoftyler,0,5,1,6
yearsreigh,1,0,0,1
yearsss,0,0,5,5
yearssss,0,2,0,2
yearswithhighlight,0,0,1,1
yearswithtwice,0,1,1,2
yeas,2,8,11,21
yeass,1,1,0,2
yeasss,0,1,1,2
yeasssssss,0,2,0,2
yeasssssssssssssssss,0,1,0,1
yeast,14,11,39,64
yeasts,0,0,3,3
yeats,0,0,1,1
yeay,0,3,4,7
yeayeahyeah,0,0,2,2
yeayeayea,0,1,0,1
yeayy,1,5,0,6
yeayyy,0,11,0,11
yebba,0,2,0,2
yebis,0,1,0,1
yed,0,4,0,4
yede,0,2,0,2
yeden,0,1,0,1
yee,6,16,4,26
yeeaaaaaaaaaassssss,0,1,0,1
yeeaaaaaassssss,0,1,0,1
yeeaaaars,0,0,4,4
yeeaaahhh,0,0,5,5
yeeaaahhhhh,0,1,0,1
yeeaahh,1,0,0,1
yeeaarss,0,0,2,2
yeeah,1,0,0,1
yeeauuugh,0,2,0,2
yeeayy,0,0,1,1
yeebus,1,0,0,1
yeee,0,4,0,4
yeeea,0,3,0,3
yeeeaaaaa,0,0,1,1
yeeeaaaaaahh,0,0,2,2
yeeeaaaahhhh,1,0,0,1
yeeeaaahh,0,1,0,1
yeeeaaahhh,0,0,4,4
yeeeaaasss,0,1,0,1
yeeeaah,0,0,1,1
yeeeaauuh,0,1,0,1
yeeeah,0,3,5,8
yeeears,0,0,1,1
yeeee,0,1,3,4
yeeeea,0,1,0,1
yeeeeaaa,1,0,0,1
yeeeeaaaaa,0,0,1,1
yeeeeaaaaaaaaaaaaaaaaahh,0,1,0,1
yeeeeaaaah,0,0,1,1
yeeeeaaah,0,4,0,4
yeeeeah,3,0,1,4
yeeeeahh,0,0,2,2
yeeeee,1,4,3,8
yeeeeeaaaahhhhh,1,0,0,1
yeeeeeea,0,4,0,4
yeeeeeeaaaaeeeaaaaaahhhh,1,0,0,1
yeeeeeeah,1,0,0,1
yeeeeeeeaaaaaaaaaaaa,0,4,0,4
yeeeeeeeaaaaaahhhhhhhh,0,1,0,1
yeeeeeeeas,4,0,0,4
yeeeeeeee,0,0,1,1
yeeeeeeeeaaaaaaaaaaaaaaaahhhhhhhhhh,0,1,0,1
yeeeeeeeee,0,1,1,2
yeeeeeeeeeeahhhhhhh,0,1,0,1
yeeeeeeeeeeeeaaaaaaaaah,0,1,0,1
yeeeeeeeeeeeeeeeeeeeeee,0,1,0,1
yeeeeeeeeeeeeeeeeeeeeeeeahhhhhhhhhhhhhhhhhhhhhhhhhhhhhhhhhhhhhhhh,0,0,1,1
yeeeeeeeeeeeeeeeeeeeeeeeeeeeeeeeeeeeeee,0,1,0,1
yeeeeeeeeeeeeeeeeeeeeeeeeeeeeeeeeeeeeeeeeeeeeeeeeeeeeeeeeeeeeeeeeeeeeeeeeeeeeeeeeeeeeeeeeeeeeeeeeeeeeeeeeeeeeeeeeeeeeeeeeeeeeeeeeeeeeeeeeeeeeeeeeeeeeeeeeeeeeeeeeeeeeeeeeeeeeeeeeeeeeeeeeeeeeeeeeeeeeeeeeeeeeeeeeeeeeeeeeeeeeeeeeeeeeeeeeeeeeeeeeeeeeeeeeeeeeeeeeeeeeeeeeeeeeeeeeeeeeeeeeeeeeeeeeeeeeeeeeeeeeeeeeeeeeeeeeeeeeeeeeeeeeeeeeeeeeeeeeeeeeeeeeeeeeeeeeeeeeeeeeeeeeeeeeeeeeeeeeeeeeeeeeeeeeeeeeeeeeeeeeeeeeeeeeeeeeeeeeeeeeeeeeeeeeeeeeeeeeeeeeeeeeeeeeeeeeeeeeeeeeeeeeeeeeeeeeeeeeeeeeeeeeeeeeeeeeeeeeeeeeeeeeeeeeeeeeeeeeeeeeeeeeeeeeeeeeeeeeeeeeeeeeeeeeeeeeeeeeeeeeeeeeeeeeeeeeeeeeeeeeeeeeeeeeeeeeeeeeee,0,1,0,1
yeeeeeeeeeeeeeeeeeeeeeeeeeeeeeeeeeeeeeeeeeeeeeeeeeeeeeeeeeeeeeeeeeeeeeeeeeeeeeeeeeeeeeeeeeeeeeeeeeeeeeeeeeeeeeeeeeeeeeeeeeeeeeeeeeeeeeeeeeeeeeeeeeeeeeeeeeeeeeeeeeeeeeeeeeeeeeeeeeeeeeeeeeeeeeeeeeeeeeeeeeeeeeeeeeeeeeeeeeeeeeeeeeeeeeeeeeeeeeeeeeeeeeeeeeeeeeeeeeeeeeeeeeeeeeeeeeeeeeeeeeeeeeeeeeeeeeeeeeeeeeeeeeeeeeeeeeeeeeeeeeeeeeeeeeeeeeeeeeeeeeeeeeeeeeeeeeeeeeeeeeeeeeeeeeeeeeeeeeeeeeeeeeeeeeeeeeeeeeeeeeeeeeeeeeeeeeeeeeeeeeeeeeeeeeeeeeeeeeeeeeeeeeeeeeeeeeeeeeeeeeeeeeeeeeeeeeeeeeeeeeeeeeeeeeeeeeeeeeeeeeeeeeeeeeeeeeeeeeeeeeeeeeeeeeeeeeeeeeeeeeeeeeeeeeeeeeeeeeeeeeeeeeeeeeeeeeeeeeeeeeeeeeeeeeeeeeeeeeeeeeeeeeeeeeeeeeeeeeeeeeeeeeeeeeeeeeeeeeeeeeeeeeeeeeeeeeeeeeeeeeeeeeeeeeeeeeeeeeeeeeeeeeeeeeeeeeeeeeeeeeeeeeeeeeeeeeeeeeeeeeeeeeeeeeeeeeeeeeeeeeeeeeeeeeeeeeeeeeeeeeeet,0,3,0,3
yeeeeeeeeeeeeeeeeeeeeeeeeeeeeeeeeeeeeeeeeeeeeeeees,0,1,0,1
yeeeeeeeeeeeeeeeeeeeeeeeeeeeeeeeeeeeeees,0,2,0,2
yeeeeeeeeeeeeeeeeeeeeeeeeees,0,1,0,1
yeeeeeeeeeeeeeeeeeeeeeeeeeessssssssssssss,0,1,0,1
yeeeeeeeeeeeeeeeeeeees,0,1,0,1
yeeeeeeeeeeeeeeeeees,0,5,0,5
yeeeeeeeeeeeeees,0,0,2,2
yeeeeeeeeeeeees,0,1,0,1
yeeeeeeeeeeeessssss,0,2,0,2
yeeeeeeeeeeeesssssssssssssssssss,0,1,0,1
yeeeeeeeeeeet,0,1,0,1
yeeeeeeeeeesssss,0,1,0,1
yeeeeeeeeessssssssss,1,0,0,1
yeeeeeeeesssss,0,1,0,1
yeeeeeeeesssssss,0,2,0,2
yeeeeeeeezzzzzz,0,7,0,7
yeeeeeees,0,3,0,3
yeeeeeeesss,0,5,0,5
yeeeeeeesssss,0,1,0,1
yeeeeeeesssssss,0,0,3,3
yeeeeeeessssssssssssssssssssssssss,0,1,0,1
yeeeeeeettt,0,0,3,3
yeeeeees,0,1,0,1
yeeeeeesss,0,3,0,3
yeeeeeessss,1,0,0,1
yeeeeeessssss,0,3,0,3
yeeeeeesssssss,0,1,0,1
yeeeees,0,2,5,7
yeeeeess,0,1,0,1
yeeeeesss,1,2,2,5
yeeeeessss,0,1,0,1
yeeeeesssss,0,1,0,1
yeeeeesssssss,1,0,5,6
yeeeeessssssss,0,0,2,2
yeeeeet,0,5,0,5
yeeeep,6,0,0,6
yeeees,3,6,7,16
yeeeesss,0,1,3,4
yeeeessss,0,4,2,6
yeeeesssss,0,3,1,4
yeeeesssssss,0,2,0,2
yeeeey,0,1,0,1
yeeeppp,0,1,0,1
yeees,4,12,19,35
yeeess,0,3,0,3
yeeesss,0,1,4,5
yeeessss,0,5,1,6
yeeesssss,0,9,2,11
yeeesssssd,0,1,0,1
yeeessssss,0,1,0,1
yeeesssssss,0,5,0,5
yeeey,0,2,4,6
yeeeyyy,0,0,1,1
yeehaa,0,2,0,2
yeemos,0,0,1,1
yeers,0,1,0,1
yees,0,14,0,14
yeesh,0,5,4,9
yeess,1,4,2,7
yeesss,0,2,3,5
yeessss,0,1,4,5
yeesssss,0,4,1,5
yeessssss,0,4,0,4
yeesus,0,1,2,3
yeet,1,13,3,17
yeey,0,0,1,1
yeeyyyy,0,1,0,1
yeez,0,0,2,2
yeezez,1,0,0,1
yeezus,4,2,5,11
yeezy,15,26,14,55
yeezys,7,28,23,58
yege,0,1,0,1
yeh,14,38,28,80
yehaaa,0,1,0,1
yehaaaaa,0,0,1,1
yehea,1,0,0,1
yeheyyyy,0,1,0,1
yehhh,0,2,0,2
yehhhh,0,1,0,1
yehhhhh,1,0,0,1
yehhss,0,1,0,1
yehias,0,0,1,1
yehs,0,0,6,6
yei,0,4,4,8
yeii,0,1,0,1
yeiii,0,1,0,1
yeiiiii,0,0,3,3
yeild,0,0,1,1
yeilded,0,0,1,1
yejiapsa,0,0,1,1
yelawolf,0,2,0,2
yelchin,0,0,1,1
yell,20,24,36,80
yelled,24,24,38,86
yeller,0,1,1,2
yellers,2,4,0,6
yellin,3,0,3,6
yelling,35,27,56,118
yello,0,8,3,11
yellooooww,0,6,0,6
yellow,101,225,305,631
yellowed,0,0,6,6
yellower,1,0,0,1
yellowish,0,3,4,7
yellowness,0,0,4,4
yellows,0,2,5,7
yellowstone,2,2,4,8
yelloww,0,1,0,1
yellowwolf,0,0,2,2
yells,5,6,10,21
yelp,0,3,0,3
yelped,1,0,6,7
yelps,0,1,0,1
yeltsin,0,4,0,4
yeman,0,0,3,3
yemen,1,5,3,9
yemeni,0,0,4,4
yemi,0,1,0,1
yemin,0,1,0,1
yemleri,0,2,0,2
yemma,0,2,0,2
yen,3,3,1,7
yendik,0,0,1,1
yenebilir,0,1,0,1
yener,0,1,0,1
yeni,0,1,1,2
yeniliyoruz,0,1,0,1
yenilsek,0,1,0,1
yeniyim,0,2,0,2
yeniyor,0,1,0,1
yenler,0,1,0,1
yenmek,0,2,0,2
yenmez,0,1,0,1
yeobaegeul,0,0,1,1
yeoh,0,1,0,1
yeoja,1,0,0,1
yeongwonhi,0,0,2,2
yeoooo,0,1,0,1
yeoppoooo,0,1,0,1
yep,54,119,134,307
yeppo,0,3,0,3
yer,34,25,37,96
yerde,0,3,0,3
yerdeyiz,0,3,0,3
yere,0,2,1,3
yerim,0,6,0,6
yerimi,0,4,0,4
yerin,0,0,3,3
yeriniz,0,2,0,2
yernegen,1,0,0,1
yerno,7,0,0,7
yerom,0,0,1,1
yes,834,2402,2727,5963
yeses,0,0,1,1
yesh,0,1,0,1
yeshh,0,0,2,2
yeshua,0,0,1,1
yesilcam,0,2,0,2
yeskelly,0,0,1,1
yeslin,1,0,0,1
yeslucy,0,0,2,2
yesman,0,3,0,3
yess,7,106,64,177
yessaa,0,1,0,1
yessaaaa,0,1,0,1
yessica,0,1,0,1
yessir,0,1,0,1
yessiree,1,0,0,1
yesslad,0,0,6,6
yesss,16,145,125,286
yessss,9,152,63,224
yesssss,13,92,78,183
yessssss,4,40,30,74
yesssssss,7,26,14,47
yesssssssas,0,1,0,1
yesssssssdsssssssss,0,1,0,1
yessssssss,0,22,10,32
yesssssssss,5,8,8,21
yessssssssss,2,6,4,12
yesssssssssss,0,9,3,12
yessssssssssss,0,13,0,13
yesssssssssssss,0,7,0,7
yessssssssssssss,0,5,0,5
yesssssssssssssss,1,0,0,1
yessssssssssssssss,0,7,0,7
yesssssssssssssssss,1,7,0,8
yesssssssssssssssssasssssssssssssssssasssssssssssssssssssssssssssssss,0,3,0,3
yessssssssssssssssss,0,0,1,1
yesssssssssssssssssss,0,3,0,3
yessssssssssssssssssss,0,1,0,1
yessssssssssssssssssssss,0,1,0,1
yessssssssssssssssssssssssss,0,8,0,8
yessssssssssssssssssssssssssssssssssssssssssssssssssssssssssss,0,3,0,3
yesssssssssssssssssssssssssssssssssssssssssssssssssssssssssssss,0,1,0,1
yesssssssssssssssssssssssssssssssssssssssssssssssssssssssssssssssssssssssssssssssssss,0,1,0,1
yessssssssssssssssssssssssssssssssssssssssssssssssssssssssssssssssssssssssssssssssssssssssssssssssssssssssssssssssssssssssssss,0,1,0,1
yesssssssszzs,0,0,1,1
yesstyle,0,7,2,9
yestaday,0,0,2,2
yestarday,0,0,1,1
yester,0,0,3,3
yesterday,86,146,503,735
yesterdays,0,2,0,2
yesto,0,0,1,1
yestrday,0,0,2,2
yesyesyes,0,11,2,13
yesyesyesyes,0,3,0,3
yesyesyesyessss,0,0,1,1
yesyesyesyesyes,0,1,0,1
yesyesyesyesyesyesyesyes,0,0,3,3
yesyesyesyesyesyesyesyesyes,0,0,1,1
yeszzz,0,0,1,1
yet,853,572,2367,3792
yeti,0,10,2,12
yetmedi,0,7,0,7
yetti,0,0,1,1
yettt,0,1,0,1
yetttttttt,0,5,0,5
yeun,0,5,11,16
yeung,0,0,4,4
yeuuus,0,0,5,5
yeux,0,6,1,7
yew,0,1,1,2
yewko,0,0,1,1
yewrs,0,1,0,1
yey,0,11,8,19
yeye,0,0,4,4
yeyeye,0,1,0,1
yeyeyeye,0,1,0,1
yeyeyeyeyyeye,0,0,1,1
yeygah,0,1,0,1
yeyo,0,1,0,1
yeyy,1,0,0,1
yeyyy,0,1,0,1
yeyyyy,0,5,1,6
yeyyyyy,0,2,7,9
yezerrrs,0,2,0,2
yezzys,0,9,5,14
yezzz,0,1,2,3
yfrdxrcthhvdrtfuhgydrtfubvyrdrdhbub,0,0,1,1
yfs,0,5,0,5
yfucko,0,3,0,3
yfyhygyhfy,0,0,4,4
yg,17,60,48,125
ygaxxli,0,0,3,3
ygbkm,0,0,2,2
ygfc,0,0,2,2
ygfy,1,0,0,1
ygm,0,0,1,1
ygs,0,1,3,4
ygstans,0,0,2,2
ygt,0,0,1,1
ygtubfdryh,0,1,0,1
ygua,0,1,0,1
yh,8,17,10,35
yha,0,3,0,3
yhat,0,0,1,1
yhd,1,0,0,1
yhdg,0,0,2,2
yhdjrg,0,3,0,3
yhe,8,0,8,16
yher,0,0,1,1
yhey,0,1,4,5
yhh,2,1,2,5
yhhh,0,1,0,1
yhkc,0,0,1,1
yhluas,0,1,0,1
yhngzapmsbuuqgetcnvckq,0,0,1,1
yhought,0,3,0,3
yhsos,0,1,0,1
yhu,0,1,0,1
yhwh,0,0,2,2
yi,0,4,1,5
yia,0,0,1,1
yiahpoint,0,1,0,1
yiaipoint,0,0,1,1
yiannopolous,6,0,0,6
yiannopoulos,2,1,0,3
yiapoint,0,1,0,1
yiasintro,1,0,0,1
yiatbasic,0,0,2,2
yiatpoint,0,0,1,1
yiay,10,94,19,123
yiaybacis,0,1,0,1
yiaybasic,53,283,70,406
yiaychannel,1,2,3,6
yiayemoji,0,1,0,1
yiayfestish,0,1,0,1
yiayfetish,7,55,14,76
yiayintro,6,40,12,58
yiaylife,0,0,1,1
yiaynotbasic,1,0,0,1
yiaypiont,2,2,0,4
yiaypoint,74,435,120,629
yiaypoiny,0,1,0,1
yiaypont,0,2,0,2
yiays,0,1,0,1
yiayyryayirybasic,0,0,1,1
yibin,0,0,2,2
yid,5,0,5,10
yidarmy,0,3,0,3
yiddish,0,0,5,5
yield,0,0,20,20
yielded,6,0,2,8
yields,3,0,13,16
yiey,0,1,0,1
yieybasik,0,3,0,3
yifan,0,3,6,9
yiff,0,2,1,3
yiffing,0,0,1,1
yiii,0,1,0,1
yiis,0,0,3,3
yikeeesass,0,1,0,1
yikes,22,54,34,110
yin,2,3,6,11
yine,0,16,0,16
ying,1,1,8,10
yinka,0,2,0,2
yinz,0,2,0,2
yioda,0,0,2,2
yip,5,3,2,10
yipee,0,0,1,1
yippee,6,1,7,14
yippeee,0,0,1,1
yippie,0,2,2,4
yippy,0,0,1,1
yirp,0,0,1,1
yis,0,5,0,5
yishai,0,0,1,1
yisrael,3,0,0,3
yiss,0,0,2,2
yisus,1,0,0,1
yiu,8,0,12,20
yiur,0,0,6,6
yiy,1,0,0,1
yiyah,0,1,0,1
yiyeye,0,0,1,1
yiyin,0,2,0,2
yje,0,2,0,2
yjgl,0,0,3,3
yjis,0,1,0,1
yjtry,0,0,12,12
yknow,0,0,11,11
ykp,0,0,1,1
yl,0,1,0,1
yle,0,28,0,28
yledi,0,2,0,2
yleyerekmi,0,4,0,4
yleyin,0,1,0,1
ylf,0,0,1,1
yli,3,0,8,11
yll,0,0,1,1
yllenhaal,0,0,1,1
ylli,0,1,0,1
ylre,0,1,0,1
yluhtgur,0,0,3,3
ym,0,7,5,12
ymaginos,0,2,0,2
ymca,0,0,1,1
ymhgfk,0,4,0,4
yms,3,7,22,32
ynjf,0,1,0,1
ynnie,0,3,0,3
ynwa,39,20,51,110
ynxg,0,1,0,1
yo,344,874,542,1760
yoanda,0,1,0,1
yoba,0,3,0,3
yobo,0,3,0,3
yobwoc,0,6,0,6
yoda,9,9,15,33
yodak,0,2,0,2
yodasarmy,0,0,1,1
yoday,0,0,5,5
yodeling,1,0,2,3
yodelling,0,4,0,4
yodlydkzidkgzogdotsype,0,1,0,1
yoel,0,7,2,9
yog,2,8,7,17
yoga,13,25,49,87
yogart,0,2,0,2
yoghurt,0,26,24,50
yogi,0,0,4,4
yogotti,0,2,0,2
yogpod,0,15,0,15
yogurt,26,55,59,140
yogurts,0,3,0,3
yogut,0,2,0,2
yoh,0,13,2,15
yohan,0,1,0,1
yohgert,0,0,1,1
yohgurt,0,0,1,1
yohhhh,0,1,0,1
yohhhhhhhhh,0,0,4,4
yoi,0,3,5,8
yoing,0,1,0,1
yoingminds,0,2,0,2
yoins,0,2,0,2
yoir,0,1,0,1
yoj,0,1,0,1
yok,0,15,0,15
yoke,2,0,0,2
yokel,3,0,0,3
yokels,0,0,1,1
yokmu,0,2,0,2
yoko,0,4,9,13
yokobo,0,4,0,4
yokozuna,0,1,1,2
yoksa,0,3,0,3
yokyo,0,0,5,5
yolada,0,1,0,1
yolana,0,1,0,1
yolanda,18,72,51,141
yolandas,0,0,5,5
yolandi,4,4,1,9
yolando,0,0,1,1
yolaween,0,1,0,1
yoli,0,2,0,2
yolk,6,9,14,29
yolks,0,8,4,12
yolla,0,1,0,1
yollanda,0,0,2,2
yollonda,0,1,0,1
yollow,0,0,1,1
yolo,1,8,4,13
yolonda,0,2,0,2
yom,0,7,0,7
yomamom,0,2,0,2
yombah,0,3,0,3
yomenai,0,3,0,3
yon,3,4,0,7
yonezu,0,0,2,2
yong,3,1,6,10
yonger,0,0,1,1
yongi,0,0,1,1
yongyea,2,0,0,2
yonkers,0,1,0,1
yonlar,0,1,0,1
yoo,9,24,16,49
yoofs,0,0,2,2
yoohoo,0,0,4,4
yoohoos,0,0,1,1
yoon,2,3,6,11
yoongi,8,13,25,46
yoongiiii,0,1,0,1
yoongis,0,0,1,1
yoonmin,0,4,1,5
yooo,6,40,26,72
yoooo,7,22,19,48
yoooolanda,0,1,0,1
yooooo,1,17,2,20
yoooooo,6,13,4,23
yooooooo,0,2,4,6
yoooooooo,0,2,1,3
yooooooooo,0,0,1,1
yoooooooooo,0,3,1,4
yooooooooooo,0,1,2,3
yoooooooooooo,1,0,1,2
yooooooooooooo,0,0,1,1
yoooooooooooooo,0,2,0,2
yooooooooooooooo,0,1,0,1
yooooooooooooooooooooo,0,4,0,4
yooooooooooooooooooooooooooooooooo,0,1,0,1
yoooooooooooooooooooooooooooooooooooo,0,4,0,4
yoooooooou,0,0,4,4
yoooooouuu,0,0,5,5
yooooostr,0,1,0,1
yooooou,0,3,0,3
yooooouuu,0,0,1,1
yooooouuuuuu,0,2,0,2
yoooou,0,3,3,6
yoooour,3,0,0,3
yoooourrrrr,0,1,0,1
yoooouuurrr,0,1,0,1
yoooouuuuu,0,0,1,1
yooou,4,1,1,6
yooour,0,1,0,1
yoosung,2,0,0,2
yoou,0,4,0,4
yoouu,0,0,2,2
yoouuu,0,0,1,1
yoouuuuuu,1,0,0,1
yoouuuuuuu,0,0,1,1
yoouuuuuuuuuuuu,0,0,3,3
yooz,0,0,1,1
yop,0,1,0,1
yoqoutes,0,1,0,1
yoquotes,0,6,0,6
yor,0,10,15,25
yore,0,5,0,5
yorgos,5,10,6,21
yori,0,0,1,1
york,85,10,292,387
yorke,1,25,12,38
yorker,1,0,17,18
yorkers,7,0,21,28
yorkie,2,1,0,3
yorkshire,5,3,29,37
yorlar,0,1,0,1
yormusun,0,0,2,2
yorsan,0,1,0,1
yorself,0,0,4,4
yorsun,0,2,3,5
yoruba,0,0,3,3
yorum,0,10,0,10
yorumu,0,3,0,3
yoruz,0,4,0,4
yos,0,1,0,1
yosecond,0,0,3,3
yosef,0,0,5,5
yoself,1,0,1,2
yosemite,0,0,4,4
yoseob,2,2,8,12
yoseobie,2,0,0,2
yoseop,0,1,0,1
yoshi,3,20,6,29
yoshino,0,1,0,1
yoshinori,0,0,1,1
yosief,0,0,1,1
yoslf,0,0,3,3
yoso,0,1,0,1
yote,0,7,0,7
yotube,10,0,0,10
you,34488,37531,148831,220850
youa,0,1,2,3
youaer,0,0,4,4
youalreadyknow,0,2,0,2
youare,0,2,4,6
youareabeautifulsoul,0,1,0,1
youaremylastjedi,0,0,1,1
youaresoprettybeautifulfunntandtalented,0,7,0,7
youbdont,0,0,2,2
youbeenhaunted,0,0,1,1
youcanhardlyherescott,0,2,0,2
youcantsavetheworldalone,0,1,0,1
youch,0,0,2,2
youclickbateyfuck,0,1,0,1
youd,0,3,24,27
youdislike,0,1,0,1
youdoing,0,6,0,6
youe,0,0,3,3
youfatlard,0,0,1,1
youguys,0,0,2,2
youhelping,0,0,2,2
youis,0,0,1,1
youknow,2,0,1,3
youknowhatimsayin,0,1,0,1
youl,1,0,0,1
youlike,0,0,2,2
youll,13,13,49,75
youmadeikonicsproud,0,0,1,1
youn,0,0,1,1
younewirse,0,0,2,2
young,358,10,1822,2190
youngblood,0,1,1,2
youngbloodchronicles,1,0,0,1
youngbloods,0,0,1,1
youngboy,3,3,1,7
youngcalifornia,0,0,2,2
youngdolph,0,0,1,1
younge,0,1,0,1
youngen,0,1,1,2
younger,120,118,446,684
youngers,0,5,0,5
youngerselfs,0,1,0,1
youngest,2,50,42,94
youngestttttt,0,1,0,1
younget,0,0,1,1
youngfly,0,0,2,2
younggg,0,1,0,1
youngin,0,1,0,1
youngins,2,1,1,4
youngjae,0,1,5,6
youngling,0,0,3,3
younglings,0,1,0,1
youngman,0,1,0,1
youngmin,0,2,0,2
youngn,1,0,0,1
youngpoppa,0,0,2,2
youngr,0,0,1,1
youngsta,1,0,0,1
youngster,0,0,9,9
youngsters,0,0,38,38
youngthugggggggggeeeerrrrrrrrrrrrr,0,4,0,4
younique,0,1,0,1
younwill,0,0,1,1
youpeople,4,0,0,4
youporn,0,0,2,2
your,9584,10532,52268,72384
yourblucky,4,0,0,4
yourcaring,4,0,0,4
yourdelf,0,0,1,1
youre,125,133,361,619
youreself,0,0,1,1
yourewelcome,0,2,0,2
yourfired,0,0,4,4
yourharto,0,0,3,3
youri,0,1,0,1
yourlittlelove,0,0,3,3
yourmusic,0,0,1,1
yourofsky,0,0,1,1
yourr,0,1,4,5
yourrr,0,0,1,1
yourrrrr,0,0,1,1
yours,87,93,1096,1276
yourseld,0,0,1,1
yourself,569,341,1927,2837
yourselff,0,0,3,3
yourselfs,1,1,1,3
yourselves,60,13,105,178
yous,18,21,56,95
youse,0,0,2,2
yousef,0,2,1,3
youself,0,5,6,11
yousellout,0,2,0,2
yousendtherecipe,0,8,0,8
youshoulbeloved,0,0,4,4
youst,0,0,1,1
youstart,1,0,0,1
yout,0,0,10,10
youtalm,0,0,2,2
youtbe,0,0,1,1
youtber,0,0,2,2
youth,38,27,134,199
youthank,0,0,1,1
youthber,0,2,0,2
youthbike,1,0,0,1
youthful,0,0,36,36
youths,4,2,11,17
youtibe,0,0,1,1
youtou,0,3,0,3
youtu,0,13,7,20
youtub,0,1,0,1
youtubah,0,0,1,1
youtubbers,2,0,1,3
youtube,1162,1464,3976,6602
youtubebribes,0,7,0,7
youtubechannel,0,1,2,3
youtubed,0,1,2,3
youtubeda,0,3,0,3
youtubeeeee,0,0,2,2
youtubeer,0,0,4,4
youtubeforartsts,0,1,0,1
youtubefuck,0,3,0,3
youtuber,141,174,759,1074
youtubered,0,0,2,2
youtuberr,0,1,1,2
youtubers,318,105,721,1144
youtubersss,0,0,1,1
youtubes,12,2,13,27
youtubesensation,0,7,0,7
youtubeuse,0,7,0,7
youtubeuses,0,0,2,2
youtubing,1,2,6,9
youtubr,3,0,5,8
youtune,0,3,0,3
youtuuber,0,0,1,1
youtuuuuuuuuuuuuuube,4,0,0,4
youtuve,0,0,2,2
youtybe,0,0,1,1
youu,12,11,30,53
youuree,0,1,0,1
youutber,0,1,0,1
youutube,2,0,0,2
youuu,4,20,88,112
youuuu,7,26,64,97
youuuur,0,0,1,1
youuuutubbbeeeeeee,0,0,1,1
youuuuu,1,6,39,46
youuuuuu,0,8,12,20
youuuuuuu,1,1,10,12
youuuuuuuu,0,4,4,8
youuuuuuuuu,0,6,1,7
youuuuuuuuuu,0,2,0,2
youuuuuuuuuuu,1,0,2,3
youuuuuuuuuuuu,0,2,0,2
youuuuuuuuuuuuu,0,0,1,1
youuuuuuuuuuuuuu,0,0,5,5
youuuuuuuuuuuuuuuu,0,0,1,1
youuuuuuuuuuuuuuuuu,0,0,1,1
youuuuuuuuuuuuuuuuuuuuu,0,0,1,1
youuuuuuuuuuuuuuuuuuuuuuuuuuuuuuuu,0,0,2,2
youuuuuuuuuuuuuuuuuuuuuuuuuuuuuuuuuuuuuuuuuu,0,0,1,1
youv,1,0,0,1
youve,17,21,56,94
youx,0,0,1,1
youxx,0,0,1,1
youyy,0,0,1,1
youz,0,0,1,1
yow,1,2,6,9
yowak,0,0,1,1
yowsa,0,0,1,1
yowwww,0,0,1,1
yowza,1,0,0,1
yowzerrzz,0,3,0,3
yoy,7,2,2,11
yoyo,2,11,10,23
yoyoing,0,1,0,1
yoza,0,1,0,1
yp,1,1,1,3
ypoouuuu,0,1,0,1
ypu,5,3,17,25
ypur,6,0,2,8
yq,0,6,0,6
yr,28,25,163,216
yrah,0,0,1,1
yrc,0,0,2,2
yrn,0,4,0,4
yrold,0,0,1,1
yrp,0,2,0,2
yrs,44,25,158,227
yrself,1,0,0,1
yrselves,5,0,0,5
yruz,0,1,0,1
yrz,0,0,1,1
ys,3,2,1,6
ysac,12,13,15,40
ysacism,0,2,0,2
ysae,0,0,2,2
ysbh,0,1,0,1
yse,0,1,0,1
ysl,5,15,24,44
ysolde,1,0,0,1
ysw,0,4,0,4
ysz,0,6,0,6
ysza,0,12,0,12
ysze,0,2,0,2
yt,50,67,156,273
ytb,0,4,1,5
ytber,0,1,0,1
ytbers,0,1,0,1
ytd,0,0,2,2
yte,0,1,0,1
yter,0,1,0,1
yters,0,1,3,4
ytf,0,8,0,8
ytff,3,0,0,3
ytffinmanila,3,0,0,3
ytpak,1,0,0,1
ytr,0,0,3,3
ytterp,0,4,0,4
ytube,0,0,3,3
ytubers,2,0,0,2
ytubes,0,0,1,1
ytwtiekyhg,0,1,0,1
yu,25,23,24,72
yuban,0,5,0,5
yucat,0,0,1,1
yucatan,0,0,4,4
yucateco,0,0,4,4
yuck,14,36,17,67
yuckerds,0,0,5,5
yucks,0,3,0,3
yucky,0,7,10,17
yuckyuck,0,1,0,1
yudkin,1,0,0,1
yue,0,1,0,1
yuen,0,0,10,10
yuge,0,6,0,6
yugeom,0,0,1,1
yugi,4,0,0,4
yugioh,2,1,1,4
yugoslavia,1,17,2,20
yugyeom,0,0,5,5
yuh,1,7,17,25
yuhhh,0,0,1,1
yuhhhhhhhhhhhhhhhhhh,0,1,0,1
yuhu,0,1,0,1
yuhui,6,5,0,11
yuju,0,5,5,10
yuk,17,16,1,34
yuka,0,0,3,3
yukalaylee,0,0,7,7
yukari,0,2,0,2
yuke,0,4,0,4
yukkkkkkk,0,2,0,2
yukmouth,0,2,0,2
yukon,0,1,0,1
yul,5,0,1,6
yuli,0,0,1,1
yulia,0,0,6,6
yulk,0,1,0,1
yum,22,95,112,229
yuma,4,1,1,6
yumcha,0,0,1,1
yumi,0,5,0,5
yumm,0,4,14,18
yummayy,0,0,8,8
yummeyh,0,1,0,1
yummi,0,1,0,1
yummie,0,1,0,1
yummieeeeee,0,2,0,2
yummiest,0,6,0,6
yumminess,0,0,3,3
yummm,0,11,16,27
yummmm,0,4,0,4
yummmmehhhhhh,0,5,0,5
yummmmm,0,6,6,12
yummmmmmmy,0,6,0,6
yummmmmy,0,5,0,5
yummmn,0,5,0,5
yummmy,0,4,0,4
yummy,16,186,129,331
yummylicious,0,1,0,1
yun,0,2,0,2
yung,6,24,14,44
yungen,1,0,0,1
yungpagiging,0,0,1,1
yungswiff,0,0,1,1
yunho,2,30,31,63
yunhodrop,0,1,0,1
yunhoooo,0,2,0,2
yunhoooooo,0,1,0,1
yunicorn,1,0,0,1
yunnan,0,0,12,12
yunno,4,0,0,4
yuno,1,0,0,1
yuo,1,11,3,15
yuogoslavia,0,0,3,3
yuotubers,0,0,1,1
yup,36,87,87,210
yuphadtopourit,0,0,1,1
yupp,0,0,1,1
yuppie,3,3,4,10
yuppies,2,0,1,3
yupppppp,0,4,0,4
yur,2,7,13,22
yuri,2,6,4,12
yurik,1,0,0,1
yurio,0,2,0,2
yurs,0,0,1,1
yursaal,0,0,1,1
yus,5,1,0,6
yussss,0,0,7,7
yusssss,0,1,1,2
yusssssss,0,1,0,1
yust,0,1,0,1
yusuf,0,1,0,1
yutani,0,5,0,5
yute,2,0,0,2
yutube,0,2,0,2
yutubers,1,0,0,1
yuu,0,1,0,1
yuudaboon,0,1,0,1
yuukk,0,0,2,2
yuuuge,0,0,2,2
yuuum,0,0,3,3
yuuuu,3,0,0,3
yuuuuge,0,0,1,1
yuuuum,0,0,5,5
yuuuumm,0,1,0,1
yuuuummmmy,0,1,0,1
yuuuus,0,0,8,8
yuuuuu,0,1,0,1
yuuuuugeee,0,4,0,4
yuuuuummmmmmmmmyyyyyyyy,0,7,0,7
yuuuuuuhhhhh,0,1,0,1
yuuuuuuuge,0,1,0,1
yuuuuuuus,0,0,3,3
yuuuuuuuuuuuuussssssssss,0,4,0,4
yuval,0,0,2,2
yuxin,2,0,0,2
yvbt,0,0,4,4
yveltal,2,0,0,2
yves,0,0,2,2
yvette,4,0,0,4
yvo,0,0,1,1
yvonne,0,1,1,2
yw,0,0,2,2
ywam,0,2,0,2
ywfzyff,2,0,0,2
ywu,0,2,0,2
ywwbm,0,0,6,6
yxng,0,0,1,1
yy,1,3,1,5
yyaaaa,0,1,0,1
yyaaaaaaassss,0,3,0,3
yyaaaaaaasssssss,0,1,0,1
yyaaaaaasssss,0,7,0,7
yyaaaaas,0,2,0,2
yyaaasss,1,0,0,1
yyaaasssss,0,2,0,2
yyaass,0,1,0,1
yyass,0,1,0,1
yyayayaya,0,0,1,1
yybfucyuyyfbg,0,0,2,2
yycvybgbgyxbbcybxgcbxhhybgtbhhygbfxcybbhxythhybhbyxgcgthxythygthcyxghthbcvcybxhbhthybccbgycghxyhcbygtxhcbygvhxybgcybbycbygxhgbyyggbycybghxybhggcyxhbghyhgbghgyghgthyhbgcybycbyxhygxvghyhygbccygthc,0,0,2,2
yyeeaass,3,0,0,3
yyeeahhh,0,2,0,2
yyhrhtjfjjtbufnungitnit,0,2,0,2
yyivm,0,2,0,2
yyllenhaal,0,0,1,1
yyou,0,1,0,1
yyy,0,0,1,1
yyyaaaaaaaaayyyyyy,0,0,2,2
yyyaaaaah,0,2,0,2
yyyaaasssss,0,1,0,1
yyyeaah,0,1,0,1
yyyeeeaaaahh,0,1,0,1
yyyeeeaaahh,0,2,0,2
yyyeeeeeaaah,0,3,0,3
yyyeeeeessss,0,0,2,2
yyyeeesss,0,4,1,5
yyyeeessssss,0,0,1,1
yyyyaaaassssss,0,1,0,1
yyyyaaassss,0,1,0,1
yyyyarrrrrrrrraakkkkk,0,1,0,1
yyyyeeeeeeeeeeeeeeeeeeeeeeeeeeeeeeeeeeeeeeeeeeeeeeeeeeeeeeeeeeeeeeeeeeeeeeeeeeeeeeeeeeeeeeeeeeeeeeeeeeeeeeeeeeeeeeeeeeeeeeeesssssssss,0,5,0,5
yyyyeeeesssssss,0,4,0,4
yyyyeeeesssssssssssssssss,0,1,0,1
yyyyeeesss,0,1,0,1
yyyyooouufff,0,0,2,2
yyyyuuyuassssddd,0,2,0,2
yyyyy,0,1,0,1
yyyyyaaaaaaa,0,1,0,1
yyyyyaaaaaaaassssssss,0,1,0,1
yyyyyaaaassssss,0,2,0,2
yyyyyooooooo,1,0,0,1
yyyyyyuuuuuuummmmmmmyyyy,0,2,0,2
yyyyyyyyabo,0,1,0,1
yyyyyyyyeahhhhhhh,1,0,0,1
yyyyyyyyeeeesssssssssss,0,4,0,4
yyyyyyyyyyyyaaaaaaaaaaaarrrrrrrrrrraaaaaaaaaaaaammmmmmmmmiiiiiiiiiii,0,1,0,1
yyyyyyyyyyyyy,0,1,0,1
yyyyyyyyyyyyyaaaaaaas,0,1,0,1
yyyyyyyyyyyyyi,0,1,0,1
yyyyyyyyyyyyyyyyyyaaaaaaaaaaaaaaaaayyyyyyyyyyyyyyyyyy,0,1,0,1
yyyyyyyyyyyyyyyyyyyyyyyy,1,0,0,1
yyyyyyyyyyyyyyyyyyyyyyyyyyaaaaaaaaaaaaasssssssssssssssssss,0,1,0,1
yyyyyyyyyyyyyyyyyyyyyyyyyyyyi,0,1,0,1
yyyyyyyyyyyyyyyyyyyyyyyyyyyyyyy,1,0,0,1
yzerman,0,1,0,1
yzsaer,0,1,0,1
za,0,58,14,72
zaaaacccccccc,0,0,1,1
zaambie,0,0,8,8
zabaleta,0,4,0,4
zabdi,0,2,0,2
zabdiel,1,8,0,9
zabeila,1,0,0,1
zaboca,0,7,0,7
zabriskie,0,1,0,1
zabrzmia,0,1,0,1
zabulunite,0,0,3,3
zac,30,39,64,133
zacalicious,0,2,1,3
zaccccc,0,2,0,2
zach,8,22,16,46
zacharrrrryryyryryyryrrrr,0,2,0,2
zachary,0,7,2,9
zacharymerrick,0,3,0,3
zacharyyyyyyyyyyyyyyyyyyyyy,0,1,0,1
zachodz,0,2,0,2
zacilious,0,1,0,1
zack,11,11,43,65
zackalishous,0,14,0,14
zaclicious,0,0,1,1
zacs,0,1,0,1
zacz,0,5,2,7
zaczynam,0,2,0,2
zaddies,0,1,0,1
zaddy,0,15,1,16
zadiel,0,1,0,1
zadowolony,0,1,0,1
zaebis,0,1,0,1
zafrramqmb,9,0,0,9
zaful,10,5,7,22
zag,0,1,6,7
zaga,0,1,0,1
zagat,0,2,0,2
zagoruychenko,0,0,6,6
zagra,0,3,0,3
zagueiros,0,1,0,1
zah,0,0,4,4
zaha,0,8,23,31
zahra,0,0,1,1
zain,1,2,2,5
zaire,0,0,4,4
zaireah,0,3,0,3
zajebista,0,3,0,3
zak,0,7,4,11
zakaria,0,5,0,5
zakaza,0,2,0,2
zakdylanmorris,0,0,1,1
zako,0,0,2,2
zakochalam,0,2,0,2
zakompleksiona,0,2,0,2
zakopane,0,3,0,3
zakrywa,0,4,0,4
zakrywam,0,2,0,2
zakrywania,0,2,0,2
zakynthos,0,2,0,2
zal,2,7,5,14
zalega,0,3,0,3
zalfie,3,12,45,60
zalfieeeee,0,0,5,5
zalfieforlife,0,2,0,2
zalika,1,0,0,1
zalmuron,2,8,0,10
zaltana,1,0,0,1
zalupa,0,1,0,1
zaman,0,11,1,12
zamann,0,3,0,3
zamen,0,1,0,1
zamer,0,0,1,1
zamgamer,0,0,1,1
zamiast,0,5,0,5
zamienia,0,2,0,2
zamieszania,0,2,0,2
zamkn,0,4,0,4
zamn,0,1,0,1
zamora,0,2,0,2
zamperini,0,0,2,2
zamyka,0,3,0,3
zanahorio,0,1,0,1
zane,1,9,8,18
zanessa,0,0,1,1
zaneti,0,0,2,2
zanetti,0,0,6,6
zanex,0,0,4,4
zangeifs,0,0,6,6
zangief,4,0,4,8
zankia,0,0,2,2
zannettim,0,2,0,2
zante,1,2,1,4
zap,0,12,1,13
zapacosta,4,0,5,9
zapala,0,2,0,2
zapalony,0,3,0,3
zapatero,0,0,1,1
zapato,0,2,0,2
zapatos,0,1,2,3
zapatrywa,0,3,0,3
zapisania,0,3,0,3
zapp,0,0,1,1
zappa,0,17,7,24
zappacosta,13,49,76,138
zappacostaaaaa,0,4,0,4
zapped,4,0,17,21
zapper,0,2,3,5
zappers,0,2,0,2
zapping,0,2,0,2
zaproszenie,0,3,0,3
zaps,0,0,7,7
zara,18,37,211,266
zaraaaaaa,0,2,0,2
zarabotok,0,0,5,5
zaragoza,0,0,5,5
zarah,0,0,2,2
zaralarsson,0,1,0,1
zarathustra,0,1,0,1
zaraz,0,6,0,6
zarazem,0,5,0,5
zari,0,1,0,1
zark,0,2,0,2
zarks,0,2,0,2
zarthura,0,1,0,1
zarya,0,11,0,11
zaskakujace,0,2,0,2
zasran,0,3,0,3
zaszczyt,0,2,0,2
zat,0,1,0,1
zatanna,1,0,1,2
zatarains,0,0,2,2
zaten,0,1,0,1
zations,0,0,2,2
zatrudni,0,1,0,1
zauber,0,0,4,4
zauwa,0,2,0,2
zav,0,0,1,1
zave,0,1,0,1
zaw,0,2,0,2
zawsze,0,17,0,17
zawwmbie,0,5,0,5
zawwwmbie,0,10,0,10
zay,0,3,3,6
zaya,0,0,6,6
zayn,3,111,105,219
zayne,0,0,1,1
zayni,0,3,0,3
zayns,1,0,7,8
zaytoven,0,22,1,23
zayum,0,0,1,1
zaz,0,0,2,2
zazi,0,1,0,1
zbigniew,1,0,0,1
zbudowana,0,3,0,3
zbyt,0,2,0,2
zbytnio,0,2,0,2
zcould,0,0,1,1
zcyx,0,0,1,1
zd,0,10,0,10
zdaj,0,3,0,3
zdawalem,0,2,0,2
zdazalo,0,2,0,2
zdecydowa,0,0,2,2
zden,0,2,0,2
zdj,0,1,0,1
zdrowie,0,2,0,2
zdrowiem,0,0,2,2
zduno,0,3,0,3
ze,4,120,44,168
zealand,37,0,191,228
zealanddddddddddddddddddddddddddddddddddd,0,0,1,1
zealander,0,0,2,2
zealnd,0,0,1,1
zealot,0,0,2,2
zealots,0,0,6,6
zealous,2,0,0,2
zealously,1,0,3,4
zeautiful,0,1,0,1
zebidee,0,0,1,1
zebra,0,0,3,3
zebrac,0,3,0,3
zebras,0,0,7,7
zeby,0,6,0,6
zechariah,0,0,12,12
zed,2,3,2,7
zedd,8,40,51,99
zeddness,0,0,1,1
zedong,5,0,2,7
zeds,0,0,4,4
zee,0,3,1,4
zeeb,0,4,0,4
zeed,0,0,1,1
zeee,0,0,3,3
zeeer,0,0,1,1
zeen,0,0,1,1
zeena,0,2,0,2
zefrank,0,3,0,3
zefside,0,2,0,2
zeg,0,2,0,2
zeggen,0,0,2,2
zeggys,0,3,0,3
zegt,0,1,2,3
zehir,0,3,0,3
zei,0,1,0,1
zeiam,0,1,0,1
zeiden,0,1,0,1
zeigler,0,3,0,3
zeilinger,0,1,0,1
zeit,0,1,0,1
zeitgeist,0,1,2,3
zeitspanne,1,0,0,1
zeke,2,1,0,3
zeker,0,3,5,8
zel,0,30,7,37
zelda,11,28,21,60
zeldas,0,1,0,1
zeldin,0,0,2,2
zelest,0,0,6,6
zelf,1,8,5,14
zelfde,0,1,0,1
zelfs,0,3,1,4
zelfvertrouwen,0,1,0,1
zella,0,1,0,1
zellweger,0,0,1,1
zelmi,0,4,0,4
zeman,0,0,5,5
zemdegs,0,3,0,3
zement,0,2,0,2
zemira,0,0,1,1
zen,8,12,7,27
zenaida,0,0,1,1
zenay,0,0,1,1
zendaya,0,10,1,11
zendayaaaaaa,0,1,0,1
zene,0,1,0,1
zenfone,4,8,1,13
zengle,0,1,0,1
zenica,0,0,1,1
zenmetsu,2,0,0,2
zenofon,0,0,4,4
zenomorphs,0,1,0,1
zenor,0,0,7,7
zenti,0,3,0,3
zentradi,0,1,0,1
zenuwachtig,0,1,0,1
zeon,0,1,1,2
zepam,3,0,0,3
zephaniah,0,0,6,6
zeppelin,2,1,11,14
zepplin,0,0,4,4
zerdan,0,1,0,1
zerdin,0,2,4,6
zerg,0,0,9,9
zergling,0,3,1,4
zerglings,0,3,3,6
zerine,0,1,0,1
zero,84,106,175,365
zeroed,0,1,0,1
zeroes,0,0,3,3
zeroh,0,2,0,2
zeroooooooo,1,0,0,1
zeros,2,0,2,4
zerresietehhh,0,2,0,2
zerst,1,1,0,2
zervos,0,3,0,3
zesp,0,3,0,3
zest,1,8,1,10
zesz,0,2,0,2
zet,0,1,1,2
zethus,1,0,0,1
zetten,0,1,0,1
zeus,1,20,24,45
zevk,0,0,1,1
zewn,0,4,0,4
zeyde,0,1,0,1
zeynep,0,0,2,2
zfrank,0,0,3,3
zg,0,10,0,10
zgadzam,0,8,0,8
zgallerie,0,1,0,1
zhe,0,0,2,2
zhengsheng,0,1,0,1
zhenophon,0,2,0,2
zhong,1,0,0,1
zhora,0,1,3,4
zhu,2,8,13,23
zhutastic,0,1,0,1
zi,1,17,4,22
zia,0,1,0,1
ziad,0,0,1,1
ziam,0,8,5,13
zias,0,16,0,16
zidan,0,1,0,1
zidane,0,13,7,20
zidon,0,0,3,3
zie,0,1,4,5
ziegler,1,10,10,21
zieh,0,0,1,1
ziek,0,6,1,7
zieke,0,2,0,2
ziekte,0,0,2,2
zielarz,3,0,0,3
zielger,1,0,0,1
zielisnki,0,5,0,5
ziemia,0,1,0,1
zien,1,5,2,8
ziet,0,0,2,2
zig,39,0,9,48
zigerian,0,1,0,1
zigga,6,0,0,6
ziggi,0,0,2,2
ziggurats,0,0,1,1
ziggurts,0,0,1,1
ziggy,9,15,0,24
ziggys,1,0,0,1
zigler,0,1,0,1
zigma,1,0,0,1
zigong,0,1,32,33
zigzag,0,1,1,2
zij,0,6,1,7
zijn,2,78,45,125
zik,0,3,0,3
zika,0,3,2,5
ziklit,0,0,6,6
zikonightcore,0,0,8,8
zil,6,27,16,49
zileaphone,0,1,0,1
zillas,1,0,0,1
zillion,1,0,3,4
zillionth,0,6,0,6
zim,4,0,9,13
zimbabwe,4,1,8,13
zimmer,6,22,40,68
zimmerman,1,4,10,15
zimonzia,0,1,0,1
zin,0,2,0,2
zinc,0,0,23,23
zindabad,0,1,0,1
zinedine,0,2,0,2
zing,0,7,11,18
zingari,0,1,0,1
zinger,2,2,1,5
zingers,0,0,1,1
zingggggg,0,0,2,2
zinging,0,0,1,1
zings,0,5,0,5
zink,0,0,1,1
zins,0,2,0,2
ziomvane,0,1,1,2
zion,3,48,28,79
zionism,6,0,7,13
zionist,23,11,36,70
zionists,15,5,29,49
zionnnnn,0,2,0,2
zions,0,2,0,2
ziont,1,0,0,1
zip,1,22,53,76
zipchip,0,1,0,1
zipline,0,0,1,1
ziploc,0,0,3,3
ziplock,5,0,7,12
zipp,0,0,1,1
zipped,0,0,7,7
zipper,0,13,15,28
zippered,0,2,0,2
zippers,1,0,0,1
zippies,0,0,2,2
zippo,0,0,1,1
zips,1,0,4,5
zirconia,0,0,18,18
zirol,0,0,3,3
zis,0,1,0,1
ziss,0,0,2,2
zit,0,14,9,23
zita,0,0,1,1
zits,1,0,4,5
zitten,0,1,0,1
zivils,5,0,0,5
zizi,0,9,0,9
zizou,0,2,0,2
zizzi,0,2,0,2
zj,0,2,0,2
zjem,0,2,0,2
zjxjansbsbsbssbb,0,1,0,1
zkbgley,0,0,6,6
zkcjdkdk,0,1,0,1
zkpwycl,0,0,1,1
zl,1,4,2,7
zla,0,1,0,1
zlatan,11,0,10,21
zlatancosta,0,0,4,4
zle,0,6,1,7
zmaga,0,2,0,2
zmagam,0,6,2,8
zmfdb,0,1,0,1
zmia,3,0,0,3
zmiana,0,0,1,1
zmiany,0,6,0,6
zmniejsza,0,2,0,2
zmove,0,4,4,8
zn,0,5,0,5
znaczenia,0,2,0,2
znajd,0,3,0,3
znajomy,0,3,0,3
znajomymi,0,2,0,2
znalaz,0,1,0,1
znalezisko,0,3,0,3
znanej,0,3,0,3
znati,0,0,1,1
znika,0,0,2,2
znikn,0,2,0,2
znnnnnnnnnnnnnnnn,0,1,0,1
znow,0,4,0,4
znvkgbergjzf,0,0,3,3
zo,9,63,81,153
zoals,1,5,0,6
zobacz,0,3,0,3
zobaczy,0,4,1,5
zobaczysz,0,1,0,1
zobie,0,0,2,2
zocht,0,1,0,1
zod,6,3,8,17
zodat,0,3,0,3
zodiac,2,11,7,20
zoe,79,249,873,1201
zoee,0,2,0,2
zoeee,0,0,5,5
zoeeeee,0,0,6,6
zoeeeeeeee,0,7,0,7
zoeellaaa,0,1,0,1
zoek,0,1,0,1
zoella,12,112,146,270
zoellas,0,7,2,9
zoellllaaaaaa,0,1,0,1
zoelly,1,0,0,1
zoes,4,19,23,46
zoeva,3,0,23,26
zoey,0,6,20,26
zohan,0,0,1,1
zohopublic,0,0,1,1
zohore,0,0,5,5
zohour,0,1,0,1
zoidberg,0,3,6,9
zoids,0,1,2,3
zoie,0,1,0,1
zoinks,0,7,0,7
zokito,0,0,1,1
zola,0,3,1,4
zolang,0,1,0,1
zolanski,0,0,1,1
zolle,0,5,0,5
zolo,2,3,0,5
zoloft,3,0,7,10
zoloph,1,0,0,1
zoltan,1,0,0,1
zom,0,9,0,9
zomb,0,4,1,5
zombabe,0,0,1,1
zombaby,0,1,2,3
zombae,0,14,2,16
zombaebee,0,1,0,1
zombaes,0,2,0,2
zombeavers,0,1,0,1
zombee,0,12,11,23
zombeebae,0,2,0,2
zombi,0,3,1,4
zombie,121,130,107,358
zombieland,0,3,0,3
zombiella,0,4,0,4
zombies,40,36,46,122
zomer,0,1,0,1
zomma,0,1,0,1
zon,0,1,0,1
zona,0,5,0,5
zondeland,0,1,0,1
zonder,0,1,0,1
zonderland,0,1,0,1
zonderling,0,1,0,1
zone,65,116,195,376
zoned,3,2,7,12
zones,12,1,16,29
zong,0,0,4,4
zonked,0,0,1,1
zont,0,3,0,3
zonzi,2,2,0,4
zoo,26,17,73,116
zooey,0,1,0,1
zooked,0,0,1,1
zoolander,0,13,4,17
zoom,19,64,73,156
zooma,0,5,0,5
zoombie,0,0,3,3
zoombies,0,3,0,3
zoomed,13,7,15,35
zooming,2,2,13,17
zooms,2,2,1,5
zoon,0,3,1,4
zoonosis,3,0,0,3
zoonotic,0,0,2,2
zoontje,0,1,1,2
zooo,0,5,1,6
zooom,0,1,0,1
zooommmm,1,0,0,1
zoooo,0,2,0,2
zooooo,0,3,0,3
zooooom,0,1,0,1
zoooooo,0,1,0,1
zoooooommmm,0,1,0,1
zooooooommmmm,0,2,0,2
zoooooooo,0,1,0,1
zooooooooi,0,1,0,1
zooooooooo,0,0,1,1
zooooovieeeeee,0,2,0,2
zooropa,2,0,1,3
zoos,4,7,4,15
zoot,8,1,0,9
zootopia,1,9,3,13
zootv,0,0,1,1
zoovier,0,0,2,2
zopiclone,0,0,1,1
zopotamadre,0,4,0,4
zor,0,0,1,1
zora,1,0,2,3
zoras,1,0,2,3
zorb,0,3,22,25
zorba,0,4,0,4
zorbed,0,0,1,1
zorbs,0,0,1,1
zorn,0,0,4,4
zoroastrian,0,1,0,1
zorra,0,2,0,2
zorras,0,1,0,1
zorrillo,0,2,0,2
zorrita,0,1,0,1
zose,0,0,2,2
zosta,0,9,0,9
zostaj,0,2,0,2
zostan,0,2,0,2
zostawia,0,2,0,2
zot,0,0,1,1
zote,0,0,2,2
zou,2,109,48,159
zouden,0,1,1,2
zouiten,0,0,2,2
zouk,0,1,0,1
zoukout,0,0,1,1
zoveel,0,1,0,1
zow,0,0,1,1
zowel,0,0,1,1
zoya,3,0,0,3
zozo,0,1,0,1
zpz,0,0,3,3
zquad,0,1,0,1
zquez,0,4,0,4
zrobi,0,9,0,9
zrobic,0,3,0,3
zrobil,0,1,0,1
zrobione,0,2,0,2
zrodlowy,0,2,0,2
zrozumialem,0,0,1,1
zrozumie,0,6,0,6
zrujnowa,0,2,0,2
zs,2,0,1,3
zsa,1,0,0,1
zshe,0,0,2,2
zsquad,1,0,0,1
zstrip,0,0,1,1
zszed,0,2,0,2
zte,0,7,3,10
zttafg,0,0,20,20
zu,0,25,10,35
zub,0,1,0,1
zubair,1,0,0,1
zuboff,0,0,1,1
zucchini,0,0,7,7
zuccini,1,0,0,1
zuck,1,0,0,1
zucker,0,2,1,3
zuckerberg,1,0,4,5
zue,0,3,0,3
zueiro,1,0,0,1
zuenas,0,1,0,1
zuero,0,2,0,2
zues,2,3,0,5
zueses,0,1,0,1
zugriff,1,0,0,1
zugriffsrechte,1,0,0,1
zuhause,0,1,0,1
zuk,0,0,2,2
zuko,0,1,0,1
zukommen,0,4,0,4
zukunft,0,6,0,6
zul,0,2,0,2
zula,0,6,2,8
zulawski,0,0,1,1
zulily,0,0,1,1
zulke,0,3,0,3
zullen,0,3,0,3
zultar,1,0,0,1
zulu,0,5,2,7
zulul,0,1,0,1
zum,0,12,3,15
zuma,6,4,0,10
zumba,0,4,1,5
zumblebee,0,3,0,3
zumies,1,0,0,1
zumo,0,2,0,2
zumwalt,0,5,1,6
zune,0,4,0,4
zupe,0,3,1,4
zupo,0,1,0,1
zur,0,1,0,1
zurich,4,2,3,9
zuripons,0,1,0,1
zurita,0,2,0,2
zurollt,0,1,0,1
zus,0,1,0,1
zuschauen,0,1,0,1
zuse,0,2,1,3
zussman,0,0,2,2
zuus,0,0,2,2
zuzakt,0,1,0,1
zuzu,0,0,4,4
zwaaluwenlaan,0,1,0,1
zwalcza,0,2,0,2
zwalona,0,3,0,3
zwar,0,16,0,16
zware,0,1,0,1
zwarte,0,0,1,1
zweig,0,0,4,4
zweiten,0,2,0,2
zwo,0,0,3,3
zwolnic,0,0,1,1
zwyczajne,0,2,0,2
zx,0,5,8,13
zxc,0,1,0,1
zxcc,0,1,0,1
zya,0,1,0,1
zyan,0,1,2,3
zygote,0,2,0,2
zyler,2,4,2,8
zylers,0,1,0,1
zyn,0,1,0,1
zyra,0,1,0,1
zyruz,0,1,0,1
zysjpzuqldk,2,0,0,2
zyzgd,0,7,0,7
zz,0,3,2,5
zzayn,0,1,0,1
zzm,0,1,0,1
zzonderland,0,0,5,5
zzqo,0,0,1,1
zzub,0,1,0,1
zzz,0,2,1,3
zzzz,1,2,0,3
zzzzz,0,1,0,1
zzzzzz,0,0,1,1
zzzzzzz,4,4,2,10
zzzzzzzap,1,0,0,1
zzzzzzzz,0,7,3,10
zzzzzzzzz,0,6,0,6
zzzzzzzzzz,4,4,0,8
zzzzzzzzzzz,0,2,0,2
zzzzzzzzzzzz,0,2,0,2
zzzzzzzzzzzzz,1,5,0,6
zzzzzzzzzzzzzzzz,0,1,0,1
zzzzzzzzzzzzzzzzzzz,0,3,0,3
zzzzzzzzzzzzzzzzzzzz,0,1,0,1
zzzzzzzzzzzzzzzzzzzzzzzzzzzz,0,2,0,2
zzzzzzzzzzzzzzzzzzzzzzzzzzzzzzzz,0,1,0,1
zzzzzzzzzzzzzzzzzzzzzzzzzzzzzzzzz,0,1,0,1
zzzzzzzzzzzzzzzzzzzzzzzzzzzzzzzzzzzzzzzzzzzzzzzzzzzzzzzzzzzzzzzzzzzzzzzz,0,2,0,2
